0.0 0
0.030928 3400
0.064944 3740
0.071248 4420
0.077552 5100
0.083856 5780
0.09016 6460
0.098528 7140
0.104832 7820
0.111136 8500
0.11744 9180
0.123744 9860
0.130048 10540
0.136352 11220
0.142656 11900
0.14896 12580
0.155264 13260
0.161568 13940
0.167872 14620
0.174176 15300
0.18048 15980
0.186784 16660
0.193088 17340
0.199392 18020
0.205696 18700
0.212 19380
0.218304 20060
0.224608 20740
0.230912 21420
0.237216 22100
0.24352 22780
0.249824 23460
0.256128 24140
0.262432 24820
0.268736 25500
0.27504 26180
0.281344 26860
0.287648 27540
0.293952 28220
0.300256 28900
0.30656 29580
0.312864 30260
0.319168 30940
0.325472 31620
0.331776 32300
0.33808 32980
0.344384 33660
0.350688 34340
0.356992 35020
0.363296 35700
0.3696 36380
0.375904 37060
0.382208 37740
0.388512 38420
0.394816 39100
0.40112 39780
0.407424 40460
0.413728 41140
0.420032 41820
0.426336 42500
0.43264 43180
0.438944 43860
0.445248 44540
0.451552 45220
0.457856 45900
0.46416 46580
0.470464 47260
0.476768 47940
0.483072 48620
0.489376 49300
0.49568 49980
0.501984 50660
0.508288 51340
0.514592 52020
0.520896 52700
0.5272 53380
0.533504 54060
0.539808 54740
0.546112 55420
0.552416 56100
0.55872 56780
0.565024 57460
0.571328 58140
0.577632 58820
0.583936 59500
0.59024 60180
0.596544 60860
0.602848 61540
0.609152 62220
0.615456 62900
0.62176 63580
0.628064 64260
0.634368 64940
0.640672 65620
0.646976 66300
0.65328 66980
0.659584 67660
0.665888 68340
0.672192 69020
0.678496 69700
0.6848 70380
0.691104 71060
0.697408 71740
0.703712 72420
0.710016 73100
0.71632 73780
0.722624 74460
0.728928 75140
0.735232 75820
0.741536 76500
0.74784 77180
0.754144 77860
0.760448 78540
0.766752 79220
0.773056 79900
0.77936 80580
0.785664 81260
0.791968 81940
0.801424 57120
2.17966 340
2.30493 680
2.35851 1700
2.3921 2040
2.39525 3060
2.4047 3400
2.42568 4420
2.43514 4760
2.43829 5780
2.44774 6120
2.4509 7140
2.46242 7480
2.46557 8500
2.47502 8840
2.47818 9860
2.48763 10200
2.49078 11220
2.50024 11560
2.50339 12580
2.51285 12920
2.516 13940
2.52546 14280
2.52861 15300
2.53806 15640
2.54122 16660
2.55067 17000
2.55382 18020
2.56328 18360
2.56643 19380
2.57589 19720
2.57904 20740
2.5885 21080
2.59165 22100
2.6011 22440
2.60426 23460
2.61371 23800
2.61686 24820
2.62632 25160
2.62947 26180
2.63893 26520
2.64208 27540
2.65154 27880
2.65469 28900
2.66414 29240
2.6673 30260
2.67675 30600
2.6799 31620
2.68936 31960
2.69251 32980
2.70197 33320
2.70512 34340
2.71458 34680
2.71773 35700
2.72718 36040
2.73034 37060
2.73979 37400
2.74294 38420
2.7524 38760
2.75555 39780
2.81859 40120
2.88163 40460
2.94467 40800
3.00771 41140
3.07075 41480
3.11803 28900
4.48366 340
4.55534 680
4.76338 1020
4.76653 1360
4.79696 1700
4.80011 2040
4.80326 2380
4.80642 2720
4.83054 3060
4.8337 3400
4.83685 3740
4.84 4080
4.84315 4420
4.8463 4760
4.84946 5100
4.85261 5440
4.86413 5780
4.86728 6120
4.87043 6460
4.87358 6800
4.87674 7140
4.87989 7480
4.88304 7820
4.88619 8160
4.88934 8500
4.8925 8840
4.89565 9180
4.8988 9520
4.90195 9860
4.9051 10200
4.90826 10540
4.91141 10880
4.91456 11220
4.91771 11560
4.92086 11900
4.92402 12240
4.92717 12580
4.93032 12920
4.93347 13260
4.93662 13600
4.93978 13940
4.94293 14280
4.94608 14620
4.94923 14960
4.95238 15300
4.95554 15640
4.95869 15980
4.96184 16320
4.96499 16660
4.96814 17000
4.9713 17340
4.97445 17680
4.9776 18020
4.98075 18360
4.9839 18700
4.98706 19040
4.99021 19380
4.99336 19720
4.99651 20060
5.03118 20400
5.09422 20740
5.15726 21080
5.18878 14620
6.3779 340
6.52523 93840
6.56936 94180
6.6324 94520
6.69544 94860
6.7175 66300
7.89402 340
7.96254 680
8.03504 1020
8.03819 1360
8.06862 1700
8.07178 2040
8.07493 2380
8.07808 2720
8.10221 3060
8.10536 3400
8.10851 3740
8.11166 4080
8.11482 4420
8.11797 4760
8.12112 5100
8.12427 5440
8.13579 5780
8.13894 6120
8.1421 6460
8.14525 6800
8.1484 7140
8.15155 7480
8.1547 7820
8.15786 8160
8.16101 8500
8.16416 8840
8.16731 9180
8.17046 9520
8.17362 9860
8.17677 10200
8.17992 10540
8.18307 10880
8.18622 11220
8.18938 11560
8.19253 11900
8.19568 12240
8.19883 12580
8.20198 12920
8.20514 13260
8.20829 13600
8.21144 13940
8.21459 14280
8.21774 14620
8.2209 14960
8.22405 15300
8.2272 15640
8.23035 15980
8.2335 16320
8.23666 16660
8.23981 17000
8.24296 17340
8.24611 17680
8.24926 18020
8.25242 18360
8.25557 18700
8.25872 19040
8.26187 19380
8.26502 19720
8.26818 20060
8.27133 20400
8.27448 20740
8.27763 21080
8.28078 21420
8.28394 21760
8.28709 22100
8.29024 22440
8.29339 22780
8.29654 23120
8.2997 23460
8.30285 23800
8.306 24140
8.30915 24480
8.3123 24820
8.31546 25160
8.31861 25500
8.32176 25840
8.32491 26180
8.32806 26520
8.33122 26860
8.33437 27200
8.33752 27540
8.34067 27880
8.34382 28220
8.34698 28560
8.35013 28900
8.35328 29240
8.35643 29580
8.35958 29920
8.36274 30260
8.36589 30600
8.36904 30940
8.37219 31280
8.37534 31620
8.3785 31960
8.38165 32300
8.3848 32640
8.38795 32980
8.3911 33320
8.39426 33660
8.39741 34000
8.40056 34340
8.40371 34680
8.40686 35020
8.41002 35360
8.41317 35700
8.41632 36040
8.41947 36380
8.42262 36720
8.42578 37060
8.42893 37400
8.43208 37740
8.43523 38080
8.43838 38420
8.44154 38760
8.44469 39100
8.44784 39440
8.45099 39780
8.45414 40120
8.4573 40460
8.46045 40800
8.4636 41140
8.46675 41480
8.4699 41820
8.47306 42160
8.47621 42500
8.47936 42840
8.48251 43180
8.48566 43520
8.48882 43860
8.49197 44200
8.49512 44540
8.49827 44880
8.50142 45220
8.50458 45560
8.50773 45900
8.51088 46240
8.56762 46580
8.63066 46920
8.6937 47260
8.73782 47600
8.7851 47940
9.7851 340
10.0523 680
10.089 1360
10.1257 2040
10.132 2720
10.1625 3400
10.1688 4080
10.1751 4760
10.1814 5440
10.1992 6120
10.2055 6800
10.2118 7480
10.2181 8160
10.2244 8840
10.2307 9520
10.237 10200
10.2433 10880
10.2496 11560
10.256 12240
10.2623 12920
10.2686 13600
10.2749 14280
10.2812 14960
10.2875 15640
10.2938 16320
10.3001 17000
10.3064 17680
10.3127 18360
10.319 19040
10.3253 19720
10.3316 20400
10.3379 21080
10.3442 21760
10.3505 22440
10.3568 23120
10.3631 23800
10.3694 24480
10.3757 25160
10.382 25840
10.3883 26520
10.3946 27200
10.4009 27880
10.4072 28560
10.4136 29240
10.4199 29920
10.4262 30600
10.4325 31280
10.4388 31960
10.4451 32640
10.4514 33320
10.4892 33660
10.5522 34000
10.6153 34340
10.6783 34680
10.7414 35020
10.8044 35360
10.8674 35700
10.9305 36040
10.9935 36380
11.0566 36720
11.1196 37060
11.1826 37400
11.2457 37740
11.3087 38080
11.3718 38420
11.4348 38760
11.4978 39100
11.5609 39440
11.6239 39780
11.687 40120
11.75 40460
11.813 40800
11.8761 41140
11.9391 41480
12.0022 41820
12.0652 42160
12.1282 42500
12.1913 42840
12.2543 43180
12.2638 29920
13.642 340
13.6948 7480
13.9186 14620
13.9942 10200
14.2748 10540
14.3 10880
14.3315 11220
14.3819 11560
14.4828 11900
14.5521 12240
14.6593 12580
14.7665 12920
14.9272 13260
15.0974 13600
15.3212 13940
15.5576 14280
15.794 14620
18.4354 14960
18.7884 15300
19.0343 15640
19.2328 15980
19.3999 16320
19.5417 16660
19.6773 17000
19.7939 17340
19.9042 17680
20.0051 18020
20.0996 18360
20.1879 18700
20.273 19040
20.3518 19380
20.4243 19720
20.4968 20060
20.5693 20400
20.7332 20740
20.8309 21080
20.9349 21420
21.02 21760
21.0925 22100
21.1745 22440
21.247 22780
21.3069 23120
21.3604 23460
21.414 23800
21.4708 24140
21.5275 24480
21.5779 24820
21.6284 25160
21.6725 25500
21.7166 25840
21.7734 26180
21.8175 26520
21.8616 26860
21.9057 27200
21.9562 27540
22.0066 27880
22.0507 28220
22.0886 28560
22.1327 28900
22.1768 29240
22.2209 29580
22.2525 29920
22.2903 30260
22.3281 30600
22.3659 30940
22.4038 31280
22.4479 31620
22.4731 31960
22.5109 32300
22.5424 32640
22.5803 32980
22.6181 33320
22.6496 33660
22.6874 34000
22.719 34340
22.7568 34680
22.7883 35020
22.8198 35360
22.8513 35700
22.8829 36040
22.9144 36380
22.9459 36720
22.9711 37060
22.9963 37400
23.0279 37740
23.0594 38080
23.0909 38420
23.1224 38760
23.1476 39100
23.1792 39440
23.2044 39780
23.2359 40120
23.2611 40460
23.2926 40800
23.3178 41140
23.3494 41480
23.3683 41820
23.3935 42160
23.4187 42500
23.4439 42840
23.4754 43180
23.5007 43520
23.5259 43860
23.5511 44200
23.5763 44540
23.6015 44880
23.6267 45220
23.652 45560
23.6772 45900
23.7055 31960
25.0838 340
25.1113 3400
25.354 7140
25.3876 10200
25.416 13260
25.4444 16320
25.4727 19380
25.5011 22440
25.5578 22780
25.624 15640
26.8289 340
26.9384 680
27.1559 1020
27.159 1360
27.1895 1700
27.1926 2040
27.1958 2380
27.1989 2720
27.2231 3060
27.2262 3400
27.2294 3740
27.242 2380
27.3165 2720
27.3228 3060
27.3859 3400
27.742 3740
30.7911 4080
31.1462 4420
31.3921 4760
31.5938 5100
31.7577 5440
31.9027 5780
32.0351 6120
32.1486 6460
32.262 6800
32.3629 7140
32.4575 7480
32.5457 7820
32.6277 8160
32.7096 8500
32.7853 8840
32.8546 9180
32.924 9520
32.9933 9860
33.0563 10200
33.1194 10540
33.1824 10880
33.2392 11220
33.2959 11560
33.3526 11900
33.4031 12240
33.4598 12580
33.5102 12920
33.5607 13260
33.6048 13600
33.6552 13940
33.6993 14280
33.7435 14620
33.7876 14960
33.8317 15300
33.8759 15640
33.92 15980
33.9578 16320
34.0019 16660
34.0398 17000
34.0776 17340
34.1154 17680
34.1532 18020
34.1911 18360
34.2289 18700
34.2667 19040
34.2982 19380
34.336 19720
34.3676 20060
34.4054 20400
34.4369 20740
34.4684 21080
34.5 21420
34.5315 21760
34.5693 22100
34.6008 22440
34.6323 22780
34.7206 23120
34.771 23460
34.8215 23800
34.8656 24140
34.9097 24480
34.9475 24820
34.9854 25160
35.0232 25500
35.0547 25840
35.0862 26180
35.124 26520
35.1556 26860
35.1871 27200
35.2186 27540
35.2501 27880
35.2816 28220
35.3069 28560
35.3321 28900
35.3636 29240
35.3888 29580
35.4203 29920
35.4456 30260
35.4708 30600
35.5023 30940
35.5275 31280
35.559 31620
35.5842 31960
35.6095 32300
35.6347 32640
35.6599 32980
35.6851 33320
35.7103 33660
35.7355 34000
35.7608 34340
35.786 34680
35.8112 35020
35.8364 35360
35.8553 35700
35.8805 36040
35.9057 36380
35.931 36720
35.9562 37060
35.9814 37400
36.0003 37740
36.0192 38080
36.0444 38420
36.0696 38760
36.0949 39100
36.1138 39440
36.139 39780
36.1579 40120
36.1831 40460
36.202 40800
36.2272 41140
36.2462 41480
36.2714 41820
36.2903 42160
36.3155 42500
36.3344 42840
36.3596 43180
36.3785 43520
36.4038 43860
36.4227 44200
36.4479 44540
36.4668 44880
36.4857 45220
36.5046 45560
36.5235 45900
36.5488 46240
36.5677 46580
36.5803 46920
36.5992 47260
36.6149 32980
37.9932 340
38.0081 2720
38.2603 5780
38.2939 8160
38.3159 11220
38.3443 13600
38.3664 16660
38.3947 19040
38.4168 21420
38.4389 23800
38.5114 24140
38.5807 16660
39.7982 340
39.8856 680
40.122 1020
40.1252 1360
40.1556 1700
40.1588 2040
40.1619 2380
40.1651 2720
40.1892 3060
40.1924 3400
40.1955 3740
40.1987 4080
40.2018 4420
40.205 4760
40.2081 5100
40.2113 5440
40.2228 5780
40.2259 6120
40.2291 6460
40.2417 4420
40.3583 4760
40.3646 5100
40.3835 5440
40.4939 5780
40.746 6120
41.0927 6460
43.8161 6800
44.1628 7140
44.4118 7480
44.6041 7820
44.7711 8160
44.9161 8500
45.0548 8840
45.452 9180
45.5654 9520
45.6663 9860
45.7608 10200
45.8491 10540
45.9374 10880
46.013 11220
46.095 11560
46.1643 11900
46.2336 12240
46.303 12580
46.366 12920
46.4291 13260
46.4921 13600
46.5488 13940
46.6056 14280
46.6623 14620
46.7128 14960
46.7632 15300
46.8136 15640
46.864 15980
46.9145 16320
46.9649 16660
47.009 17000
47.0532 17340
47.0973 17680
47.1414 18020
47.1856 18360
47.2234 18700
47.2675 19040
47.3053 19380
47.3873 19720
47.4251 20060
47.5008 20400
47.5386 20740
47.6016 21080
47.6457 21420
47.6962 21760
47.7466 22100
47.7781 22440
47.816 22780
47.8538 23120
47.8979 23460
47.9357 23800
47.9672 24140
47.9988 24480
48.0366 24820
48.0744 25160
48.1122 25500
48.1438 25840
48.1753 26180
48.2131 26520
48.2446 26860
48.2824 27200
48.3077 27540
48.3392 27880
48.3707 28220
48.4022 28560
48.4337 28900
48.4653 29240
48.4905 29580
48.522 29920
48.5472 30260
48.5787 30600
48.6103 30940
48.6418 31280
48.667 31620
48.6922 31960
48.7237 32300
48.7489 32640
48.7805 32980
48.8057 33320
48.8246 33660
48.8561 34000
48.8813 34340
48.9128 34680
48.9381 35020
48.957 35360
48.9822 35700
49.0074 36040
49.0326 36380
49.0578 36720
49.0831 37060
49.1083 37400
49.1335 37740
49.1587 38080
49.1839 38420
49.2091 38760
49.2344 39100
49.2596 39440
49.2848 39780
49.3037 40120
49.3289 40460
49.3478 40800
49.373 41140
49.3983 41480
49.4235 41820
49.4424 42160
49.4676 42500
49.4865 42840
49.5117 43180
49.5306 43520
49.5559 43860
49.5748 44200
49.6 44540
49.6189 44880
49.6441 45220
49.663 45560
49.6882 45900
49.7072 46240
49.7324 46580
49.7513 46920
49.7607 32640
51.139 340
51.1539 2720
51.4061 5780
51.4397 8160
51.4617 11220
51.4901 13600
51.5122 16660
51.5405 19040
51.5626 22100
51.591 24480
51.6635 24820
51.7233 17340
52.9471 340
53.0283 680
53.271 1020
53.2741 1360
53.3046 1700
53.3077 2040
53.3109 2380
53.314 2720
53.3381 3060
53.3413 3400
53.3444 3740
53.3476 4080
53.3508 4420
53.3539 4760
53.3571 5100
53.3602 5440
53.3717 5780
53.3749 6120
53.378 6460
53.3812 6800
53.3843 7140
53.3875 7480
53.3906 7820
53.4032 5440
53.5451 5780
53.5514 6120
53.6144 6460
53.6806 6800
53.8162 7140
54.062 7480
54.415 7820
57.1258 8160
57.4788 8500
57.7246 8840
57.9264 9180
58.0903 9520
58.5 9860
58.6513 10200
58.7648 10540
58.8783 10880
58.9791 11220
59.0737 11560
59.162 11900
59.2439 12240
59.3259 12580
59.4015 12920
59.4708 13260
59.5402 13600
59.6095 13940
59.6726 14280
59.7356 14620
59.7987 14960
59.8554 15300
59.9121 15640
59.9689 15980
60.0193 16320
60.076 16660
60.1265 17000
60.1769 17340
60.221 17680
60.2715 18020
60.3156 18360
60.3597 18700
60.4038 19040
60.448 19380
60.4921 19720
60.574 20060
60.6182 20400
60.6749 20740
60.738 21080
60.801 21420
60.8451 21760
60.8956 22100
60.946 22440
60.9901 22780
61.0279 23120
61.0721 23460
61.1099 23800
61.154 24140
61.1855 24480
61.2171 24820
61.2549 25160
61.2927 25500
61.3116 17680
61.5449 18020
61.5512 18360
61.6331 18700
61.7151 19040
61.8033 19380
61.8916 19720
61.9672 20060
62.0429 20400
62.1059 20740
62.2005 21080
62.295 21420
62.3644 21760
62.4652 22100
62.5661 22440
62.667 22780
62.7741 23120
62.8813 23460
62.9948 23800
63.165 24140
63.3226 24480
63.5495 24820
63.7765 25160
64.0097 25500
66.6763 25840
67.0293 26180
67.2752 26520
67.4706 26860
67.6345 27200
67.7795 27540
67.9119 27880
68.0317 28220
68.1388 28560
68.2397 28900
68.3343 29240
68.4225 29580
68.5108 29920
68.5864 30260
68.6621 30600
68.7377 30940
68.8071 31280
68.8764 31620
69.0025 31960
69.0592 32300
69.179 32640
69.242 32980
69.3366 33320
69.3933 33660
69.469 34000
69.532 34340
69.5951 34680
69.6581 35020
69.7148 35360
69.7653 35700
69.8157 36040
69.8724 36380
69.9166 36720
69.967 37060
70.0111 37400
70.0616 37740
70.1057 38080
70.1435 38420
70.1876 38760
70.2318 39100
70.2759 39440
70.3137 39780
70.3579 40120
70.3957 40460
70.4398 40800
70.4776 41140
70.5155 41480
70.5533 41820
70.5911 42160
70.6289 42500
70.6604 42840
70.692 43180
70.7298 43520
70.7613 43860
70.7991 44200
70.8307 44540
70.8559 44880
70.8653 31280
72.2436 340
72.2837 4080
72.517 7820
72.5516 12240
72.5926 15980
72.6273 20400
72.6683 24140
72.7408 16660
73.9583 340
74.0457 680
74.2821 1020
74.2852 1360
74.3157 1700
74.3188 2040
74.322 2380
74.3251 2720
74.3493 3060
74.3524 3400
74.3556 3740
74.3587 4080
74.3619 4420
74.365 4760
74.3682 5100
74.3713 5440
74.3828 5780
74.386 6120
74.3892 6460
74.4018 4420
74.5184 4760
74.5247 5100
74.5909 5440
74.6791 5780
74.9029 6120
75.256 6460
77.9698 6800
78.3197 7140
78.5687 7480
78.7673 7820
78.9343 8160
79.0762 8500
79.2117 8840
79.3283 9180
79.716 9520
79.8232 9860
79.9178 10200
80.006 10540
80.088 10880
80.1699 11220
80.2456 11560
80.3212 11900
80.3906 12240
80.4536 12580
80.5229 12920
80.586 13260
80.6427 13600
80.6995 13940
80.7562 14280
80.8129 14620
80.8697 14960
80.9201 15300
80.9705 15640
81.021 15980
81.0714 16320
81.1155 16660
81.166 17000
81.2101 17340
81.2542 17680
81.2983 18020
81.3362 18360
81.3803 18700
81.4244 19040
81.4622 19380
81.5001 19720
81.582 20060
81.6514 20400
81.7018 20740
81.7648 21080
81.7964 21420
81.8405 21760
81.8909 22100
81.935 22440
81.9729 22780
82.017 23120
82.0548 23460
82.0926 23800
82.1242 24140
82.162 24480
82.1998 24820
82.2376 25160
82.2692 25500
82.3007 25840
82.3322 26180
82.3637 26520
82.4015 26860
82.4331 27200
82.4646 27540
82.4961 27880
82.5276 28220
82.5591 28560
82.5907 28900
82.6222 29240
82.6474 29580
82.6789 29920
82.7041 30260
82.7356 30600
82.7672 30940
82.7987 31280
82.8239 31620
82.8491 31960
82.8806 32300
82.9059 32640
82.9374 32980
82.9563 33320
82.9815 33660
83.013 34000
83.0382 34340
83.0698 34680
83.095 35020
83.1139 35360
83.1391 35700
83.1643 36040
83.1895 36380
83.2148 36720
83.24 37060
83.2652 37400
83.2904 37740
83.3156 38080
83.3408 38420
83.366 38760
83.3913 39100
83.4165 39440
83.4417 39780
83.4606 40120
83.4858 40460
83.5047 40800
83.53 41140
83.5552 41480
83.5741 41820
83.5993 42160
83.6182 42500
83.6434 42840
83.6623 43180
83.6876 43520
83.7065 43860
83.7317 44200
83.7506 44540
83.7758 44880
83.7947 45220
83.8199 45560
83.8388 45900
83.8641 46240
83.883 46580
83.9082 46920
83.9176 32640
85.2959 340
85.3108 3400
85.563 5780
85.5851 8840
85.6155 11220
85.6376 14280
85.6659 16660
85.688 19720
85.7164 22100
85.7384 25160
85.8172 25500
85.8771 17680
87.1072 340
87.1726 680
87.4279 1020
87.431 1360
87.4615 1700
87.4646 2040
87.4678 2380
87.4709 2720
87.4951 3060
87.4982 3400
87.5014 3740
87.5045 4080
87.5077 4420
87.5108 4760
87.514 5100
87.5171 5440
87.5286 5780
87.5318 6120
87.5349 6460
87.5381 6800
87.5412 7140
87.5444 7480
87.5476 7820
87.5507 8160
87.5539 8500
87.557 8840
87.5602 9180
87.5728 6120
87.7398 6460
87.7461 6800
87.7587 7140
87.8659 7480
87.9951 7820
88.1275 8160
88.2631 8500
88.4837 8840
88.8336 9180
91.5506 9520
91.9005 9860
92.1463 10200
92.3512 10540
92.5088 10880
92.6601 11220
92.7862 11560
92.906 11900
93.0163 12240
93.114 12580
93.3756 12920
93.4954 13260
93.6215 13600
93.7097 13940
93.7854 14280
93.861 14620
93.9304 14960
93.9997 15300
94.0627 15640
94.1258 15980
94.1825 16320
94.2456 16660
94.3023 17000
94.3527 17340
94.4095 17680
94.4599 18020
94.5103 18360
94.5608 18700
94.6112 19040
94.6553 19380
94.7499 19720
94.794 20060
94.8507 20400
94.9201 20740
94.9768 21080
95.0399 21420
95.084 21760
95.1218 22100
95.1722 22440
95.2227 22780
95.2668 23120
95.3046 23460
95.3424 23800
95.3866 24140
95.4307 24480
95.4748 24820
95.5064 25160
95.5442 25500
95.582 25840
95.6198 26180
95.6576 26520
95.6955 26860
95.727 27200
95.7648 27540
95.7963 27880
95.8342 28220
95.8657 28560
95.8972 28900
95.9287 29240
95.9602 29580
95.9918 29920
96.0233 30260
96.0611 30600
96.0863 30940
96.1178 31280
96.1494 31620
96.1809 31960
96.2124 32300
96.2376 32640
96.2628 32980
96.2944 33320
96.3196 33660
96.3511 34000
96.3826 34340
96.4078 34680
96.433 35020
96.4646 35360
96.4898 35700
96.5213 36040
96.5465 36380
96.5654 36720
96.5969 37060
96.6222 37400
96.6537 37740
96.6789 38080
96.6978 38420
96.723 38760
96.7482 39100
96.7735 39440
96.7987 39780
96.8239 40120
96.8491 40460
96.8743 40800
96.8995 41140
96.9248 41480
96.95 41820
96.9752 42160
97.0004 42500
97.0193 42840
97.0445 43180
97.0634 43520
97.0887 43860
97.1139 44200
97.1328 44540
97.158 44880
97.1769 45220
97.2021 45560
97.221 45900
97.2463 46240
97.2652 46580
97.2872 32300
98.6655 340
98.6804 2720
98.9326 5780
98.9662 8160
98.9882 11220
99.0166 14280
99.045 16660
99.067 19720
99.0954 22100
99.1175 25160
99.1679 25500
99.2278 17680
100.458 340
100.523 680
100.779 1020
100.782 1360
100.812 1700
100.815 2040
100.818 2380
100.822 2720
100.846 3060
100.849 3400
100.852 3740
100.855 4080
100.858 4420
100.861 4760
100.865 5100
100.868 5440
100.879 5780
100.882 6120
100.886 6460
100.889 6800
100.892 7140
100.895 7480
100.898 7820
100.901 8160
100.905 8500
100.908 8840
100.911 9180
100.923 6120
101.09 6460
101.097 6800
101.128 7140
101.223 7480
101.314 7820
101.447 8160
101.585 8500
101.831 8840
102.184 9180
104.898 9520
105.257 9860
105.497 10200
105.699 10540
105.859 10880
106.008 11220
106.137 11560
106.257 11900
106.367 12240
106.468 12580
106.566 12920
106.786 13260
106.919 13600
107.032 13940
107.133 14280
107.209 14620
107.278 14960
107.347 15300
107.41 15640
107.473 15980
107.53 16320
107.593 16660
107.65 17000
107.707 17340
107.757 17680
107.807 18020
107.858 18360
107.908 18700
107.959 19040
108.003 19380
108.053 19720
108.142 20060
108.23 20400
108.268 20740
108.324 21080
108.387 21420
108.432 21760
108.482 22100
108.532 22440
108.583 22780
108.614 23120
108.658 23460
108.696 23800
108.74 24140
108.785 24480
108.822 24820
108.86 25160
108.898 25500
108.936 25840
108.974 26180
109.011 26520
109.043 26860
109.081 27200
109.112 27540
109.15 27880
109.182 28220
109.22 28560
109.245 28900
109.276 29240
109.308 29580
109.339 29920
109.377 30260
109.409 30600
109.434 30940
109.465 31280
109.497 31620
109.528 31960
109.56 32300
109.585 32640
109.617 32980
109.642 33320
109.673 33660
109.699 34000
109.73 34340
109.755 34680
109.787 35020
109.812 35360
109.844 35700
109.869 36040
109.894 36380
109.919 36720
109.944 37060
109.976 37400
110.001 37740
110.026 38080
110.052 38420
110.077 38760
110.102 39100
110.127 39440
110.152 39780
110.178 40120
110.203 40460
110.228 40800
110.253 41140
110.279 41480
110.304 41820
110.329 42160
110.348 42500
110.367 42840
110.392 43180
110.411 43520
110.436 43860
110.461 44200
110.48 44540
110.506 44880
110.524 45220
110.55 45560
110.569 45900
110.594 46240
110.613 46580
110.641 32300
112.019 340
112.034 2720
112.286 5780
112.32 8160
112.342 11220
112.37 14280
112.399 16660
112.421 19720
112.449 22100
112.471 25160
112.522 25500
112.582 17680
113.812 340
113.868 680
114.129 1020
114.132 1360
114.163 1700
114.166 2040
114.169 2380
114.172 2720
114.196 3060
114.2 3400
114.203 3740
114.206 4080
114.209 4420
114.212 4760
114.215 5100
114.218 5440
114.23 5780
114.233 6120
114.236 6460
114.239 6800
114.243 7140
114.246 7480
114.249 7820
114.252 8160
114.255 8500
114.258 8840
114.262 9180
114.274 6120
114.441 6460
114.447 6800
114.473 7140
114.574 7480
114.652 7820
114.782 8160
114.936 8500
115.182 8840
115.535 9180
118.249 9520
118.605 9860
118.848 10200
119.049 10540
119.21 10880
119.358 11220
119.601 11560
119.806 11900
119.97 12240
120.077 12580
120.172 12920
120.26 13260
120.348 13600
120.424 13940
120.499 14280
120.575 14620
120.644 14960
120.714 15300
120.777 15640
120.84 15980
120.896 16320
120.96 16660
121.016 17000
121.067 17340
121.123 17680
121.174 18020
121.224 18360
121.275 18700
121.325 19040
121.369 19380
121.42 19720
121.495 20060
121.584 20400
121.647 20740
121.71 21080
121.76 21420
121.804 21760
121.855 22100
121.905 22440
121.949 22780
121.987 23120
122.031 23460
122.069 23800
122.113 24140
122.151 24480
122.189 24820
122.227 25160
122.264 25500
122.302 25840
122.34 26180
122.378 26520
122.409 26860
122.441 27200
122.479 27540
122.51 27880
122.548 28220
122.58 28560
122.611 28900
122.643 29240
122.674 29580
122.706 29920
122.737 30260
122.775 30600
122.8 30940
122.832 31280
122.863 31620
122.895 31960
122.926 32300
122.952 32640
122.977 32980
123.008 33320
123.034 33660
123.065 34000
123.097 34340
123.122 34680
123.147 35020
123.179 35360
123.204 35700
123.235 36040
123.26 36380
123.279 36720
123.311 37060
123.336 37400
123.368 37740
123.393 38080
123.412 38420
123.437 38760
123.462 39100
123.487 39440
123.513 39780
123.538 40120
123.563 40460
123.588 40800
123.613 41140
123.639 41480
123.664 41820
123.689 42160
123.714 42500
123.733 42840
123.758 43180
123.777 43520
123.803 43860
123.828 44200
123.847 44540
123.872 44880
123.891 45220
123.916 45560
123.935 45900
123.96 46240
123.979 46580
124.001 32300
125.379 340
125.394 2720
125.647 5780
125.68 8160
125.702 11220
125.731 14280
125.759 16660
125.781 19720
125.809 22100
125.831 25160
125.882 25500
125.942 17680
127.172 340
127.237 680
127.493 1020
127.496 1360
127.526 1700
127.529 2040
127.532 2380
127.536 2720
127.56 3060
127.563 3400
127.566 3740
127.569 4080
127.572 4420
127.575 4760
127.579 5100
127.582 5440
127.593 5780
127.596 6120
127.6 6460
127.603 6800
127.606 7140
127.609 7480
127.612 7820
127.615 8160
127.618 8500
127.622 8840
127.625 9180
127.637 6120
127.804 6460
127.811 6800
127.842 7140
127.937 7480
128.028 7820
128.161 8160
128.299 8500
128.545 8840
128.898 9180
131.612 9520
131.971 9860
132.211 10200
132.413 10540
132.573 10880
132.722 11220
132.851 11560
132.971 11900
133.081 12240
133.182 12580
133.279 12920
133.5 13260
133.632 13600
133.746 13940
133.847 14280
133.922 14620
133.992 14960
134.061 15300
134.124 15640
134.187 15980
134.244 16320
134.307 16660
134.364 17000
134.42 17340
134.471 17680
134.521 18020
134.572 18360
134.622 18700
134.673 19040
134.717 19380
134.767 19720
134.855 20060
134.944 20400
134.982 20740
135.038 21080
135.101 21420
135.145 21760
135.196 22100
135.246 22440
135.297 22780
135.328 23120
135.372 23460
135.41 23800
135.454 24140
135.498 24480
135.536 24820
135.574 25160
135.612 25500
135.65 25840
135.688 26180
135.725 26520
135.757 26860
135.795 27200
135.826 27540
135.864 27880
135.896 28220
135.933 28560
135.959 28900
135.99 29240
136.022 29580
136.053 29920
136.091 30260
136.123 30600
136.148 30940
136.179 31280
136.211 31620
136.242 31960
136.274 32300
136.299 32640
136.331 32980
136.356 33320
136.387 33660
136.413 34000
136.444 34340
136.469 34680
136.501 35020
136.526 35360
136.558 35700
136.583 36040
136.608 36380
136.633 36720
136.658 37060
136.69 37400
136.715 37740
136.74 38080
136.766 38420
136.791 38760
136.816 39100
136.841 39440
136.866 39780
136.892 40120
136.917 40460
136.942 40800
136.967 41140
136.993 41480
137.018 41820
137.043 42160
137.062 42500
137.081 42840
137.106 43180
137.125 43520
137.15 43860
137.175 44200
137.194 44540
137.219 44880
137.238 45220
137.264 45560
137.283 45900
137.308 46240
137.327 46580
137.355 32300
138.733 340
138.748 2720
139 5780
139.034 8160
139.056 11220
139.084 14280
139.113 16660
139.135 19720
139.163 22100
139.185 25160
139.236 25500
139.296 17680
140.526 340
140.591 680
140.846 1020
140.849 1360
140.88 1700
140.883 2040
140.886 2380
140.889 2720
140.914 3060
140.917 3400
140.92 3740
140.923 4080
140.926 4420
140.929 4760
140.932 5100
140.936 5440
140.947 5780
140.95 6120
140.953 6460
140.957 6800
140.96 7140
140.963 7480
140.966 7820
140.969 8160
140.972 8500
140.975 8840
140.979 9180
140.991 6120
141.158 6460
141.165 6800
141.19 7140
141.291 7480
141.369 7820
141.499 8160
141.653 8500
141.899 8840
142.252 9180
144.966 9520
145.322 9860
145.565 10200
145.766 10540
145.927 10880
146.075 11220
146.318 11560
146.523 11900
146.687 12240
146.794 12580
146.889 12920
146.977 13260
147.065 13600
147.141 13940
147.216 14280
147.292 14620
147.361 14960
147.431 15300
147.494 15640
147.557 15980
147.614 16320
147.677 16660
147.733 17000
147.784 17340
147.841 17680
147.891 18020
147.941 18360
147.992 18700
148.042 19040
148.086 19380
148.137 19720
148.212 20060
148.301 20400
148.364 20740
148.427 21080
148.477 21420
148.521 21760
148.572 22100
148.622 22440
148.666 22780
148.704 23120
148.748 23460
148.786 23800
148.83 24140
148.868 24480
148.906 24820
148.944 25160
148.982 25500
149.019 25840
149.057 26180
149.095 26520
149.127 26860
149.158 27200
149.196 27540
149.227 27880
149.265 28220
149.297 28560
149.328 28900
149.36 29240
149.391 29580
149.423 29920
149.454 30260
149.492 30600
149.517 30940
149.549 31280
149.58 31620
149.612 31960
149.643 32300
149.669 32640
149.694 32980
149.725 33320
149.751 33660
149.782 34000
149.814 34340
149.839 34680
149.864 35020
149.896 35360
149.921 35700
149.952 36040
149.978 36380
149.996 36720
150.028 37060
150.053 37400
150.085 37740
150.11 38080
150.129 38420
150.154 38760
150.179 39100
150.205 39440
150.23 39780
150.255 40120
150.28 40460
150.305 40800
150.331 41140
150.356 41480
150.381 41820
150.406 42160
150.431 42500
150.45 42840
150.476 43180
150.494 43520
150.52 43860
150.545 44200
150.564 44540
150.589 44880
150.608 45220
150.633 45560
150.652 45900
150.677 46240
150.696 46580
150.718 32300
152.097 340
152.111 2720
152.364 5780
152.397 8160
152.419 11220
152.448 14280
152.476 16660
152.498 19720
152.526 22100
152.549 25160
152.599 25500
152.659 17680
153.889 340
153.954 680
154.21 1020
154.213 1360
154.243 1700
154.246 2040
154.25 2380
154.253 2720
154.277 3060
154.28 3400
154.283 3740
154.286 4080
154.289 4420
154.293 4760
154.296 5100
154.299 5440
154.31 5780
154.314 6120
154.317 6460
154.32 6800
154.323 7140
154.326 7480
154.329 7820
154.332 8160
154.336 8500
154.339 8840
154.342 9180
154.354 6120
154.522 6460
154.528 6800
154.559 7140
154.654 7480
154.745 7820
154.878 8160
155.016 8500
155.262 8840
155.615 9180
158.329 9520
158.688 9860
158.928 10200
159.13 10540
159.291 10880
159.439 11220
159.568 11560
159.688 11900
159.798 12240
159.899 12580
159.997 12920
160.217 13260
160.35 13600
160.463 13940
160.564 14280
160.64 14620
160.709 14960
160.778 15300
160.841 15640
160.904 15980
160.961 16320
161.024 16660
161.081 17000
161.138 17340
161.188 17680
161.238 18020
161.289 18360
161.339 18700
161.39 19040
161.434 19380
161.484 19720
161.573 20060
161.661 20400
161.699 20740
161.755 21080
161.818 21420
161.863 21760
161.913 22100
161.963 22440
162.014 22780
162.045 23120
162.09 23460
162.127 23800
162.171 24140
162.216 24480
162.253 24820
162.291 25160
162.329 25500
162.367 25840
162.405 26180
162.443 26520
162.474 26860
162.512 27200
162.543 27540
162.581 27880
162.613 28220
162.651 28560
162.676 28900
162.707 29240
162.739 29580
162.77 29920
162.808 30260
162.84 30600
162.865 30940
162.896 31280
162.928 31620
162.959 31960
162.991 32300
163.016 32640
163.048 32980
163.073 33320
163.104 33660
163.13 34000
163.161 34340
163.186 34680
163.218 35020
163.243 35360
163.275 35700
163.3 36040
163.325 36380
163.35 36720
163.376 37060
163.407 37400
163.432 37740
163.457 38080
163.483 38420
163.508 38760
163.533 39100
163.558 39440
163.584 39780
163.609 40120
163.634 40460
163.659 40800
163.684 41140
163.71 41480
163.735 41820
163.76 42160
163.779 42500
163.798 42840
163.823 43180
163.842 43520
163.867 43860
163.892 44200
163.911 44540
163.937 44880
163.955 45220
163.981 45560
164 45900
164.025 46240
164.044 46580
164.072 32300
165.45 340
165.465 2720
165.717 5780
165.751 8160
165.773 11220
165.801 14280
165.83 16660
165.852 19720
165.88 22100
165.902 25160
165.953 25500
166.013 17680
167.243 340
167.308 680
167.563 1020
167.567 1360
167.597 1700
167.6 2040
167.603 2380
167.606 2720
167.631 3060
167.634 3400
167.637 3740
167.64 4080
167.643 4420
167.646 4760
167.65 5100
167.653 5440
167.664 5780
167.667 6120
167.67 6460
167.674 6800
167.677 7140
167.68 7480
167.683 7820
167.686 8160
167.689 8500
167.693 8840
167.696 9180
167.708 6120
167.875 6460
167.882 6800
167.907 7140
168.008 7480
168.087 7820
168.216 8160
168.37 8500
168.616 8840
168.969 9180
171.683 9520
172.039 9860
172.282 10200
172.484 10540
172.644 10880
172.792 11220
173.035 11560
173.24 11900
173.404 12240
173.511 12580
173.606 12920
173.694 13260
173.782 13600
173.858 13940
173.934 14280
174.009 14620
174.079 14960
174.148 15300
174.211 15640
174.274 15980
174.331 16320
174.394 16660
174.45 17000
174.501 17340
174.558 17680
174.608 18020
174.658 18360
174.709 18700
174.759 19040
174.803 19380
174.854 19720
174.93 20060
175.018 20400
175.081 20740
175.144 21080
175.194 21420
175.238 21760
175.289 22100
175.339 22440
175.383 22780
175.421 23120
175.465 23460
175.503 23800
175.547 24140
175.585 24480
175.623 24820
175.661 25160
175.699 25500
175.736 25840
175.774 26180
175.812 26520
175.844 26860
175.875 27200
175.913 27540
175.944 27880
175.982 28220
176.014 28560
176.045 28900
176.077 29240
176.108 29580
176.14 29920
176.171 30260
176.209 30600
176.234 30940
176.266 31280
176.298 31620
176.329 31960
176.361 32300
176.386 32640
176.411 32980
176.443 33320
176.468 33660
176.499 34000
176.531 34340
176.556 34680
176.581 35020
176.613 35360
176.638 35700
176.669 36040
176.695 36380
176.714 36720
176.745 37060
176.77 37400
176.802 37740
176.827 38080
176.846 38420
176.871 38760
176.896 39100
176.922 39440
176.947 39780
176.972 40120
176.997 40460
177.022 40800
177.048 41140
177.073 41480
177.098 41820
177.123 42160
177.149 42500
177.167 42840
177.193 43180
177.212 43520
177.237 43860
177.262 44200
177.281 44540
177.306 44880
177.325 45220
177.35 45560
177.369 45900
177.394 46240
177.413 46580
177.435 32300
178.814 340
178.829 2720
179.081 5780
179.114 8160
179.136 11220
179.165 14280
179.193 16660
179.215 19720
179.244 22100
179.266 25160
179.316 25500
179.376 17680
180.606 340
180.671 680
180.927 1020
180.93 1360
180.96 1700
180.963 2040
180.967 2380
180.97 2720
180.994 3060
180.997 3400
181 3740
181.003 4080
181.006 4420
181.01 4760
181.013 5100
181.016 5440
181.027 5780
181.031 6120
181.034 6460
181.037 6800
181.04 7140
181.043 7480
181.046 7820
181.05 8160
181.053 8500
181.056 8840
181.059 9180
181.072 6120
181.239 6460
181.245 6800
181.276 7140
181.371 7480
181.462 7820
181.595 8160
181.734 8500
181.979 8840
182.332 9180
185.046 9520
185.406 9860
185.645 10200
185.847 10540
186.008 10880
186.156 11220
186.285 11560
186.405 11900
186.515 12240
186.616 12580
186.714 12920
186.934 13260
187.067 13600
187.18 13940
187.281 14280
187.357 14620
187.426 14960
187.495 15300
187.558 15640
187.621 15980
187.678 16320
187.741 16660
187.798 17000
187.855 17340
187.905 17680
187.956 18020
188.006 18360
188.056 18700
188.107 19040
188.151 19380
188.201 19720
188.29 20060
188.378 20400
188.416 20740
188.472 21080
188.536 21420
188.58 21760
188.63 22100
188.681 22440
188.731 22780
188.762 23120
188.807 23460
188.844 23800
188.889 24140
188.933 24480
188.971 24820
189.008 25160
189.046 25500
189.084 25840
189.122 26180
189.16 26520
189.191 26860
189.229 27200
189.26 27540
189.298 27880
189.33 28220
189.368 28560
189.393 28900
189.424 29240
189.456 29580
189.487 29920
189.525 30260
189.557 30600
189.582 30940
189.614 31280
189.645 31620
189.677 31960
189.708 32300
189.733 32640
189.765 32980
189.79 33320
189.822 33660
189.847 34000
189.878 34340
189.904 34680
189.935 35020
189.96 35360
189.992 35700
190.017 36040
190.042 36380
190.067 36720
190.093 37060
190.124 37400
190.149 37740
190.175 38080
190.2 38420
190.225 38760
190.25 39100
190.275 39440
190.301 39780
190.326 40120
190.351 40460
190.376 40800
190.402 41140
190.427 41480
190.452 41820
190.477 42160
190.496 42500
190.515 42840
190.54 43180
190.559 43520
190.584 43860
190.61 44200
190.628 44540
190.654 44880
190.673 45220
190.698 45560
190.717 45900
190.742 46240
190.761 46580
190.789 32300
192.167 340
192.182 2720
192.435 5780
192.468 8160
192.49 11220
192.519 14280
192.547 16660
192.569 19720
192.597 22100
192.619 25160
192.67 25500
192.73 17680
193.96 340
194.025 680
194.281 1020
194.284 1360
194.314 1700
194.317 2040
194.32 2380
194.324 2720
194.348 3060
194.351 3400
194.354 3740
194.357 4080
194.36 4420
194.363 4760
194.367 5100
194.37 5440
194.381 5780
194.384 6120
194.388 6460
194.391 6800
194.394 7140
194.397 7480
194.4 7820
194.403 8160
194.407 8500
194.41 8840
194.413 9180
194.425 6120
194.592 6460
194.599 6800
194.624 7140
194.725 7480
194.804 7820
194.933 8160
195.087 8500
195.333 8840
195.686 9180
197.867 6120
198.034 6460
198.041 6800
198.047 7140
198.053 7480
198.17 7820
198.331 8160
198.532 8500
198.778 8840
199.131 9180
201.845 9520
202.195 9860
202.441 10200
202.64 10540
202.803 10880
202.948 11220
203.084 11560
203.197 11900
203.311 12240
203.409 12580
203.503 12920
203.591 13260
203.677 13600
203.891 13940
203.992 14280
204.093 14620
204.187 14960
204.263 15300
204.338 15640
204.402 15980
204.465 16320
204.521 16660
204.578 17000
204.635 17340
204.691 17680
204.742 18020
204.792 18360
204.843 18700
204.887 19040
204.937 19380
204.981 19720
205.032 20060
205.076 20400
205.114 20740
205.158 21080
205.202 21420
205.24 21760
205.284 22100
205.36 22440
205.398 22780
205.473 23120
205.524 23460
205.58 23800
205.631 24140
205.681 24480
205.725 24820
205.769 25160
205.814 25500
205.851 25840
205.889 26180
205.927 26520
205.971 26860
206.003 27200
206.034 27540
206.066 27880
206.104 28220
206.135 28560
206.173 28900
206.204 29240
206.236 29580
206.267 29920
206.305 30260
206.337 30600
206.368 30940
206.394 31280
206.425 31620
206.457 31960
206.488 32300
206.52 32640
206.545 32980
206.576 33320
206.602 33660
206.633 34000
206.665 34340
206.69 34680
206.715 35020
206.747 35360
206.772 35700
206.803 36040
206.822 36380
206.847 36720
206.879 37060
206.904 37400
206.936 37740
206.955 38080
206.98 38420
207.005 38760
207.03 39100
207.055 39440
207.081 39780
207.106 40120
207.131 40460
207.156 40800
207.182 41140
207.207 41480
207.232 41820
207.257 42160
207.282 42500
207.301 42840
207.327 43180
207.345 43520
207.371 43860
207.396 44200
207.415 44540
207.44 44880
207.459 45220
207.484 45560
207.503 45900
207.528 46240
207.547 46580
207.569 32300
208.948 340
208.962 2720
209.215 5780
209.248 8160
209.27 11220
209.299 14280
209.327 16660
209.349 19720
209.377 22100
209.399 25160
209.45 25500
209.51 17680
210.74 340
210.805 680
211.061 1020
211.064 1360
211.094 1700
211.097 2040
211.1 2380
211.104 2720
211.128 3060
211.131 3400
211.134 3740
211.137 4080
211.14 4420
211.144 4760
211.147 5100
211.15 5440
211.161 5780
211.164 6120
211.168 6460
211.171 6800
211.174 7140
211.177 7480
211.18 7820
211.183 8160
211.187 8500
211.19 8840
211.193 9180
211.205 6120
211.373 6460
211.379 6800
211.41 7140
211.505 7480
211.596 7820
211.729 8160
211.867 8500
212.113 8840
212.466 9180
215.18 9520
215.539 9860
215.779 10200
215.981 10540
216.142 10880
216.29 11220
216.419 11560
216.539 11900
216.649 12240
216.75 12580
216.848 12920
217.068 13260
217.201 13600
217.314 13940
217.415 14280
217.491 14620
217.56 14960
217.629 15300
217.692 15640
217.755 15980
217.812 16320
217.875 16660
217.932 17000
217.989 17340
218.039 17680
218.089 18020
218.14 18360
218.19 18700
218.241 19040
218.285 19380
218.335 19720
218.424 20060
218.512 20400
218.55 20740
218.606 21080
218.669 21420
218.714 21760
218.764 22100
218.814 22440
218.865 22780
218.896 23120
218.94 23460
218.978 23800
219.022 24140
219.067 24480
219.104 24820
219.142 25160
219.18 25500
219.218 25840
219.256 26180
219.294 26520
219.325 26860
219.363 27200
219.394 27540
219.432 27880
219.464 28220
219.502 28560
219.527 28900
219.558 29240
219.59 29580
219.621 29920
219.659 30260
219.691 30600
219.716 30940
219.747 31280
219.779 31620
219.81 31960
219.842 32300
219.867 32640
219.899 32980
219.924 33320
219.955 33660
219.981 34000
220.012 34340
220.037 34680
220.069 35020
220.094 35360
220.126 35700
220.151 36040
220.176 36380
220.201 36720
220.226 37060
220.258 37400
220.283 37740
220.308 38080
220.334 38420
220.359 38760
220.384 39100
220.409 39440
220.435 39780
220.46 40120
220.485 40460
220.51 40800
220.535 41140
220.561 41480
220.586 41820
220.611 42160
220.63 42500
220.649 42840
220.674 43180
220.693 43520
220.718 43860
220.743 44200
220.762 44540
220.788 44880
220.806 45220
220.832 45560
220.851 45900
220.876 46240
220.895 46580
220.923 32300
222.301 340
222.316 2720
222.568 5780
222.602 8160
222.624 11220
222.652 14280
222.681 16660
222.703 19720
222.731 22100
222.753 25160
222.804 25500
222.864 17680
224.094 340
224.159 680
224.414 1020
224.418 1360
224.448 1700
224.451 2040
224.454 2380
224.457 2720
224.482 3060
224.485 3400
224.488 3740
224.491 4080
224.494 4420
224.497 4760
224.5 5100
224.504 5440
224.515 5780
224.518 6120
224.521 6460
224.525 6800
224.528 7140
224.531 7480
224.534 7820
224.537 8160
224.54 8500
224.544 8840
224.547 9180
224.559 6120
224.726 6460
224.733 6800
224.758 7140
224.859 7480
224.938 7820
225.067 8160
225.221 8500
225.467 8840
225.82 9180
228.534 9520
228.89 9860
229.133 10200
229.335 10540
229.495 10880
229.643 11220
229.886 11560
230.091 11900
230.255 12240
230.362 12580
230.457 12920
230.545 13260
230.633 13600
230.709 13940
230.784 14280
230.86 14620
230.929 14960
230.999 15300
231.062 15640
231.125 15980
231.182 16320
231.245 16660
231.301 17000
231.352 17340
231.409 17680
231.459 18020
231.509 18360
231.56 18700
231.61 19040
231.654 19380
231.705 19720
231.781 20060
231.869 20400
231.932 20740
231.995 21080
232.045 21420
232.089 21760
232.14 22100
232.19 22440
232.234 22780
232.272 23120
232.316 23460
232.354 23800
232.398 24140
232.436 24480
232.474 24820
232.512 25160
232.55 25500
232.587 25840
232.625 26180
232.663 26520
232.695 26860
232.726 27200
232.764 27540
232.795 27880
232.833 28220
232.865 28560
232.896 28900
232.928 29240
232.959 29580
232.991 29920
233.022 30260
233.06 30600
233.085 30940
233.117 31280
233.148 31620
233.18 31960
233.212 32300
233.237 32640
233.262 32980
233.293 33320
233.319 33660
233.35 34000
233.382 34340
233.407 34680
233.432 35020
233.464 35360
233.489 35700
233.52 36040
233.546 36380
233.565 36720
233.596 37060
233.621 37400
233.653 37740
233.678 38080
233.697 38420
233.722 38760
233.747 39100
233.773 39440
233.798 39780
233.823 40120
233.848 40460
233.873 40800
233.899 41140
233.924 41480
233.949 41820
233.974 42160
234 42500
234.018 42840
234.044 43180
234.063 43520
234.088 43860
234.113 44200
234.132 44540
234.157 44880
234.176 45220
234.201 45560
234.22 45900
234.245 46240
234.264 46580
234.286 32300
235.665 340
235.68 2720
235.932 5780
235.965 8160
235.987 11220
236.016 14280
236.044 16660
236.066 19720
236.095 22100
236.117 25160
236.167 25500
236.227 17680
237.457 340
237.522 680
237.778 1020
237.781 1360
237.811 1700
237.814 2040
237.818 2380
237.821 2720
237.845 3060
237.848 3400
237.851 3740
237.854 4080
237.857 4420
237.861 4760
237.864 5100
237.867 5440
237.878 5780
237.882 6120
237.885 6460
237.888 6800
237.891 7140
237.894 7480
237.897 7820
237.901 8160
237.904 8500
237.907 8840
237.91 9180
237.923 6120
238.09 6460
238.096 6800
238.127 7140
238.222 7480
238.313 7820
238.446 8160
238.584 8500
238.83 8840
239.183 9180
241.897 9520
242.257 9860
242.496 10200
242.698 10540
242.859 10880
243.007 11220
243.136 11560
243.256 11900
243.366 12240
243.467 12580
243.565 12920
243.785 13260
243.918 13600
244.031 13940
244.132 14280
244.208 14620
244.277 14960
244.346 15300
244.409 15640
244.472 15980
244.529 16320
244.592 16660
244.649 17000
244.706 17340
244.756 17680
244.807 18020
244.857 18360
244.907 18700
244.958 19040
245.002 19380
245.052 19720
245.141 20060
245.229 20400
245.267 20740
245.323 21080
245.387 21420
245.431 21760
245.481 22100
245.532 22440
245.582 22780
245.613 23120
245.658 23460
245.695 23800
245.74 24140
245.784 24480
245.821 24820
245.859 25160
245.897 25500
245.935 25840
245.973 26180
246.011 26520
246.042 26860
246.08 27200
246.111 27540
246.149 27880
246.181 28220
246.219 28560
246.244 28900
246.275 29240
246.307 29580
246.338 29920
246.376 30260
246.408 30600
246.433 30940
246.464 31280
246.496 31620
246.528 31960
246.559 32300
246.584 32640
246.616 32980
246.641 33320
246.673 33660
246.698 34000
246.729 34340
246.754 34680
246.786 35020
246.811 35360
246.843 35700
246.868 36040
246.893 36380
246.918 36720
246.944 37060
246.975 37400
247 37740
247.026 38080
247.051 38420
247.076 38760
247.101 39100
247.126 39440
247.152 39780
247.177 40120
247.202 40460
247.227 40800
247.252 41140
247.278 41480
247.303 41820
247.328 42160
247.347 42500
247.366 42840
247.391 43180
247.41 43520
247.435 43860
247.461 44200
247.479 44540
247.505 44880
247.524 45220
247.549 45560
247.568 45900
247.593 46240
247.612 46580
247.64 32300
249.018 340
249.033 2720
249.286 5780
249.319 8160
249.341 11220
249.37 14280
249.398 16660
249.42 19720
249.448 22100
249.47 25160
249.521 25500
249.581 17680
250.811 340
250.826 680
251.128 1020
251.132 1360
251.162 1700
251.165 2040
251.168 2380
251.171 2720
251.196 3060
251.199 3400
251.202 3740
251.205 4080
251.208 4420
251.211 4760
251.214 5100
251.218 5440
251.229 5780
251.232 6120
251.235 6460
251.239 6800
251.242 7140
251.245 7480
251.248 7820
251.251 8160
251.254 8500
251.257 8840
251.261 9180
251.264 9520
251.276 6460
251.447 6800
251.456 7140
251.481 7480
251.579 7820
251.661 8160
251.803 8500
251.941 8840
252.187 9180
252.537 9520
255.541 9860
255.894 10200
256.14 10540
256.342 10880
256.506 11220
256.651 11560
256.783 11900
256.896 12240
257.01 12580
257.111 12920
257.205 13260
257.294 13600
257.376 13940
257.457 14280
257.533 14620
257.602 14960
257.672 15300
257.741 15640
257.804 15980
257.867 16320
257.93 16660
257.987 17000
258.044 17340
258.1 17680
258.151 18020
258.208 18360
258.258 18700
258.309 19040
258.353 19380
258.403 19720
258.447 20060
258.491 20400
258.535 20740
258.58 21080
258.624 21420
258.668 21760
258.706 22100
258.75 22440
258.788 22780
258.825 23120
258.882 23460
258.977 23800
259.027 24140
259.084 24480
259.134 24820
259.185 25160
259.223 25500
259.273 25840
259.317 26180
259.349 26520
259.386 26860
259.431 27200
259.468 27540
259.5 27880
259.531 28220
259.569 28560
259.607 28900
259.639 29240
259.67 29580
259.702 29920
259.733 30260
259.771 30600
259.803 30940
259.834 31280
259.866 31620
259.897 31960
259.929 32300
259.96 32640
259.985 32980
260.011 33320
260.042 33660
260.067 34000
260.099 34340
260.13 34680
260.156 35020
260.187 35360
260.212 35700
260.244 36040
260.269 36380
260.288 36720
260.319 37060
260.345 37400
260.376 37740
260.401 38080
260.42 38420
260.446 38760
260.471 39100
260.496 39440
260.521 39780
260.546 40120
260.572 40460
260.597 40800
260.622 41140
260.647 41480
260.673 41820
260.698 42160
260.723 42500
260.748 42840
260.767 43180
260.792 43520
260.818 43860
260.843 44200
260.862 44540
260.881 44880
260.906 45220
260.925 45560
260.95 45900
260.969 46240
260.994 46580
261.01 32300
262.388 340
262.403 3400
262.655 5780
262.677 8840
262.708 11900
262.736 14960
262.764 17340
262.786 19720
262.808 22780
262.887 23120
262.947 15980
264.155 340
264.265 680
264.482 1020
264.485 1360
264.516 1700
264.519 2040
264.522 2380
264.525 2720
264.549 3060
264.553 3400
264.556 3740
264.559 4080
264.562 4420
264.583 3060
264.662 3400
264.668 3740
264.734 4080
265.087 4420
268.135 4760
268.488 5100
268.734 5440
268.93 5780
269.093 6120
269.238 6460
269.371 6800
269.491 7140
269.598 7480
269.699 7820
269.793 8160
269.881 8500
269.963 8840
270.045 9180
270.121 9520
270.197 9860
270.266 10200
270.329 10540
270.398 10880
270.461 11220
270.518 11560
270.581 11900
270.638 12240
270.688 12580
270.745 12920
270.796 13260
270.846 13600
270.896 13940
270.947 14280
270.991 14620
271.041 14960
271.086 15300
271.13 15640
271.174 15980
271.218 16320
271.256 16660
271.3 17000
271.338 17340
271.376 17680
271.42 18020
271.457 18360
271.495 18700
271.533 19040
271.565 19380
271.602 19720
271.64 20060
271.672 20400
271.71 20740
271.741 21080
271.773 21420
271.81 21760
271.842 22100
271.874 22440
271.905 22780
271.968 23120
272 23460
272.063 23800
272.119 24140
272.17 24480
272.214 24820
272.258 25160
272.29 25500
272.327 25840
272.365 26180
272.397 26520
272.435 26860
272.466 27200
272.498 27540
272.529 27880
272.561 28220
272.592 28560
272.624 28900
272.649 29240
272.68 29580
272.706 29920
272.737 30260
272.762 30600
272.794 30940
272.819 31280
272.851 31620
272.876 31960
272.901 32300
272.926 32640
272.952 32980
272.977 33320
273.002 33660
273.033 34000
273.052 34340
273.078 34680
273.103 35020
273.128 35360
273.153 35700
273.178 36040
273.204 36380
273.229 36720
273.254 37060
273.279 37400
273.298 37740
273.323 38080
273.349 38420
273.374 38760
273.393 39100
273.412 39440
273.437 39780
273.456 40120
273.481 40460
273.5 40800
273.525 41140
273.544 41480
273.569 41820
273.588 42160
273.613 42500
273.632 42840
273.658 43180
273.676 43520
273.702 43860
273.721 44200
273.746 44540
273.765 44880
273.79 45220
273.809 45560
273.828 45900
273.853 46240
273.872 46580
273.891 46920
273.903 47260
273.913 32980
275.291 340
275.306 2720
275.558 5780
275.592 8160
275.614 11220
275.642 13600
275.664 16660
275.693 19040
275.715 22100
275.743 24480
275.816 24820
275.885 17340
277.109 340
277.19 680
277.433 1020
277.436 1360
277.466 1700
277.469 2040
277.472 2380
277.476 2720
277.5 3060
277.503 3400
277.506 3740
277.509 4080
277.512 4420
277.515 4760
277.519 5100
277.522 5440
277.533 5780
277.536 6120
277.54 6460
277.543 6800
277.546 7140
277.549 7480
277.552 7820
277.565 5440
277.707 5780
277.713 6120
277.763 6460
277.877 6800
277.994 7140
278.224 7480
278.577 7820
281.287 8160
281.64 8500
282.154 8840
282.381 9180
282.545 9520
282.69 9860
282.822 10200
282.936 10540
283.049 10880
283.15 11220
283.245 11560
283.333 11900
283.415 12240
283.497 12580
283.573 12920
283.642 13260
283.711 13600
283.781 13940
283.844 14280
283.907 14620
283.97 14960
284.026 15300
284.083 15640
284.14 15980
284.19 16320
284.247 16660
284.298 17000
284.348 17340
284.392 17680
284.442 18020
284.487 18360
284.531 18700
284.575 19040
284.619 19380
284.663 19720
284.707 20060
284.745 20400
284.827 20740
284.89 21080
284.953 21420
285.016 21760
285.054 22100
285.104 22440
285.155 22780
285.193 23120
285.224 23460
285.268 23800
285.312 24140
285.357 24480
285.388 24820
285.42 25160
285.457 25500
285.495 25840
285.533 26180
285.571 26520
285.602 26860
285.64 27200
285.672 27540
285.71 27880
285.735 28220
285.766 28560
285.798 28900
285.829 29240
285.861 29580
285.892 29920
285.924 30260
285.949 30600
285.981 30940
286.012 31280
286.044 31620
286.075 31960
286.1 32300
286.132 32640
286.157 32980
286.189 33320
286.214 33660
286.239 34000
286.264 34340
286.296 34680
286.321 35020
286.353 35360
286.372 35700
286.397 36040
286.422 36380
286.447 36720
286.479 37060
286.504 37400
286.523 37740
286.548 38080
286.573 38420
286.598 38760
286.624 39100
286.649 39440
286.674 39780
286.699 40120
286.725 40460
286.75 40800
286.769 41140
286.794 41480
286.819 41820
286.844 42160
286.863 42500
286.888 42840
286.907 43180
286.933 43520
286.958 43860
286.977 44200
286.996 44540
287.021 44880
287.04 45220
287.065 45560
287.084 45900
287.109 46240
287.128 46580
287.156 32300
288.535 340
288.55 3400
288.802 5780
288.824 8840
288.854 11900
288.883 14280
288.905 16660
288.927 19720
288.955 22100
288.977 25160
289.028 25500
289.087 17680
290.318 340
290.383 680
290.638 1020
290.641 1360
290.672 1700
290.675 2040
290.678 2380
290.681 2720
290.705 3060
290.709 3400
290.712 3740
290.715 4080
290.718 4420
290.721 4760
290.724 5100
290.727 5440
290.739 5780
290.742 6120
290.745 6460
290.748 6800
290.752 7140
290.755 7480
290.758 7820
290.761 8160
290.764 8500
290.767 8840
290.771 9180
290.783 6120
290.95 6460
290.956 6800
290.982 7140
291.083 7480
291.161 7820
291.291 8160
291.445 8500
291.691 8840
292.044 9180
294.758 9520
295.114 9860
295.357 10200
295.558 10540
295.719 10880
295.867 11220
296.11 11560
296.315 11900
296.479 12240
296.586 12580
296.681 12920
296.769 13260
296.857 13600
296.933 13940
297.008 14280
297.084 14620
297.153 14960
297.223 15300
297.286 15640
297.349 15980
297.405 16320
297.469 16660
297.525 17000
297.576 17340
297.632 17680
297.683 18020
297.733 18360
297.784 18700
297.834 19040
297.878 19380
297.929 19720
298.004 20060
298.093 20400
298.156 20740
298.219 21080
298.269 21420
298.313 21760
298.364 22100
298.414 22440
298.458 22780
298.496 23120
298.54 23460
298.578 23800
298.622 24140
298.66 24480
298.698 24820
298.736 25160
298.773 25500
298.811 25840
298.849 26180
298.887 26520
298.918 26860
298.95 27200
298.988 27540
299.019 27880
299.057 28220
299.089 28560
299.12 28900
299.152 29240
299.183 29580
299.215 29920
299.246 30260
299.284 30600
299.309 30940
299.341 31280
299.372 31620
299.404 31960
299.435 32300
299.461 32640
299.486 32980
299.517 33320
299.543 33660
299.574 34000
299.606 34340
299.631 34680
299.656 35020
299.688 35360
299.713 35700
299.744 36040
299.769 36380
299.795 25160
300.126 25500
300.132 25840
300.151 26180
300.201 26520
300.296 26860
300.365 27200
300.447 27540
300.51 27880
300.573 28220
300.636 28560
300.699 28900
300.769 29240
300.832 29580
300.901 29920
300.97 30260
301.04 30600
301.109 30940
301.178 31280
301.26 31620
301.349 31960
301.418 32300
301.519 32640
301.62 32980
301.721 33320
301.821 33660
301.922 34000
302.048 34340
302.187 34680
302.345 35020
302.509 35360
302.672 35700
303 36040
303.334 36380
305.724 36720
306.077 37060
306.329 37400
306.524 37740
306.688 38080
306.833 38420
306.965 38760
307.085 39100
307.192 39440
307.293 39780
307.388 40120
307.558 40460
307.64 40800
307.779 41140
307.905 41480
307.999 41820
308.094 42160
308.166 29240
309.339 29580
309.345 29920
309.352 30260
309.358 30600
309.396 30940
309.49 31280
309.585 31620
309.673 31960
309.73 32300
309.799 32640
309.875 32980
309.932 33320
309.988 33660
310.045 34000
310.108 34340
310.171 34680
310.234 35020
310.303 35360
310.373 35700
310.436 36040
310.518 36380
310.587 36720
310.669 37060
310.757 37400
310.839 37740
310.928 38080
311.016 38420
311.104 38760
311.192 39100
311.312 39440
311.432 39780
311.552 40120
311.678 40460
311.835 40800
311.987 41140
312.176 41480
312.374 28900
313.017 29240
313.024 29580
313.03 29920
313.036 30260
313.143 30600
313.238 30940
313.307 31280
313.383 31620
313.452 31960
313.515 32300
313.572 32640
313.629 32980
313.692 33320
313.749 33660
313.812 34000
313.875 34340
313.938 34680
314.007 35020
314.076 35360
314.158 35700
314.221 36040
314.303 36380
314.385 36720
314.474 37060
314.556 37400
314.644 37740
314.726 38080
314.833 38420
314.934 38760
315.054 39100
315.173 39440
315.293 39780
315.47 40120
315.602 40460
315.785 40800
316.075 41140
316.358 41480
316.462 28900
317.105 29240
317.112 29580
317.118 29920
317.162 30260
317.257 30600
317.326 30940
317.395 31280
317.471 31620
317.54 31960
317.603 32300
317.66 32640
317.717 32980
317.78 33320
317.837 33660
317.9 34000
317.963 34340
318.026 34680
318.095 35020
318.165 35360
318.246 35700
318.31 36040
318.391 36380
318.473 36720
318.562 37060
318.644 37400
318.732 37740
318.814 38080
318.921 38420
319.022 38760
319.142 39100
319.261 39440
319.381 39780
319.558 40120
319.69 40460
319.873 40800
320.163 41140
320.447 41480
320.551 28900
321.194 29240
321.2 29580
321.206 29920
321.25 30260
321.345 30600
321.414 30940
321.484 31280
321.559 31620
321.629 31960
321.692 32300
321.748 32640
321.805 32980
321.868 33320
321.925 33660
321.988 34000
322.051 34340
322.114 34680
322.183 35020
322.253 35360
322.335 35700
322.398 36040
322.48 36380
322.562 36720
322.65 37060
322.732 37400
322.82 37740
322.902 38080
323.009 38420
323.11 38760
323.23 39100
323.35 39440
323.469 39780
323.646 40120
323.778 40460
323.961 40800
324.251 41140
324.535 41480
324.639 28900
325.282 29240
325.288 29580
325.294 29920
325.338 30260
325.433 30600
325.502 30940
325.572 31280
325.647 31620
325.717 31960
325.78 32300
325.837 32640
325.893 32980
325.956 33320
326.013 33660
326.076 34000
326.139 34340
326.202 34680
326.271 35020
326.341 35360
326.423 35700
326.486 36040
326.568 36380
326.65 36720
326.738 37060
326.82 37400
326.908 37740
326.99 38080
327.097 38420
327.198 38760
327.318 39100
327.438 39440
327.558 39780
327.734 40120
327.866 40460
328.049 40800
328.339 41140
328.623 41480
328.727 28900
329.37 29240
329.376 29580
329.383 29920
329.427 30260
329.521 30600
329.591 30940
329.66 31280
329.736 31620
329.805 31960
329.868 32300
329.925 32640
329.981 32980
330.044 33320
330.101 33660
330.164 34000
330.227 34340
330.29 34680
330.36 35020
330.429 35360
330.511 35700
330.574 36040
330.656 36380
330.738 36720
330.826 37060
330.908 37400
330.996 37740
331.078 38080
331.185 38420
331.286 38760
331.406 39100
331.526 39440
331.646 39780
331.822 40120
331.955 40460
332.137 40800
332.427 41140
332.711 41480
332.815 28900
333.458 29240
333.464 29580
333.471 29920
333.515 30260
333.609 30600
333.679 30940
333.748 31280
333.824 31620
333.893 31960
333.956 32300
334.013 32640
334.07 32980
334.133 33320
334.189 33660
334.252 34000
334.315 34340
334.378 34680
334.448 35020
334.517 35360
334.599 35700
334.662 36040
334.744 36380
334.826 36720
334.914 37060
334.996 37400
335.084 37740
335.166 38080
335.274 38420
335.374 38760
335.494 39100
335.614 39440
335.734 39780
335.91 40120
336.043 40460
336.226 40800
336.515 41140
336.799 41480
336.903 28900
337.546 29240
337.552 29580
337.559 29920
337.603 30260
337.697 30600
337.767 30940
337.836 31280
337.912 31620
337.981 31960
338.044 32300
338.101 32640
338.158 32980
338.221 33320
338.277 33660
338.34 34000
338.404 34340
338.467 34680
338.536 35020
338.605 35360
338.687 35700
338.75 36040
338.832 36380
338.914 36720
339.002 37060
339.084 37400
339.173 37740
339.255 38080
339.362 38420
339.463 38760
339.582 39100
339.702 39440
339.822 39780
339.998 40120
340.131 40460
340.314 40800
340.604 41140
340.887 41480
340.991 28900
341.634 29240
341.641 29580
341.647 29920
341.691 30260
341.786 30600
341.855 30940
341.924 31280
342 31620
342.069 31960
342.132 32300
342.189 32640
342.246 32980
342.309 33320
342.366 33660
342.429 34000
342.492 34340
342.555 34680
342.624 35020
342.693 35360
342.775 35700
342.838 36040
342.92 36380
343.002 36720
343.091 37060
343.173 37400
343.261 37740
343.343 38080
343.45 38420
343.551 38760
343.671 39100
343.79 39440
343.91 39780
344.087 40120
344.219 40460
344.402 40800
344.692 41140
344.975 41480
345.079 28900
345.722 29240
345.729 29580
345.735 29920
345.779 30260
345.874 30600
345.943 30940
346.012 31280
346.088 31620
346.157 31960
346.22 32300
346.277 32640
346.334 32980
346.397 33320
346.454 33660
346.517 34000
346.58 34340
346.643 34680
346.712 35020
346.782 35360
346.864 35700
346.927 36040
347.008 36380
347.09 36720
347.179 37060
347.261 37400
347.349 37740
347.431 38080
347.538 38420
347.639 38760
347.759 39100
347.878 39440
347.998 39780
348.175 40120
348.307 40460
348.49 40800
348.78 41140
349.064 41480
349.168 28900
349.811 29240
349.817 29580
349.823 29920
349.867 30260
349.962 30600
350.031 30940
350.101 31280
350.176 31620
350.246 31960
350.309 32300
350.365 32640
350.422 32980
350.485 33320
350.542 33660
350.605 34000
350.668 34340
350.731 34680
350.8 35020
350.87 35360
350.952 35700
351.015 36040
351.097 36380
351.179 36720
351.267 37060
351.349 37400
351.437 37740
351.519 38080
351.626 38420
351.727 38760
351.847 39100
351.967 39440
352.086 39780
352.263 40120
352.395 40460
352.578 40800
352.868 41140
353.152 41480
353.256 28900
353.899 29240
353.905 29580
353.911 29920
353.956 30260
354.05 30600
354.119 30940
354.189 31280
354.264 31620
354.334 31960
354.397 32300
354.454 32640
354.51 32980
354.573 33320
354.63 33660
354.693 34000
354.756 34340
354.819 34680
354.888 35020
354.958 35360
355.04 35700
355.103 36040
355.185 36380
355.267 36720
355.355 37060
355.437 37400
355.525 37740
355.607 38080
355.714 38420
355.815 38760
355.935 39100
356.055 39440
356.175 39780
356.351 40120
356.483 40460
356.666 40800
356.956 41140
357.24 41480
357.344 28900
357.987 29240
357.993 29580
358 29920
358.044 30260
358.138 30600
358.208 30940
358.277 31280
358.353 31620
358.422 31960
358.485 32300
358.542 32640
358.598 32980
358.661 33320
358.718 33660
358.781 34000
358.844 34340
358.907 34680
358.977 35020
359.046 35360
359.128 35700
359.191 36040
359.273 36380
359.355 36720
359.443 37060
359.525 37400
359.613 37740
359.695 38080
359.802 38420
359.903 38760
360.023 39100
360.143 39440
360.263 39780
360.439 40120
360.572 40460
360.754 40800
361.044 41140
361.328 41480
361.432 28900
362.075 29240
362.081 29580
362.088 29920
362.132 30260
362.226 30600
362.296 30940
362.365 31280
362.441 31620
362.51 31960
362.573 32300
362.63 32640
362.687 32980
362.75 33320
362.806 33660
362.869 34000
362.932 34340
362.995 34680
363.065 35020
363.134 35360
363.216 35700
363.279 36040
363.361 36380
363.443 36720
363.531 37060
363.613 37400
363.701 37740
363.783 38080
363.891 38420
363.991 38760
364.111 39100
364.231 39440
364.351 39780
364.527 40120
364.66 40460
364.843 40800
365.132 41140
365.416 41480
365.52 28900
366.163 29240
366.17 29580
366.176 29920
366.22 30260
366.314 30600
366.384 30940
366.453 31280
366.529 31620
366.598 31960
366.661 32300
366.718 32640
366.775 32980
366.838 33320
366.894 33660
366.958 34000
367.021 34340
367.084 34680
367.153 35020
367.222 35360
367.304 35700
367.367 36040
367.449 36380
367.531 36720
367.619 37060
367.701 37400
367.79 37740
367.872 38080
367.979 38420
368.08 38760
368.199 39100
368.319 39440
368.439 39780
368.615 40120
368.748 40460
368.931 40800
369.221 41140
369.504 41480
369.608 28900
370.251 29240
370.258 29580
370.264 29920
370.308 30260
370.403 30600
370.472 30940
370.541 31280
370.617 31620
370.686 31960
370.749 32300
370.806 32640
370.863 32980
370.926 33320
370.983 33660
371.046 34000
371.109 34340
371.172 34680
371.241 35020
371.31 35360
371.392 35700
371.455 36040
371.537 36380
371.619 36720
371.708 37060
371.79 37400
371.878 37740
371.96 38080
372.067 38420
372.168 38760
372.288 39100
372.407 39440
372.527 39780
372.704 40120
372.836 40460
373.019 40800
373.309 41140
373.592 41480
373.696 28900
374.339 29240
374.346 29580
374.352 29920
374.396 30260
374.491 30600
374.56 30940
374.629 31280
374.705 31620
374.774 31960
374.838 32300
374.894 32640
374.951 32980
375.014 33320
375.071 33660
375.134 34000
375.197 34340
375.26 34680
375.329 35020
375.399 35360
375.481 35700
375.544 36040
375.626 36380
375.707 36720
375.796 37060
375.878 37400
375.966 37740
376.048 38080
376.155 38420
376.256 38760
376.376 39100
376.495 39440
376.615 39780
376.792 40120
376.924 40460
377.107 40800
377.397 41140
377.681 41480
377.785 28900
378.428 29240
378.434 29580
378.44 29920
378.484 30260
378.579 30600
378.648 30940
378.718 31280
378.793 31620
378.863 31960
378.926 32300
378.982 32640
379.039 32980
379.102 33320
379.159 33660
379.222 34000
379.285 34340
379.348 34680
379.417 35020
379.487 35360
379.569 35700
379.632 36040
379.714 36380
379.796 36720
379.884 37060
379.966 37400
380.054 37740
380.136 38080
380.243 38420
380.344 38760
380.464 39100
380.584 39440
380.703 39780
380.88 40120
381.012 40460
381.195 40800
381.485 41140
381.769 41480
381.873 28900
382.516 29240
382.522 29580
382.528 29920
382.573 30260
382.667 30600
382.736 30940
382.806 31280
382.881 31620
382.951 31960
383.014 32300
383.071 32640
383.127 32980
383.19 33320
383.247 33660
383.31 34000
383.373 34340
383.436 34680
383.506 35020
383.575 35360
383.657 35700
383.72 36040
383.802 36380
383.884 36720
383.972 37060
384.054 37400
384.142 37740
384.224 38080
384.331 38420
384.432 38760
384.552 39100
384.672 39440
384.792 39780
384.968 40120
385.1 40460
385.283 40800
385.573 41140
385.857 41480
385.961 28900
386.604 29240
386.61 29580
386.617 29920
386.661 30260
386.755 30600
386.825 30940
386.894 31280
386.97 31620
387.039 31960
387.102 32300
387.159 32640
387.215 32980
387.278 33320
387.335 33660
387.398 34000
387.461 34340
387.524 34680
387.594 35020
387.663 35360
387.745 35700
387.808 36040
387.89 36380
387.972 36720
388.06 37060
388.142 37400
388.23 37740
388.312 38080
388.419 38420
388.52 38760
388.64 39100
388.76 39440
388.88 39780
389.056 40120
389.189 40460
389.371 40800
389.661 41140
389.945 41480
390.049 28900
390.692 29240
390.698 29580
390.705 29920
390.749 30260
390.843 30600
390.913 30940
390.982 31280
391.058 31620
391.127 31960
391.19 32300
391.247 32640
391.304 32980
391.367 33320
391.423 33660
391.486 34000
391.549 34340
391.612 34680
391.682 35020
391.751 35360
391.833 35700
391.896 36040
391.978 36380
392.06 36720
392.148 37060
392.23 37400
392.318 37740
392.4 38080
392.508 38420
392.608 38760
392.728 39100
392.848 39440
392.968 39780
393.144 40120
393.277 40460
393.46 40800
393.75 41140
394.033 41480
394.137 28900
394.78 29240
394.787 29580
394.793 29920
394.837 30260
394.932 30600
395.001 30940
395.07 31280
395.146 31620
395.215 31960
395.278 32300
395.335 32640
395.392 32980
395.455 33320
395.511 33660
395.575 34000
395.638 34340
395.701 34680
395.77 35020
395.839 35360
395.921 35700
395.984 36040
396.066 36380
396.148 36720
396.236 37060
396.318 37400
396.407 37740
396.489 38080
396.596 38420
396.697 38760
396.816 39100
396.936 39440
397.056 39780
397.232 40120
397.365 40460
397.548 40800
397.838 41140
398.121 41480
398.225 28900
398.868 29240
398.875 29580
398.881 29920
398.925 30260
399.02 30600
399.089 30940
399.158 31280
399.234 31620
399.303 31960
399.366 32300
399.423 32640
399.48 32980
399.543 33320
399.6 33660
399.663 34000
399.726 34340
399.789 34680
399.858 35020
399.927 35360
400.009 35700
400.072 36040
400.154 36380
400.236 36720
400.325 37060
400.407 37400
400.495 37740
400.577 38080
400.684 38420
400.785 38760
400.905 39100
401.024 39440
401.144 39780
401.321 40120
401.453 40460
401.636 40800
401.926 41140
402.209 41480
402.313 28900
402.956 29240
402.963 29580
402.969 29920
403.013 30260
403.108 30600
403.177 30940
403.246 31280
403.322 31620
403.391 31960
403.455 32300
403.511 32640
403.568 32980
403.631 33320
403.688 33660
403.751 34000
403.814 34340
403.877 34680
403.946 35020
404.016 35360
404.098 35700
404.161 36040
404.243 36380
404.324 36720
404.413 37060
404.495 37400
404.583 37740
404.665 38080
404.772 38420
404.873 38760
404.993 39100
405.112 39440
405.232 39780
405.409 40120
405.541 40460
405.724 40800
406.014 41140
406.298 41480
406.402 28900
407.045 29240
407.051 29580
407.057 29920
407.101 30260
407.196 30600
407.265 30940
407.335 31280
407.41 31620
407.48 31960
407.543 32300
407.599 32640
407.656 32980
407.719 33320
407.776 33660
407.839 34000
407.902 34340
407.965 34680
408.034 35020
408.104 35360
408.186 35700
408.249 36040
408.331 36380
408.413 36720
408.501 37060
408.583 37400
408.671 37740
408.753 38080
408.86 38420
408.961 38760
409.081 39100
409.201 39440
409.32 39780
409.497 40120
409.629 40460
409.812 40800
410.102 41140
410.386 41480
410.49 28900
411.133 29240
411.139 29580
411.145 29920
411.19 30260
411.284 30600
411.353 30940
411.423 31280
411.498 31620
411.568 31960
411.631 32300
411.688 32640
411.744 32980
411.807 33320
411.864 33660
411.927 34000
411.99 34340
412.053 34680
412.123 35020
412.192 35360
412.274 35700
412.337 36040
412.419 36380
412.501 36720
412.589 37060
412.671 37400
412.759 37740
412.841 38080
412.948 38420
413.049 38760
413.169 39100
413.289 39440
413.409 39780
413.585 40120
413.717 40460
413.9 40800
414.19 41140
414.474 41480
414.578 28900
415.221 29240
415.227 29580
415.234 29920
415.278 30260
415.372 30600
415.442 30940
415.511 31280
415.587 31620
415.656 31960
415.719 32300
415.776 32640
415.832 32980
415.895 33320
415.952 33660
416.015 34000
416.078 34340
416.141 34680
416.211 35020
416.28 35360
416.362 35700
416.425 36040
416.507 36380
416.589 36720
416.677 37060
416.759 37400
416.847 37740
416.929 38080
417.036 38420
417.137 38760
417.257 39100
417.377 39440
417.497 39780
417.673 40120
417.806 40460
417.988 40800
418.278 41140
418.562 41480
418.666 28900
419.309 29240
419.315 29580
419.322 29920
419.366 30260
419.46 30600
419.53 30940
419.599 31280
419.675 31620
419.744 31960
419.807 32300
419.864 32640
419.921 32980
419.984 33320
420.04 33660
420.103 34000
420.166 34340
420.229 34680
420.299 35020
420.368 35360
420.45 35700
420.513 36040
420.595 36380
420.677 36720
420.765 37060
420.847 37400
420.936 37740
421.017 38080
421.125 38420
421.225 38760
421.345 39100
421.465 39440
421.585 39780
421.761 40120
421.894 40460
422.077 40800
422.367 41140
422.65 41480
422.754 28900
423.397 29240
423.404 29580
423.41 29920
423.454 30260
423.549 30600
423.618 30940
423.687 31280
423.763 31620
423.832 31960
423.895 32300
423.952 32640
424.009 32980
424.072 33320
424.128 33660
424.192 34000
424.255 34340
424.318 34680
424.387 35020
424.456 35360
424.538 35700
424.601 36040
424.683 36380
424.765 36720
424.853 37060
424.935 37400
425.024 37740
425.106 38080
425.213 38420
425.314 38760
425.433 39100
425.553 39440
425.673 39780
425.849 40120
425.982 40460
426.165 40800
426.455 41140
426.738 41480
426.842 28900
427.485 29240
427.492 29580
427.498 29920
427.542 30260
427.637 30600
427.706 30940
427.775 31280
427.851 31620
427.92 31960
427.983 32300
428.04 32640
428.097 32980
428.16 33320
428.217 33660
428.28 34000
428.343 34340
428.406 34680
428.475 35020
428.544 35360
428.626 35700
428.689 36040
428.771 36380
428.853 36720
428.942 37060
429.024 37400
429.112 37740
429.194 38080
429.301 38420
429.402 38760
429.522 39100
429.641 39440
429.761 39780
429.938 40120
430.07 40460
430.253 40800
430.543 41140
430.826 41480
430.93 28900
431.574 29240
431.58 29580
431.586 29920
431.63 30260
431.725 30600
431.794 30940
431.863 31280
431.939 31620
432.008 31960
432.072 32300
432.128 32640
432.185 32980
432.248 33320
432.305 33660
432.368 34000
432.431 34340
432.494 34680
432.563 35020
432.633 35360
432.715 35700
432.778 36040
432.86 36380
432.941 36720
433.03 37060
433.112 37400
433.2 37740
433.282 38080
433.389 38420
433.49 38760
433.61 39100
433.729 39440
433.849 39780
434.026 40120
434.158 40460
434.341 40800
434.631 41140
434.915 41480
435.019 28900
435.662 29240
435.668 29580
435.674 29920
435.718 30260
435.813 30600
435.882 30940
435.952 31280
436.027 31620
436.097 31960
436.16 32300
436.216 32640
436.273 32980
436.336 33320
436.393 33660
436.456 34000
436.519 34340
436.582 34680
436.651 35020
436.721 35360
436.803 35700
436.866 36040
436.948 36380
437.03 36720
437.118 37060
437.2 37400
437.288 37740
437.37 38080
437.477 38420
437.578 38760
437.698 39100
437.818 39440
437.937 39780
438.114 40120
438.246 40460
438.429 40800
438.719 41140
439.003 41480
439.107 28900
439.75 29240
439.756 29580
439.762 29920
439.807 30260
439.901 30600
439.97 30940
440.04 31280
440.115 31620
440.185 31960
440.248 32300
440.305 32640
440.361 32980
440.424 33320
440.481 33660
440.544 34000
440.607 34340
440.67 34680
440.74 35020
440.809 35360
440.891 35700
440.954 36040
441.036 36380
441.118 36720
441.206 37060
441.288 37400
441.376 37740
441.458 38080
441.565 38420
441.666 38760
441.786 39100
441.906 39440
442.026 39780
442.202 40120
442.334 40460
442.517 40800
442.807 41140
443.091 41480
443.195 28900
443.838 29240
443.844 29580
443.851 29920
443.895 30260
443.989 30600
444.059 30940
444.128 31280
444.204 31620
444.273 31960
444.336 32300
444.393 32640
444.449 32980
444.512 33320
444.569 33660
444.632 34000
444.695 34340
444.758 34680
444.828 35020
444.897 35360
444.979 35700
445.042 36040
445.124 36380
445.206 36720
445.294 37060
445.376 37400
445.464 37740
445.546 38080
445.653 38420
445.754 38760
445.874 39100
445.994 39440
446.114 39780
446.29 40120
446.423 40460
446.605 40800
446.895 41140
447.179 41480
447.283 28900
447.926 29240
447.932 29580
447.939 29920
447.983 30260
448.077 30600
448.147 30940
448.216 31280
448.292 31620
448.361 31960
448.424 32300
448.481 32640
448.538 32980
448.601 33320
448.657 33660
448.72 34000
448.783 34340
448.846 34680
448.916 35020
448.985 35360
449.067 35700
449.13 36040
449.212 36380
449.294 36720
449.382 37060
449.464 37400
449.553 37740
449.634 38080
449.742 38420
449.842 38760
449.962 39100
450.082 39440
450.202 39780
450.378 40120
450.511 40460
450.694 40800
450.984 41140
451.267 41480
451.371 28900
452.014 29240
452.021 29580
452.027 29920
452.071 30260
452.166 30600
452.235 30940
452.304 31280
452.38 31620
452.449 31960
452.512 32300
452.569 32640
452.626 32980
452.689 33320
452.745 33660
452.809 34000
452.872 34340
452.935 34680
453.004 35020
453.073 35360
453.155 35700
453.218 36040
453.3 36380
453.382 36720
453.47 37060
453.552 37400
453.641 37740
453.723 38080
453.83 38420
453.931 38760
454.05 39100
454.17 39440
454.29 39780
454.466 40120
454.599 40460
454.782 40800
455.072 41140
455.355 41480
455.459 28900
456.102 29240
456.109 29580
456.115 29920
456.159 30260
456.254 30600
456.323 30940
456.392 31280
456.468 31620
456.537 31960
456.6 32300
456.657 32640
456.714 32980
456.777 33320
456.834 33660
456.897 34000
456.96 34340
457.023 34680
457.092 35020
457.161 35360
457.243 35700
457.306 36040
457.388 36380
457.47 36720
457.559 37060
457.641 37400
457.729 37740
457.811 38080
457.918 38420
458.019 38760
458.139 39100
458.258 39440
458.378 39780
458.555 40120
458.687 40460
458.87 40800
459.16 41140
459.443 41480
459.548 28900
460.191 29240
460.197 29580
460.203 29920
460.247 30260
460.342 30600
460.411 30940
460.48 31280
460.556 31620
460.625 31960
460.689 32300
460.745 32640
460.802 32980
460.865 33320
460.922 33660
460.985 34000
461.048 34340
461.111 34680
461.18 35020
461.25 35360
461.332 35700
461.395 36040
461.477 36380
461.558 36720
461.647 37060
461.729 37400
461.817 37740
461.899 38080
462.006 38420
462.107 38760
462.227 39100
462.346 39440
462.466 39780
462.643 40120
462.775 40460
462.958 40800
463.248 41140
463.532 41480
463.636 28900
464.279 29240
464.285 29580
464.291 29920
464.335 30260
464.43 30600
464.499 30940
464.569 31280
464.644 31620
464.714 31960
464.777 32300
464.833 32640
464.89 32980
464.953 33320
465.01 33660
465.073 34000
465.136 34340
465.199 34680
465.268 35020
465.338 35360
465.42 35700
465.483 36040
465.565 36380
465.647 36720
465.735 37060
465.817 37400
465.905 37740
465.987 38080
466.094 38420
466.195 38760
466.315 39100
466.435 39440
466.554 39780
466.731 40120
466.863 40460
467.046 40800
467.336 41140
467.62 41480
467.724 28900
468.367 29240
468.373 29580
468.379 29920
468.424 30260
468.518 30600
468.587 30940
468.657 31280
468.732 31620
468.802 31960
468.865 32300
468.922 32640
468.978 32980
469.041 33320
469.098 33660
469.161 34000
469.224 34340
469.287 34680
469.357 35020
469.426 35360
469.508 35700
469.571 36040
469.653 36380
469.735 36720
469.823 37060
469.905 37400
469.993 37740
470.075 38080
470.182 38420
470.283 38760
470.403 39100
470.523 39440
470.643 39780
470.819 40120
470.951 40460
471.134 40800
471.424 41140
471.708 41480
471.812 28900
472.455 29240
472.461 29580
472.468 29920
472.512 30260
472.606 30600
472.676 30940
472.745 31280
472.821 31620
472.89 31960
472.953 32300
473.01 32640
473.066 32980
473.129 33320
473.186 33660
473.249 34000
473.312 34340
473.375 34680
473.445 35020
473.514 35360
473.596 35700
473.659 36040
473.741 36380
473.823 36720
473.911 37060
473.993 37400
474.081 37740
474.163 38080
474.27 38420
474.371 38760
474.491 39100
474.611 39440
474.731 39780
474.907 40120
475.04 40460
475.222 40800
475.512 41140
475.796 41480
475.9 28900
476.543 29240
476.549 29580
476.556 29920
476.6 30260
476.694 30600
476.764 30940
476.833 31280
476.909 31620
476.978 31960
477.041 32300
477.098 32640
477.155 32980
477.218 33320
477.274 33660
477.337 34000
477.4 34340
477.463 34680
477.533 35020
477.602 35360
477.684 35700
477.747 36040
477.829 36380
477.911 36720
477.999 37060
478.081 37400
478.17 37740
478.251 38080
478.359 38420
478.46 38760
478.579 39100
478.699 39440
478.819 39780
478.995 40120
479.128 40460
479.311 40800
479.601 41140
479.884 41480
479.988 28900
480.631 29240
480.638 29580
480.644 29920
480.688 30260
480.783 30600
480.852 30940
480.921 31280
480.997 31620
481.066 31960
481.129 32300
481.186 32640
481.243 32980
481.306 33320
481.362 33660
481.426 34000
481.489 34340
481.552 34680
481.621 35020
481.69 35360
481.772 35700
481.835 36040
481.917 36380
481.999 36720
482.087 37060
482.169 37400
482.258 37740
482.34 38080
482.447 38420
482.548 38760
482.667 39100
482.787 39440
482.907 39780
483.083 40120
483.216 40460
483.399 40800
483.689 41140
483.972 41480
484.076 28900
484.719 29240
484.726 29580
484.732 29920
484.776 30260
484.871 30600
484.94 30940
485.009 31280
485.085 31620
485.154 31960
485.217 32300
485.274 32640
485.331 32980
485.394 33320
485.451 33660
485.514 34000
485.577 34340
485.64 34680
485.709 35020
485.778 35360
485.86 35700
485.923 36040
486.005 36380
486.087 36720
486.176 37060
486.258 37400
486.346 37740
486.428 38080
486.535 38420
486.636 38760
486.756 39100
486.875 39440
486.995 39780
487.172 40120
487.304 40460
487.487 40800
487.777 41140
488.06 41480
488.165 28900
488.808 29240
488.814 29580
488.82 29920
488.864 30260
488.959 30600
489.028 30940
489.098 31280
489.173 31620
489.242 31960
489.306 32300
489.362 32640
489.419 32980
489.482 33320
489.539 33660
489.602 34000
489.665 34340
489.728 34680
489.797 35020
489.867 35360
489.949 35700
490.012 36040
490.094 36380
490.175 36720
490.264 37060
490.346 37400
490.434 37740
490.516 38080
490.623 38420
490.724 38760
490.844 39100
490.963 39440
491.083 39780
491.26 40120
491.392 40460
491.575 40800
491.865 41140
492.149 41480
492.253 28900
492.896 29240
492.902 29580
492.908 29920
492.952 30260
493.047 30600
493.116 30940
493.186 31280
493.261 31620
493.331 31960
493.394 32300
493.45 32640
493.507 32980
493.57 33320
493.627 33660
493.69 34000
493.753 34340
493.816 34680
493.885 35020
493.955 35360
494.037 35700
494.1 36040
494.182 36380
494.264 36720
494.352 37060
494.434 37400
494.522 37740
494.604 38080
494.711 38420
494.812 38760
494.932 39100
495.052 39440
495.171 39780
495.348 40120
495.48 40460
495.663 40800
495.953 41140
496.237 41480
496.341 28900
496.984 29240
496.99 29580
496.996 29920
497.041 30260
497.135 30600
497.204 30940
497.274 31280
497.349 31620
497.419 31960
497.482 32300
497.539 32640
497.595 32980
497.658 33320
497.715 33660
497.778 34000
497.841 34340
497.904 34680
497.974 35020
498.043 35360
498.125 35700
498.188 36040
498.27 36380
498.352 36720
498.44 37060
498.522 37400
498.61 37740
498.692 38080
498.799 38420
498.9 38760
499.02 39100
499.14 39440
499.26 39780
499.436 40120
499.568 40460
499.751 40800
500.041 41140
