0.0 0
0.0630208 3400
0.129123 3740
0.135427 4420
0.141731 5100
0.148035 5780
0.154339 6460
0.195066 7140
0.20137 7820
0.207674 8500
0.213978 9180
0.220282 9860
0.226586 10540
0.23289 11220
0.239194 11900
0.245498 12580
0.261008 13260
0.267312 13940
0.273616 14620
0.27992 15300
0.286224 15980
0.292528 16660
0.298832 17340
0.305136 18020
0.31144 18700
0.317744 19380
0.324048 20060
0.330352 20740
0.336656 21420
0.34296 22100
0.349264 22780
0.355568 23460
0.361872 24140
0.368176 24820
0.37448 25500
0.380784 26180
0.387088 26860
0.393392 27540
0.399696 28220
0.406 28900
0.412304 29580
0.418608 30260
0.424912 30940
0.431216 31620
0.43752 32300
0.443824 32980
0.450128 33660
0.456432 34340
0.462736 35020
0.46904 35700
0.475344 36380
0.481648 37060
0.487952 37740
0.494256 38420
0.50056 39100
0.506864 39780
0.513168 40460
0.519472 41140
0.525776 41820
0.53208 42500
0.538384 43180
0.544688 43860
0.550992 44540
0.557296 45220
0.5636 45900
0.569904 46580
0.576208 47260
0.582512 47940
0.588816 48620
0.59512 49300
0.601424 49980
0.607728 50660
0.614032 51340
0.620336 52020
0.62664 52700
0.632944 53380
0.639248 54060
0.645552 54740
0.651856 55420
0.714896 55760
0.777936 56100
0.840976 56440
0.904016 56780
0.967056 57120
1.03325 39780
2.47138 340
2.59664 1360
2.7637 1700
2.76685 2720
2.82964 3060
2.83279 4080
2.84225 4420
2.8454 5440
2.89558 5780
2.89873 6800
2.90819 7140
2.91134 8160
2.9208 8500
2.92395 9520
2.9334 9860
2.93656 10880
2.96152 11220
2.96468 12240
2.97413 12580
2.97728 19720
3.04348 26860
3.10967 34000
3.17586 34340
3.24205 34680
3.30824 35020
3.36813 35360
3.3902 35700
3.72746 24820
4.8693 340
4.95359 680
5.33158 1360
5.39752 2040
5.40382 2720
5.46661 3400
5.47292 4080
5.47922 4760
5.48553 5440
5.53571 6120
5.54201 6800
5.54832 7480
5.55462 8160
5.56092 8840
5.56723 9520
5.57353 10200
5.57984 10880
5.6048 11560
5.61111 12240
5.61741 12920
5.62372 13600
5.63002 14280
5.63632 14960
5.64263 15640
5.64893 16320
5.65524 17000
5.66154 17680
5.66784 18020
5.67415 18360
5.68045 18700
5.68676 19040
5.69306 19380
5.69936 19720
5.71828 20060
5.78132 20400
5.84436 20740
5.9074 21080
5.97044 21420
6.03348 21760
6.09652 22100
6.15956 22440
6.2226 22780
6.28564 23120
6.34868 23460
6.41172 23800
6.47476 24140
6.5378 24480
6.60084 24820
6.66388 25160
6.72692 25500
6.78996 25840
6.853 26180
6.91604 26520
6.97908 26860
7.04212 27200
7.10516 27540
7.1682 27880
7.23124 28220
7.29428 28560
7.35732 28900
7.42036 29240
7.4834 29580
7.54644 29920
7.60948 30260
7.67252 30600
7.73556 30940
7.7986 31280
7.86164 31620
7.92468 31960
7.98772 32300
8.05076 32640
8.1138 32980
8.17684 33320
8.23988 33660
8.30292 34000
8.36596 34340
8.429 34680
8.49204 35020
8.55508 35360
8.61812 35700
8.68116 36040
8.7442 36380
8.80724 36720
8.87028 37060
8.93332 37400
8.99636 37740
9.0594 38080
9.12244 38420
9.18548 38760
9.24852 39100
9.31156 39440
9.3746 39780
9.43764 40120
9.50068 40460
9.56372 40800
9.62676 41140
9.6898 41480
9.75284 41820
9.81588 42160
9.87892 42500
9.94196 42840
10.005 43180
10.068 43520
10.1311 43860
10.1941 44200
10.2572 44540
10.3202 44880
10.3832 45220
10.4463 45560
10.5093 45900
10.5724 46240
10.6354 46580
10.6984 46920
10.7615 47260
10.8245 47600
10.8876 47940
10.9506 48280
11.0136 48620
11.0767 48960
11.1397 49300
11.2028 49640
11.2658 49980
11.3288 50320
11.3383 35020
12.7764 340
12.971 7480
13.0877 14620
13.1538 21080
13.2137 21760
13.22 22100
13.2326 15300
13.6582 15640
13.6771 15980
13.7023 16320
13.7275 16660
13.7653 17000
13.8378 17340
13.9135 17680
13.9954 18020
14.0679 18360
14.1719 18700
14.2507 19040
14.3611 19380
14.4651 19720
14.5722 20060
14.733 20400
14.8528 20740
15.0198 21080
15.19 21420
15.5305 21760
15.7227 22100
17.8125 15300
18.2191 15640
18.2254 15980
18.2317 16320
18.238 16660
18.2443 17000
18.2506 17340
18.2569 17680
18.2758 18020
18.3578 18360
18.4461 18700
18.5406 19040
18.6446 19380
18.7518 19720
18.8684 20060
19.0954 20400
19.3129 20740
19.5051 21080
19.7541 21420
19.9685 21760
20.3246 22100
22.8242 22440
23.1741 22780
23.4231 23120
23.6216 23460
23.7887 23800
23.9368 24140
24.0598 24480
24.1858 24820
24.2867 25160
24.3876 25500
24.5767 25840
24.6555 26180
24.8131 26520
24.9045 26860
25.0274 27200
25.0621 19040
26.4908 340
26.5971 9520
26.8808 6460
27.051 6800
27.0605 7140
27.0857 7480
27.1393 7820
27.2653 8160
27.4072 8500
27.5553 8840
27.7255 9180
28.0817 9520
28.8193 6460
28.9926 6800
28.9989 7140
29.0053 7480
29.0116 7820
29.0557 8160
29.2227 8500
29.4182 8840
29.6672 9180
30.0233 9520
31.5048 6460
31.6813 6800
31.6876 7140
31.6939 7480
31.7002 7820
31.7443 8160
31.9145 8500
32.1068 8840
32.3558 9180
32.712 9520
35.4259 9860
35.7789 10200
36.0216 10540
36.2202 10880
36.652 11220
36.8663 11560
36.9987 11900
37.1122 12240
37.2257 12580
37.3265 12920
37.4211 13260
37.5093 13600
37.5913 13940
37.6733 14280
37.7489 14620
37.8182 14960
37.8876 15300
37.9569 15640
38.02 15980
38.083 16320
38.1461 16660
38.2028 17000
38.2595 17340
38.3163 17680
38.3667 18020
38.4234 18360
38.4739 18700
38.5243 19040
38.5684 19380
38.6189 19720
38.663 20060
38.7071 20400
38.7512 20740
38.7954 21080
38.8395 21420
38.8836 21760
38.9214 22100
38.9656 22440
39.0034 22780
39.0412 23120
39.1169 23460
39.1547 23800
39.2303 24140
39.2682 24480
39.3312 24820
39.3816 25160
39.4321 25500
39.4699 25840
39.5203 26180
39.5645 26520
39.596 26860
39.6401 27200
39.6779 27540
39.7157 27880
39.7473 28220
39.7851 28560
39.8229 28900
39.8544 29240
39.886 29580
39.9175 29920
39.949 30260
39.9931 21080
40.4628 21420
40.4691 21760
40.4754 22100
40.5699 22440
40.6456 22780
40.7465 23120
40.8095 23460
40.8725 16320
41.0869 16660
41.0932 17000
41.194 17340
41.339 17680
41.5029 18020
41.6668 18360
41.837 18700
42.0136 19040
42.1964 19380
42.5494 19720
45.2664 20060
45.6194 20400
45.8653 20740
46.0607 21080
46.2246 21420
46.3759 21760
46.502 22100
46.6218 22440
46.7289 22780
46.8298 23120
46.9244 23460
47.0126 23800
47.1009 24140
47.1765 24480
47.2522 24820
47.3278 25160
47.3972 25500
47.4665 25840
47.5296 26180
47.5926 26520
47.6493 26860
47.7124 27200
47.7691 27540
47.8195 27880
47.8826 28220
48.015 28560
48.1032 28900
48.1726 29240
48.2356 29580
48.2986 29920
48.3554 30260
48.4058 30600
48.4625 30940
48.513 31280
48.5571 31620
48.6075 31960
48.6517 32300
48.7021 22440
48.9984 22780
49.0047 23120
49.0425 23460
49.0929 23800
49.156 24140
49.2632 24480
49.3199 24820
49.3829 25160
49.4523 25500
49.5342 25840
49.6099 26180
49.6918 26520
49.7738 26860
49.8557 27200
49.9377 27540
50.0196 27880
50.1079 28220
50.1898 28560
50.2781 28900
50.3664 29240
50.4672 29580
50.5933 29920
50.732 30260
50.8707 30600
51.0094 30940
51.1544 31280
51.3561 31620
51.5893 31960
51.8856 32300
54.4198 32640
54.7729 32980
55.0187 33320
55.2204 33660
55.3843 34000
55.5293 34340
55.6617 34680
55.7815 35020
55.8887 35360
55.9895 35700
56.0841 36040
56.1723 36380
56.2543 36720
56.3678 37060
56.5128 25840
56.8532 26180
56.8595 26520
56.8658 26860
56.9477 18700
57.1904 19040
57.1967 19380
57.2724 19720
57.4426 20060
57.6002 20400
57.72 20740
57.8713 21080
58.01 21420
58.2117 21760
58.4134 22100
58.6151 22440
58.8358 22780
61.5528 23120
61.9058 23460
62.1517 23800
62.3471 24140
62.5173 24480
62.6623 24820
62.7884 25160
62.9082 25500
63.0153 25840
63.1162 26180
63.2108 26520
63.299 26860
63.3873 27200
63.4629 27540
63.5007 19040
63.7529 19380
63.7592 19720
63.7655 20060
63.8159 20400
63.8727 20740
63.9357 21080
63.9988 21420
64.0618 21760
64.1248 22100
64.2005 22440
64.2698 22780
64.3455 23120
64.4337 23460
64.5976 23800
64.6229 16660
64.8403 17000
64.8466 17340
64.9475 17680
65.0988 18020
65.269 18360
65.4392 18700
65.6094 19040
65.7859 19380
65.8994 13260
66.0759 13600
66.0822 13940
66.1957 14280
66.3281 14620
66.4731 14960
66.6433 15300
66.8387 15640
67.0846 15980
67.4376 16320
70.1546 16660
70.3753 11560
70.5234 11900
70.5297 12240
70.5738 12580
70.6621 12920
70.7503 13260
70.8449 13600
70.9458 13940
71.0529 14280
71.1727 14620
71.2988 14960
71.4438 15300
71.5257 10540
71.6613 10880
71.6865 11220
71.8378 11560
72.008 11900
72.2034 12240
72.4493 12580
72.8023 12920
75.5193 13260
75.8723 13600
76.1182 13940
76.3136 14280
76.4838 14620
76.6288 14960
76.7549 15300
76.8747 15640
76.9818 15980
77.0827 16320
77.1773 16660
77.2655 17000
77.3538 17340
77.4294 17680
77.5051 18020
77.587 12580
77.7509 12920
77.7572 13260
77.8014 13600
77.8833 13940
77.9653 14280
78.0535 14620
78.1481 14960
78.2489 15300
78.3561 15640
78.4759 15980
78.6083 16320
78.7533 16660
78.9172 17000
79.1189 17340
79.3648 17680
79.7178 18020
81.1929 12580
81.3537 12920
81.36 13260
81.4041 13600
81.4861 13940
81.568 14280
81.6563 14620
81.7508 14960
81.8517 15300
81.9589 15640
82.0786 15980
82.211 16320
82.356 16660
82.4064 11560
82.5577 11900
82.5893 12240
82.7342 12580
82.9045 12920
83.0999 13260
83.3457 13600
83.6988 13940
86.4158 14280
86.7688 14620
87.0147 14960
87.2101 15300
87.3803 15640
87.5253 15980
87.6514 16320
87.7711 16660
87.8783 17000
87.9792 17340
88.0737 17680
88.162 18020
88.2502 18360
88.3259 18700
88.4015 19040
88.4772 19380
88.5465 19720
88.6159 20060
88.6789 20400
88.742 20740
88.7987 21080
88.8617 21420
88.9185 21760
88.9689 22100
89.0256 22440
89.0761 22780
89.0887 15640
89.2967 15980
89.303 16320
89.3219 16660
89.385 17000
89.4543 17340
89.5237 17680
89.5993 18020
89.6749 18360
89.7506 18700
89.8389 19040
89.9271 19380
90.0217 19720
90.1225 20060
90.2297 20400
90.3495 20740
90.4756 21080
90.6205 21420
90.7908 21760
90.9862 22100
91.232 22440
91.4212 15640
91.6229 15980
91.6292 16320
91.7364 16660
91.8561 17000
91.9822 17340
92.1272 17680
92.2974 18020
92.4928 18360
92.7387 18700
93.0917 19040
93.1043 13260
93.2777 13600
93.284 13940
93.3218 14280
93.3975 14620
93.4794 14960
93.5614 15300
93.6496 15640
93.7442 15980
93.845 16320
93.9585 16660
94.072 17000
94.2044 17340
94.3494 17680
94.5133 18020
94.715 18360
94.9609 18700
95.3139 19040
98.0246 19380
98.3776 19720
98.6298 20060
98.8252 20400
98.9891 20740
99.1341 21080
99.2665 21420
99.3863 21760
99.4934 22100
99.5943 22440
99.6889 22780
99.7771 23120
99.8591 23460
99.941 23800
100.017 24140
100.092 24480
100.162 24820
100.231 17340
100.458 17680
100.464 18020
100.477 18360
100.54 18700
100.609 19040
100.675 19380
100.685 13260
100.858 13600
100.871 13940
100.991 14280
101.117 14620
101.262 14960
101.432 15300
101.627 15640
101.873 15980
102.106 10880
102.248 11220
102.28 11560
102.425 11900
102.595 12240
102.79 12580
103.036 12920
103.389 13260
106.106 13600
106.459 13940
106.705 14280
106.901 14620
107.071 14960
107.216 15300
107.342 15640
107.462 15980
107.569 16320
107.67 16660
107.764 17000
107.853 17340
107.941 17680
108.016 18020
108.092 18360
108.168 18700
108.237 19040
108.306 19380
108.369 19720
108.432 20060
108.489 20400
108.552 20740
108.609 21080
108.659 21420
108.716 21760
108.767 22100
108.817 22440
108.867 22780
108.918 23120
108.962 23460
109.012 23800
109.057 24140
109.101 24480
109.145 24820
109.189 25160
109.227 25500
109.271 25840
109.309 26180
109.353 26520
109.391 26860
109.429 27200
109.466 27540
109.504 27880
109.536 28220
109.574 28560
109.611 28900
109.643 29240
109.681 29580
109.712 29920
109.75 30260
109.782 30600
109.813 30940
109.845 31280
109.876 31620
109.908 31960
109.939 32300
109.971 32640
110.002 32980
110.034 33320
110.059 33660
110.09 34000
110.122 34340
110.147 34680
110.179 35020
110.204 35360
110.229 35700
110.261 36040
110.286 36380
110.311 36720
110.343 37060
110.393 37400
110.469 37740
110.525 38080
110.582 38420
110.633 38760
110.677 39100
110.715 39440
110.752 39780
110.784 40120
110.822 40460
110.853 40800
110.885 41140
110.916 41480
110.948 41820
110.979 42160
111.005 42500
111.036 42840
111.061 43180
111.093 43520
111.118 43860
111.15 44200
111.168 44540
111.194 44880
111.219 45220
111.244 45560
111.269 45900
111.295 46240
111.32 46580
111.345 46920
111.37 47260
111.395 47600
111.421 47940
111.44 48280
111.465 48620
111.484 48960
111.509 49300
111.534 49640
111.553 49980
111.578 50320
111.597 50660
111.622 51000
111.641 51340
111.666 51680
111.685 52020
111.711 52360
111.729 52700
111.755 53040
111.774 53380
111.799 53720
111.818 54060
111.843 54400
111.862 54740
111.871 38080
113.309 340
113.476 3400
113.614 5780
113.636 8840
113.699 11220
113.721 14280
113.75 16660
113.772 19720
113.8 22100
113.822 25160
113.851 27540
113.923 27880
113.973 28220
114.037 19720
115.292 340
115.584 680
115.676 1020
115.679 1360
115.741 1700
115.745 2040
115.748 2720
115.807 3060
115.811 3400
115.814 3740
115.817 4080
115.82 4420
115.823 4760
115.826 5100
115.829 5440
115.873 6120
115.88 6460
115.883 6800
115.886 34340
115.974 23800
117.286 340
117.525 680
117.667 1020
117.67 1360
117.733 1700
117.736 2380
117.742 2720
117.798 3060
117.802 3400
117.805 3740
117.808 4080
117.811 4420
117.814 4760
117.817 5100
117.821 5780
117.868 6120
117.871 6460
117.874 6800
117.877 7140
117.88 7480
117.883 7820
117.887 8160
117.89 8500
117.893 9180
117.899 9520
117.902 9860
117.905 10200
117.909 10540
117.912 10880
117.915 11220
117.918 11560
117.934 11900
117.937 12580
117.943 12920
117.946 13260
117.949 13600
117.952 13940
117.956 14280
117.959 14620
117.962 14960
117.965 15300
117.968 15980
117.975 16320
117.978 16660
118.015 11560
118.321 11900
118.328 12240
118.334 12580
118.365 12920
118.409 13260
118.504 13600
118.621 13940
118.74 14280
118.87 14620
118.983 14960
119.116 15300
119.276 15640
119.497 15980
119.774 16320
120.049 16660
122.589 17000
122.945 17340
123.282 17680
123.541 18020
123.818 18360
123.97 18700
124.096 19040
124.215 19380
124.323 19720
124.424 20060
124.518 20400
124.606 20740
124.695 21080
124.77 21420
124.846 21760
124.922 22100
124.991 22440
125.06 22780
125.136 23120
125.243 23460
125.35 23800
125.42 24140
125.495 24480
125.571 24820
125.621 25160
125.672 25500
125.722 25840
125.779 26180
125.842 26520
125.899 26860
125.943 27200
125.987 27540
126.037 27880
126.088 28220
126.138 28560
126.182 28900
126.226 29240
126.271 29580
126.315 29920
126.359 30260
126.397 30600
126.434 30940
126.472 31280
126.516 31620
126.554 31960
126.598 32300
126.63 32640
126.661 32980
126.699 33320
126.737 33660
126.775 34000
126.813 34340
126.844 34680
126.882 35020
126.914 35360
126.951 35700
126.983 36040
127.014 36380
127.046 36720
127.077 37060
127.109 37400
127.147 37740
127.172 38080
127.204 38420
127.235 38760
127.267 39100
127.298 39440
127.323 39780
127.355 40120
127.38 40460
127.412 40800
127.443 41140
127.468 41480
127.494 41820
127.525 42160
127.55 42500
127.582 42840
127.607 43180
127.632 43520
127.664 43860
127.689 44200
127.714 44540
127.739 44880
127.765 45220
127.79 45560
127.815 45900
127.84 46240
127.865 46580
127.891 46920
127.916 47260
127.941 47600
127.966 47940
127.992 48280
128.017 48620
128.042 48960
128.067 49300
128.092 49640
128.118 49980
128.137 50320
128.155 50660
128.181 51000
128.2 51340
128.225 51680
128.25 52020
128.269 52360
128.288 52700
128.313 53040
128.332 53380
128.357 53720
128.376 54060
128.401 54400
128.417 38080
129.855 340
130.034 3400
130.163 6460
130.192 8840
130.248 11220
130.27 14280
130.299 16660
130.321 19720
130.349 22780
130.377 25160
130.399 27540
130.472 27880
130.522 28220
130.57 19720
131.825 340
132.165 680
132.231 1020
132.234 1360
132.296 1700
132.3 2380
132.306 2720
132.362 3060
132.366 3400
132.369 3740
132.372 4080
132.375 4420
132.378 4760
132.381 5100
132.384 5780
132.431 6120
132.435 6460
132.447 4420
132.576 4760
132.589 5100
132.649 5440
132.705 5780
132.898 6120
133.248 6460
135.968 6800
136.318 7140
136.564 7480
136.759 7820
136.929 8160
137.074 8500
137.203 8840
137.32 9180
137.777 9520
137.884 9860
137.979 10200
138.067 10540
138.149 10880
138.231 11220
138.307 11560
138.376 11900
138.445 12240
138.515 12580
138.578 12920
138.641 13260
138.704 13600
138.76 13940
138.817 14280
138.874 14620
138.924 14960
138.981 15300
139.032 15640
139.076 15980
139.126 16320
139.177 16660
139.221 17000
139.265 17340
139.309 17680
139.353 18020
139.397 18360
139.441 18700
139.479 19040
139.523 19380
139.561 19720
139.637 20060
139.675 20400
139.75 20740
139.782 21080
139.851 14620
140.04 14960
140.046 15300
140.128 15640
140.229 15980
140.305 16320
140.387 16660
140.469 17000
140.557 17340
140.652 17680
140.746 18020
140.86 18360
140.979 18700
141.087 19040
141.257 19380
141.358 19720
141.541 20060
141.723 20400
141.912 20740
142.221 21080
144.932 21420
145.285 21760
145.531 22100
145.733 22440
145.897 22780
146.042 23120
146.174 23460
146.294 23800
146.401 24140
146.502 24480
146.596 24820
146.685 25160
146.767 25500
146.848 25840
146.924 26180
146.993 26520
147.069 26860
147.132 27200
147.195 27540
147.258 27880
147.321 28220
147.384 19720
147.64 20060
147.646 20400
147.665 20740
147.722 21080
147.778 21420
147.904 21760
147.967 22100
148.03 22440
148.131 22780
148.239 23120
148.333 23460
148.415 23800
148.491 24140
148.598 24480
148.673 24820
148.787 25160
148.907 25500
149.02 25840
149.14 26180
149.26 26520
149.386 26860
149.562 18700
149.805 19040
149.811 19380
149.919 19720
150.101 20060
150.234 20400
150.36 20740
150.48 21080
150.675 21420
150.776 21760
150.978 22100
151.179 22440
151.469 22780
152.566 15640
152.771 15980
152.777 16320
152.809 16660
152.872 17000
152.941 17340
153.011 17680
153.086 18020
153.162 18360
153.238 18700
153.326 19040
153.414 19380
153.509 19720
153.61 20060
153.717 20400
153.836 20740
154.019 21080
154.208 14620
154.401 14960
154.426 15300
154.539 15640
154.672 15980
154.817 16320
154.987 16660
155.182 17000
155.428 17340
155.781 17680
158.498 18020
158.851 18360
159.103 12580
159.271 12920
159.277 13260
159.327 13600
159.403 13940
159.485 14280
159.567 14620
159.642 10200
159.775 10540
159.838 10880
160.002 11220
160.197 11560
160.443 11900
160.796 12240
163.513 12580
163.866 12920
164.074 8840
164.191 9180
164.197 9520
164.292 9860
164.393 10200
164.5 10540
164.619 10880
164.746 11220
164.891 11560
165.061 11900
165.199 8160
165.303 8500
165.392 8840
165.587 9180
165.833 9520
166.186 9860
167.63 10200
169.256 10540
169.502 10880
169.697 11220
169.868 11560
170.013 11900
170.145 12240
170.258 12580
170.366 12920
170.466 13260
170.561 13600
170.656 13940
170.737 9520
170.86 9860
170.867 10200
170.955 10540
171.05 10880
171.138 7480
171.232 7820
171.327 8160
171.522 8500
171.768 8840
172.121 9180
174.838 9520
175.191 9860
175.437 10200
175.633 10540
175.803 10880
175.948 11220
176.08 11560
176.194 11900
176.301 12240
176.402 12580
176.496 12920
176.591 13260
176.673 13600
176.755 13940
176.83 14280
176.9 14620
176.969 14960
177.038 15300
177.101 15640
177.164 15980
177.227 16320
177.284 16660
177.341 17000
177.398 17340
177.448 17680
177.499 18020
177.555 18360
177.599 18700
177.65 19040
177.7 19380
177.744 19720
177.789 20060
177.833 20400
177.877 20740
177.921 21080
177.965 21420
178.003 21760
178.041 22100
178.085 22440
178.123 22780
178.16 23120
178.198 23460
178.236 23800
178.274 24140
178.305 24480
178.343 24820
178.381 25160
178.413 25500
178.444 25840
178.482 26180
178.513 26520
178.545 26860
178.57 18700
178.816 19040
178.822 19380
178.854 19720
178.917 20060
179.018 20400
179.112 20740
179.207 21080
179.308 21420
179.39 21760
179.465 22100
179.541 22440
179.642 22780
179.711 23120
179.818 23460
179.926 23800
180.039 24140
180.146 24480
180.26 24820
180.373 25160
180.506 25500
180.701 25840
180.846 26180
181.092 26520
181.18 18360
181.423 18700
181.442 19040
181.612 19380
181.65 13260
181.823 13600
181.867 13940
181.993 14280
182.126 14620
182.264 14960
182.422 15300
182.617 15640
182.863 15980
183.216 16320
184.912 11220
185.06 11560
185.066 11900
185.142 12240
185.23 12580
185.319 12920
185.413 13260
185.514 13600
185.621 13940
185.741 14280
185.867 14620
186.012 14960
186.182 15300
186.378 15640
186.624 15980
186.977 16320
187.33 11220
187.478 11560
187.484 11900
187.56 12240
187.648 12580
187.736 12920
187.831 13260
187.932 13600
188.039 13940
188.159 14280
188.285 14620
188.43 14960
188.6 15300
188.795 15640
189.041 15980
189.394 16320
192.111 16660
192.464 17000
192.71 17340
192.906 17680
193.076 18020
193.221 18360
193.347 18700
193.467 19040
193.504 13260
193.678 13600
193.684 13940
193.747 14280
193.823 14620
193.905 14960
193.987 15300
194.075 15640
194.169 15980
194.27 16320
194.384 16660
194.497 17000
194.63 17340
194.775 17680
194.939 18020
195.14 18360
195.386 18700
195.739 19040
196.678 13260
196.852 13600
196.858 13940
196.921 14280
196.997 14620
197.079 14960
197.161 15300
197.249 15640
197.344 15980
197.444 16320
197.558 16660
197.671 17000
197.804 17340
197.949 17680
198.113 18020
198.314 18360
198.56 18700
198.913 19040
199.853 13260
200.026 13600
200.032 13940
200.095 14280
200.171 14620
200.253 14960
200.335 15300
200.423 15640
200.518 15980
200.618 16320
200.732 16660
200.845 17000
200.978 17340
201.123 17680
201.287 18020
201.488 18360
201.734 18700
202.087 19040
204.798 19380
205.151 19720
205.403 20060
205.504 13940
205.684 14280
205.69 14620
205.747 14960
205.822 15300
205.898 15640
205.948 10880
206.09 11220
206.147 11560
206.292 11900
206.462 12240
206.658 12580
206.904 12920
207.257 13260
208.543 9180
208.662 9520
208.669 9860
208.776 10200
208.877 10540
208.984 10880
209.104 11220
209.23 11560
209.375 11900
209.545 12240
209.74 12580
209.986 12920
210.339 13260
213.056 13600
213.409 13940
213.655 14280
213.851 14620
214.021 14960
214.166 15300
214.292 15640
214.412 15980
214.519 16320
214.62 16660
214.714 17000
214.802 17340
214.891 17680
214.966 18020
215.048 18360
215.118 18700
215.149 12920
215.316 13260
215.323 13600
215.386 13940
215.461 14280
215.543 14620
215.625 14960
215.713 15300
215.808 15640
215.909 15980
216.022 16320
216.136 16660
216.268 17000
216.413 17340
216.577 17680
216.779 18020
217.025 18360
217.378 18700
218.317 12920
218.484 13260
218.49 13600
218.553 13940
218.629 14280
218.711 14620
218.793 14960
218.881 15300
218.976 15640
219.077 15980
219.19 16320
219.304 16660
219.436 17000
219.581 17340
219.745 17680
219.947 18020
220.192 18360
220.545 18700
223.256 19040
223.609 19380
223.861 19720
224.057 20060
224.221 20400
224.366 20740
224.498 21080
224.618 21420
224.725 21760
224.826 22100
224.857 15300
225.056 15640
225.062 15980
225.113 16320
225.176 16660
225.245 17000
225.321 17340
225.396 17680
225.478 18020
225.56 18360
225.648 18700
225.743 19040
225.844 19380
225.951 19720
226.071 20060
226.203 20400
226.348 20740
226.512 21080
226.708 21420
226.96 21760
227.313 22100
230.023 22440
230.376 22780
230.622 23120
230.824 23460
230.988 23800
231.133 24140
231.265 24480
231.379 24820
231.492 25160
231.593 25500
231.688 25840
231.776 26180
231.858 26520
231.94 26860
232.016 27200
232.085 27540
232.154 27880
232.224 28220
232.287 28560
232.35 28900
232.413 29240
232.469 29580
232.526 29920
232.583 30260
232.633 30600
232.69 30940
232.74 31280
232.791 31620
232.835 31960
232.885 32300
232.93 32640
232.974 32980
233.018 33320
233.062 33660
233.106 34000
233.15 34340
233.188 34680
233.232 35020
233.27 35360
233.308 35700
233.346 36040
233.383 36380
233.421 36720
233.459 37060
233.497 37400
233.528 37740
233.566 38080
233.598 38420
233.636 38760
233.699 39100
233.73 39440
233.825 39780
233.9 40120
233.957 40460
234.014 40800
234.064 41140
234.115 41480
234.153 41820
234.197 42160
234.235 42500
234.272 42840
234.31 43180
234.342 43520
234.38 43860
234.411 44200
234.443 44540
234.474 44880
234.512 45220
234.543 45560
234.575 45900
234.606 46240
234.638 46580
234.663 46920
234.688 47260
234.72 47600
234.751 47940
234.777 48280
234.802 48620
234.833 48960
234.859 49300
234.89 49640
234.915 49980
234.947 50320
234.966 50660
234.991 51000
235.016 51340
235.041 51680
235.067 52020
235.092 52360
235.117 52700
235.142 53040
235.168 53380
235.193 53720
235.202 37400
236.64 340
236.819 4080
236.948 7140
236.977 10880
237.04 13260
237.062 16320
237.09 19380
237.118 22440
237.147 25500
237.175 28560
237.26 28900
237.33 20060
238.591 340
238.896 680
238.972 1020
238.975 1360
239.038 1700
239.041 2040
239.044 2380
239.047 3060
239.107 3400
239.11 3740
239.113 4080
239.116 4420
239.119 4760
239.123 5100
239.126 5440
239.129 5780
239.132 6460
239.176 6800
239.179 7140
239.182 7480
239.185 7820
239.188 16320
239.276 11220
239.573 11560
239.582 11900
239.589 12240
239.614 12580
239.658 12920
239.756 13260
239.863 13600
239.979 13940
240.096 14280
240.216 14620
240.339 14960
240.525 15300
240.711 15640
240.979 15980
241.237 16320
243.844 16660
244.197 17000
244.439 17340
244.641 17680
244.802 18020
244.95 18360
245.086 18700
245.196 19040
245.309 19380
245.41 19720
245.508 20060
245.59 20400
245.681 20740
245.754 21080
245.836 21420
245.974 21760
246.11 22100
246.167 22440
246.28 22780
246.362 23120
246.447 23460
246.517 23800
246.605 24140
246.684 24480
246.74 24820
246.813 25160
246.876 25500
246.92 25840
246.974 26180
247.024 26520
247.068 26860
247.128 27200
247.179 27540
247.229 27880
247.279 28220
247.33 28560
247.352 19720
247.645 20060
247.689 20400
247.727 20740
247.777 21080
247.828 21420
247.897 21760
247.941 22100
248.011 22440
248.08 22780
248.149 23120
248.219 23460
248.288 23800
248.364 24140
248.433 24480
248.528 24820
248.622 25160
248.736 25500
248.818 25840
248.937 26180
249.057 26520
249.177 26860
249.284 18700
249.53 19040
249.536 19380
249.543 19720
249.688 20060
249.864 20400
249.971 20740
250.141 21080
250.261 21420
250.457 21760
250.658 22100
250.866 22440
251.106 22780
251.175 15640
251.383 15980
251.39 16320
251.396 16660
251.427 17000
251.56 17340
251.635 17680
251.711 18020
251.787 18360
251.875 18700
251.963 19040
252.058 19380
252.159 19720
252.266 20060
252.367 13940
252.55 14280
252.556 14620
252.638 14960
252.776 15300
252.921 15640
253.085 15980
253.281 16320
253.533 16660
253.886 17000
256.597 17340
256.95 17680
257.196 18020
257.397 18360
257.561 18700
257.706 19040
257.839 19380
257.952 19720
258.066 20060
258.166 20400
258.261 20740
258.349 21080
258.431 21420
258.475 14960
258.668 15300
258.674 15640
258.68 15980
258.737 16320
258.813 16660
258.888 17000
258.964 17340
259.052 17680
259.14 18020
259.235 18360
259.336 18700
259.443 19040
259.563 19380
259.689 19720
259.834 20060
259.891 13940
260.073 14280
260.08 14620
260.168 14960
260.3 15300
260.445 15640
260.609 15980
260.805 16320
261.057 16660
261.41 17000
263.61 11900
263.764 12240
263.771 12580
263.79 12920
263.89 13260
263.979 13600
264.073 13940
264.174 14280
264.281 14620
264.401 14960
264.533 15300
264.678 15640
264.842 15980
265.038 16320
265.29 16660
265.643 17000
266.532 11900
266.686 12240
266.693 12580
266.73 12920
266.812 13260
266.901 13600
266.995 13940
267.096 14280
267.203 14620
267.323 14960
267.455 15300
267.6 15640
267.764 15980
267.96 16320
268.212 16660
268.565 17000
271.276 17340
271.629 17680
271.78 12240
271.941 12580
271.947 12920
271.978 13260
272.054 13600
272.142 13940
272.231 14280
272.325 14620
272.426 14960
272.533 15300
272.653 15640
272.779 15980
272.924 16320
273.094 16660
273.29 17000
273.536 17340
273.889 17680
276.606 18020
276.959 18360
277.204 18700
277.4 19040
277.57 19380
277.715 19720
277.841 20060
277.961 20400
278.068 20740
278.169 21080
278.264 21420
278.352 21760
278.44 22100
278.516 22440
278.591 22780
278.667 23120
278.736 23460
278.806 23800
278.869 24140
278.932 24480
278.989 24820
279.052 25160
279.108 25500
279.159 25840
279.215 26180
279.266 26520
279.316 26860
279.367 27200
279.417 27540
279.461 27880
279.512 28220
279.556 28560
279.6 28900
279.644 29240
279.688 29580
279.726 29920
279.77 30260
279.808 30600
279.852 30940
279.89 31280
279.928 31620
279.966 31960
280.003 32300
280.041 32640
280.073 32980
280.111 33320
280.142 33660
280.18 34000
280.212 34340
280.249 34680
280.281 35020
280.312 35360
280.344 35700
280.375 36040
280.407 36380
280.426 25160
280.757 25500
280.763 25840
280.769 26180
280.782 26520
280.826 26860
280.877 27200
280.927 27540
280.977 27880
281.078 28220
281.135 28560
281.242 28900
281.33 29240
281.419 29580
281.507 29920
281.576 30260
281.646 30600
281.728 30940
281.803 31280
281.879 31620
281.98 31960
282.043 22100
282.333 22440
282.339 22780
282.471 23120
282.566 23460
282.667 23800
282.774 24140
282.894 24480
283.026 24820
283.146 25160
283.335 25500
283.499 25840
283.739 26180
283.984 26520
284.23 26860
284.842 18700
285.084 19040
285.091 19380
285.097 19720
285.135 13600
285.311 13940
285.318 14280
285.425 14620
285.557 14960
285.702 15300
285.866 15640
286.062 15980
286.314 16320
286.66 16660
289.378 17000
289.447 11900
289.601 12240
289.608 12580
289.645 12920
289.727 13260
289.816 13600
289.885 9520
290.005 9860
290.049 10200
290.225 10540
290.421 10880
290.673 11220
291.026 11560
293.737 11900
294.09 12240
294.336 12580
294.537 12920
294.701 13260
294.846 13600
294.979 13940
295.092 14280
295.206 14620
295.306 14960
295.401 15300
295.489 15640
295.571 15980
295.653 16320
295.685 11220
295.833 11560
295.839 11900
295.896 12240
295.984 12580
296.072 12920
296.167 13260
296.268 13600
296.375 13940
296.495 14280
296.621 14620
296.766 14960
296.936 15300
297.131 15640
297.377 15980
297.73 16320
300.447 16660
300.8 17000
300.882 11900
301.034 12240
301.04 12580
301.097 12920
301.185 13260
301.273 13600
301.368 13940
301.469 14280
301.576 14620
301.696 14960
301.822 15300
301.967 15640
302.137 15980
302.332 16320
302.578 16660
302.931 17000
304.728 11900
304.882 12240
304.889 12580
304.895 12920
305.034 13260
305.122 13600
305.216 13940
305.317 14280
305.424 14620
305.544 14960
305.569 10200
305.705 10540
305.743 10880
305.888 11220
306.058 11560
306.253 11900
306.499 12240
306.852 12580
309.569 12920
309.922 13260
310.168 13600
310.364 13940
310.534 14280
310.679 14620
310.805 14960
310.925 15300
311.032 15640
311.133 15980
311.227 16320
311.315 16660
311.404 17000
311.429 11900
311.58 12240
311.587 12580
311.643 12920
311.732 13260
311.82 13600
311.914 13940
312.015 14280
312.122 14620
312.242 14960
312.368 15300
312.513 15640
312.683 15980
312.879 16320
313.125 16660
313.478 17000
315.735 11900
315.886 12240
315.892 12580
315.949 12920
316.037 13260
316.125 13600
316.22 13940
316.321 14280
316.428 14620
316.548 14960
316.636 10200
316.768 10540
316.806 10880
316.951 11220
317.121 11560
317.317 11900
317.563 12240
317.916 12580
320.633 12920
320.986 13260
321.232 13600
321.427 13940
321.597 14280
321.742 14620
321.868 14960
321.988 15300
322.095 15640
322.196 15980
322.291 16320
322.379 16660
322.467 17000
322.543 17340
322.619 17680
322.694 18020
322.764 18360
322.833 18700
322.896 19040
322.959 19380
323.016 19720
323.079 20060
323.135 20400
323.192 20740
323.243 21080
323.293 21420
323.343 21760
323.394 22100
323.444 22440
323.488 22780
323.539 23120
323.583 23460
323.627 23800
323.671 24140
323.715 24480
323.753 24820
323.797 25160
323.835 25500
323.879 25840
323.917 26180
323.955 26520
323.993 26860
324.031 27200
324.068 27540
324.1 27880
324.138 28220
324.169 28560
324.207 28900
324.239 29240
324.27 20400
324.538 20740
324.544 21080
324.551 21420
324.607 21760
324.664 22100
324.727 15300
324.929 15640
324.942 15980
325.049 16320
325.168 16660
325.295 17000
325.332 11900
325.484 12240
325.522 12580
325.666 12920
325.837 13260
326.032 13600
326.278 13940
326.599 9520
326.726 9860
326.782 10200
326.946 10540
327.142 10880
327.394 11220
327.747 11560
328.333 7820
328.437 8160
328.443 8500
328.557 8840
328.664 9180
328.784 9520
328.91 9860
329.055 10200
329.225 10540
329.421 10880
329.666 11220
330.019 11560
332.736 11900
333.089 12240
333.335 12580
333.531 12920
333.701 13260
333.846 13600
333.972 13940
334.092 14280
334.199 14620
334.3 14960
334.394 15300
334.483 15640
334.571 15980
334.647 16320
334.722 16660
334.741 11560
334.892 11900
334.899 12240
334.968 12580
335.056 12920
335.145 13260
335.239 13600
335.34 13940
335.447 14280
335.567 14620
335.693 14960
335.838 15300
335.876 10540
336.011 10880
336.062 11220
336.207 11560
336.377 11900
336.478 8160
336.585 8500
336.61 8840
336.869 9180
337.121 9520
337.468 9860
339.699 6800
339.784 7140
339.816 7480
339.945 7820
340.077 8160
340.222 8500
340.386 8840
340.581 9180
340.833 9520
341.186 9860
341.211 6800
341.297 7140
341.337 7480
341.454 7820
341.586 8160
341.731 8500
341.901 8840
342.097 9180
342.191 6120
342.27 6460
342.399 6800
342.647 7140
342.999 7480
345.34 7820
346.071 8160
346.317 8500
346.513 8840
346.677 9180
346.822 9520
346.954 9860
347.074 10200
347.181 10540
347.282 10880
347.376 11220
347.465 11560
347.547 11900
347.629 12240
347.704 12580
347.78 12920
347.849 13260
347.919 13600
347.982 13940
348.045 14280
348.101 14620
348.164 14960
348.221 15300
348.272 15640
348.328 15980
348.379 16320
348.429 16660
348.48 17000
348.562 17340
348.643 17680
348.713 18020
348.757 18360
348.807 18700
348.864 19040
348.921 19380
348.959 19720
349.003 20060
349.041 20400
349.085 20740
349.135 21080
349.179 21420
349.223 21760
349.255 22100
349.299 22440
349.337 22780
349.381 23120
349.419 23460
349.457 23800
349.488 24140
349.526 24480
349.564 24820
349.602 25160
349.64 25500
349.671 25840
349.703 26180
349.728 26520
349.766 26860
349.797 27200
349.835 27540
349.866 27880
349.898 28220
349.93 28560
349.961 28900
349.993 29240
350.024 29580
350.056 29920
350.081 30260
350.119 30600
350.144 30940
350.175 31280
350.207 31620
350.232 31960
350.257 32300
350.289 32640
350.314 32980
350.346 33320
350.371 33660
350.396 34000
350.428 34340
350.453 34680
350.484 35020
350.509 35360
350.528 35700
350.554 36040
350.579 36380
350.604 36720
350.636 37060
350.661 37400
350.68 37740
350.705 38080
350.73 38420
350.755 38760
350.781 39100
350.806 39440
350.831 39780
350.856 40120
350.881 40460
350.9 40800
350.926 41140
350.951 41480
350.976 41820
350.995 42160
351.02 42500
351.039 42840
351.064 43180
351.083 43520
351.108 43860
351.127 44200
351.152 44540
351.171 44880
351.197 45220
351.216 45560
351.241 45900
351.26 46240
351.285 46580
351.304 46920
351.329 47260
351.348 47600
351.373 47940
351.392 48280
351.417 48620
351.436 48960
351.455 49300
351.474 49640
351.493 49980
351.512 50320
351.537 50660
351.556 51000
351.569 51340
351.587 51680
351.606 52020
351.625 52360
351.65 52700
351.663 53040
351.682 53380
351.701 53720
351.72 54060
351.739 54400
351.758 54740
351.777 55080
351.795 55420
351.814 55760
351.824 38760
353.262 340
353.394 2720
353.557 5100
353.58 7480
353.642 10540
353.671 12920
353.693 14620
353.709 17000
353.731 19380
353.753 21760
353.775 24820
353.803 26520
353.819 28900
353.885 29240
353.951 29580
353.998 29920
354.106 20740
355.377 340
355.679 1020
355.764 1360
355.767 1700
355.77 2040
355.83 2380
355.833 2720
355.836 3060
355.839 3400
355.842 3740
355.845 4420
355.899 4760
355.902 5100
355.905 5440
355.908 5780
355.911 6120
355.914 6460
355.918 6800
355.921 7140
355.924 7820
355.93 8160
355.933 8500
355.936 8840
355.965 9180
355.968 9520
355.971 9860
355.974 10200
355.977 118660
356.081 82960
357.169 340
357.279 680
357.345 1020
357.348 1360
357.411 1700
357.414 2040
357.417 2380
357.42 2720
357.477 3060
357.48 3400
357.483 3740
357.486 4080
357.489 4420
357.493 4760
357.496 5100
357.499 5440
357.543 5780
357.546 6120
357.549 6460
357.552 6800
357.555 7140
357.558 7480
357.562 7820
357.565 8160
357.568 8500
357.571 8840
357.574 9180
357.577 9520
357.581 9860
357.584 10200
357.587 10540
357.59 10880
357.609 11220
357.612 11560
357.615 11900
357.618 12240
357.621 12580
357.624 12920
357.628 13260
357.631 13600
357.634 13940
357.637 14280
357.64 14620
357.643 14960
357.647 15300
357.65 15640
357.653 15980
357.656 16320
357.659 16660
357.662 17000
357.665 17340
357.669 17680
357.672 18020
357.675 18360
357.678 18700
357.681 19040
357.684 19380
357.687 19720
357.691 20060
357.694 20400
357.697 20740
357.7 21080
357.703 21420
357.706 21760
357.71 22100
357.713 22440
357.716 22780
357.719 23120
357.722 23460
357.725 23800
357.728 24140
357.732 24480
357.735 24820
357.738 25160
357.741 25500
357.744 25840
357.747 26180
357.751 26520
357.754 26860
357.757 27200
357.76 27540
357.763 27880
357.766 28220
357.769 28560
357.773 28900
357.776 29240
357.779 29580
357.782 29920
357.785 30260
357.788 30600
357.791 30940
357.795 31280
357.798 31620
357.801 31960
357.804 32300
357.807 32640
357.81 32980
357.814 33320
357.817 33660
357.82 34000
357.823 34340
357.826 34680
357.829 35020
357.832 35360
357.836 35700
357.839 36040
357.842 36380
357.845 36720
357.848 37060
357.851 37400
357.855 37740
357.858 38080
357.861 38420
357.864 38760
357.867 39100
357.87 39440
357.873 39780
357.877 40120
357.88 40460
357.883 40800
357.886 41140
357.889 41480
357.892 41820
357.896 42160
357.899 42500
357.902 42840
357.905 43180
357.908 43520
357.911 43860
357.914 44200
357.918 44540
357.921 44880
357.924 45220
357.927 45560
357.93 45900
357.933 46240
357.936 46580
357.94 46920
357.943 47260
357.946 47600
357.949 47940
357.952 48280
357.955 48620
357.959 48960
357.962 49300
357.965 49640
357.968 49980
357.971 50320
357.974 50660
357.977 51000
357.981 51340
357.984 51680
357.987 52020
357.99 52360
357.993 52700
357.996 53040
358 53380
358.003 53720
358.006 54060
358.009 54400
358.012 54740
358.015 55080
358.018 55420
358.022 55760
358.025 56100
358.028 56440
358.031 56780
358.034 57120
358.037 57460
358.041 57800
358.044 58140
358.1 58480
358.163 58820
358.22 59160
358.296 59500
358.327 41480
359.699 340
359.998 680
360.064 1020
360.067 1360
360.13 1700
360.133 2380
360.139 2720
360.196 3060
360.199 3400
360.202 3740
360.205 4080
360.208 4420
360.211 4760
360.215 5100
360.218 5780
360.265 6120
360.268 6460
360.271 6800
360.274 7140
360.277 7480
360.281 7820
360.284 8160
360.287 8500
360.29 9180
360.296 9520
360.299 9860
360.303 10200
360.306 10540
360.309 10880
360.312 11220
360.315 11560
360.331 11900
360.334 12580
360.34 12920
360.343 13260
360.347 13600
360.35 13940
360.353 14280
360.356 14620
360.359 14960
360.362 15300
360.365 15980
360.372 16320
360.375 16660
360.378 17000
360.381 17340
360.384 17680
360.387 18020
360.391 18360
360.394 18700
360.397 19380
360.403 19720
360.406 20060
360.41 20400
360.413 20740
360.416 21080
360.419 21420
360.422 21760
360.425 22100
360.428 22780
360.435 23120
360.438 23460
360.441 23800
360.444 24140
360.447 24480
360.451 24820
360.454 25160
360.457 25500
360.46 26180
360.466 26520
360.469 26860
360.473 27200
360.476 27540
360.479 27880
360.482 28220
360.485 28560
360.488 28900
360.526 29240
360.589 29580
360.652 29920
360.706 20740
361.977 340
362.279 1020
362.364 1360
362.367 1700
362.37 2040
362.43 2380
362.433 2720
362.436 3060
362.439 3400
362.442 3740
362.446 4420
362.499 4760
362.502 5100
362.505 5440
362.508 5780
362.511 6120
362.515 6460
362.518 6800
362.521 7140
362.524 7820
362.53 8160
362.534 8500
362.537 8840
362.565 9180
362.568 9520
362.571 9860
362.574 10200
362.587 7140
362.77 7480
362.779 7820
362.798 8160
362.845 8500
362.99 8840
363.145 9180
363.302 9520
363.46 9860
363.804 10200
364.897 7140
365.083 7480
365.09 7820
365.096 8160
365.102 8500
365.153 8840
365.32 9180
365.512 9520
365.761 9860
365.774 6800
365.956 7140
365.966 7480
365.972 7820
366.322 8160
369.033 8500
369.389 8840
369.635 9180
369.833 9520
369.994 9860
370.142 10200
370.271 10540
370.391 10880
370.502 11220
370.599 11560
370.7 11900
370.785 12240
370.867 12580
371.17 12920
371.283 13260
371.39 13600
371.472 13940
371.542 14280
371.611 14620
371.674 14960
371.731 15300
371.788 15640
371.851 15980
371.901 16320
371.958 16660
372.008 17000
372.059 17340
372.109 17680
372.159 18020
372.204 18360
372.254 18700
372.298 19040
372.342 19380
372.386 19720
372.468 20060
372.512 20400
372.563 20740
372.632 21080
372.689 21420
372.739 21760
372.784 22100
372.834 22440
372.884 22780
372.922 23120
372.96 23460
372.998 23800
373.042 24140
373.086 24480
373.118 24820
373.156 25160
373.193 25500
373.231 25840
373.269 26180
373.3 26520
373.332 26860
373.364 27200
373.401 19040
373.647 19380
373.654 19720
373.698 20060
373.754 20400
373.817 20740
373.887 21080
373.981 21420
374.082 21760
374.17 22100
374.246 22440
374.315 22780
374.423 23120
374.492 23460
374.599 23800
374.713 24140
374.82 24480
374.933 24820
375.047 25160
375.166 25500
375.286 25840
375.482 26180
375.646 26520
375.891 26860
376.137 27200
378.432 19040
378.678 19380
378.684 19720
378.69 20060
378.728 20400
378.785 20740
378.848 21080
378.911 21420
378.98 21760
379.05 22100
379.125 22440
379.201 22780
379.277 23120
379.365 23460
379.453 23800
379.548 24140
379.649 24480
379.756 24820
379.876 25160
380.002 25500
380.147 25840
380.317 26180
380.544 26520
380.79 26860
381.111 27200
381.622 19040
381.871 19380
381.877 19720
381.883 20060
381.921 20400
381.978 20740
382.041 21080
382.129 21420
382.243 21760
382.331 22100
382.432 22440
382.533 22780
382.64 23120
382.741 23460
382.816 23800
382.924 24140
383.037 24480
383.15 24820
383.264 25160
383.377 25500
383.51 25840
383.705 26180
383.857 26520
384.102 26860
384.355 27200
384.418 19040
384.667 19380
384.673 19720
384.686 20060
384.774 20400
384.868 20740
384.963 21080
385.039 21420
385.114 21760
385.19 22100
385.259 22440
385.354 22780
385.436 23120
385.537 23460
385.612 23800
385.719 24140
385.833 24480
385.946 24820
386.06 25160
386.173 25500
386.306 25840
386.501 26180
386.652 26520
386.898 26860
387.15 27200
389.817 27540
390.17 27880
390.416 28220
390.611 28560
390.781 28900
390.926 29240
391.053 29580
391.172 29920
391.28 30260
391.38 30600
391.475 30940
391.563 31280
391.651 31620
391.727 31960
391.803 32300
391.878 32640
391.948 32980
392.08 33320
392.168 33660
392.276 34000
392.376 34340
392.433 34680
392.509 35020
392.578 35360
392.635 35700
392.704 36040
392.767 36380
392.811 36720
392.868 37060
392.925 37400
392.982 37740
393.019 38080
393.07 38420
393.12 38760
393.171 39100
393.215 39440
393.259 39780
393.303 40120
393.347 40460
393.391 40800
393.429 41140
393.467 41480
393.511 41820
393.549 42160
393.587 42500
393.625 42840
393.662 43180
393.688 29920
394.085 30260
394.091 30600
394.097 30940
394.123 31280
394.211 31620
394.299 31960
394.362 22100
394.652 22440
394.658 22780
394.785 23120
394.879 23460
394.98 23800
395.087 24140
395.207 24480
395.333 24820
395.472 17340
395.695 17680
395.702 18020
395.765 18360
395.878 18700
395.998 19040
396.175 19380
396.32 13260
396.493 13600
396.499 13940
396.594 14280
396.726 14620
396.871 14960
397.041 15300
397.237 15640
397.483 15980
397.836 16320
398.34 11220
398.485 11560
398.491 11900
398.516 12240
398.617 12580
398.706 12920
398.8 13260
398.901 13600
399.015 13940
399.128 14280
399.26 14620
399.405 14960
399.569 15300
399.771 15640
400.017 15980
400.37 16320
401.681 11220
401.826 11560
401.832 11900
401.877 12240
401.958 12580
402.047 12920
402.141 13260
402.242 13600
402.356 13940
402.469 14280
402.601 14620
402.746 14960
402.91 15300
403.112 15640
403.358 15980
403.711 16320
406.422 16660
406.775 17000
407.027 17340
407.222 17680
407.386 18020
407.531 18360
407.664 18700
407.783 19040
407.891 19380
407.991 19720
408.086 20060
408.174 20400
408.256 20740
408.338 21080
408.414 21420
408.489 21760
408.559 22100
408.622 22440
408.691 22780
408.754 23120
408.811 23460
408.868 23800
408.924 24140
408.981 24480
409.038 24820
409.088 25160
409.139 25500
409.189 25840
409.24 26180
409.284 26520
409.328 26860
409.378 27200
409.422 27540
409.467 27880
409.504 28220
409.548 28560
409.593 28900
409.63 29240
409.668 29580
409.706 29920
409.788 30260
409.82 30600
409.902 30940
409.971 31280
410.034 31620
410.084 31960
410.135 32300
410.179 32640
410.229 32980
410.261 33320
410.305 33660
410.349 34000
410.381 34340
410.418 34680
410.456 35020
410.494 35360
410.526 35700
410.557 36040
410.595 36380
410.626 36720
410.658 37060
410.69 37400
410.727 37740
410.759 38080
410.79 38420
410.822 38760
410.853 39100
410.885 39440
410.916 39780
410.942 40120
410.973 40460
410.998 40800
411.03 41140
411.061 41480
411.087 41820
411.118 42160
411.143 42500
411.175 42840
411.2 43180
411.225 43520
411.257 43860
411.282 44200
411.307 44540
411.333 30940
411.739 31280
411.745 31620
411.752 31960
411.834 32300
411.89 32640
411.966 32980
412.042 33320
412.105 33660
412.162 34000
412.225 34340
412.288 34680
412.351 35020
412.414 35360
412.464 35700
412.533 36040
412.584 36380
412.653 36720
412.704 37060
412.773 37400
412.842 37740
412.912 38080
412.981 38420
413.05 38760
413.12 39100
413.189 39440
413.265 39780
413.353 40120
413.429 40460
413.517 40800
413.611 41140
413.706 41480
413.807 41820
413.933 42160
414.059 42500
414.191 42840
414.324 43180
414.519 43520
414.721 43860
414.923 44200
415.332 44540
415.44 30940
415.846 31280
415.852 31620
415.859 31960
415.903 32300
415.985 32640
416.067 32980
416.142 33320
416.212 33660
416.262 34000
416.325 34340
416.388 34680
416.451 35020
416.514 35360
416.577 35700
416.634 36040
416.697 36380
416.754 36720
416.823 37060
416.88 37400
416.949 37740
417.019 38080
417.088 38420
417.157 38760
417.227 39100
417.296 39440
417.372 39780
417.46 40120
417.536 40460
417.624 40800
417.718 41140
417.813 41480
417.914 41820
418.04 42160
418.166 42500
418.298 42840
418.431 43180
418.626 43520
418.828 43860
419.03 44200
419.439 44540
420.082 30940
420.77 31280
420.776 31620
420.782 31960
420.789 32300
420.826 32640
420.883 32980
420.997 33320
421.085 33660
421.16 34000
421.236 34340
421.287 34680
421.35 35020
421.413 35360
421.476 35700
421.545 36040
421.608 36380
421.677 36720
421.74 37060
421.81 37400
421.879 37740
421.948 38080
422.018 38420
422.087 38760
422.156 39100
422.226 39440
422.301 39780
422.383 40120
422.465 40460
422.554 40800
422.648 41140
422.743 41480
422.837 41820
422.97 42160
423.096 42500
423.228 42840
423.361 43180
423.556 43520
423.758 43860
423.959 44200
424.369 44540
426.664 44880
427.017 45220
427.263 45560
427.458 45900
427.628 46240
427.773 46580
427.906 32300
428.334 32640
428.341 32980
428.347 33320
428.353 33660
428.385 34000
428.423 34340
428.505 34680
428.549 35020
428.637 35360
428.719 35700
428.801 36040
428.877 36380
428.933 36720
428.996 37060
429.066 37400
429.135 37740
429.204 38080
429.261 38420
429.318 38760
429.387 39100
429.45 39440
429.494 27540
430.109 27880
430.115 28220
430.159 28560
430.304 28900
430.424 29240
430.563 29580
430.67 29920
430.777 30260
430.884 30600
431.023 30940
431.168 31280
431.313 31620
431.458 31960
431.603 32300
431.786 32640
432.057 32980
432.36 33320
432.662 23120
432.965 23460
432.971 23800
432.977 24140
433.003 24480
433.11 24820
433.211 25160
433.286 25500
433.368 25840
433.444 26180
433.519 26520
433.589 26860
433.646 27200
433.727 27540
433.797 27880
433.879 28220
433.967 28560
434.03 28900
434.118 29240
434.207 29580
434.301 29920
434.389 30260
434.484 30600
434.61 30940
434.717 31280
434.862 31620
435.007 31960
435.158 32300
435.367 32640
435.606 32980
435.915 33320
438.43 33660
438.783 34000
439.035 34340
439.231 34680
439.395 35020
439.54 35360
439.672 35700
439.792 36040
439.899 36380
440 36720
440.095 37060
440.183 37400
440.265 37740
440.422 38080
440.523 38420
440.643 38760
440.763 39100
440.819 39440
440.908 39780
440.99 40120
441.053 40460
441.128 40800
441.198 41140
441.254 41480
441.28 28900
441.658 29240
441.664 29580
441.677 29920
441.752 30260
441.847 30600
441.916 30940
441.986 31280
442.055 31620
442.106 31960
442.162 32300
442.213 32640
442.276 32980
442.332 33320
442.395 33660
442.452 34000
442.515 34340
442.585 34680
442.654 35020
442.723 35360
442.805 35700
442.868 36040
442.95 36380
443.032 36720
443.114 37060
443.202 37400
443.284 37740
443.373 38080
443.48 38420
443.574 38760
443.694 39100
443.814 39440
443.934 39780
444.116 40120
444.243 40460
444.432 40800
444.715 41140
444.999 41480
447.432 41820
447.785 42160
448.031 42500
448.227 42840
448.397 43180
448.542 43520
448.668 43860
448.788 44200
448.895 44540
448.996 44880
449.198 45220
449.342 45560
449.475 45900
449.576 46240
449.683 46580
449.771 46920
449.859 47260
449.935 47600
449.998 47940
450.074 48280
450.143 48620
450.2 48960
450.263 49300
450.326 49640
450.383 49980
450.439 50320
450.449 35020
451.887 340
452.104 7480
452.205 13940
452.264 20400
452.324 20740
452.337 14280
452.731 14620
452.756 14960
452.781 15300
452.807 15640
452.844 15980
452.914 16320
452.989 16660
453.081 17000
453.153 17340
453.257 17680
453.358 18020
453.456 18360
453.582 18700
453.717 19040
453.872 19380
454.039 19720
454.2 20060
454.543 20400
454.704 20740
457.257 21080
457.61 21420
457.866 21760
458.096 22100
458.282 22440
458.445 22780
458.581 23120
458.814 23460
458.947 23800
459.054 24140
459.148 24480
459.237 24820
459.319 25160
459.47 25500
459.583 25840
459.678 18020
459.911 18360
459.917 18700
459.924 19040
459.949 19380
460.044 19720
460.125 20060
460.22 20400
460.315 20740
460.409 21080
460.497 21420
460.567 21760
460.668 22100
460.768 22440
460.876 22780
460.977 23120
461.084 23460
461.191 23800
461.304 24140
461.418 16660
461.638 17000
461.645 17340
461.701 17680
461.865 18020
462.029 18360
462.181 18700
462.288 19040
462.464 19380
462.647 19720
462.83 20060
463.145 20400
465.856 20740
466.209 21080
466.455 21420
466.656 21760
466.82 22100
466.965 22440
467.098 22780
467.217 23120
467.325 23460
467.426 23800
467.52 24140
467.608 24480
467.69 24820
467.772 25160
467.848 25500
467.917 25840
467.993 26180
468.056 26520
468.119 26860
468.182 27200
468.245 27540
468.302 27880
468.359 28220
468.422 28560
468.554 28900
468.642 29240
468.718 29580
468.775 29920
468.844 30260
468.901 30600
468.957 30940
469.014 31280
469.065 31620
469.109 31960
469.153 32300
469.203 32640
469.254 32980
469.292 33320
469.329 33660
469.373 34000
469.418 34340
469.462 34680
469.5 35020
469.537 35360
469.575 35700
469.619 36040
469.657 36380
469.695 36720
469.733 37060
469.771 37400
469.808 37740
469.84 38080
469.878 38420
469.909 38760
469.947 39100
469.979 39440
470.01 39780
470.042 40120
470.073 40460
470.105 40800
470.136 41140
470.174 41480
470.199 41820
470.231 42160
470.262 42500
470.294 42840
470.325 43180
470.351 43520
470.382 43860
470.407 44200
470.439 44540
470.47 44880
470.496 45220
470.527 45560
470.552 45900
470.584 46240
470.609 46580
470.641 46920
470.666 47260
470.691 47600
470.716 47940
470.741 48280
470.767 48620
470.792 48960
470.823 49300
470.842 49640
470.868 49980
470.893 50320
470.918 50660
470.943 51000
470.968 51340
470.994 51680
471.019 52020
471.044 52360
471.069 52700
471.094 53040
471.12 53380
471.139 53720
471.167 37400
472.605 340
472.784 2720
472.913 5780
472.979 8840
473.007 11900
473.048 14960
473.077 18020
473.105 21080
473.133 24140
473.162 27200
473.218 27540
473.275 27880
473.329 19380
474.581 340
474.927 680
474.993 1020
474.996 1360
475.059 2040
475.065 2380
475.068 2720
475.125 3060
475.128 3400
475.131 3740
475.134 4080
475.137 4420
475.14 4760
475.144 5440
475.191 5780
475.203 3740
475.323 4080
475.329 4420
475.389 4760
475.468 5100
475.647 5440
475.994 5780
477.901 3740
477.996 4080
478.002 4420
478.008 4760
478.068 5100
478.317 5440
478.67 5780
480.746 3740
480.812 4080
480.919 4420
481.054 4760
481.258 5100
481.5 5440
481.87 5780
484.489 6120
484.926 6460
485.171 6800
485.369 7140
485.532 7480
485.68 7820
485.806 8160
485.925 8500
486.033 8840
486.133 9180
486.228 9520
486.323 9860
486.405 10200
486.487 10540
486.562 10880
486.632 11220
486.688 7820
486.786 8160
486.824 8500
486.931 8840
487.051 9180
487.177 9520
487.322 9860
487.492 10200
487.687 10540
487.933 10880
488.286 11220
491.003 11560
491.356 11900
491.602 12240
491.722 8500
491.832 8840
491.864 9180
491.965 9520
492.072 9860
492.192 10200
492.318 10540
492.463 10880
492.633 11220
492.828 11560
493.074 11900
493.427 12240
496.144 12580
496.497 12920
496.743 13260
496.939 13600
497.109 13940
497.254 14280
497.38 14620
497.5 14960
497.607 15300
497.689 10540
497.827 10880
497.84 11220
497.928 11560
498.017 11900
498.111 12240
498.212 12580
498.325 12920
498.439 13260
498.565 13600
498.71 13940
498.88 14280
498.931 9860
499.06 10200
499.142 10540
499.306 10880
499.388 7480
499.485 7820
499.492 8160
499.782 8500
500.028 8840
