0.99792	1000
1.68656	1000
1.77088	1000
2.45952	1000
2.54384	1000
2.62816	1000
2.71248	1000
4.17408	10000
4.42704	1000
4.51136	1000
4.69408	1000
4.7784	1000
4.86272	1000
4.94704	1000
5.2	1000
5.28432	1000
5.36864	1000
5.46704	1000
5.55136	1000
5.63568	1000
5.72	1000
5.80432	1000
5.97296	1000
6.05728	1000
7.09728	10000
7.43456	1000
7.51888	1000
7.61728	1000
7.7016	1000
7.78592	1000
7.87024	1000
8.20752	1000
8.29184	1000
8.37616	1000
8.46048	1000
8.5448	1000
8.62912	1000
8.71344	1000
8.79776	1000
8.98048	1000
9.0648	1000
9.14912	1000
9.23344	1000
9.31776	1000
9.40208	1000
9.4864	1000
9.57072	1000
9.75344	1000
9.83776	1000
9.92208	1000
10.0064	1000
10.0907	1000
10.175	1000
10.2594	1000
10.3437	1000
10.5264	1000
10.6107	1000
10.695	1000
10.7794	1000
10.8637	1000
10.948	1000
11.0323	1000
11.1166	1000
11.201	1000
11.2853	1000
11.3696	1000
11.4539	1000
11.5382	1000
11.6226	1000
11.7069	1000
11.7912	1000
11.8755	1000
11.9598	1000
12.0442	1000
12.1285	1000
12.2128	1000
14.2365	23000
14.3208	1000
14.4051	1000
14.4894	1000
14.5738	1000
14.6581	1000
14.7424	1000
14.8267	1000
14.911	1000
14.9954	1000
15.0797	1000
15.164	1000
16.2602	1000
16.3445	1000
16.4288	1000
16.5131	1000
16.5974	1000
16.6818	1000
16.7661	1000
16.8504	1000
16.9347	1000
17.019	1000
17.1034	1000
17.1877	1000
17.272	1000
17.3563	1000
17.4406	1000
17.525	1000
17.6093	1000
17.6936	1000
17.7779	1000
17.8622	1000
17.9466	1000
18.0309	1000
18.1152	1000
18.1995	1000
18.2838	1000
18.3682	1000
18.5368	1000
18.7054	1000
18.8741	1000
19.0427	1000
19.2114	1000
19.38	1000
19.5486	1000
19.7173	1000
19.8859	1000
20.0546	1000
20.2232	1000
20.3918	1000
21.741	1000
21.8253	1000
21.9096	1000
21.9939	1000
22.0782	1000
22.1626	1000
22.2469	1000
22.3312	1000
22.4155	1000
22.4998	1000
22.5842	1000
22.6685	1000
22.7528	1000
22.8371	1000
23.0058	1000
23.0901	1000
23.1744	1000
23.2587	1000
23.343	1000
23.4274	1000
23.5117	1000
23.596	1000
23.7646	1000
23.9333	1000
24.1019	1000
24.2706	1000
24.4392	1000
24.6078	1000
24.7765	1000
24.8608	1000
24.9451	1000
25.1138	1000
25.1981	1000
25.3667	1000
25.451	1000
25.6197	1000
25.7883	1000
25.8726	1000
26.0413	1000
26.2099	1000
26.2942	1000
26.4629	1000
26.6315	1000
26.8002	1000
26.9688	1000
27.1374	1000
27.3061	1000
27.4747	1000
27.559	1000
27.7277	1000
27.812	1000
27.9806	1000
28.065	1000
28.2336	1000
28.3179	1000
28.4866	1000
28.6552	1000
28.7395	1000
28.8238	1000
28.9925	1000
29.1611	1000
29.2454	1000
29.4141	1000
29.4984	1000
29.667	1000
29.8357	1000
29.92	1000
30.0886	1000
30.2573	1000
30.3416	1000
30.4259	1000
30.5946	1000
30.6789	1000
30.7632	1000
34.5576	30000
34.6419	1000
34.7262	1000
34.8106	1000
34.8949	1000
35.0635	1000
35.1478	1000
35.2322	1000
35.3165	1000
35.4008	1000
35.4851	1000
35.5694	1000
36.6656	1000
36.7499	1000
36.8342	1000
36.9186	1000
37.0029	1000
37.0872	1000
37.1715	1000
37.2558	1000
37.3402	1000
37.4245	1000
37.5088	1000
37.5931	1000
37.6774	1000
37.7618	1000
37.8461	1000
37.9304	1000
38.0147	1000
38.099	1000
38.1834	1000
38.2677	1000
40.9659	21000
41.0502	1000
41.1346	1000
41.8232	1000
41.9075	1000
41.9918	1000
42.0762	1000
42.1605	1000
42.2448	1000
42.3291	1000
42.4134	1000
42.4978	1000
42.5821	1000
42.6664	1000
42.7507	1000
42.835	1000
42.9194	1000
43.0037	1000
43.088	1000
43.1723	1000
43.2566	1000
43.341	1000
43.4253	1000
43.5096	1000
43.5939	1000
43.6782	1000
43.7626	1000
44.3528	1000
44.5214	1000
44.6058	1000
44.7744	1000
44.8587	1000
45.0274	1000
45.1117	1000
45.2803	1000
45.3646	1000
45.5333	1000
45.6176	1000
45.7862	1000
45.8706	1000
47.1354	1000
47.2197	1000
47.304	1000
47.3883	1000
47.4726	1000
47.557	1000
47.6413	1000
47.7256	1000
47.8099	1000
47.8942	1000
47.9786	1000
48.0629	1000
48.2315	1000
48.3158	1000
48.4002	1000
48.4845	1000
48.5688	1000
48.6531	1000
48.7374	1000
48.8218	1000
48.9061	1000
49.0747	1000
49.2434	1000
49.412	1000
49.5806	1000
49.7493	1000
49.9179	1000
50.0022	1000
50.0866	1000
50.2552	1000
50.3395	1000
50.5082	1000
50.5925	1000
50.7611	1000
50.9298	1000
51.0984	1000
51.267	1000
51.4357	1000
51.6043	1000
51.773	1000
51.9416	1000
52.1102	1000
52.2789	1000
52.4475	1000
52.5318	1000
52.7005	1000
52.7848	1000
52.8691	1000
53.0378	1000
53.1221	1000
53.2907	1000
53.4594	1000
53.628	1000
53.7966	1000
53.881	1000
54.0496	1000
57.1694	24000
57.2538	1000
57.3381	1000
57.4224	1000
57.5067	1000
59.0245	11000
59.952	1000
60.0363	1000
60.1206	1000
60.205	1000
60.2893	1000
60.3736	1000
60.4579	1000
60.5422	1000
60.6266	1000
60.7109	1000
60.7952	1000
60.8795	1000
60.9638	1000
61.0482	1000
61.1325	1000
61.2168	1000
61.3011	1000
61.3854	1000
61.4698	1000
61.5541	1000
61.6384	1000
61.7227	1000
61.807	1000
61.8914	1000
61.9757	1000
62.06	1000
62.1443	1000
62.3973	1000
62.5659	1000
62.7346	1000
62.9032	1000
63.0718	1000
63.2405	1000
63.4091	1000
63.5778	1000
63.7464	1000
63.915	1000
64.0837	1000
64.168	1000
65.6014	1000
65.6858	1000
65.7701	1000
65.8544	1000
65.9387	1000
66.023	1000
66.1074	1000
66.1917	1000
66.276	1000
66.3603	1000
66.4446	1000
66.529	1000
66.6133	1000
66.7819	1000
66.8662	1000
66.9506	1000
67.0349	1000
67.1192	1000
67.2035	1000
67.2878	1000
67.3722	1000
67.4565	1000
67.6251	1000
67.7938	1000
67.9624	1000
68.131	1000
68.2997	1000
68.4683	1000
68.637	1000
68.7213	1000
68.8899	1000
68.9742	1000
69.1429	1000
69.2272	1000
69.3958	1000
69.5645	1000
69.6488	1000
69.8174	1000
69.9861	1000
70.1547	1000
70.3234	1000
70.492	1000
70.6606	1000
70.8293	1000
70.9979	1000
71.0822	1000
71.2509	1000
71.3352	1000
71.5038	1000
71.5882	1000
71.7568	1000
71.8411	1000
72.0098	1000
74.8766	22000
74.961	1000
75.0453	1000
75.1296	1000
75.2139	1000
75.3826	1000
75.4669	1000
75.5512	1000
75.6355	1000
75.7198	1000
75.8042	1000
75.8885	1000
75.9728	1000
76.0571	1000
76.1414	1000
76.2258	1000
77.6592	1000
77.7435	1000
77.8278	1000
77.9122	1000
77.9965	1000
78.0808	1000
78.1651	1000
78.2494	1000
78.3338	1000
78.4181	1000
78.5024	1000
78.5867	1000
78.671	1000
78.7554	1000
78.8397	1000
78.924	1000
79.0083	1000
79.0926	1000
79.177	1000
79.2613	1000
79.3456	1000
79.4299	1000
79.5142	1000
79.5986	1000
79.6829	1000
79.7672	1000
79.9358	1000
80.0202	1000
80.1045	1000
80.1888	1000
80.2731	1000
80.4418	1000
80.6104	1000
80.779	1000
80.9477	1000
81.1163	1000
81.285	1000
81.4536	1000
81.6222	1000
81.7909	1000
81.9595	1000
82.1282	1000
83.8146	1000
83.8989	1000
83.9832	1000
84.0675	1000
84.1518	1000
84.2362	1000
84.3205	1000
84.4048	1000
84.4891	1000
84.5734	1000
84.6578	1000
84.7421	1000
84.8264	1000
84.9107	1000
84.995	1000
85.1637	1000
85.248	1000
85.3323	1000
85.4166	1000
85.501	1000
85.5853	1000
85.6696	1000
85.7539	1000
85.8382	1000
85.9226	1000
86.0069	1000
86.0912	1000
86.2598	1000
86.4285	1000
86.5971	1000
86.7658	1000
86.9344	1000
87.103	1000
87.2717	1000
87.4403	1000
87.5246	1000
87.6933	1000
87.7776	1000
87.9462	1000
88.1149	1000
88.1992	1000
88.3678	1000
88.5365	1000
88.7051	1000
88.7894	1000
88.9581	1000
89.1267	1000
89.2954	1000
89.464	1000
89.6326	1000
89.8013	1000
89.8856	1000
90.0542	1000
90.2229	1000
90.3072	1000
90.4758	1000
90.5602	1000
90.7288	1000
90.8131	1000
90.9818	1000
91.0661	1000
91.2347	1000
91.4034	1000
91.4877	1000
91.6563	1000
91.7406	1000
91.825	1000
91.9936	1000
92.1622	1000
92.2466	1000
92.4152	1000
92.5838	1000
92.6682	1000
92.8368	1000
93.0054	1000
93.0898	1000
93.1741	1000
93.3427	1000
93.427	1000
93.5957	1000
93.68	1000
93.7643	1000
93.933	1000
94.0173	1000
94.1016	1000
94.2702	1000
94.3546	1000
94.4389	1000
94.6075	1000
94.6918	1000
94.7762	1000
94.9448	1000
95.1134	1000
95.1978	1000
95.2821	1000
95.4507	1000
95.535	1000
95.7037	1000
95.788	1000
95.9566	1000
96.1253	1000
96.2096	1000
96.2939	1000
96.4626	1000
96.5469	1000
96.7155	1000
96.7998	1000
96.8842	1000
97.0528	1000
97.2214	1000
97.3058	1000
97.4744	1000
97.5587	1000
97.7274	1000
97.8117	1000
97.896	1000
98.0646	1000
98.149	1000
98.3176	1000
98.4862	1000
98.5706	1000
98.7392	1000
98.8235	1000
98.9922	1000
99.0765	1000
99.2451	1000
104.136	56000
104.22	1000
104.304	1000
104.389	1000
104.557	1000
104.642	1000
104.726	1000
104.81	1000
104.895	1000
104.979	1000
105.063	1000
105.148	1000
105.232	1000
105.316	1000
105.4	1000
105.485	1000
105.569	1000
105.653	1000
105.738	1000
105.822	1000
105.906	1000
105.991	1000
106.075	1000
106.159	1000
106.244	1000
106.328	1000
106.412	1000
106.497	1000
106.581	1000
106.665	1000
106.75	1000
106.834	1000
106.918	1000
107.003	1000
107.087	1000
107.171	1000
107.256	1000
111.724	50000
111.809	1000
111.893	1000
111.977	1000
112.062	1000
112.146	1000
114.929	21000
116.699	5000
117.121	1000
117.205	1000
117.29	1000
117.374	1000
117.458	1000
117.543	1000
117.627	1000
117.711	1000
117.796	1000
117.88	1000
117.964	1000
118.048	1000
118.133	1000
118.217	1000
118.301	1000
118.386	1000
118.47	1000
118.554	1000
118.639	1000
118.723	1000
118.807	1000
118.892	1000
118.976	1000
119.06	1000
119.145	1000
119.229	1000
119.313	1000
119.398	1000
119.482	1000
119.566	1000
119.651	1000
119.735	1000
119.819	1000
119.904	1000
119.988	1000
120.072	1000
120.156	1000
120.241	1000
120.325	1000
120.409	1000
120.494	1000
120.578	1000
120.662	1000
120.747	1000
120.831	1000
120.915	1000
121	1000
121.084	1000
121.168	1000
121.253	1000
121.337	1000
121.421	1000
121.506	1000
121.59	1000
121.674	1000
121.759	1000
121.843	1000
122.855	1000
123.023	1000
123.108	1000
123.276	1000
123.361	1000
123.529	1000
123.614	1000
123.782	1000
123.867	1000
124.035	1000
124.12	1000
124.288	1000
124.372	1000
124.541	1000
124.625	1000
124.794	1000
124.878	1000
125.047	1000
125.131	1000
125.3	1000
125.384	1000
125.553	1000
125.637	1000
125.806	1000
125.89	1000
126.059	1000
126.143	1000
126.312	1000
126.396	1000
126.565	1000
126.649	1000
129.853	1000
129.938	1000
130.022	1000
130.106	1000
130.191	1000
130.275	1000
130.359	1000
130.444	1000
130.528	1000
130.612	1000
130.696	1000
130.781	1000
135.671	23000
138.96	15000
140.225	50000
142.333	1000
142.417	1000
142.501	1000
142.586	1000
142.67	1000
142.754	1000
142.839	1000
142.923	1000
143.007	1000
143.092	1000
143.176	1000
143.26	1000
146.633	33000
146.717	1000
146.802	1000
146.886	1000
146.97	1000
147.055	1000
147.139	1000
147.223	1000
147.308	1000
147.392	1000
147.476	1000
147.56	1000
147.645	1000
147.729	1000
147.813	1000
147.898	1000
147.982	1000
148.066	1000
148.151	1000
148.235	1000
148.319	1000
148.404	1000
148.488	1000
148.572	1000
148.657	1000
148.741	1000
148.825	1000
148.91	1000
148.994	1000
149.078	1000
149.163	1000
149.247	1000
149.331	1000
149.416	1000
152.788	5000
153.21	1000
153.294	1000
153.379	1000
153.463	1000
153.547	1000
153.632	1000
153.716	1000
153.8	1000
153.884	1000
153.969	1000
154.053	1000
154.137	1000
154.222	1000
154.306	1000
154.39	1000
154.475	1000
154.559	1000
154.643	1000
154.728	1000
154.812	1000
154.896	1000
154.981	1000
155.065	1000
155.149	1000
155.234	1000
155.318	1000
155.402	1000
155.487	1000
155.571	1000
155.655	1000
155.74	1000
155.824	1000
155.908	1000
155.992	1000
156.077	1000
156.161	1000
156.245	1000
156.33	1000
156.414	1000
156.498	1000
156.583	1000
156.667	1000
156.751	1000
156.836	1000
156.92	1000
157.004	1000
157.089	1000
157.173	1000
162.064	29000
162.752	7000
163.342	1000
163.427	1000
163.511	1000
163.595	1000
166.209	28000
166.294	1000
166.378	1000
166.462	1000
166.547	1000
166.631	1000
166.715	1000
166.8	1000
166.884	1000
166.968	1000
167.052	1000
167.137	1000
167.221	1000
167.305	1000
167.39	1000
167.474	1000
167.558	1000
167.643	1000
167.727	1000
167.811	1000
167.896	1000
167.98	1000
168.064	1000
168.149	1000
168.233	1000
168.317	1000
168.486	1000
168.57	1000
168.739	1000
168.823	1000
168.992	1000
169.076	1000
169.245	1000
169.329	1000
169.498	1000
169.582	1000
169.666	1000
169.751	1000
169.835	1000
169.919	1000
170.004	1000
170.088	1000
170.172	1000
170.257	1000
170.341	1000
170.425	1000
170.51	1000
170.594	1000
170.678	1000
170.763	1000
170.847	1000
170.931	1000
171.016	1000
171.1	1000
171.184	1000
171.268	1000
171.353	1000
171.437	1000
171.521	1000
171.606	1000
178.014	32000
178.703	42000
181.485	1000
181.57	1000
181.654	1000
181.738	1000
181.823	1000
181.907	1000
181.991	1000
182.076	1000
182.16	1000
182.244	1000
182.328	1000
182.413	1000
182.497	1000
182.581	1000
182.666	1000
182.75	1000
182.834	1000
182.919	1000
183.003	1000
183.087	1000
183.172	1000
183.256	1000
183.34	1000
183.425	1000
183.509	1000
183.593	1000
183.678	1000
183.762	1000
183.846	1000
183.931	1000
184.015	1000
184.099	1000
184.184	1000
184.268	1000
184.352	1000
184.521	1000
184.605	1000
184.689	1000
184.774	1000
184.858	1000
184.942	1000
185.027	1000
185.111	1000
185.195	1000
185.28	1000
185.364	1000
185.448	1000
185.533	1000
185.617	1000
185.701	1000
185.786	1000
185.87	1000
185.954	1000
186.039	1000
186.123	1000
186.292	1000
186.46	1000
186.629	1000
186.797	1000
186.966	1000
187.135	1000
187.303	1000
187.472	1000
187.641	1000
187.809	1000
187.978	1000
188.147	1000
188.315	1000
188.484	1000
188.652	1000
188.821	1000
188.99	1000
189.158	1000
189.243	1000
189.411	1000
189.496	1000
189.664	1000
189.749	1000
189.917	1000
190.086	1000
190.17	1000
190.339	1000
190.508	1000
190.592	1000
190.76	1000
190.929	1000
191.013	1000
197.422	19000
200.204	59000
201.891	1000
201.975	1000
202.059	1000
202.144	1000
202.228	1000
202.312	1000
202.397	1000
202.481	1000
202.565	1000
202.65	1000
202.734	1000
202.818	1000
202.903	1000
202.987	1000
203.071	1000
203.156	1000
203.24	1000
203.324	1000
203.408	1000
203.493	1000
203.577	1000
203.661	1000
203.83	1000
203.914	1000
203.999	1000
204.083	1000
204.167	1000
204.252	1000
204.336	1000
204.42	1000
204.505	1000
204.589	1000
204.673	1000
204.842	1000
205.011	1000
205.179	1000
205.348	1000
205.516	1000
205.685	1000
205.854	1000
206.022	1000
206.191	1000
206.36	1000
206.528	1000
206.613	1000
206.697	1000
206.866	1000
207.034	1000
207.119	1000
207.287	1000
207.456	1000
207.54	1000
207.709	1000
207.877	1000
207.962	1000
208.13	1000
208.299	1000
208.468	1000
208.552	1000
208.721	1000
208.889	1000
209.058	1000
209.142	1000
209.311	1000
209.395	1000
213.696	33000
213.78	1000
213.864	1000
213.948	1000
214.033	1000
214.201	1000
214.286	1000
214.37	1000
214.454	1000
214.539	1000
214.623	1000
214.707	1000
214.792	1000
214.876	1000
214.96	1000
215.045	1000
215.129	1000
215.213	1000
215.298	1000
215.382	1000
215.466	1000
215.551	1000
215.635	1000
215.719	1000
215.804	1000
215.888	1000
215.972	1000
216.056	1000
216.141	1000
216.225	1000
216.309	1000
216.394	1000
216.478	1000
216.562	1000
216.647	1000
216.731	1000
219.851	1000
219.935	1000
220.02	1000
220.104	1000
220.188	1000
220.272	1000
220.357	1000
220.441	1000
220.525	1000
220.61	1000
220.694	1000
220.778	1000
220.863	1000
220.947	1000
221.031	1000
221.116	1000
221.2	1000
221.284	1000
221.369	1000
221.453	1000
221.537	1000
221.622	1000
221.706	1000
221.79	1000
221.875	1000
221.959	1000
222.043	1000
222.128	1000
222.212	1000
222.296	1000
222.38	1000
222.465	1000
222.549	1000
222.633	1000
222.718	1000
222.802	1000
222.886	1000
222.971	1000
223.055	1000
223.139	1000
223.224	1000
223.308	1000
223.392	1000
223.477	1000
223.561	1000
223.645	1000
223.73	1000
223.814	1000
223.898	1000
223.983	1000
224.067	1000
224.151	1000
224.32	1000
224.404	1000
224.488	1000
224.573	1000
224.657	1000
224.741	1000
224.826	1000
224.91	1000
224.994	1000
225.079	1000
225.163	1000
225.247	1000
225.332	1000
225.416	1000
225.5	1000
225.585	1000
225.669	1000
225.753	1000
225.922	1000
226.091	1000
226.259	1000
226.428	1000
226.596	1000
232.077	18000
233.595	1000
233.679	1000
233.764	1000
233.848	1000
233.932	1000
234.017	1000
234.101	1000
234.185	1000
234.27	1000
234.354	1000
235.366	1000
235.45	1000
235.534	1000
235.619	1000
235.703	1000
235.787	1000
235.872	1000
235.956	1000
236.04	1000
236.125	1000
236.209	1000
236.293	1000
236.378	1000
236.462	1000
236.546	1000
236.631	1000
236.715	1000
236.799	1000
236.884	1000
236.968	1000
237.052	1000
237.136	1000
237.221	1000
237.305	1000
237.389	1000
237.558	1000
237.642	1000
237.811	1000
237.98	1000
238.148	1000
238.317	1000
238.486	1000
238.654	1000
238.823	1000
238.992	1000
239.16	1000
239.329	1000
239.497	1000
239.666	1000
239.75	1000
239.835	1000
239.919	1000
240.003	1000
240.088	1000
240.172	1000
240.256	1000
240.425	1000
240.594	1000
240.762	1000
240.847	1000
241.015	1000
241.184	1000
241.352	1000
241.437	1000
241.605	1000
241.774	1000
241.943	1000
242.027	1000
242.196	1000
242.364	1000
242.449	1000
242.533	1000
242.617	1000
242.702	1000
242.786	1000
242.87	1000
242.955	1000
243.039	1000
243.123	1000
243.208	1000
243.292	1000
243.376	1000
243.545	1000
243.629	1000
243.798	1000
243.882	1000
243.966	1000
244.051	1000
244.219	1000
244.304	1000
244.472	1000
244.557	1000
244.641	1000
244.725	1000
244.894	1000
248.857	44000
248.941	1000
249.026	1000
249.11	1000
249.194	1000
249.363	1000
249.447	1000
249.532	1000
249.616	1000
249.7	1000
249.784	1000
249.869	1000
249.953	1000
250.037	1000
250.122	1000
250.206	1000
250.29	1000
250.375	1000
250.459	1000
250.543	1000
250.628	1000
250.712	1000
250.796	1000
250.881	1000
250.965	1000
251.049	1000
251.134	1000
251.218	1000
251.302	1000
251.387	1000
251.471	1000
251.555	1000
251.64	1000
251.808	1000
251.977	1000
252.061	1000
252.145	1000
252.23	1000
252.314	1000
252.398	1000
252.483	1000
252.567	1000
252.651	1000
252.736	1000
252.82	1000
252.904	1000
252.989	1000
253.073	1000
253.157	1000
253.242	1000
253.326	1000
253.41	1000
253.495	1000
253.579	1000
253.663	1000
253.748	1000
253.832	1000
253.916	1000
254	1000
254.085	1000
254.169	1000
254.253	1000
254.338	1000
254.422	1000
254.506	1000
254.591	1000
254.675	1000
254.759	1000
254.844	1000
254.928	1000
255.012	1000
255.097	1000
255.181	1000
255.265	1000
255.434	1000
255.518	1000
255.603	1000
255.687	1000
255.771	1000
255.856	1000
255.94	1000
256.024	1000
256.108	1000
256.193	1000
256.277	1000
256.361	1000
256.446	1000
256.53	1000
256.614	1000
256.699	1000
256.783	1000
256.867	1000
256.952	1000
257.036	1000
257.12	1000
257.205	1000
257.289	1000
257.373	1000
257.458	1000
257.542	1000
257.626	1000
257.711	1000
257.795	1000
257.879	1000
257.964	1000
258.048	1000
258.132	1000
258.216	1000
258.301	1000
258.385	1000
258.469	1000
258.554	1000
258.638	1000
258.722	1000
258.807	1000
258.891	1000
258.975	1000
259.06	1000
259.144	1000
259.228	1000
259.313	1000
259.397	1000
259.481	1000
259.566	1000
259.65	1000
259.734	1000
259.819	1000
259.903	1000
259.987	1000
260.072	1000
260.156	1000
260.24	1000
260.324	1000
260.409	1000
260.493	1000
260.577	1000
268.335	67000
272.298	16000
273.647	1000
273.731	20000
275.418	32000
278.032	1000
278.116	1000
278.2	1000
278.285	1000
278.369	1000
278.453	1000
278.538	1000
278.622	1000
278.706	1000
278.791	1000
278.875	1000
278.959	1000
279.044	1000
279.128	1000
279.212	1000
279.296	1000
279.381	1000
279.465	1000
279.549	1000
279.634	1000
279.718	1000
279.802	1000
286.464	12000
291.101	9000
291.86	4000
292.197	33000
294.39	28000
296.751	32000
299.449	2000
299.618	1000
299.702	1000
299.786	1000
299.871	1000
299.955	1000
300.039	1000
300.124	1000
300.208	1000
300.292	1000
300.376	1000
300.461	1000
300.545	1000
300.629	1000
300.714	1000
300.798	1000
300.882	1000
300.967	1000
301.051	1000
301.135	1000
301.22	1000
301.304	1000
301.388	1000
301.473	1000
301.557	1000
301.641	1000
301.726	1000
301.81	1000
301.894	1000
301.979	1000
302.063	1000
302.147	1000
302.232	1000
302.316	1000
302.4	1000
302.484	1000
302.569	1000
302.653	1000
302.737	1000
302.822	1000
302.906	1000
302.99	1000
303.075	1000
303.159	1000
303.243	1000
303.328	1000
303.412	1000
303.496	1000
303.581	1000
303.665	1000
303.749	1000
303.834	1000
303.918	1000
311.507	24000
316.397	39000
321.372	94000
325.588	22000
327.443	24000
329.467	12000
330.479	21000
340.202	38000
340.891	61000
344.179	1000
344.263	1000
344.348	1000
344.432	1000
344.516	1000
344.601	1000
344.685	1000
344.769	1000
344.854	1000
344.938	1000
345.022	1000
345.107	1000
345.191	1000
345.275	1000
345.36	1000
350.84	15000
356.153	72000
358.851	32000
361.549	29000
363.994	1000
364.079	1000
364.163	1000
364.247	1000
364.332	1000
364.416	1000
364.5	1000
364.585	1000
364.669	1000
371.415	74000
371.499	1000
371.583	1000
371.667	1000
371.752	1000
371.836	1000
371.92	1000
372.005	1000
372.089	1000
372.173	1000
372.258	1000
372.342	1000
372.426	1000
372.511	1000
372.595	1000
372.679	1000
372.764	1000
372.848	1000
372.932	1000
373.017	1000
373.101	1000
373.185	1000
373.27	1000
373.354	1000
373.438	1000
373.523	1000
373.607	1000
373.691	1000
373.775	1000
373.86	1000
373.944	1000
374.028	1000
374.113	1000
374.197	1000
374.281	1000
374.366	1000
374.45	1000
374.534	1000
374.619	1000
374.703	1000
374.787	1000
374.872	1000
374.956	1000
375.04	1000
375.125	1000
375.209	1000
375.293	1000
375.378	1000
375.462	1000
375.546	1000
375.631	1000
375.715	1000
375.799	1000
375.883	1000
375.968	1000
376.052	1000
376.136	1000
376.221	1000
376.305	1000
376.389	1000
376.474	1000
376.558	1000
376.642	1000
376.727	1000
376.811	1000
376.895	1000
376.98	1000
377.064	1000
377.148	1000
377.233	1000
377.317	1000
377.401	1000
377.486	1000
377.57	1000
377.654	1000
377.739	1000
377.823	1000
377.907	1000
377.991	1000
378.16	1000
378.244	1000
378.413	1000
378.497	1000
378.666	1000
378.75	1000
378.919	1000
379.003	1000
379.172	1000
379.256	1000
379.425	1000
379.509	1000
379.678	1000
379.762	1000
379.931	1000
380.015	1000
380.184	1000
380.268	1000
380.437	1000
380.521	1000
380.69	1000
380.774	1000
380.943	1000
381.027	1000
381.196	1000
381.28	1000
381.449	1000
381.533	1000
381.702	1000
381.786	1000
381.955	1000
382.039	1000
382.207	1000
382.292	1000
382.46	1000
382.545	1000
382.713	1000
382.798	1000
382.966	1000
392.242	29000
398.481	3000
404.637	1000
409.021	5000
409.71	2000
409.879	4000
410.216	1000
410.399	2000
421.479	25000
422.168	37000
424.36	27000
426.637	23000
428.576	77000
431.022	59000
433.551	9000
434.31	1000
434.395	1000
434.479	1000
434.563	1000
434.647	1000
434.732	1000
434.816	1000
434.9	1000
434.985	1000
435.069	1000
435.153	1000
435.238	1000
435.322	1000
435.406	1000
435.491	1000
435.575	1000
435.659	1000
435.744	1000
435.828	1000
435.912	1000
435.997	1000
436.081	1000
436.165	1000
436.25	1000
436.334	1000
436.418	1000
436.503	1000
436.587	1000
436.671	1000
436.755	1000
436.84	1000
436.924	1000
437.008	1000
437.599	1000
437.767	1000
437.936	1000
438.105	1000
438.273	1000
438.358	1000
438.526	1000
438.611	1000
438.779	1000
438.863	1000
439.032	1000
439.116	1000
439.285	1000
439.369	1000
439.538	1000
439.622	1000
439.791	1000
439.875	1000
440.044	1000
440.128	1000
440.213	1000
440.297	1000
440.381	1000
440.466	1000
441.056	1000
443.585	19000
443.67	1000
443.754	1000
443.838	1000
443.923	1000
444.007	1000
444.091	1000
444.176	1000
444.26	1000
444.344	1000
444.429	1000
444.513	1000
444.597	1000
444.682	1000
444.766	1000
444.85	1000
444.935	1000
445.019	1000
445.103	1000
445.187	1000
445.272	1000
445.356	1000
445.44	1000
445.525	1000
445.609	1000
445.693	1000
445.778	1000
445.862	1000
446.031	1000
446.115	1000
446.284	1000
446.368	1000
446.537	1000
446.621	1000
450.415	10000
453.535	32000
456.655	59000
456.739	1000
456.824	1000
456.908	1000
456.992	1000
457.161	1000
457.245	1000
457.33	1000
460.365	12000
462.895	47000
462.979	1000
463.063	1000
463.148	1000
463.232	1000
463.316	1000
463.401	1000
463.485	1000
463.569	1000
463.654	1000
463.738	1000
463.822	1000
463.907	1000
463.991	1000
464.075	1000
464.159	1000
464.244	1000
464.328	1000
464.412	1000
464.497	1000
464.581	1000
464.665	1000
464.75	1000
464.834	1000
464.918	1000
465.003	1000
465.087	1000
465.171	1000
465.256	1000
465.34	1000
465.424	1000
465.593	1000
465.677	1000
465.846	1000
465.93	1000
466.099	1000
466.183	1000
466.352	1000
466.436	1000
466.605	1000
466.689	1000
466.858	1000
466.942	1000
467.111	1000
467.195	1000
467.364	1000
467.448	1000
467.617	1000
467.701	1000
467.87	1000
467.954	1000
468.123	1000
468.207	1000
468.375	1000
468.46	1000
468.628	1000
468.713	1000
468.881	1000
468.966	1000
469.134	1000
469.219	1000
469.387	1000
469.472	1000
469.556	1000
469.725	1000
469.809	1000
469.893	1000
470.062	1000
470.146	1000
470.231	1000
470.399	1000
470.483	1000
470.568	1000
470.736	1000
470.821	1000
470.905	1000
471.074	1000
477.229	52000
477.313	1000
477.398	1000
477.482	1000
477.566	1000
477.735	1000
477.819	1000
477.904	1000
477.988	1000
478.072	1000
478.157	1000
478.241	1000
478.325	1000
478.41	1000
478.494	1000
478.578	1000
478.663	1000
478.747	1000
478.831	1000
478.915	1000
479	1000
479.084	1000
479.168	1000
479.253	1000
479.337	1000
479.421	1000
479.506	1000
479.59	1000
479.674	1000
479.759	1000
479.843	1000
479.927	1000
480.012	1000
480.096	1000
480.18	1000
480.265	1000
480.349	1000
480.433	1000
480.518	1000
480.602	1000
480.686	1000
480.771	1000
480.855	1000
480.939	1000
481.023	1000
481.108	1000
481.192	1000
481.276	1000
481.361	1000
481.445	1000
481.529	1000
481.614	1000
488.865	64000
488.95	1000
489.034	1000
489.118	1000
489.203	1000
489.287	1000
489.371	1000
489.455	1000
489.54	1000
489.624	1000
489.708	1000
489.793	1000
489.877	1000
489.961	1000
490.046	1000
490.13	1000
490.214	1000
490.299	1000
490.383	1000
490.467	1000
490.552	1000
490.636	1000
490.72	1000
490.805	1000
490.889	1000
490.973	1000
491.058	1000
491.142	1000
491.226	1000
491.311	1000
491.395	1000
491.479	1000
491.563	1000
491.648	1000
491.732	1000
491.816	1000
491.901	1000
491.985	1000
492.069	1000
492.154	1000
492.238	1000
492.322	1000
492.407	1000
492.491	1000
492.575	1000
492.66	1000
492.744	1000
492.828	1000
492.913	1000
492.997	1000
493.081	1000
493.166	1000
493.25	1000
493.334	1000
493.419	1000
493.503	1000
493.587	1000
493.671	1000
493.756	1000
493.84	1000
493.924	1000
494.009	1000
494.093	1000
494.262	1000
494.346	1000
494.515	1000
494.599	1000
494.768	1000
494.852	1000
495.021	1000
495.105	1000
495.274	1000
495.358	1000
495.527	1000
495.611	1000
495.779	1000
495.864	1000
496.032	1000
496.117	1000
496.285	1000
496.37	1000
496.538	1000
496.623	1000
496.791	1000
496.876	1000
497.044	1000
497.129	1000
497.297	1000
497.382	1000
497.55	1000
505.561	88000
505.645	1000
505.729	1000
505.814	1000
505.898	1000
506.067	1000
506.151	1000
506.235	1000
506.319	1000
506.404	1000
506.488	1000
506.572	1000
506.657	1000
506.741	1000
506.825	1000
506.91	1000
506.994	1000
507.078	1000
507.163	1000
507.247	1000
507.331	1000
507.416	1000
507.5	1000
507.584	1000
507.669	1000
507.753	1000
507.837	1000
507.922	1000
508.006	1000
508.09	1000
508.175	1000
508.259	1000
508.343	1000
508.427	1000
508.512	1000
508.596	1000
508.68	1000
508.765	1000
508.849	1000
508.933	1000
509.018	1000
509.102	1000
509.186	1000
509.271	1000
509.355	1000
509.439	1000
509.524	1000
509.608	1000
509.692	1000
509.777	1000
509.861	1000
509.945	1000
510.03	1000
510.114	1000
510.198	1000
510.283	1000
510.367	1000
510.451	1000
510.535	1000
510.62	1000
510.704	1000
510.788	1000
510.873	1000
510.957	1000
511.041	1000
511.126	1000
511.21	1000
511.294	1000
511.463	1000
511.632	1000
511.8	1000
511.885	1000
511.969	1000
512.138	1000
512.222	1000
512.391	1000
512.475	1000
512.643	1000
512.728	1000
512.896	1000
512.981	1000
513.065	1000
513.149	1000
513.234	1000
513.318	1000
513.402	1000
513.487	1000
513.571	1000
513.655	1000
513.74	1000
513.824	1000
513.908	1000
513.993	1000
514.077	1000
514.161	1000
514.246	1000
514.33	1000
514.414	1000
514.499	1000
514.583	1000
514.667	1000
514.751	1000
514.836	1000
514.92	1000
515.004	1000
515.089	1000
515.173	1000
515.257	1000
515.342	1000
515.426	1000
515.51	1000
515.595	1000
515.679	1000
515.763	1000
515.848	1000
515.932	1000
516.016	1000
516.101	1000
516.185	1000
516.269	1000
516.354	1000
516.438	1000
516.522	1000
516.607	1000
516.691	1000
516.775	1000
516.859	1000
516.944	1000
517.028	1000
517.112	1000
517.197	1000
526.809	28000
532.374	50000
534.82	3000
535.073	1000
535.157	5000
535.579	2000
535.747	4000
536.084	3000
536.337	1000
536.422	5000
546.165	92000
546.853	1000
547.742	1000
547.826	1000
548.515	1000
548.599	1000
548.684	1000
548.768	1000
549.288	1000
549.372	1000
549.457	1000
549.541	1000
549.625	1000
549.709	1000
549.794	1000
549.878	1000
550.061	1000
550.145	1000
550.229	1000
550.314	1000
552.253	22000
552.337	1000
552.422	1000
552.506	1000
552.59	1000
552.675	1000
552.759	1000
552.843	1000
552.928	1000
553.012	1000
553.096	1000
553.181	1000
553.265	1000
553.349	1000
553.434	1000
553.518	1000
553.602	1000
553.687	1000
553.771	1000
553.855	1000
553.94	1000
554.024	1000
554.108	1000
554.193	1000
556.132	22000
556.216	1000
556.301	1000
556.385	1000
556.469	1000
556.553	1000
556.638	1000
556.722	1000
556.806	1000
556.891	1000
556.975	1000
557.059	1000
557.144	1000
559.083	22000
559.167	1000
559.252	1000
559.336	1000
559.42	1000
559.505	1000
559.589	1000
559.673	1000
559.758	1000
559.842	1000
559.926	1000
560.011	1000
560.095	1000
560.179	1000
562.119	22000
562.203	1000
562.287	1000
562.372	1000
562.456	1000
562.54	1000
562.625	1000
562.709	1000
562.793	1000
562.877	1000
562.962	1000
563.046	1000
563.13	1000
564.311	1000
564.395	1000
564.48	1000
564.564	1000
564.648	1000
564.733	1000
564.817	1000
564.901	1000
564.985	1000
565.07	1000
565.154	1000
565.238	1000
565.323	1000
565.407	1000
565.491	1000
565.576	1000
565.66	1000
565.744	1000
565.829	1000
565.913	1000
565.997	1000
566.082	1000
566.166	1000
566.25	1000
566.335	1000
566.419	1000
566.503	1000
566.588	1000
566.672	1000
566.756	1000
566.925	1000
567.009	1000
567.178	1000
567.346	1000
567.515	1000
567.684	1000
567.852	1000
568.021	1000
568.19	1000
568.358	1000
568.527	1000
568.696	1000
568.864	1000
570.635	1000
570.719	1000
570.804	1000
570.888	1000
570.972	1000
571.057	1000
571.141	1000
571.225	1000
571.309	1000
571.394	1000
571.478	1000
571.562	1000
571.647	1000
571.731	1000
571.815	1000
571.9	1000
571.984	1000
572.068	1000
572.153	1000
572.237	1000
572.321	1000
572.406	1000
572.49	1000
572.659	1000
572.743	1000
572.827	1000
572.912	1000
572.996	1000
573.08	1000
573.165	1000
573.249	1000
576.031	2000
576.2	1000
576.284	1000
576.369	1000
576.453	1000
576.537	1000
576.622	1000
576.706	1000
576.79	1000
576.875	1000
576.959	1000
577.043	1000
577.128	1000
577.212	1000
577.296	1000
577.381	1000
577.465	1000
577.549	1000
577.633	1000
577.718	1000
579.489	1000
579.573	1000
579.657	1000
579.741	1000
579.826	1000
579.91	1000
579.994	1000
580.079	1000
580.163	1000
580.247	1000
580.332	1000
580.416	1000
580.5	1000
580.585	1000
580.669	1000
580.753	1000
580.838	1000
580.922	1000
581.006	1000
581.091	1000
581.259	1000
581.344	1000
581.428	1000
581.512	1000
581.597	1000
581.681	1000
581.765	1000
581.849	1000
581.934	1000
582.018	1000
582.102	1000
584.716	1000
584.801	1000
584.885	1000
584.969	1000
585.054	1000
585.138	1000
585.222	1000
587.836	23000
588.778	1000
588.862	1000
588.946	1000
589.031	1000
589.115	1000
589.199	1000
589.635	1000
589.804	1000
589.888	1000
590.057	1000
590.239	1000
590.492	1000
590.577	1000
590.745	1000
590.83	1000
590.914	1000
591.083	1000
591.167	1000
591.251	1000
591.42	1000
591.504	1000
591.589	1000
591.757	1000
591.841	1000
592.01	1000
592.094	1000
592.179	1000
593.781	18000
593.865	1000
593.949	1000
594.034	1000
594.118	1000
594.202	1000
594.287	1000
594.371	1000
594.455	1000
594.54	1000
594.624	1000
594.708	1000
596.31	18000
596.395	1000
596.479	1000
596.563	1000
596.648	1000
596.732	1000
596.816	1000
596.901	1000
596.985	1000
597.069	1000
597.154	1000
597.238	1000
597.322	1000
597.407	1000
597.491	1000
597.575	1000
597.66	1000
597.744	1000
597.828	1000
597.913	1000
597.997	1000
598.081	1000
598.165	1000
598.25	1000
598.334	1000
598.418	1000
598.503	1000
598.587	1000
598.671	1000
598.756	1000
598.84	1000
598.924	1000
599.009	1000
599.093	1000
599.177	1000
599.262	1000
599.346	1000
599.43	1000
599.515	1000
599.599	1000
599.683	1000
599.768	1000
599.852	1000
601.623	20000
601.707	1000
601.791	1000
601.876	1000
601.96	1000
602.044	1000
602.129	1000
602.213	1000
602.297	1000
602.381	1000
602.466	1000
602.55	1000
603.646	1000
603.731	1000
603.815	1000
603.899	1000
603.984	1000
604.068	1000
604.152	1000
604.237	1000
604.321	1000
604.405	1000
604.489	1000
604.574	1000
604.658	1000
604.742	1000
604.827	1000
604.911	1000
604.995	1000
605.08	1000
605.164	1000
605.248	1000
605.333	1000
605.417	1000
605.501	1000
605.586	1000
605.754	1000
605.839	1000
606.007	1000
606.176	1000
606.345	1000
606.513	1000
606.682	1000
606.85	1000
607.019	1000
607.188	1000
607.356	1000
607.525	1000
607.694	1000
608.958	1000
609.043	1000
609.127	1000
609.211	1000
609.296	1000
609.38	1000
609.464	1000
609.549	1000
609.633	1000
609.717	1000
609.802	1000
609.886	1000
609.97	1000
610.139	1000
610.223	1000
610.308	1000
610.392	1000
610.476	1000
610.561	1000
610.645	1000
610.813	1000
610.982	1000
611.151	1000
611.319	1000
611.488	1000
611.657	1000
611.825	1000
611.91	1000
612.078	1000
612.163	1000
612.331	1000
612.416	1000
612.584	1000
612.753	1000
612.921	1000
613.09	1000
613.259	1000
613.427	1000
613.596	1000
613.765	1000
613.933	1000
614.018	1000
614.102	1000
614.271	1000
614.355	1000
614.524	1000
614.608	1000
614.777	1000
614.861	1000
615.029	1000
615.198	1000
615.367	1000
615.451	1000
615.62	1000
615.788	1000
615.957	1000
616.041	1000
616.21	1000
616.294	1000
616.463	1000
616.547	1000
616.716	1000
616.885	1000
616.969	1000
617.053	1000
617.222	1000
617.306	1000
617.39	1000
617.559	1000
617.643	1000
617.728	1000
617.896	1000
617.981	1000
618.149	1000
618.318	1000
618.402	1000
618.571	1000
618.655	1000
618.824	1000
618.993	1000
619.077	1000
619.161	1000
619.33	1000
619.414	1000
619.498	1000
619.667	1000
619.751	1000
619.836	1000
620.004	1000
620.089	1000
620.257	1000
620.342	1000
620.51	1000
620.595	1000
620.679	1000
620.763	1000
620.848	1000
620.932	1000
621.016	1000
621.101	1000
621.185	1000
621.269	1000
621.353	1000
621.438	1000
621.522	1000
621.691	1000
621.775	1000
621.859	1000
621.944	1000
622.028	1000
622.112	1000
622.197	1000
622.281	1000
622.45	1000
622.534	1000
622.618	1000
622.703	1000
622.787	1000
622.871	1000
622.956	1000
623.04	1000
623.124	1000
623.209	1000
623.293	1000
623.377	1000
623.461	1000
623.546	1000
623.63	1000
623.714	1000
623.799	1000
623.883	1000
623.967	1000
624.052	1000
624.136	1000
624.22	1000
624.305	1000
624.389	1000
624.473	1000
624.558	1000
624.642	1000
624.726	1000
624.811	1000
624.895	1000
624.979	1000
625.064	1000
625.148	1000
625.232	1000
625.317	1000
625.401	1000
625.485	1000
625.569	1000
625.654	1000
625.738	1000
625.822	1000
625.907	1000
625.991	1000
626.075	1000
626.16	1000
626.244	1000
626.328	1000
626.413	1000
626.497	1000
626.581	1000
626.666	1000
626.75	1000
626.834	1000
626.919	1000
627.003	1000
627.087	1000
627.172	1000
627.256	1000
627.34	1000
627.425	1000
627.509	1000
627.593	1000
627.677	1000
627.762	1000
627.846	1000
627.93	1000
628.015	1000
628.099	1000
628.183	1000
628.268	1000
628.352	1000
628.436	1000
628.521	1000
628.605	1000
628.689	1000
628.774	1000
628.858	1000
628.942	1000
629.027	1000
629.111	1000
629.195	1000
629.28	1000
629.364	1000
629.448	1000
629.533	1000
629.617	1000
629.701	1000
629.785	1000
629.87	1000
629.954	1000
630.038	1000
630.123	1000
630.207	1000
630.291	1000
630.376	1000
630.46	1000
630.544	1000
630.629	1000
630.713	1000
630.797	1000
630.882	1000
630.966	1000
631.05	1000
631.135	1000
631.219	1000
631.303	1000
631.388	1000
631.472	1000
631.556	1000
631.641	1000
631.725	1000
631.809	1000
631.893	1000
631.978	1000
632.062	1000
632.146	1000
632.231	1000
632.315	1000
632.399	1000
632.484	1000
632.568	1000
632.652	1000
632.737	1000
632.821	1000
632.905	1000
632.99	1000
633.074	1000
633.158	1000
633.243	1000
633.327	1000
633.411	1000
633.496	1000
633.58	1000
633.664	1000
633.749	1000
633.833	1000
633.917	1000
634.001	1000
634.086	1000
634.17	1000
634.254	1000
634.339	1000
634.423	1000
634.507	1000
634.592	1000
634.676	1000
634.76	1000
634.845	1000
634.929	1000
635.013	1000
635.098	1000
635.182	1000
635.266	1000
635.351	1000
635.435	1000
635.519	1000
635.604	1000
635.688	1000
635.772	1000
635.857	1000
635.941	1000
636.025	1000
636.109	1000
636.194	1000
636.278	1000
645.975	67000
651.54	3000
651.793	1000
651.877	5000
652.299	2000
652.468	4000
652.805	3000
653.058	1000
653.142	5000
653.564	2000
653.732	4000
654.07	3000
654.323	1000
654.407	5000
654.829	2000
654.997	4000
664.749	3000
665.438	1000
665.522	5000
666.295	2000
666.464	4000
666.801	73000
668.15	1000
668.235	1000
668.319	1000
668.403	1000
668.488	1000
668.572	1000
668.656	1000
668.741	1000
668.825	1000
668.909	1000
668.994	1000
669.078	1000
669.162	1000
669.247	1000
669.331	1000
669.415	1000
669.5	1000
669.584	1000
669.753	1000
669.837	1000
669.921	1000
672.366	7000
674.39	33000
674.474	1000
674.559	1000
674.643	1000
674.727	1000
674.812	1000
677.257	25000
677.341	1000
677.426	1000
677.51	1000
677.594	1000
677.763	1000
677.847	1000
677.932	1000
678.016	1000
678.1	1000
678.185	1000
678.269	1000
678.353	1000
678.437	1000
678.522	1000
678.606	1000
678.69	1000
678.775	1000
678.859	1000
678.943	1000
679.028	1000
679.112	1000
679.196	1000
679.281	1000
679.365	1000
679.534	1000
679.702	1000
679.871	1000
679.955	1000
680.04	1000
680.208	1000
680.293	1000
680.461	1000
680.545	1000
680.714	1000
680.798	1000
680.967	1000
681.051	1000
681.22	1000
681.304	1000
681.473	1000
681.557	1000
681.726	1000
681.81	1000
681.979	1000
682.063	1000
682.232	1000
682.316	1000
682.485	1000
682.569	1000
682.653	1000
682.822	1000
682.906	1000
683.075	1000
683.159	1000
683.328	1000
683.412	1000
683.581	1000
683.665	1000
683.834	1000
683.918	1000
684.003	1000
684.171	1000
684.256	1000
684.34	1000
684.509	1000
684.593	1000
684.677	1000
684.846	1000
684.93	1000
685.014	1000
685.183	1000
685.267	1000
685.352	1000
685.52	1000
685.605	1000
685.689	1000
685.858	1000
685.942	1000
686.026	1000
686.195	1000
686.279	1000
686.364	1000
686.532	1000
686.617	1000
686.701	1000
686.869	1000
686.954	1000
687.122	1000
687.207	1000
687.375	1000
687.46	1000
687.544	1000
687.713	1000
687.797	1000
687.881	1000
688.05	1000
688.134	1000
688.219	1000
688.387	1000
688.472	1000
688.556	1000
688.725	1000
688.809	1000
688.977	1000
689.062	1000
689.23	1000
689.315	1000
689.483	1000
689.568	1000
689.736	1000
689.821	1000
689.989	1000
690.074	1000
690.158	1000
690.242	1000
690.327	1000
690.411	1000
690.495	1000
690.58	1000
690.664	1000
690.748	1000
690.833	1000
690.917	1000
691.001	1000
691.085	1000
691.17	1000
691.254	1000
691.338	1000
691.423	1000
691.507	1000
691.591	1000
691.676	1000
691.76	1000
691.844	1000
691.929	1000
692.013	1000
692.097	1000
692.182	1000
692.266	1000
692.35	1000
692.435	1000
692.519	1000
692.603	1000
692.688	1000
692.772	1000
692.856	1000
692.941	1000
693.025	1000
693.109	1000
693.193	1000
693.278	1000
693.362	1000
693.446	1000
693.531	1000
693.615	1000
693.699	1000
693.784	1000
693.868	1000
693.952	1000
694.037	1000
694.121	1000
694.205	1000
694.29	1000
694.374	1000
694.458	1000
694.543	1000
694.627	1000
694.711	1000
694.796	1000
694.88	1000
694.964	1000
695.049	1000
695.133	1000
695.217	1000
695.301	1000
695.386	1000
704.408	8000
712.064	29000
712.752	31000
715.282	12000
716.294	36000
718.992	29000
721.437	5000
721.859	1000
721.943	1000
722.028	1000
722.112	1000
722.196	1000
722.281	1000
722.365	1000
722.449	1000
722.534	1000
722.618	1000
722.702	1000
722.787	1000
722.871	1000
722.955	1000
723.039	1000
723.124	1000
723.208	1000
723.292	1000
723.377	1000
723.461	1000
723.545	1000
723.63	1000
723.714	1000
723.798	1000
723.883	1000
723.967	1000
724.051	1000
724.136	1000
724.22	1000
724.304	1000
724.389	1000
724.473	1000
724.557	1000
724.642	1000
724.726	1000
724.81	1000
725.569	1000
725.738	1000
725.822	1000
725.991	1000
726.075	1000
726.244	1000
726.328	1000
726.497	1000
726.581	1000
729.448	2000
732.23	26000
735.013	58000
735.097	1000
735.182	1000
735.266	1000
735.35	1000
735.519	1000
735.603	1000
735.687	1000
735.772	1000
735.856	1000
735.94	1000
736.025	1000
736.109	1000
736.193	1000
736.278	1000
736.362	1000
736.446	1000
736.531	1000
736.615	1000
736.699	1000
736.784	1000
736.868	1000
736.952	1000
737.037	1000
737.121	1000
737.205	1000
737.29	1000
737.374	1000
737.458	1000
737.627	1000
741.337	29000
741.421	1000
741.506	1000
741.59	1000
741.674	1000
744.794	33000
744.878	1000
744.963	1000
745.047	1000
745.131	1000
745.3	1000
745.384	1000
745.469	1000
745.553	1000
745.637	1000
745.722	1000
745.806	1000
745.89	1000
745.975	1000
746.059	1000
746.143	1000
746.227	1000
746.312	1000
746.396	1000
746.48	1000
746.565	1000
746.649	1000
746.733	1000
746.818	1000
746.902	1000
746.986	1000
747.071	1000
747.155	1000
747.239	1000
747.324	1000
747.408	1000
747.492	1000
747.661	1000
747.83	1000
747.998	1000
748.083	1000
748.167	1000
748.335	1000
748.42	1000
748.588	1000
748.673	1000
748.841	1000
748.926	1000
749.094	1000
749.179	1000
749.347	1000
749.432	1000
749.6	1000
749.685	1000
749.853	1000
749.938	1000
750.106	1000
750.191	1000
750.359	1000
750.443	1000
750.612	1000
750.696	1000
750.865	1000
750.949	1000
751.118	1000
751.202	1000
751.371	1000
751.455	1000
751.624	1000
751.708	1000
751.877	1000
751.961	1000
752.13	1000
752.214	1000
752.383	1000
752.467	1000
752.636	1000
752.72	1000
752.889	1000
752.973	1000
753.057	1000
753.226	1000
753.31	1000
753.395	1000
753.563	1000
753.648	1000
753.816	1000
753.901	1000
753.985	1000
754.154	1000
754.238	1000
754.322	1000
754.491	1000
754.575	1000
754.659	1000
754.828	1000
754.912	1000
754.997	1000
755.165	1000
755.25	1000
755.334	1000
755.503	1000
755.587	1000
755.671	1000
755.84	1000
755.924	1000
756.009	1000
756.177	1000
756.262	1000
756.346	1000
756.515	1000
756.599	1000
756.683	1000
756.852	1000
756.936	1000
757.02	1000
757.189	1000
757.273	1000
757.358	1000
757.526	1000
757.611	1000
757.695	1000
757.864	1000
757.948	1000
758.032	1000
758.201	1000
758.285	1000
758.37	1000
758.538	1000
758.623	1000
758.707	1000
758.875	1000
758.96	1000
759.128	1000
759.213	1000
759.381	1000
759.466	1000
759.634	1000
759.719	1000
759.887	1000
759.972	1000
760.056	1000
760.225	1000
760.309	1000
760.478	1000
760.562	1000
760.646	1000
760.731	1000
760.815	1000
768.994	3000
774.222	95000
774.91	58000
779.801	1000
779.885	1000
779.97	1000
780.054	1000
780.138	1000
780.223	1000
780.307	1000
780.391	1000
780.475	1000
780.56	1000
780.644	1000
780.728	1000
780.813	1000
780.897	1000
780.981	1000
781.066	1000
781.15	1000
781.234	1000
781.319	1000
781.403	1000
781.487	1000
781.572	1000
781.656	1000
781.74	1000
781.825	1000
781.909	1000
781.993	1000
782.078	1000
782.162	1000
782.246	1000
782.331	1000
782.415	1000
782.499	1000
782.583	1000
782.668	1000
782.752	1000
782.836	1000
782.921	1000
783.005	1000
783.089	1000
783.174	1000
783.258	1000
783.342	1000
783.427	1000
783.511	1000
783.595	1000
783.68	1000
783.764	1000
783.848	1000
783.933	1000
784.017	1000
784.101	1000
791.774	1000
795.484	3000
796.173	1000
796.257	2000
804.779	9000
805.468	1000
805.552	2000
805.721	1000
805.805	1000
805.889	1000
805.974	2000
806.142	1000
806.227	1000
806.311	2000
806.48	1000
806.564	1000
806.648	1000
806.732	2000
806.901	1000
806.985	1000
807.07	1000
807.154	2000
807.323	1000
807.407	1000
807.491	1000
807.576	2000
807.744	1000
807.829	1000
807.913	1000
807.997	1000
808.082	35000
811.033	50000
814.068	9000
814.827	1000
814.912	1000
814.996	1000
815.08	1000
815.164	1000
815.249	1000
815.333	1000
815.417	1000
815.502	1000
815.586	1000
815.67	1000
815.755	1000
815.839	1000
815.923	1000
816.008	1000
816.092	1000
816.176	1000
816.261	1000
816.345	1000
816.429	1000
816.514	1000
816.598	1000
816.682	1000
816.767	1000
816.851	1000
816.935	1000
817.02	1000
817.104	1000
817.188	1000
817.272	1000
817.357	1000
817.441	1000
817.525	1000
817.61	1000
817.694	1000
817.778	1000
817.863	1000
817.947	1000
818.031	1000
818.79	1000
818.959	1000
819.128	1000
819.212	1000
819.38	1000
819.465	1000
819.633	1000
819.718	1000
819.886	1000
819.971	1000
820.139	1000
823.344	24000
823.428	1000
823.512	1000
823.596	1000
823.681	1000
823.765	1000
823.849	1000
823.934	1000
824.018	1000
824.102	1000
824.187	1000
824.271	1000
824.355	1000
824.44	1000
824.524	1000
824.608	1000
824.693	1000
824.777	1000
824.861	1000
824.946	1000
825.03	1000
825.114	1000
825.199	1000
825.283	1000
825.367	1000
825.452	1000
825.536	1000
825.62	1000
825.704	1000
825.789	1000
825.873	1000
825.957	1000
826.042	1000
826.126	1000
826.21	1000
826.295	1000
826.379	1000
826.548	1000
826.632	1000
826.801	1000
826.885	1000
827.054	1000
827.138	1000
827.307	1000
827.391	1000
827.56	1000
827.644	1000
827.812	1000
827.897	1000
828.065	1000
828.15	1000
828.318	1000
828.403	1000
828.571	1000
828.656	1000
828.824	1000
828.909	1000
829.077	1000
829.162	1000
829.33	1000
829.415	1000
829.583	1000
829.668	1000
829.836	1000
829.92	1000
830.089	1000
830.173	1000
830.342	1000
830.426	1000
830.595	1000
830.679	1000
830.848	1000
830.932	1000
831.101	1000
836.582	43000
840.545	57000
840.629	1000
840.713	1000
840.798	1000
840.882	1000
840.966	1000
841.051	1000
841.135	1000
841.219	1000
841.304	1000
841.388	1000
841.472	1000
841.557	1000
841.641	1000
841.725	1000
841.81	1000
841.894	1000
841.978	1000
842.063	1000
842.147	1000
842.231	1000
842.316	1000
847.628	53000
847.712	1000
851.506	1000
854.373	74000
854.458	1000
854.542	1000
854.626	1000
854.711	1000
854.795	1000
854.879	1000
854.964	1000
855.048	1000
855.132	1000
855.216	1000
855.301	1000
855.385	1000
855.469	1000
855.554	1000
855.638	1000
855.722	1000
855.807	1000
855.891	1000
855.975	1000
856.06	1000
856.144	1000
856.228	1000
856.313	1000
856.397	1000
856.481	1000
856.566	1000
856.65	1000
856.734	1000
856.819	1000
856.903	1000
856.987	1000
857.072	1000
857.156	1000
857.324	1000
857.409	1000
857.577	1000
857.662	1000
857.83	1000
857.915	1000
858.083	1000
858.168	1000
858.336	1000
858.421	1000
858.589	1000
858.674	1000
858.842	1000
858.927	1000
859.095	1000
859.18	1000
859.348	1000
859.432	1000
859.517	1000
859.601	1000
859.685	1000
859.77	1000
859.854	1000
859.938	1000
860.023	1000
860.107	1000
860.191	1000
860.276	1000
860.36	1000
860.444	1000
860.529	1000
860.613	1000
860.697	1000
860.782	1000
860.866	1000
860.95	1000
861.035	1000
861.119	1000
861.203	1000
861.288	1000
861.372	1000
861.456	1000
861.54	1000
861.625	1000
861.709	1000
861.793	1000
861.878	1000
861.962	1000
862.046	1000
862.131	1000
862.215	1000
862.299	1000
862.384	1000
862.468	1000
862.552	1000
862.637	1000
862.721	1000
862.805	1000
862.89	1000
862.974	1000
863.058	1000
863.143	1000
863.227	1000
863.311	1000
863.396	1000
863.48	1000
863.564	1000
863.648	1000
863.733	1000
863.817	1000
863.901	1000
863.986	1000
864.07	1000
864.154	1000
864.239	1000
864.323	1000
864.407	1000
864.492	1000
864.576	1000
864.66	1000
864.745	1000
864.829	1000
864.913	1000
864.998	1000
865.082	1000
865.166	1000
872.671	48000
875.706	10000
876.549	52000
880.765	12000
881.777	1000
886.331	46000
890.041	29000
891.39	34000
893.919	1000
894.004	1000
894.088	1000
894.172	1000
894.257	1000
898.557	13000
902.689	70000
903.869	10000
904.712	14000
905.893	1000
905.977	1000
906.061	1000
906.146	1000
906.23	1000
906.314	1000
906.399	1000
906.483	1000
906.567	1000
906.652	1000
906.736	1000
906.82	1000
906.905	1000
906.989	1000
907.073	1000
907.158	1000
907.242	1000
907.326	1000
907.411	1000
907.495	1000
907.579	1000
907.664	1000
907.748	1000
913.144	2000
916.686	3000
917.374	30000
918.063	36000
921.099	20000
922.785	1000
922.869	1000
922.954	1000
923.038	1000
923.122	1000
923.207	1000
923.291	1000
923.375	1000
923.46	1000
923.544	1000
923.628	1000
923.712	1000
923.797	1000
923.881	1000
927.591	36000
927.676	1000
927.76	1000
927.844	1000
927.928	1000
928.013	1000
928.097	1000
928.181	1000
928.266	1000
928.35	1000
928.434	1000
928.519	1000
928.603	1000
928.687	1000
928.772	1000
928.856	1000
928.94	1000
929.025	1000
929.109	1000
929.193	1000
929.278	1000
929.362	1000
929.446	1000
929.531	1000
929.615	1000
934.337	43000
934.421	1000
938.384	6000
942.179	82000
942.263	1000
942.347	1000
942.432	1000
942.516	1000
942.684	1000
942.769	1000
942.853	1000
942.937	1000
943.022	1000
943.106	1000
943.19	1000
943.275	1000
943.359	1000
943.443	1000
943.528	1000
943.612	1000
943.696	1000
943.781	1000
943.865	1000
947.912	28000
951.201	46000
951.285	1000
951.369	1000
951.454	1000
951.538	1000
951.622	1000
951.707	1000
951.791	1000
951.875	1000
951.96	1000
952.044	1000
952.128	1000
952.213	1000
952.297	1000
952.381	1000
952.466	1000
952.55	1000
952.634	1000
952.719	1000
952.803	1000
952.887	1000
952.972	1000
953.056	1000
953.14	1000
953.224	1000
953.309	1000
953.393	1000
953.477	1000
953.562	1000
953.646	1000
953.73	1000
953.815	1000
953.899	1000
953.983	1000
954.068	1000
954.152	1000
954.236	1000
954.321	1000
954.405	1000
954.489	1000
954.658	1000
959.886	35000
964.017	53000
964.102	1000
964.186	1000
964.27	1000
964.355	1000
964.439	1000
964.523	1000
964.608	1000
964.692	1000
964.776	1000
964.861	1000
964.945	1000
965.029	1000
965.114	1000
965.198	1000
965.282	1000
965.367	1000
965.451	1000
965.535	1000
965.62	1000
965.704	1000
965.788	1000
965.872	1000
965.957	1000
966.041	1000
966.125	1000
966.21	1000
966.294	1000
966.378	1000
966.463	1000
966.547	1000
966.631	1000
966.716	1000
966.8	1000
966.884	1000
966.969	1000
967.053	1000
967.137	1000
967.222	1000
967.306	1000
967.39	1000
967.475	1000
967.559	1000
967.643	1000
967.728	1000
967.812	1000
967.896	1000
967.98	1000
968.065	1000
968.149	1000
968.318	1000
968.402	1000
968.571	1000
968.655	1000
968.824	1000
968.908	1000
969.077	1000
969.161	1000
969.33	1000
969.414	1000
969.583	1000
969.667	1000
969.836	1000
969.92	1000
970.088	1000
970.173	1000
970.341	1000
970.426	1000
970.594	1000
970.679	1000
970.847	1000
970.932	1000
971.1	1000
971.185	1000
971.353	1000
971.438	1000
971.606	1000
971.691	1000
971.859	1000
971.944	1000
972.112	1000
972.196	1000
972.365	1000
972.449	1000
972.618	1000
972.702	1000
972.871	1000
972.955	1000
973.124	1000
973.208	1000
973.377	1000
973.461	1000
973.63	1000
973.714	1000
973.799	1000
973.883	1000
973.967	1000
974.052	1000
974.136	1000
974.22	1000
974.304	1000
974.389	1000
974.473	1000
974.557	1000
974.642	1000
974.726	1000
974.81	1000
974.895	1000
974.979	1000
975.063	1000
975.148	1000
975.232	1000
975.316	1000
975.401	1000
975.485	1000
975.569	1000
975.654	1000
975.738	1000
975.822	1000
975.907	1000
975.991	1000
976.075	1000
976.16	1000
976.244	1000
976.328	1000
976.412	1000
976.497	1000
976.581	1000
976.665	1000
976.75	1000
976.834	1000
976.918	1000
977.003	1000
977.087	1000
977.171	1000
977.256	1000
977.34	1000
977.424	1000
977.509	1000
977.593	1000
977.677	1000
977.762	1000
977.846	1000
977.93	1000
978.015	1000
978.099	1000
978.183	1000
978.268	1000
978.352	1000
978.436	1000
978.52	1000
978.605	1000
978.689	1000
978.773	1000
978.858	1000
978.942	1000
979.026	1000
979.111	1000
979.195	1000
979.279	1000
979.364	1000
979.448	1000
979.532	1000
979.617	1000
979.701	1000
979.785	1000
979.87	1000
979.954	1000
980.038	1000
980.123	1000
980.207	1000
980.291	1000
980.376	1000
980.46	1000
980.544	1000
980.628	1000
980.713	1000
980.797	1000
980.881	1000
980.966	1000
981.05	1000
981.134	1000
981.219	1000
981.303	1000
981.387	1000
981.472	1000
981.556	1000
981.64	1000
981.725	1000
981.809	1000
981.893	1000
981.978	1000
982.062	1000
982.146	1000
982.231	1000
982.315	1000
982.399	1000
982.484	1000
982.568	1000
982.652	1000
982.736	1000
982.821	1000
982.905	1000
982.989	1000
983.074	1000
983.158	1000
983.242	1000
983.327	1000
983.411	1000
983.495	1000
983.58	1000
983.664	1000
983.748	1000
983.833	1000
983.917	1000
984.001	1000
984.086	1000
984.17	1000
984.254	1000
984.339	1000
984.423	1000
984.507	1000
984.592	1000
984.676	1000
984.76	1000
984.844	1000
984.929	1000
985.013	1000
985.097	1000
985.182	1000
985.266	1000
985.35	1000
985.435	1000
985.519	1000
985.603	1000
985.688	1000
985.772	1000
985.856	1000
985.941	1000
986.025	1000
986.109	1000
986.194	1000
986.278	1000
986.362	1000
986.447	1000
986.531	1000
986.615	1000
986.7	1000
986.784	1000
986.868	1000
986.952	1000
987.037	1000
987.121	1000
987.205	1000
987.29	1000
987.374	1000
987.458	1000
987.543	1000
987.627	1000
987.711	1000
987.796	1000
987.88	1000
987.964	1000
988.049	1000
988.133	1000
988.217	1000
988.302	1000
988.386	1000
988.47	1000
988.555	1000
988.639	1000
988.723	1000
988.808	1000
988.892	1000
988.976	1000
989.06	1000
998.673	3000
