0.11292	1000
0.21156	1000
0.29588	1000
0.39452	1000
0.47884	1000
0.56316	1000
0.64748	1000
0.7318	1000
0.81612	1000
0.90044	1000
0.98476	1000
1.06908	1000
1.1534	1000
1.23772	1000
1.32204	1000
1.40636	1000
3.93596	4000
5.73743	24000
5.83607	1000
6.13471	1000
6.21903	1000
6.31767	1000
6.40199	1000
6.48631	1000
6.57063	1000
6.65495	1000
6.73927	1000
6.82359	1000
6.90791	1000
6.99223	1000
7.07655	1000
7.16087	1000
7.24519	1000
7.32951	1000
7.41383	1000
7.49815	1000
7.58247	1000
7.66679	1000
7.75111	1000
7.83543	1000
7.91975	1000
8.00407	1000
8.08839	1000
8.17271	1000
9.60615	15000
9.70479	1000
10.0034	1000
10.0878	1000
10.1864	1000
10.2707	1000
10.355	1000
10.4394	1000
10.5237	1000
11.1139	6000
11.2126	1000
11.2969	1000
11.3812	1000
11.4655	1000
11.5498	1000
11.6342	1000
11.7185	1000
11.8028	1000
11.8871	1000
11.9714	1000
12.0558	1000
12.646	6000
13.1662	5000
13.2506	1000
13.3349	1000
13.4192	1000
13.5035	1000
14.0238	3000
14.1224	2000
14.2067	1000
14.291	1000
14.3754	1000
14.4597	1000
14.544	1000
14.6283	1000
14.7126	1000
14.797	1000
14.8813	1000
14.9656	1000
15.0499	1000
15.1342	1000
15.2186	1000
15.3029	1000
15.3872	1000
15.4715	1000
15.5558	1000
15.6402	1000
15.7245	1000
15.8088	1000
15.8931	1000
15.9774	1000
16.0618	1000
16.1461	1000
16.2304	1000
16.3147	1000
16.399	1000
16.4834	1000
16.5677	1000
16.652	1000
16.7363	1000
16.8206	1000
16.905	1000
16.9893	1000
17.0736	1000
17.1579	1000
17.2422	1000
17.3266	1000
17.4109	1000
17.4952	1000
17.5795	1000
17.6638	1000
17.7482	1000
17.8325	1000
17.9168	1000
18.0011	1000
18.0854	1000
18.1698	1000
18.2541	1000
18.3384	1000
18.4227	1000
18.507	1000
18.5914	1000
18.6757	1000
18.76	1000
18.8443	1000
18.9286	1000
19.013	1000
20.6994	7000
21.4582	3000
22.2171	14000
22.976	9000
23.6506	11000
24.3251	6000
25.2526	1000
25.5899	2000
27.445	3000
27.5436	27000
29.4607	5000
29.5593	1000
29.8579	1000
29.9423	1000
30.0409	1000
30.1252	1000
30.2095	1000
30.2939	1000
30.3782	1000
30.4625	1000
30.5468	1000
30.6311	1000
30.7155	1000
30.7998	1000
31.5587	8000
31.643	1000
31.7273	1000
31.8116	1000
31.8959	1000
31.9803	1000
32.0646	1000
32.1489	1000
32.2332	1000
32.3175	1000
32.4019	1000
32.4862	1000
32.5705	1000
33.3294	8000
33.4137	1000
33.498	1000
33.5823	1000
33.6667	1000
33.751	1000
33.8353	1000
33.9196	1000
34.0039	1000
34.0883	1000
34.1726	1000
34.2569	1000
34.3412	1000
34.4255	1000
34.5099	1000
34.5942	1000
34.6785	1000
35.4374	8000
35.5217	1000
35.606	1000
35.6903	1000
35.7747	1000
35.859	1000
35.9433	1000
36.0276	1000
36.1119	1000
36.1963	1000
36.2806	1000
36.3649	1000
36.4492	1000
37.6297	1000
37.7283	11000
37.897	1000
37.9813	1000
38.0656	1000
38.1499	1000
38.2343	1000
38.3186	1000
38.4029	1000
38.4872	1000
38.5715	1000
38.6559	1000
38.7402	1000
38.8245	1000
38.9088	1000
38.9931	1000
39.0775	1000
39.1618	1000
39.2461	1000
39.3304	1000
39.4147	1000
39.4991	1000
39.5834	1000
39.6677	1000
39.752	1000
39.8363	1000
39.9207	1000
40.005	1000
40.0893	1000
40.1736	1000
40.2579	1000
40.3423	1000
40.4266	1000
40.5109	1000
40.5952	1000
41.7757	3000
42.2816	14000
42.6189	1000
42.7032	1000
42.7875	1000
42.8719	1000
42.9562	1000
43.0405	1000
43.3778	1000
43.4621	1000
43.5464	1000
43.6307	1000
43.7151	1000
43.968	1000
44.1367	1000
44.3053	1000
44.3896	1000
44.4739	1000
44.6426	1000
44.8112	1000
44.9799	1000
45.1485	1000
45.3171	1000
45.9074	1000
46.2447	5000
46.329	1000
46.8349	3000
46.9192	1000
47.0035	1000
47.0879	1000
47.1722	1000
47.3408	1000
47.4251	1000
47.5938	1000
48.184	1000
48.6056	6000
48.6899	1000
48.7743	1000
48.8586	1000
48.9429	1000
49.0272	1000
49.1959	1000
49.2802	1000
49.4488	1000
49.6175	1000
49.7861	1000
49.9547	1000
50.0391	1000
50.2077	1000
50.3763	1000
50.545	1000
50.7136	1000
50.7979	1000
50.9666	1000
51.1352	1000
51.3039	1000
51.4725	1000
51.5568	1000
51.6411	1000
51.7255	1000
51.8941	1000
51.9784	1000
52.0627	1000
52.1471	1000
52.2314	1000
52.3157	1000
52.4	1000
52.4843	1000
52.5687	1000
52.653	1000
52.7373	1000
52.8216	1000
52.9059	1000
52.9903	1000
53.0746	1000
53.1589	1000
53.2432	1000
53.3275	1000
53.4119	1000
53.4962	1000
53.5805	1000
53.6648	1000
53.7491	1000
53.8335	1000
53.9178	1000
54.0021	1000
54.0864	1000
54.1707	1000
54.2551	1000
54.3394	1000
54.4237	1000
54.508	1000
54.5923	1000
54.6767	1000
54.761	1000
54.8453	1000
54.9296	1000
55.0139	1000
55.0983	1000
55.1826	1000
55.2669	1000
55.3512	1000
55.4355	1000
55.5199	1000
55.6042	1000
55.6885	1000
55.7728	1000
55.8571	1000
55.9415	1000
56.0258	1000
56.1101	1000
56.1944	1000
56.2787	1000
56.3631	1000
56.4474	1000
56.5317	1000
56.616	1000
56.7003	1000
56.7847	1000
56.869	1000
56.9533	1000
57.0376	1000
57.1219	1000
60.6634	2000
62.3498	5000
63.8675	5000
65.9755	2000
66.0742	16000
66.3271	5000
66.7487	10000
67.5919	6000
68.0979	5000
68.5195	24000
70.4588	20000
72.1452	1000
72.2295	1000
72.3139	1000
72.3982	1000
72.4825	1000
72.5668	1000
72.6511	1000
72.7355	1000
75.6023	29000
75.6867	1000
75.771	1000
75.8553	1000
75.9396	1000
76.0239	1000
76.1083	1000
76.1926	1000
76.2769	1000
76.3612	1000
79.6497	4000
82.095	19000
84.3716	6000
85.8051	10000
86.3953	12000
87.4071	27000
88.9249	1000
89.0092	10000
89.8524	2000
90.0211	3000
90.274	4000
90.6113	3000
90.8643	1000
90.9486	1000
91.0329	1000
93.4782	15000
94.8273	14000
96.0921	12000
96.9353	5000
97.7785	4000
100.224	7000
100.322	8000
100.997	24000
102.346	11000
103.274	1000
103.358	1000
103.442	1000
103.527	1000
103.611	1000
103.695	1000
103.78	1000
103.864	1000
103.948	1000
104.033	1000
104.117	1000
104.201	1000
104.285	1000
104.37	1000
104.454	1000
104.538	1000
104.623	1000
104.707	1000
104.791	1000
104.876	1000
107.49	12000
109.007	29000
110.525	23000
110.609	1000
110.694	1000
110.778	1000
110.862	1000
111.031	1000
111.115	1000
111.2	1000
111.284	1000
111.368	1000
111.453	1000
111.537	1000
111.621	1000
111.706	1000
111.874	1000
112.043	1000
112.127	1000
112.212	1000
112.296	1000
112.38	1000
112.465	1000
112.549	1000
112.633	1000
112.717	1000
112.802	1000
114.741	15000
115.837	19000
117.355	17000
117.439	1000
117.524	1000
117.608	1000
117.692	1000
117.777	1000
117.861	1000
117.945	1000
118.03	1000
118.114	1000
118.198	1000
118.283	1000
118.367	1000
118.451	1000
119.969	11000
120.559	4000
121.149	7000
121.824	12000
122.33	5000
122.836	6000
122.92	1000
123.005	1000
123.089	1000
123.173	1000
123.257	1000
123.342	1000
123.426	1000
123.51	1000
123.595	1000
123.679	1000
123.763	1000
123.848	1000
125.028	3000
131.574	8000
131.673	20000
132.432	10000
133.275	1000
133.36	1000
133.444	1000
133.528	1000
133.612	1000
133.697	1000
133.781	1000
133.865	1000
133.95	1000
134.034	1000
134.118	1000
134.203	1000
134.371	1000
134.456	1000
134.624	1000
134.793	1000
134.962	1000
135.13	1000
135.299	1000
135.468	1000
135.552	1000
135.636	1000
135.805	1000
135.889	1000
135.973	1000
137.66	12000
137.744	1000
137.828	1000
137.913	1000
137.997	1000
138.081	1000
138.166	1000
138.25	1000
138.334	1000
139.684	11000
139.768	1000
139.852	1000
139.936	1000
140.105	1000
140.189	1000
140.274	1000
140.358	1000
140.442	1000
140.527	1000
140.611	1000
140.695	1000
140.78	1000
140.948	1000
141.117	1000
141.286	1000
141.37	1000
141.539	1000
141.623	1000
141.792	1000
141.876	1000
142.044	1000
142.213	1000
142.382	1000
142.55	1000
142.719	1000
142.803	1000
142.888	1000
142.972	1000
144.574	15000
144.658	1000
144.743	1000
144.827	1000
146.008	11000
146.092	1000
146.176	1000
146.26	1000
146.345	1000
146.513	1000
146.598	1000
146.682	1000
148.031	13000
148.116	1000
148.2	1000
148.284	1000
148.368	1000
148.453	1000
148.537	1000
148.621	1000
148.79	1000
148.874	1000
148.959	1000
149.043	1000
150.224	10000
150.729	8000
151.657	6000
151.994	7000
152.079	1000
152.163	1000
152.247	1000
152.332	1000
152.416	1000
152.5	1000
153.428	10000
153.512	1000
153.596	1000
153.681	1000
153.765	1000
153.849	1000
153.934	1000
154.018	1000
154.102	1000
156.169	5000
156.268	7000
156.773	5000
157.195	5000
157.617	1000
158.544	3000
159.219	6000
159.893	7000
160.484	3000
161.158	10000
162.254	7000
164.7	30000
164.798	7000
165.388	1000
165.473	1000
165.557	1000
165.641	1000
165.726	1000
165.81	1000
165.894	1000
165.979	1000
166.063	1000
166.147	1000
166.232	1000
166.316	1000
166.4	1000
166.485	1000
166.569	1000
166.653	1000
166.738	1000
166.822	1000
166.906	1000
166.99	1000
169.52	19000
170.11	5000
170.532	1000
170.616	1000
170.701	1000
170.785	1000
170.869	1000
170.954	1000
171.038	1000
171.122	1000
171.206	1000
171.291	1000
171.375	1000
171.459	1000
171.544	1000
171.628	1000
171.712	1000
171.797	1000
171.881	1000
171.965	1000
172.05	1000
172.134	1000
172.218	1000
172.303	1000
172.893	1000
172.977	1000
173.146	1000
173.23	1000
174.917	13000
175.001	1000
175.085	1000
175.17	1000
175.254	1000
175.338	1000
175.422	1000
175.507	1000
175.591	1000
175.675	1000
175.76	1000
175.844	1000
175.928	1000
179.386	12000
179.484	8000
180.159	1000
180.243	1000
180.327	1000
180.412	1000
180.496	1000
180.58	1000
181.929	12000
182.014	1000
182.098	1000
182.182	1000
182.267	1000
182.351	1000
182.435	1000
182.52	1000
182.604	1000
182.688	1000
182.773	1000
182.857	1000
182.941	1000
183.026	1000
183.11	1000
183.194	1000
183.363	1000
183.447	1000
183.616	1000
183.7	1000
183.869	1000
183.953	1000
184.122	1000
184.206	1000
184.375	1000
184.543	1000
184.712	1000
184.796	1000
184.881	1000
184.965	1000
185.049	1000
185.134	1000
185.218	1000
185.302	1000
185.387	1000
185.471	1000
185.555	1000
185.64	1000
185.808	1000
185.977	1000
186.061	1000
186.145	1000
186.23	1000
186.314	1000
186.398	1000
186.483	1000
186.567	1000
186.651	1000
186.736	1000
186.82	1000
186.904	1000
186.989	1000
187.073	1000
187.157	1000
187.242	1000
187.326	1000
187.495	1000
187.579	1000
187.663	1000
187.748	1000
187.832	1000
187.916	1000
188	1000
188.085	1000
188.169	1000
191.036	5000
192.554	5000
192.975	39000
193.903	1000
193.987	1000
194.072	1000
194.156	1000
194.24	1000
194.324	1000
197.613	5000
197.712	5000
198.133	1000
198.218	23000
198.808	1000
198.892	1000
198.976	1000
199.061	1000
199.145	1000
199.229	1000
199.314	1000
199.398	1000
199.482	1000
200.41	5000
200.494	1000
200.578	1000
200.663	1000
200.747	1000
200.916	1000
201	1000
201.084	1000
201.169	1000
201.337	1000
201.506	1000
201.675	1000
201.759	1000
201.843	1000
202.012	1000
202.181	1000
202.265	1000
202.349	1000
202.518	1000
202.686	1000
202.855	1000
203.024	1000
203.108	1000
203.277	1000
203.361	1000
204.542	2000
205.469	2000
206.397	11000
207.746	11000
208.505	4000
209.263	16000
210.022	3000
210.781	14000
211.54	7000
212.383	19000
213.311	1000
214.154	17000
214.238	1000
214.323	1000
214.407	1000
214.491	1000
214.576	1000
214.66	1000
214.744	1000
214.829	1000
214.913	1000
214.997	1000
215.166	1000
215.25	1000
215.419	1000
215.503	1000
215.672	1000
215.84	1000
216.009	1000
216.178	1000
216.262	1000
217.527	9000
217.611	1000
217.695	1000
217.78	1000
217.864	1000
218.033	1000
218.117	1000
218.201	1000
218.286	1000
218.37	1000
218.454	1000
218.539	1000
218.707	1000
218.876	1000
219.045	1000
219.129	1000
219.213	1000
219.382	1000
219.466	1000
219.635	1000
219.719	1000
219.888	1000
220.056	1000
220.225	1000
220.394	1000
220.562	1000
220.731	1000
220.9	1000
220.984	1000
221.153	1000
221.237	1000
223.092	6000
224.441	2000
227.139	13000
227.238	38000
228.418	1000
228.503	1000
228.587	1000
228.671	1000
228.756	1000
228.84	1000
228.924	1000
229.009	1000
229.093	1000
229.177	1000
229.262	1000
229.346	1000
229.43	1000
229.515	1000
229.599	1000
229.683	1000
229.852	1000
229.936	1000
230.02	1000
230.105	1000
230.273	1000
230.442	1000
230.611	1000
230.779	1000
230.948	1000
231.117	1000
231.285	1000
231.454	1000
231.538	1000
231.707	1000
231.791	1000
231.96	1000
232.044	1000
232.128	1000
232.297	1000
234.405	14000
234.489	1000
234.574	1000
234.658	1000
234.742	1000
234.911	1000
234.995	1000
235.08	1000
235.164	1000
235.248	1000
235.333	1000
235.417	1000
235.501	1000
235.586	1000
235.67	1000
235.754	1000
235.839	1000
237.862	9000
239.38	1000
240.813	11000
241.994	5000
242.416	6000
242.921	27000
244.018	1000
244.102	1000
245.788	8000
247.39	28000
247.475	1000
247.559	1000
247.643	1000
247.728	1000
248.824	7000
253.293	6000
253.391	10000
256.054	19000
256.153	10000
256.996	1000
257.08	1000
257.165	1000
257.249	1000
257.333	1000
257.417	1000
257.502	1000
257.586	1000
257.67	1000
257.755	1000
257.839	1000
257.923	1000
258.008	1000
258.092	1000
260.031	15000
260.116	1000
260.2	1000
260.284	1000
261.886	2000
262.055	10000
262.898	2000
263.067	1000
264.753	1000
265.934	11000
267.03	12000
268.126	3000
268.969	8000
269.644	14000
270.318	7000
270.993	3000
271.752	3000
272.426	1000
273.185	11000
274.029	35000
274.872	12000
275.631	10000
275.715	1000
275.799	1000
275.884	1000
275.968	1000
276.052	1000
276.137	1000
276.221	1000
276.305	1000
276.389	1000
276.558	1000
276.642	1000
277.992	2000
278.582	6000
282.376	9000
282.475	7000
283.065	25000
283.993	10000
284.836	1000
284.92	1000
285.004	1000
285.089	1000
285.173	1000
285.257	1000
285.342	1000
285.426	1000
285.51	1000
285.595	1000
285.679	1000
285.763	1000
285.848	1000
285.932	1000
286.101	1000
286.185	1000
286.269	1000
286.438	1000
288.209	4000
289.558	3000
290.907	6000
292.34	41000
293.689	3000
297.73	13000
297.829	14000
299.009	4000
299.347	6000
299.853	1000
303.894	5000
303.992	13000
308.033	18000
308.132	1000
308.216	1000
308.3	1000
308.385	1000
308.469	1000
308.553	1000
308.638	1000
308.722	1000
308.806	1000
308.891	1000
308.975	1000
309.059	1000
311.083	8000
312.095	6000
313.191	30000
314.287	8000
315.046	3000
315.889	10000
316.732	10000
317.407	14000
317.491	1000
317.576	1000
317.66	1000
317.744	1000
317.829	1000
317.913	1000
317.997	1000
318.082	1000
318.25	1000
318.335	1000
318.503	1000
318.587	1000
318.672	1000
318.756	1000
318.84	1000
318.925	1000
319.009	1000
319.093	1000
319.178	1000
319.262	1000
319.346	1000
319.431	1000
319.515	1000
319.599	1000
319.684	1000
319.768	1000
319.852	1000
319.937	1000
320.021	1000
320.105	1000
320.19	1000
320.274	1000
320.358	1000
320.443	1000
320.527	1000
320.611	1000
320.695	1000
320.78	1000
320.864	1000
320.948	1000
321.033	1000
321.117	1000
321.201	1000
321.286	1000
321.37	1000
321.454	1000
321.539	1000
323.394	21000
323.478	1000
323.562	1000
323.647	1000
323.731	1000
323.815	1000
323.9	1000
323.984	1000
324.068	1000
324.153	1000
325.08	1000
325.164	1000
325.249	1000
325.333	1000
325.417	1000
325.502	1000
325.586	1000
325.67	1000
325.755	1000
325.839	1000
325.923	1000
326.008	1000
326.092	1000
326.176	1000
326.261	1000
326.345	1000
326.429	1000
328.453	14000
328.537	1000
328.79	1000
328.875	1000
328.959	1000
329.043	1000
329.127	1000
329.212	1000
329.296	1000
329.38	1000
330.983	4000
333.512	19000
333.611	15000
334.876	8000
335.55	1000
335.634	1000
335.719	1000
335.803	1000
335.887	1000
335.972	1000
337.658	13000
339.092	9000
339.85	9000
340.609	1000
340.694	1000
340.778	1000
340.862	1000
340.947	1000
341.031	1000
341.115	1000
341.2	1000
341.284	1000
341.368	1000
342.802	11000
342.886	1000
342.97	1000
343.055	1000
343.139	1000
343.223	1000
343.308	1000
343.392	1000
343.476	1000
343.561	1000
343.645	1000
343.729	1000
344.91	1000
344.994	1000
345.078	1000
345.163	1000
345.247	1000
345.331	1000
345.416	1000
345.5	1000
345.584	1000
345.669	1000
345.753	1000
345.837	1000
347.692	21000
347.777	1000
347.861	1000
347.945	1000
348.029	1000
348.114	1000
348.198	1000
348.282	1000
348.367	1000
348.451	1000
348.535	1000
348.62	1000
348.704	1000
348.788	1000
350.559	2000
351.318	13000
352.077	6000
353.257	13000
353.848	17000
354.691	1000
355.112	15000
355.197	1000
355.281	1000
355.365	1000
355.45	1000
355.534	1000
355.618	1000
355.703	1000
355.787	1000
356.883	12000
356.967	1000
357.052	1000
357.136	1000
357.22	1000
357.305	1000
357.389	1000
357.473	1000
357.558	1000
357.642	1000
357.726	1000
357.811	1000
357.895	1000
357.979	1000
358.064	1000
358.148	1000
358.232	1000
358.317	1000
358.401	1000
358.485	1000
358.569	1000
358.654	1000
358.738	1000
358.822	1000
359.919	12000
360.003	1000
360.087	1000
360.172	1000
360.256	1000
360.34	1000
360.425	1000
360.509	1000
361.605	8000
362.027	7000
362.87	10000
362.954	1000
363.038	1000
363.123	1000
363.207	1000
363.291	1000
363.376	1000
363.46	1000
363.544	1000
363.629	1000
363.713	1000
363.797	1000
363.882	1000
363.966	1000
364.05	1000
364.135	1000
364.219	1000
364.303	1000
364.388	1000
365.315	10000
365.399	1000
365.484	1000
365.568	1000
365.652	1000
365.737	1000
365.821	1000
365.905	1000
365.99	1000
366.074	1000
367.001	3000
367.254	9000
367.339	1000
367.423	1000
367.507	1000
367.592	1000
367.676	1000
367.76	1000
367.845	1000
368.772	6000
369.025	6000
369.109	1000
369.194	1000
369.278	1000
369.362	1000
369.447	1000
369.531	1000
369.615	1000
369.7	1000
369.784	1000
369.868	1000
369.953	1000
370.037	1000
370.965	10000
371.049	1000
371.133	1000
371.217	1000
371.302	1000
371.386	1000
371.47	1000
371.555	1000
371.639	1000
371.723	1000
371.808	1000
371.892	1000
371.976	1000
372.904	4000
373.157	4000
373.494	7000
373.578	1000
373.663	1000
373.747	1000
374.675	1000
375.012	12000
375.096	1000
375.181	1000
375.265	1000
375.349	1000
375.433	1000
375.518	1000
375.602	1000
375.686	1000
375.771	1000
375.855	1000
376.783	10000
376.867	1000
376.951	1000
377.036	1000
377.12	1000
378.047	1000
378.385	11000
379.059	1000
379.158	3000
379.327	1000
379.579	6000
379.664	1000
379.748	1000
379.832	1000
379.917	1000
380.001	1000
380.085	1000
380.17	1000
380.254	1000
380.338	1000
381.097	2000
381.266	7000
381.35	1000
381.435	1000
381.519	1000
381.603	1000
381.687	1000
381.772	1000
381.856	1000
381.94	1000
382.025	1000
382.109	1000
382.193	1000
382.952	8000
383.037	1000
383.121	1000
383.205	1000
383.964	8000
384.048	1000
384.133	1000
384.217	1000
384.301	1000
384.386	1000
384.47	1000
384.554	1000
384.639	1000
384.723	1000
385.482	8000
385.566	1000
385.651	1000
385.735	1000
385.819	1000
385.903	1000
385.988	1000
386.072	1000
386.156	1000
386.241	1000
387	8000
387.084	1000
387.168	1000
387.253	1000
387.337	1000
387.421	1000
387.506	1000
387.59	1000
387.674	1000
387.759	1000
387.843	1000
387.927	1000
388.011	1000
388.096	1000
388.18	1000
388.264	1000
388.349	1000
388.433	1000
388.517	1000
388.602	1000
388.686	1000
388.77	1000
389.529	8000
389.614	1000
390.372	8000
390.457	1000
390.541	1000
390.625	1000
390.71	1000
390.794	1000
390.878	1000
390.963	1000
391.047	1000
391.131	1000
391.216	1000
391.3	1000
391.384	1000
391.469	1000
391.553	1000
391.637	1000
391.722	1000
391.806	1000
391.89	1000
391.975	1000
392.059	1000
392.818	8000
393.492	6000
393.661	2000
393.745	1000
393.83	1000
393.914	1000
393.998	1000
394.083	1000
394.167	1000
394.841	7000
394.926	1000
395.6	7000
395.685	1000
395.769	1000
395.853	1000
395.938	1000
396.022	1000
396.106	1000
396.191	1000
396.865	7000
396.949	1000
397.624	7000
397.708	1000
397.793	1000
397.877	1000
397.961	1000
398.046	1000
398.13	1000
398.214	1000
398.889	5000
398.987	2000
399.072	1000
399.156	1000
399.831	7000
399.915	1000
399.999	1000
400.084	1000
400.168	1000
400.252	1000
400.337	1000
400.421	1000
400.505	1000
400.589	1000
400.674	1000
400.758	1000
400.842	1000
400.927	1000
401.011	1000
401.095	1000
401.18	1000
401.854	3000
402.023	5000
402.107	1000
402.192	1000
402.276	1000
402.36	1000
402.445	1000
402.529	1000
402.613	1000
402.697	1000
402.782	1000
402.866	1000
402.95	1000
403.035	1000
403.119	1000
403.203	1000
403.288	1000
403.962	7000
404.047	1000
404.131	1000
404.215	1000
404.3	1000
404.384	1000
404.468	1000
404.553	1000
404.637	1000
404.721	1000
404.805	1000
404.89	1000
404.974	1000
405.058	1000
405.733	5000
405.832	2000
405.916	1000
406	1000
406.085	1000
406.759	3000
406.858	4000
406.942	1000
407.026	1000
407.111	1000
407.195	1000
407.279	1000
407.364	1000
407.448	1000
407.532	1000
407.617	1000
407.701	1000
407.785	1000
407.87	1000
407.954	1000
408.038	1000
408.713	7000
408.797	1000
408.881	1000
408.966	1000
409.05	1000
409.134	1000
409.219	1000
409.893	1000
409.992	3000
410.161	4000
410.245	1000
410.919	6000
411.018	1000
411.623	6000
411.721	1000
412.326	6000
412.425	1000
413.029	6000
413.128	1000
413.212	1000
413.296	1000
413.381	1000
413.465	1000
413.549	1000
413.634	1000
413.718	1000
413.802	1000
413.887	1000
413.971	1000
414.055	1000
414.14	1000
414.224	1000
414.308	1000
414.898	6000
414.997	1000
415.081	1000
415.166	1000
415.25	1000
415.334	1000
415.419	1000
415.503	1000
416.093	6000
416.192	1000
416.276	1000
416.361	1000
416.445	1000
416.529	1000
416.613	1000
416.698	1000
416.782	1000
416.866	1000
416.951	1000
417.035	1000
417.119	1000
417.204	1000
417.288	1000
417.372	1000
417.457	1000
417.541	1000
417.625	1000
417.71	1000
417.794	1000
417.878	1000
417.963	1000
418.047	1000
418.131	1000
418.216	1000
418.3	1000
418.384	1000
418.469	1000
419.059	4000
419.157	2000
419.242	1000
419.326	1000
419.41	1000
419.495	1000
419.579	1000
419.663	1000
419.748	1000
419.832	1000
419.916	1000
420.001	1000
420.085	1000
420.169	1000
420.254	1000
420.338	1000
420.422	1000
420.507	1000
420.591	1000
420.675	1000
420.759	1000
420.844	1000
420.928	1000
421.518	6000
421.617	1000
422.222	6000
422.32	1000
422.405	1000
422.489	1000
422.573	1000
422.657	1000
422.742	1000
422.826	1000
422.91	1000
422.995	1000
423.079	1000
423.163	1000
423.248	1000
423.332	1000
423.416	1000
423.501	1000
423.585	1000
423.669	1000
423.754	1000
423.838	1000
423.922	1000
424.597	7000
425.187	4000
425.286	2000
425.37	1000
425.454	1000
425.539	1000
425.623	1000
425.707	1000
425.792	1000
425.876	1000
426.466	1000
426.565	5000
426.649	1000
426.733	1000
426.818	1000
426.902	1000
426.986	1000
427.071	1000
427.155	1000
427.239	1000
427.324	1000
427.914	6000
428.013	1000
428.097	1000
428.181	1000
428.771	6000
428.87	1000
428.954	1000
429.039	1000
429.123	1000
429.207	1000
429.292	1000
429.376	1000
429.46	1000
429.545	1000
429.629	1000
429.713	1000
429.798	1000
429.882	1000
429.966	1000
430.051	1000
430.135	1000
430.219	1000
430.304	1000
430.388	1000
430.472	1000
430.557	1000
430.641	1000
430.725	1000
430.809	1000
430.894	1000
430.978	1000
431.062	1000
431.147	1000
431.231	1000
431.315	1000
431.906	5000
433.004	8000
433.103	1000
433.187	1000
433.272	1000
433.356	1000
433.44	1000
433.525	1000
433.609	1000
433.693	1000
433.777	1000
433.862	1000
433.946	1000
434.03	1000
434.115	1000
435.38	14000
435.464	1000
435.548	1000
435.633	1000
435.717	1000
435.801	1000
435.885	1000
435.97	1000
436.054	1000
436.138	1000
436.223	1000
436.307	1000
436.391	1000
436.476	1000
437.741	1000
438.331	19000
439.343	11000
439.427	1000
439.511	1000
439.596	1000
439.68	1000
439.764	1000
439.849	1000
439.933	1000
440.017	1000
440.101	1000
440.186	1000
440.27	1000
440.354	1000
440.439	1000
440.523	1000
440.607	1000
440.692	1000
440.776	1000
440.86	1000
440.945	1000
441.029	1000
442.041	4000
442.462	10000
443.221	9000
443.306	1000
443.39	1000
444.149	8000
444.233	1000
444.317	1000
444.402	1000
444.486	1000
444.57	1000
444.655	1000
444.739	1000
444.823	1000
444.908	1000
444.992	1000
445.751	8000
445.835	1000
445.92	1000
446.004	1000
446.088	1000
446.173	1000
446.257	1000
446.341	1000
446.425	1000
446.51	1000
446.594	1000
446.678	1000
446.763	1000
446.847	1000
446.931	1000
447.016	1000
447.1	1000
447.184	1000
447.269	1000
447.353	1000
447.437	1000
447.522	1000
447.606	1000
447.69	1000
447.775	1000
447.859	1000
447.943	1000
448.028	1000
448.112	1000
448.196	1000
448.281	1000
448.365	1000
448.449	1000
448.533	1000
448.618	1000
448.702	1000
448.786	1000
448.871	1000
448.955	1000
449.039	1000
449.124	1000
449.208	1000
449.292	1000
449.377	1000
449.461	1000
449.545	1000
449.63	1000
449.714	1000
449.798	1000
449.883	1000
449.967	1000
450.051	1000
450.136	1000
450.22	1000
451.738	2000
452.328	6000
453.002	22000
453.087	1000
453.171	1000
453.255	1000
453.34	1000
453.424	1000
453.508	1000
453.593	1000
453.677	1000
453.761	1000
453.846	1000
453.93	1000
454.014	1000
454.099	1000
454.183	1000
454.267	1000
454.352	1000
454.436	1000
454.52	1000
456.038	17000
458.062	7000
458.16	3000
458.413	5000
458.835	1000
458.919	6000
459.425	1000
459.509	1000
459.594	1000
459.678	1000
459.762	1000
459.847	1000
459.931	1000
460.015	1000
460.1	1000
460.184	1000
460.268	1000
460.353	1000
460.437	1000
460.859	1000
461.027	1000
461.196	1000
461.28	1000
461.449	1000
461.533	1000
462.461	6000
462.545	1000
462.629	1000
462.714	1000
462.798	1000
462.882	1000
462.967	1000
463.051	1000
463.135	1000
463.219	1000
463.304	1000
463.472	1000
463.557	1000
463.725	1000
463.81	1000
463.978	1000
464.063	1000
464.231	1000
464.4	1000
464.569	1000
464.653	1000
464.822	1000
464.906	1000
465.075	1000
465.159	1000
465.327	1000
465.496	1000
465.665	1000
465.749	1000
465.833	1000
465.918	1000
466.002	1000
466.086	1000
466.171	1000
466.255	1000
466.424	1000
466.508	1000
466.677	1000
466.761	1000
466.845	1000
466.93	1000
467.014	1000
467.098	1000
467.183	1000
467.267	1000
467.351	1000
467.435	1000
467.52	1000
467.604	1000
467.688	1000
467.773	1000
467.857	1000
467.941	1000
468.026	1000
468.11	1000
468.194	1000
468.279	1000
468.363	1000
468.447	1000
470.893	13000
471.989	26000
473.169	1000
473.254	1000
473.338	1000
473.422	1000
473.507	1000
473.591	1000
473.675	1000
473.759	1000
473.844	1000
473.928	1000
474.012	1000
474.097	1000
474.181	1000
474.265	1000
474.35	1000
474.434	1000
474.603	1000
474.687	1000
474.771	1000
476.711	13000
476.795	1000
476.879	1000
476.964	1000
477.132	1000
477.217	1000
477.301	1000
477.385	1000
477.47	1000
477.554	1000
477.638	1000
477.723	1000
477.807	1000
477.891	1000
477.975	1000
478.06	1000
479.915	13000
479.999	1000
480.083	1000
480.168	1000
480.336	1000
480.421	1000
480.505	1000
480.589	1000
480.674	1000
480.758	1000
480.842	1000
480.927	1000
481.011	1000
481.095	1000
481.18	1000
481.264	1000
481.348	1000
481.433	1000
481.517	1000
481.686	1000
481.854	1000
482.023	1000
482.107	1000
482.276	1000
482.36	1000
482.529	1000
482.697	1000
482.866	1000
484.974	9000
488.431	1000
488.53	16000
488.698	8000
489.373	2000
489.542	16000
490.891	1000
490.975	1000
493.252	15000
495.275	24000
501.409	25000
501.508	1000
501.806	1000
501.891	1000
501.989	1000
502.074	1000
502.172	1000
502.257	1000
502.355	1000
502.44	1000
502.538	1000
502.623	1000
502.721	1000
502.806	1000
502.89	1000
502.974	1000
503.059	1000
503.143	1000
503.227	1000
503.312	1000
503.396	1000
503.48	1000
504.155	7000
504.239	1000
504.323	1000
504.408	1000
504.492	1000
504.576	1000
504.661	1000
504.745	1000
504.829	1000
505.504	7000
505.588	1000
505.672	1000
505.757	1000
505.841	1000
505.925	1000
506.01	1000
506.094	1000
506.178	1000
506.853	7000
506.937	1000
507.022	1000
507.106	1000
507.19	1000
507.275	1000
507.359	1000
507.443	1000
507.528	1000
507.612	1000
507.696	1000
507.78	1000
507.865	1000
507.949	1000
508.033	1000
508.118	1000
508.202	1000
508.286	1000
508.371	1000
508.455	1000
508.539	1000
508.624	1000
509.298	1000
509.467	7000
509.551	1000
509.636	1000
509.72	1000
509.804	1000
509.888	1000
510.563	2000
511.662	12000
511.76	1000
511.845	1000
511.929	1000
512.013	1000
512.098	1000
512.182	1000
512.266	1000
512.351	1000
512.435	1000
512.519	1000
512.604	1000
512.688	1000
512.772	1000
512.856	1000
512.941	1000
513.025	1000
513.109	1000
513.194	1000
513.278	1000
514.964	19000
515.049	1000
515.133	1000
515.217	1000
515.302	1000
515.386	1000
515.47	1000
515.555	1000
515.639	1000
515.723	1000
520.811	8000
520.91	20000
521.669	1000
521.753	1000
521.838	1000
521.922	1000
522.006	1000
522.091	1000
522.175	1000
522.259	1000
522.344	1000
522.428	1000
522.512	1000
522.681	1000
522.765	1000
522.849	1000
523.018	1000
523.187	1000
523.355	1000
523.524	1000
523.693	1000
523.861	1000
523.946	1000
524.114	1000
524.283	1000
524.367	1000
524.536	1000
524.704	1000
524.873	1000
525.042	1000
525.21	1000
525.379	1000
525.463	1000
525.632	1000
525.716	1000
525.885	1000
525.969	1000
526.138	1000
526.307	1000
526.475	1000
528.077	4000
529.089	3000
530.101	5000
531.028	3000
531.787	8000
532.125	10000
532.968	18000
533.98	1000
534.064	1000
534.148	1000
534.233	1000
534.317	1000
534.401	1000
534.486	1000
534.57	1000
534.654	1000
534.739	1000
534.823	1000
534.907	1000
534.992	1000
535.076	1000
535.244	1000
535.329	1000
535.413	1000
535.497	1000
535.582	1000
535.75	1000
535.919	1000
536.088	1000
536.256	1000
536.425	1000
536.594	1000
536.762	1000
536.847	1000
536.931	1000
537.1	1000
537.184	1000
537.352	1000
537.437	1000
537.605	1000
537.69	1000
537.858	1000
538.027	1000
538.111	1000
538.28	1000
538.449	1000
538.617	1000
538.786	1000
538.955	1000
539.123	1000
539.208	1000
539.376	1000
539.46	1000
539.545	1000
539.629	1000
539.798	1000
541.99	3000
543.171	3000
544.351	22000
545.616	26000
546.543	1000
547.555	21000
548.567	5000
549.495	20000
549.579	1000
549.663	1000
549.748	1000
549.832	1000
549.916	1000
550	1000
550.085	1000
550.169	1000
550.253	1000
550.338	1000
550.422	1000
550.591	1000
550.675	1000
550.844	1000
550.928	1000
551.097	1000
551.181	1000
551.35	1000
552.361	10000
552.446	1000
552.53	1000
552.614	1000
552.783	1000
552.867	1000
552.952	1000
553.036	1000
553.205	1000
553.373	1000
553.458	1000
553.542	1000
553.626	1000
553.711	1000
553.795	1000
553.879	1000
553.964	1000
554.048	1000
554.132	1000
554.301	1000
554.385	1000
554.469	1000
554.554	1000
554.638	1000
554.722	1000
554.807	1000
554.891	1000
554.975	1000
555.06	1000
555.144	1000
555.228	1000
555.313	1000
555.397	1000
555.481	1000
555.566	1000
555.65	1000
555.734	1000
555.819	1000
555.903	1000
555.987	1000
556.072	1000
556.156	1000
556.24	1000
556.324	1000
556.409	1000
556.493	1000
556.577	1000
556.662	1000
556.746	1000
558.517	3000
558.938	6000
559.276	14000
560.119	1000
560.203	1000
560.288	1000
560.372	1000
561.637	4000
562.733	19000
563.154	1000
563.239	1000
563.323	1000
563.407	1000
563.913	3000
563.998	1000
564.082	1000
564.166	1000
564.251	1000
564.925	5000
565.009	1000
565.094	1000
565.178	1000
565.347	1000
566.106	5000
566.19	1000
566.274	1000
566.359	1000
566.443	1000
566.612	1000
566.78	1000
566.949	1000
567.117	1000
567.202	1000
567.286	1000
567.455	1000
567.539	1000
567.708	1000
567.876	1000
568.045	1000
568.214	1000
568.298	1000
568.382	1000
568.551	1000
568.72	1000
568.888	1000
569.731	9000
571.068	1000
571.166	12000
571.335	1000
571.419	1000
571.504	1000
571.588	1000
571.687	1000
571.771	1000
571.855	1000
574.186	3000
576.349	4000
576.447	1000
576.746	1000
576.83	1000
576.929	1000
577.013	1000
577.112	1000
577.196	1000
577.675	4000
578.14	4000
578.224	1000
578.308	1000
580.186	2000
580.285	1000
580.369	1000
580.959	6000
581.043	1000
581.128	1000
581.212	1000
581.296	1000
581.381	1000
581.465	1000
581.549	1000
581.634	1000
581.718	1000
581.802	1000
581.887	1000
583.154	6000
583.253	1000
583.551	1000
583.636	1000
583.734	1000
583.818	1000
584.297	4000
584.762	4000
584.846	1000
584.931	1000
585.029	1000
585.114	1000
585.212	1000
585.296	1000
585.395	1000
585.479	1000
585.578	1000
585.662	1000
585.761	1000
585.845	1000
585.944	1000
586.028	1000
586.127	1000
586.211	1000
586.296	1000
586.38	1000
586.464	1000
586.549	1000
586.633	1000
587.392	8000
587.476	1000
587.56	1000
587.645	1000
587.729	1000
587.813	1000
587.898	1000
587.982	1000
588.066	1000
588.151	1000
588.235	1000
588.319	1000
588.404	1000
589.162	8000
589.247	1000
589.331	1000
589.415	1000
589.5	1000
589.584	1000
589.668	1000
589.753	1000
589.837	1000
589.921	1000
590.006	1000
590.09	1000
590.174	1000
590.933	4000
592.198	17000
592.297	1000
592.595	1000
592.68	1000
592.778	1000
592.863	1000
592.947	1000
593.031	1000
593.116	1000
593.2	1000
593.284	1000
593.368	1000
593.453	1000
593.537	1000
593.621	1000
593.706	1000
593.79	1000
593.874	1000
593.959	1000
594.043	1000
594.127	1000
594.212	1000
594.296	1000
594.38	1000
594.465	1000
594.549	1000
594.633	1000
595.476	9000
595.561	1000
595.645	1000
595.729	1000
595.814	1000
595.898	1000
595.982	1000
597.247	12000
597.346	1000
597.43	1000
597.514	1000
597.599	1000
597.683	1000
599.032	15000
599.117	1000
599.707	4000
600.044	1000
600.128	1000
600.213	1000
600.297	1000
601.73	6000
602.321	13000
603.67	9000
603.754	1000
603.838	1000
603.923	1000
604.007	1000
604.091	1000
604.682	1000
604.766	1000
604.85	1000
604.935	1000
605.019	1000
605.103	1000
605.188	1000
605.272	1000
605.356	1000
605.441	1000
605.525	1000
605.609	1000
605.694	1000
606.115	1000
606.284	1000
606.452	1000
606.537	1000
606.705	1000
606.79	1000
607.464	1000
607.549	1000
607.633	1000
607.717	1000
607.802	1000
607.886	1000
608.054	1000
608.223	1000
608.392	1000
608.56	1000
608.645	1000
608.729	1000
608.898	1000
608.982	1000
609.151	1000
609.319	1000
609.488	1000
609.657	1000
609.825	1000
609.91	1000
610.078	1000
610.247	1000
610.415	1000
610.584	1000
610.753	1000
610.837	1000
611.006	1000
611.174	1000
611.343	1000
611.512	1000
611.596	1000
611.765	1000
611.849	1000
612.018	1000
612.102	1000
612.27	1000
612.355	1000
612.523	1000
612.608	1000
612.776	1000
612.861	1000
613.029	1000
613.114	1000
613.198	1000
613.367	1000
613.451	1000
613.535	1000
613.704	1000
615.728	19000
616.992	14000
618.089	5000
619.1	10000
619.944	2000
620.702	7000
621.546	2000
622.22	23000
622.473	4000
622.81	1000
622.895	1000
625.256	25000
626.858	12000
627.87	6000
628.376	1000
628.46	1000
628.544	1000
628.629	1000
628.713	1000
628.797	1000
628.882	1000
628.966	1000
629.05	1000
629.134	1000
629.219	1000
629.303	1000
629.387	1000
629.472	1000
629.556	1000
629.64	1000
629.725	1000
632.001	17000
632.086	1000
632.17	1000
632.254	1000
632.339	1000
632.423	1000
632.507	1000
632.592	1000
632.676	1000
633.519	1000
633.603	1000
633.688	1000
633.772	1000
633.856	1000
633.941	1000
634.025	1000
634.109	1000
634.194	1000
634.278	1000
636.049	3000
637.482	10000
637.819	10000
638.663	6000
639.169	1000
639.253	1000
639.337	1000
639.422	1000
639.506	1000
639.59	1000
639.674	1000
639.759	1000
639.843	1000
639.927	1000
640.012	1000
640.096	1000
640.18	1000
640.265	1000
640.349	1000
640.433	1000
640.518	1000
640.602	1000
640.686	1000
640.771	1000
642.879	18000
644.059	9000
645.24	23000
646.251	8000
647.601	12000
648.275	11000
648.359	1000
648.444	1000
648.528	1000
648.612	1000
648.697	1000
648.781	1000
648.865	1000
648.95	1000
649.118	1000
649.203	1000
649.287	1000
649.371	1000
649.456	1000
649.54	1000
649.624	1000
649.709	1000
649.793	1000
649.877	1000
651.142	14000
651.226	1000
651.311	1000
651.395	1000
651.479	1000
651.564	1000
651.648	1000
651.732	1000
651.817	1000
651.901	1000
651.985	1000
652.07	1000
652.154	1000
652.238	1000
652.322	1000
652.407	1000
652.491	1000
652.575	1000
652.66	1000
652.744	1000
652.828	1000
652.913	1000
652.997	1000
653.081	1000
653.166	1000
653.25	1000
653.334	1000
653.419	1000
653.503	1000
654.768	14000
655.527	2000
655.695	5000
656.117	1000
657.719	17000
657.803	1000
657.888	1000
657.972	1000
658.056	1000
658.141	1000
658.225	1000
658.309	1000
658.394	1000
658.478	1000
658.562	1000
658.646	1000
658.731	1000
659.911	1000
659.996	1000
660.08	1000
660.164	1000
660.249	1000
660.333	1000
660.417	1000
660.502	1000
660.586	1000
660.67	1000
660.754	1000
662.778	12000
663.621	1000
663.79	1000
663.874	1000
663.959	1000
664.718	6000
664.802	1000
664.886	1000
664.97	1000
665.814	6000
665.898	1000
665.982	1000
666.067	1000
666.151	1000
666.235	1000
666.32	1000
666.404	1000
666.488	1000
666.657	1000
666.741	1000
666.91	1000
667.078	1000
667.247	1000
667.416	1000
667.5	1000
668.343	5000
668.428	1000
668.512	1000
668.596	1000
668.765	1000
668.849	1000
668.934	1000
669.018	1000
669.186	1000
670.451	9000
670.536	1000
670.62	1000
670.704	1000
670.789	1000
670.873	1000
670.957	1000
671.042	1000
671.126	1000
671.969	5000
672.728	7000
672.812	1000
672.897	1000
672.981	1000
673.065	1000
673.15	1000
673.234	1000
673.318	1000
673.402	1000
673.571	1000
673.655	1000
673.824	1000
673.993	1000
674.161	1000
674.33	1000
674.499	1000
674.583	1000
674.752	1000
674.92	1000
675.089	1000
675.258	1000
675.426	1000
676.607	9000
676.691	1000
676.775	1000
676.86	1000
676.944	1000
677.113	1000
677.197	1000
677.281	1000
677.366	1000
678.377	5000
680.485	14000
680.584	10000
681.427	1000
681.512	1000
681.596	1000
681.68	1000
681.764	1000
681.849	1000
681.933	1000
682.017	1000
682.102	1000
683.535	1000
684.125	1000
684.21	11000
684.463	3000
684.716	1000
684.8	1000
684.884	1000
684.969	1000
685.053	1000
685.137	1000
686.908	19000
687.667	1000
687.751	6000
688.257	1000
690.196	1000
691.461	4000
691.63	29000
692.136	1000
692.22	1000
692.304	1000
692.389	1000
692.473	1000
692.557	1000
692.642	1000
692.726	1000
693.485	4000
693.569	1000
693.654	1000
693.738	1000
693.822	1000
693.991	1000
694.075	1000
694.16	1000
694.328	1000
694.497	1000
695.509	7000
695.593	1000
695.677	1000
695.762	1000
695.93	1000
696.015	1000
696.099	1000
696.183	1000
697.111	6000
697.195	1000
697.279	1000
697.364	1000
697.448	1000
697.617	1000
697.701	1000
697.785	1000
697.954	1000
698.123	1000
698.291	1000
698.376	1000
698.46	1000
699.472	6000
701.495	2000
701.594	4000
701.847	15000
702.1	1000
702.184	1000
702.269	1000
702.353	1000
702.437	1000
702.522	1000
702.606	1000
702.69	1000
702.774	1000
702.859	1000
702.943	1000
703.702	2000
703.871	7000
703.955	1000
704.714	8000
704.798	1000
704.882	1000
704.967	1000
705.051	1000
705.81	7000
706.063	3000
706.147	1000
706.232	1000
706.316	1000
706.4	1000
706.485	1000
706.569	1000
706.653	1000
706.738	1000
706.822	1000
706.906	1000
706.99	1000
707.075	1000
707.159	1000
707.243	1000
707.328	1000
707.412	1000
707.496	1000
707.581	1000
708.34	5000
708.593	5000
708.677	1000
708.761	1000
708.846	1000
708.93	1000
709.014	1000
709.098	1000
709.183	1000
709.267	1000
709.351	1000
709.436	1000
709.52	1000
709.604	1000
709.689	1000
709.773	1000
709.857	1000
709.942	1000
710.026	1000
710.11	1000
710.195	1000
710.279	1000
710.363	1000
710.448	1000
710.532	1000
710.616	1000
710.701	1000
710.785	1000
710.869	1000
710.954	1000
711.038	1000
711.122	1000
711.206	1000
711.291	1000
711.375	1000
712.303	10000
712.387	1000
712.471	1000
712.556	1000
712.64	1000
712.724	1000
712.809	1000
712.893	1000
712.977	1000
713.062	1000
713.146	1000
713.23	1000
714.158	1000
714.411	3000
714.748	10000
715.422	8000
715.507	1000
715.591	1000
715.675	1000
716.434	8000
716.519	1000
716.603	1000
717.362	8000
718.036	3000
718.205	5000
718.289	1000
718.374	1000
719.048	7000
719.133	1000
719.217	1000
719.301	1000
719.386	1000
719.47	1000
719.554	1000
719.638	1000
719.723	1000
719.807	1000
719.891	1000
719.976	1000
720.06	1000
720.735	7000
720.819	1000
720.903	1000
720.988	1000
721.072	1000
721.156	1000
721.241	1000
721.325	1000
721.409	1000
721.494	1000
722.168	4000
722.267	3000
722.351	1000
722.435	1000
722.52	1000
722.604	1000
722.688	1000
722.773	1000
722.857	1000
722.941	1000
723.026	1000
723.7	4000
723.799	2000
723.897	1000
723.982	1000
724.066	1000
724.15	1000
724.235	1000
724.909	7000
724.994	1000
725.078	1000
725.162	1000
725.247	1000
725.331	1000
725.415	1000
725.5	1000
725.584	1000
725.668	1000
725.752	1000
725.837	1000
725.921	1000
726.005	1000
726.09	1000
726.174	1000
726.258	1000
726.343	1000
726.427	1000
726.511	1000
726.596	1000
726.68	1000
726.764	1000
727.863	9000
727.962	2000
728.13	1000
728.215	1000
729.395	9000
729.817	7000
731.419	12000
732.009	5000
732.431	1000
732.515	1000
732.599	1000
732.684	1000
732.768	1000
732.852	1000
732.936	1000
733.021	1000
733.105	1000
733.189	1000
733.274	1000
733.358	1000
733.442	1000
733.527	1000
733.611	1000
734.033	1000
734.201	1000
734.37	1000
734.454	1000
734.623	1000
734.707	1000
735.466	1000
735.55	1000
735.635	1000
735.719	1000
735.803	1000
735.888	1000
735.972	1000
736.056	1000
736.141	1000
736.309	1000
736.394	1000
736.478	1000
736.647	1000
736.815	1000
736.984	1000
737.152	1000
737.321	1000
737.405	1000
737.574	1000
737.658	1000
737.743	1000
737.911	1000
737.996	1000
738.164	1000
738.249	1000
738.417	1000
738.586	1000
738.755	1000
738.923	1000
739.008	1000
739.092	1000
739.176	1000
739.26	1000
739.429	1000
739.598	1000
739.766	1000
740.863	12000
740.947	1000
741.031	1000
741.116	1000
741.2	1000
741.284	1000
741.368	1000
741.453	1000
741.537	1000
741.621	1000
741.706	1000
741.79	1000
741.874	1000
741.959	1000
742.043	1000
742.127	1000
742.212	1000
742.296	1000
742.38	1000
742.465	1000
742.549	1000
742.633	1000
742.718	1000
742.802	1000
742.886	1000
742.971	1000
743.055	1000
743.139	1000
743.224	1000
743.308	1000
743.392	1000
743.476	1000
743.561	1000
743.645	1000
743.729	1000
743.814	1000
743.898	1000
743.982	1000
744.067	1000
744.151	1000
744.235	1000
744.32	1000
744.404	1000
744.488	1000
744.573	1000
744.657	1000
744.741	1000
744.826	1000
744.91	1000
744.994	1000
745.079	1000
745.163	1000
745.247	1000
745.332	1000
745.416	1000
745.5	1000
745.584	1000
747.524	22000
747.608	1000
747.692	1000
747.777	1000
747.861	1000
747.945	1000
748.03	1000
748.114	1000
748.198	1000
748.283	1000
749.21	1000
749.295	1000
749.379	1000
749.463	1000
749.548	1000
749.632	1000
749.716	1000
749.8	1000
749.885	1000
749.969	1000
750.053	1000
750.138	1000
750.222	1000
750.306	1000
750.391	1000
750.475	1000
750.559	1000
750.644	1000
750.728	1000
750.812	1000
750.897	1000
750.981	1000
751.065	1000
751.15	1000
751.234	1000
751.318	1000
751.74	1000
751.908	1000
752.077	1000
752.246	1000
752.414	1000
752.583	1000
752.752	1000
752.836	1000
753.005	1000
753.089	1000
754.438	1000
754.522	1000
754.607	1000
754.691	1000
754.775	1000
754.86	1000
754.944	1000
755.028	1000
755.113	1000
757.052	17000
757.136	1000
757.221	1000
757.305	1000
757.389	1000
757.474	1000
757.558	1000
757.642	1000
757.727	1000
757.811	1000
757.895	1000
758.907	1000
758.991	1000
759.076	1000
759.16	1000
761.099	3000
762.28	5000
762.617	2000
762.786	4000
763.123	18000
763.882	1000
763.966	1000
764.051	1000
764.135	1000
764.219	1000
764.304	1000
764.388	1000
765.568	3000
766.664	13000
767.002	4000
767.339	1000
767.423	1000
767.508	1000
767.592	1000
767.676	1000
767.761	1000
768.688	9000
768.772	1000
768.857	1000
768.941	1000
769.025	1000
769.194	1000
769.278	1000
769.363	1000
769.447	1000
769.531	1000
769.616	1000
769.7	1000
769.784	1000
769.869	1000
769.953	1000
770.037	1000
770.122	1000
770.206	1000
770.29	1000
770.375	1000
771.218	9000
771.302	1000
771.386	1000
771.471	1000
771.555	1000
771.639	1000
771.724	1000
771.808	1000
771.892	1000
771.977	1000
772.061	1000
772.145	1000
772.23	1000
772.314	1000
772.398	1000
772.483	1000
772.567	1000
772.651	1000
772.736	1000
772.82	1000
772.904	1000
772.988	1000
773.073	1000
773.157	1000
773.241	1000
773.326	1000
773.41	1000
774.253	9000
774.928	7000
775.012	1000
775.096	1000
775.181	1000
775.265	1000
775.349	1000
775.434	1000
775.518	1000
775.602	1000
775.687	1000
775.771	1000
775.855	1000
775.94	1000
776.024	1000
776.108	1000
776.783	7000
776.867	1000
776.952	1000
777.036	1000
777.12	1000
777.204	1000
777.289	1000
777.373	1000
777.457	1000
777.542	1000
777.626	1000
777.71	1000
777.795	1000
777.879	1000
777.963	1000
778.048	1000
778.132	1000
778.216	1000
778.301	1000
778.385	1000
778.469	1000
778.554	1000
778.638	1000
778.722	1000
778.807	1000
779.481	7000
779.565	1000
779.65	1000
779.734	1000
779.818	1000
779.903	1000
779.987	1000
780.071	1000
780.156	1000
780.24	1000
780.324	1000
780.409	1000
780.493	1000
780.577	1000
780.662	1000
780.746	1000
780.83	1000
780.915	1000
780.999	1000
781.083	1000
781.168	1000
781.252	1000
781.336	1000
781.42	1000
781.505	1000
781.589	1000
781.673	1000
781.758	1000
781.842	1000
781.926	1000
782.011	1000
782.095	1000
782.854	8000
782.938	1000
783.023	1000
783.107	1000
783.191	1000
783.276	1000
783.36	1000
783.444	1000
783.528	1000
783.613	1000
783.697	1000
783.781	1000
783.866	1000
784.625	8000
784.709	1000
784.793	1000
784.878	1000
786.157	10000
786.255	3000
786.508	1000
786.593	1000
786.677	1000
786.761	1000
786.846	1000
786.93	1000
787.014	1000
787.099	1000
787.183	1000
787.267	1000
787.352	1000
787.436	1000
787.52	1000
787.689	1000
787.773	1000
787.857	1000
787.942	1000
788.026	1000
788.11	1000
788.195	1000
788.279	1000
788.363	1000
788.448	1000
788.532	1000
788.616	1000
788.701	1000
788.785	1000
788.869	1000
788.954	1000
789.038	1000
789.122	1000
789.207	1000
789.291	1000
789.375	1000
789.46	1000
789.544	1000
789.628	1000
791.736	24000
791.82	1000
791.905	1000
791.989	1000
793.76	6000
794.434	4000
795.193	3000
795.952	18000
796.711	11000
797.386	12000
798.06	5000
798.735	9000
799.325	3000
799.915	11000
800	1000
800.084	1000
800.168	1000
801.349	12000
801.433	1000
801.517	1000
801.602	1000
801.686	1000
801.77	1000
801.855	1000
801.939	1000
802.023	1000
802.108	1000
802.192	1000
802.276	1000
802.36	1000
802.445	1000
802.529	1000
802.613	1000
802.698	1000
802.782	1000
802.866	1000
803.963	1000
804.384	7000
804.89	8000
805.312	4000
805.818	9000
805.902	1000
805.986	1000
806.071	1000
806.155	1000
806.239	1000
806.408	1000
806.492	1000
806.576	1000
806.661	1000
806.745	1000
806.829	1000
806.914	1000
806.998	1000
807.082	1000
807.167	1000
807.251	1000
807.335	1000
807.42	1000
807.504	1000
808.432	10000
809.19	1000
809.443	9000
809.528	1000
809.612	1000
809.696	1000
809.781	1000
809.865	1000
809.949	1000
810.034	1000
810.118	1000
810.202	1000
810.287	1000
810.371	1000
810.455	1000
810.54	1000
810.624	1000
810.708	1000
810.792	1000
810.877	1000
810.961	1000
811.72	8000
811.804	1000
811.889	1000
811.973	1000
812.732	8000
812.816	1000
812.9	1000
812.985	1000
813.744	5000
813.912	4000
813.997	1000
814.081	1000
814.165	1000
814.25	1000
814.334	1000
814.418	1000
814.503	1000
814.587	1000
814.671	1000
814.756	1000
814.84	1000
814.924	1000
815.683	2000
815.936	8000
816.02	1000
816.105	1000
816.189	1000
816.273	1000
816.358	1000
816.442	1000
816.526	1000
816.611	1000
816.695	1000
816.779	1000
816.864	1000
816.948	1000
817.707	2000
817.96	8000
818.044	1000
818.128	1000
818.213	1000
818.297	1000
818.381	1000
818.466	1000
819.224	8000
819.309	1000
819.393	1000
819.477	1000
819.562	1000
819.646	1000
820.405	8000
820.489	1000
820.574	1000
820.658	1000
820.742	1000
820.827	1000
820.911	1000
820.995	1000
821.08	1000
821.164	1000
821.248	1000
821.332	1000
821.417	1000
821.501	1000
821.585	1000
821.67	1000
821.754	1000
821.838	1000
822.597	8000
822.682	1000
822.766	1000
822.85	1000
822.935	1000
823.019	1000
823.103	1000
823.188	1000
823.272	1000
823.356	1000
823.44	1000
823.525	1000
823.609	1000
823.693	1000
823.778	1000
823.862	1000
823.946	1000
824.031	1000
824.115	1000
824.199	1000
824.284	1000
824.368	1000
824.452	1000
824.537	1000
824.621	1000
824.705	1000
825.464	8000
825.548	1000
826.307	8000
826.392	1000
826.476	1000
826.56	1000
826.645	1000
826.729	1000
826.813	1000
826.898	1000
826.982	1000
827.066	1000
827.151	1000
827.235	1000
827.319	1000
827.404	1000
827.488	1000
827.572	1000
827.656	1000
827.741	1000
827.825	1000
827.909	1000
827.994	1000
828.078	1000
828.162	1000
828.247	1000
828.331	1000
829.09	8000
829.174	1000
829.259	1000
829.343	1000
829.427	1000
830.186	8000
830.861	7000
830.945	1000
831.029	1000
831.114	1000
831.198	1000
831.282	1000
831.367	1000
831.451	1000
831.535	1000
831.62	1000
831.704	1000
831.788	1000
831.872	1000
831.957	1000
832.041	1000
832.125	1000
832.21	1000
832.294	1000
832.378	1000
832.463	1000
832.547	1000
832.631	1000
832.716	1000
832.8	1000
833.475	7000
833.559	1000
833.643	1000
833.728	1000
833.812	1000
833.896	1000
833.98	1000
834.065	1000
834.149	1000
834.233	1000
834.318	1000
834.402	1000
834.486	1000
834.571	1000
834.655	1000
834.739	1000
834.824	1000
834.908	1000
834.992	1000
835.077	1000
835.161	1000
835.245	1000
835.33	1000
835.414	1000
835.498	1000
835.583	1000
835.667	1000
835.751	1000
835.836	1000
835.92	1000
836.004	1000
836.679	4000
836.847	4000
836.932	1000
837.016	1000
837.1	1000
837.185	1000
837.269	1000
837.353	1000
837.438	1000
837.522	1000
837.606	1000
837.691	1000
837.775	1000
837.859	1000
838.534	7000
838.618	1000
838.702	1000
838.787	1000
838.871	1000
838.955	1000
839.04	1000
839.124	1000
839.208	1000
839.883	7000
839.967	1000
840.052	1000
840.136	1000
840.22	1000
840.304	1000
840.389	1000
841.063	7000
841.148	1000
841.232	1000
841.316	1000
841.401	1000
841.485	1000
841.569	1000
841.654	1000
841.738	1000
841.822	1000
843.159	13000
843.257	1000
843.936	4000
844.02	1000
844.105	1000
844.611	5000
844.695	1000
844.779	1000
844.864	1000
844.948	1000
845.032	1000
845.117	1000
845.201	1000
845.285	1000
845.37	1000
845.454	1000
845.538	1000
845.623	1000
845.707	1000
845.791	1000
845.876	1000
845.96	1000
846.044	1000
846.128	1000
846.213	1000
846.297	1000
846.381	1000
846.466	1000
846.55	1000
846.634	1000
846.719	1000
846.803	1000
846.887	1000
846.972	1000
847.056	1000
847.14	1000
847.225	1000
847.899	7000
847.984	1000
848.068	1000
848.152	1000
848.236	1000
848.321	1000
848.405	1000
848.489	1000
848.574	1000
848.658	1000
848.742	1000
848.827	1000
848.911	1000
848.995	1000
849.08	1000
849.164	1000
849.248	1000
849.333	1000
849.417	1000
849.501	1000
849.586	1000
849.67	1000
849.754	1000
849.839	1000
849.923	1000
850.007	1000
850.092	1000
850.176	1000
850.26	1000
850.344	1000
850.429	1000
850.513	1000
850.597	1000
850.682	1000
850.766	1000
850.85	1000
850.935	1000
851.019	1000
851.103	1000
851.188	1000
851.272	1000
851.356	1000
851.441	1000
851.525	1000
851.609	1000
851.694	1000
851.778	1000
851.862	1000
851.947	1000
852.031	1000
852.115	1000
852.2	1000
852.284	1000
852.368	1000
852.452	1000
852.537	1000
852.621	1000
852.705	1000
852.79	1000
852.874	1000
852.958	1000
853.043	1000
854.898	6000
855.741	3000
856.668	27000
857.596	7000
858.186	2000
859.957	12000
860.056	2000
860.224	9000
860.983	3000
861.236	1000
861.32	2000
861.489	1000
861.573	1000
861.658	1000
861.742	1000
861.826	1000
861.911	1000
861.995	1000
862.079	1000
862.164	1000
862.248	1000
862.332	1000
862.417	1000
862.501	1000
862.585	1000
862.67	1000
862.754	1000
862.838	1000
862.922	1000
863.007	1000
863.091	1000
863.175	1000
863.26	1000
863.344	1000
863.428	1000
863.513	1000
863.597	1000
863.681	1000
863.766	1000
863.85	1000
863.934	1000
866.801	33000
866.886	1000
866.97	1000
868.656	1000
868.741	15000
870.005	1000
870.09	1000
870.174	1000
870.258	1000
870.343	1000
870.427	1000
870.511	1000
870.596	1000
870.68	1000
870.764	1000
870.849	1000
870.933	1000
871.017	1000
871.102	1000
871.186	1000
871.27	1000
871.354	1000
871.439	1000
871.523	1000
871.607	1000
871.692	1000
871.776	1000
871.86	1000
871.945	1000
872.029	1000
872.113	1000
872.198	1000
872.282	1000
872.366	1000
875.655	9000
876.076	1000
876.161	7000
878.932	14000
879.03	4000
879.368	1000
879.452	1000
880.885	7000
881.897	19000
881.982	1000
882.066	1000
882.15	1000
882.234	1000
882.319	1000
882.403	1000
884.09	10000
884.933	3000
887.547	15000
887.645	7000
888.236	17000
889.669	2000
889.838	1000
889.922	1000
890.006	1000
890.091	1000
890.175	1000
890.259	1000
890.344	1000
890.428	1000
890.512	1000
890.596	1000
892.789	21000
897.258	7000
897.356	32000
898.031	2000
898.2	2000
898.368	2000
898.537	7000
899.127	3000
899.38	1000
899.464	1000
899.549	1000
899.633	1000
899.717	1000
899.802	1000
899.886	1000
899.97	1000
900.055	1000
900.139	1000
900.223	1000
900.308	1000
900.392	1000
900.476	1000
904.777	4000
907.222	15000
909.414	6000
911.438	3000
916.636	27000
916.735	1000
916.819	6000
917.325	9000
918.084	21000
923.282	40000
928.48	1000
928.778	1000
929.077	1000
929.161	1000
929.26	1000
929.344	1000
929.429	1000
929.513	1000
929.597	1000
930.272	7000
930.356	1000
930.44	1000
930.525	1000
930.609	1000
930.693	1000
930.778	1000
931.452	7000
931.537	1000
931.621	1000
931.705	1000
931.79	1000
931.874	1000
931.958	1000
932.043	1000
932.127	1000
932.211	1000
932.886	6000
935.827	15000
935.926	6000
936.432	1000
936.516	1000
936.6	1000
936.685	1000
936.769	1000
936.853	1000
936.938	1000
937.022	1000
937.106	1000
937.191	1000
937.275	1000
937.359	1000
937.443	1000
937.528	1000
937.612	1000
937.696	1000
937.781	1000
939.72	4000
940.563	6000
941.491	5000
942.334	16000
943.599	7000
944.189	8000
944.864	25000
945.538	12000
945.623	1000
945.707	1000
945.791	1000
945.875	1000
946.044	1000
946.213	1000
946.297	1000
946.466	1000
946.55	1000
946.634	1000
946.719	1000
946.803	1000
948.068	13000
948.152	1000
948.236	1000
948.321	1000
949.417	4000
949.839	12000
949.923	1000
950.007	1000
951.019	11000
951.103	1000
951.188	1000
951.272	1000
951.356	1000
951.441	1000
951.525	1000
951.609	1000
951.694	1000
951.778	1000
951.862	1000
951.947	1000
952.031	1000
952.115	1000
952.199	1000
952.284	1000
952.368	1000
953.38	2000
953.802	13000
953.886	1000
953.97	1000
954.055	1000
954.139	1000
954.223	1000
954.307	1000
954.392	1000
954.476	1000
955.488	8000
955.91	7000
956.753	9000
956.837	1000
956.921	1000
957.006	1000
957.09	1000
957.174	1000
957.259	1000
957.343	1000
957.427	1000
957.512	1000
957.596	1000
957.68	1000
957.765	1000
957.849	1000
957.933	1000
958.018	1000
958.102	1000
958.186	1000
959.029	9000
959.114	1000
959.198	1000
959.282	1000
959.367	1000
959.451	1000
959.535	1000
959.62	1000
959.704	1000
959.788	1000
959.873	1000
959.957	1000
960.041	1000
960.126	1000
960.21	1000
960.294	1000
960.379	1000
960.463	1000
960.547	1000
960.631	1000
960.716	1000
960.8	1000
960.884	1000
960.969	1000
961.053	1000
961.137	1000
961.222	1000
962.065	4000
962.318	7000
962.402	1000
962.487	1000
962.571	1000
962.655	1000
962.739	1000
962.824	1000
962.908	1000
962.992	1000
963.077	1000
963.161	1000
963.245	1000
963.33	1000
963.414	1000
963.498	1000
963.583	1000
963.667	1000
963.751	1000
963.836	1000
963.92	1000
964.004	1000
964.089	1000
964.173	1000
964.257	1000
964.342	1000
964.426	1000
964.51	1000
964.595	1000
964.679	1000
965.522	7000
965.775	3000
966.365	7000
966.45	1000
966.534	1000
966.618	1000
966.703	1000
966.787	1000
966.871	1000
966.955	1000
967.04	1000
967.124	1000
967.208	1000
967.293	1000
967.377	1000
967.461	1000
967.546	1000
967.63	1000
967.714	1000
967.799	1000
967.883	1000
967.967	1000
968.052	1000
968.136	1000
968.22	1000
968.305	1000
968.979	7000
969.063	1000
969.148	1000
969.232	1000
969.316	1000
969.401	1000
969.485	1000
969.569	1000
969.654	1000
969.738	1000
969.822	1000
969.907	1000
969.991	1000
970.075	1000
970.16	1000
970.244	1000
970.328	1000
970.413	1000
970.497	1000
970.581	1000
970.666	1000
971.34	3000
971.509	5000
971.593	1000
971.677	1000
971.762	1000
971.846	1000
971.93	1000
972.015	1000
972.099	1000
972.183	1000
972.268	1000
972.352	1000
972.436	1000
972.521	1000
972.605	1000
972.689	1000
972.774	1000
972.858	1000
972.942	1000
973.027	1000
973.111	1000
973.195	1000
973.279	1000
973.364	1000
973.448	1000
973.532	1000
973.617	1000
973.701	1000
973.785	1000
973.87	1000
973.954	1000
974.038	1000
974.123	1000
974.207	1000
974.291	1000
974.376	1000
974.46	1000
974.544	1000
974.629	1000
974.713	1000
974.797	1000
974.882	1000
974.966	1000
975.978	11000
976.062	1000
976.146	1000
977.074	4000
977.327	4000
977.664	4000
978.001	5000
978.76	9000
978.845	1000
978.929	1000
979.013	1000
979.098	1000
979.182	1000
979.266	1000
979.351	1000
979.435	1000
979.519	1000
979.603	1000
979.688	1000
979.772	1000
979.856	1000
979.941	1000
980.025	1000
980.109	1000
980.194	1000
980.278	1000
980.362	1000
980.447	1000
980.531	1000
980.615	1000
980.7	1000
980.784	1000
980.868	1000
980.953	1000
981.796	9000
981.88	1000
981.964	1000
982.049	1000
982.133	1000
982.217	1000
982.302	1000
982.386	1000
982.47	1000
982.555	1000
982.639	1000
983.482	9000
983.567	1000
983.651	1000
983.735	1000
983.819	1000
983.904	1000
984.747	9000
984.831	1000
984.916	1000
985	1000
985.084	1000
985.169	1000
985.253	1000
985.337	1000
985.422	1000
985.506	1000
985.59	1000
985.675	1000
985.759	1000
985.843	1000
985.927	1000
986.012	1000
986.096	1000
986.18	1000
986.265	1000
986.349	1000
986.433	1000
986.518	1000
986.602	1000
986.686	1000
986.771	1000
986.855	1000
986.939	1000
987.024	1000
987.108	1000
987.192	1000
987.277	1000
987.361	1000
987.445	1000
987.53	1000
987.614	1000
987.698	1000
987.783	1000
987.867	1000
987.951	1000
988.035	1000
988.12	1000
988.204	1000
988.288	1000
988.373	1000
988.457	1000
988.541	1000
988.626	1000
988.71	1000
988.794	1000
988.879	1000
988.963	1000
989.047	1000
989.132	1000
989.216	1000
990.818	8000
991.493	16000
992.251	1000
992.336	1000
992.42	1000
992.504	1000
992.589	1000
992.673	1000
993.685	5000
994.612	12000
995.118	1000
995.203	1000
995.287	1000
995.371	1000
995.456	1000
995.54	1000
995.624	1000
995.709	1000
995.877	1000
996.046	1000
996.215	1000
996.383	1000
996.552	1000
996.636	1000
996.72	1000
996.889	1000
996.973	1000
997.142	1000
997.311	1000
997.479	1000
998.407	6000
998.491	1000
998.575	1000
998.66	1000
998.828	1000
998.913	1000
998.997	1000
999.081	1000
