0.909792	1000
1.51866	1000
3.54525	5000
3.55368	1000
4.16254	1000
4.17098	1000
4.17941	1000
4.98827	3000
5.59714	4000
6.206	4000
6.2313	1000
6.28044	1000
7.51504	1000
8.1239	1000
8.73276	7000
9.34163	2000
9.35006	1000
9.35849	1000
9.36692	1000
10.5762	8000
11.1851	1000
11.9939	1000
12.0024	1000
12.6112	1000
12.6197	1000
12.6281	1000
13.2285	1000
13.237	1000
14.4631	4000
16.1322	4000
16.741	1000
20.9313	3000
21.5401	1000
22.349	1000
22.3574	1000
22.9663	1000
22.9747	1000
24.2093	4000
24.8182	2000
24.835	1000
25.427	1000
25.4355	1000
25.6439	1000
26.0443	1000
27.2874	7000
27.8962	1000
28.7051	1000
28.7135	1000
29.3224	1000
29.3308	1000
31.0035	5000
31.6124	1000
33.5292	3000
34.1381	1000
34.947	1000
34.9554	1000
38.8936	4000
39.5025	1000
39.5109	1000
39.5194	1000
40.9371	5000
41.546	1000
41.5544	1000
41.5628	1000
41.5713	1000
42.1633	1000
42.1717	1000
43.3894	7000
45.0281	4000
45.637	1000
45.6454	1000
46.2543	1000
46.2627	1000
46.8716	1000
46.88	1000
46.8884	1000
47.4889	1000
47.4973	1000
48.7234	6000
49.3323	1000
49.3407	1000
49.3492	1000
49.3576	1000
50.5922	2000
51.2011	5000
51.8099	1000
51.8184	1000
51.8268	1000
52.4272	1000
52.4357	1000
52.6357	1000
52.6441	1000
53.0445	1000
53.053	1000
53.253	1000
53.2614	1000
53.2698	1000
53.6618	1000
55.5602	1000
56.1691	7000
57.4037	4000
57.4121	1000
58.6382	4000
59.2471	1000
59.856	2000
60.4648	5000
60.4733	1000
60.4817	1000
60.4901	1000
60.4986	1000
61.6994	5000
61.7163	1000
61.7247	1000
62.1295	1000
62.934	1000
63.5429	4000
64.6324	5000
66.3308	3000
66.9397	1000
66.9481	1000
66.9565	1000
67.557	1000
68.9747	6000
68.9915	1000
69.592	1000
69.6004	1000
69.6088	1000
69.8004	1000
70.1148	1000
71.8275	1000
72.4364	1000
72.4448	1000
73.0453	1000
73.0537	3000
73.6626	1000
74.2883	4000
74.2967	1000
74.3051	1000
74.3136	1000
74.8718	1000
76.1317	7000
76.7406	1000
77.5495	1000
77.5579	1000
79.2348	5000
79.8436	1000
80.6525	1000
80.6609	1000
81.2698	1000
81.2782	1000
82.5128	5000
83.1217	1000
84.8153	2000
86.492	3000
87.1009	1000
89.0144	3000
89.6233	1000
90.4322	1000
90.4406	1000
91.0495	1000
91.0579	1000
91.0663	1000
91.6668	1000
91.6752	1000
91.8752	1000
93.8158	7000
94.4247	1000
96.3678	2000
96.9767	1000
96.9851	1000
98.7213	5000
99.3302	1000
100.139	1000
100.147	1000
100.756	1000
100.765	1000
101.999	6000
102.608	1000
103.417	1000
105.356	3000
105.965	1000
106.774	1000
106.782	1000
107.391	1000
116.089	1000
116.698	3000
117.307	2000
117.323	1000
117.915	1000
117.924	1000
119.158	4000
119.767	2000
119.784	1000
119.793	1000
120.376	1000
120.385	1000
120.393	1000
122.335	1000
122.944	6000
123.553	1000
123.561	1000
123.57	1000
124.17	1000
124.179	1000
124.379	1000
124.788	1000
124.796	1000
124.804	1000
125.188	1000
125.405	1000
125.413	1000
125.422	1000
125.613	1000
125.996	1000
126.022	1000
126.031	1000
126.222	1000
126.231	1000
126.239	1000
126.631	1000
126.64	1000
127.474	2000
128.083	8000
128.091	1000
128.683	1000
128.691	1000
128.7	1000
128.708	1000
128.717	1000
128.9	1000
129.3	1000
129.309	1000
129.317	1000
130.526	5000
131.135	4000
131.744	1000
131.753	1000
131.761	1000
132.387	3000
132.395	1000
132.404	1000
132.412	1000
132.97	1000
133.004	1000
133.012	1000
133.83	7000
134.439	1000
135.047	2000
135.656	9000
135.665	1000
135.673	1000
135.682	1000
135.69	1000
136.333	1000
136.942	6000
137.55	8000
138.159	8000
138.768	1000
138.777	1000
138.785	1000
138.793	1000
138.802	1000
138.81	1000
138.819	1000
139.436	2000
139.444	1000
139.453	1000
139.994	1000
140.011	1000
140.036	1000
140.053	1000
140.07	1000
140.628	1000
140.637	1000
140.645	1000
140.662	1000
140.679	1000
140.887	1000
140.896	1000
141.254	1000
141.271	1000
141.279	1000
141.296	1000
142.097	3000
142.706	1000
143.315	6000
144.989	8000
145.598	4000
146.207	1000
146.215	1000
146.824	1000
148.724	2000
149.333	2000
149.942	1000
149.95	1000
149.959	1000
150.559	1000
150.568	1000
150.768	1000
151.177	1000
151.185	1000
151.193	1000
151.577	1000
151.794	1000
153.028	7000
154.76	1000
155.569	1000
157.508	3000
158.116	1000
158.925	1000
158.934	1000
159.543	1000
159.551	1000
159.559	1000
160.16	1000
160.168	1000
160.177	1000
160.368	1000
160.777	1000
162.012	7000
162.621	1000
163.429	1000
163.438	1000
164.047	1000
164.055	1000
164.064	1000
164.664	1000
166.09	1000
166.699	4000
168.451	4000
169.06	1000
171.002	2000
171.611	1000
171.619	1000
172.228	1000
172.236	1000
173.97	1000
174.579	3000
176.313	1000
176.922	3000
177.53	1000
177.539	1000
177.547	1000
178.148	1000
178.156	1000
178.356	1000
178.365	1000
178.765	1000
178.774	1000
178.974	1000
178.982	1000
178.99	1000
179.382	1000
179.391	1000
180.609	3000
182.278	3000
182.887	2000
182.904	1000
183.496	1000
183.504	1000
183.713	1000
185.13	6000
185.348	1000
185.748	1000
185.756	1000
185.765	1000
185.773	1000
186.157	1000
186.257	1000
186.348	1000
186.373	1000
186.382	1000
186.866	1000
188.192	3000
188.8	2000
189.409	1000
189.418	3000
190.035	1000
190.043	1000
190.052	1000
190.627	1000
190.635	1000
190.661	1000
190.869	1000
190.878	1000
192.112	3000
192.721	3000
194.33	2000
195.939	2000
196.548	1000
197.357	1000
199.262	5000
199.871	1000
201.793	3000
203.514	1000
204.323	1000
205.132	1000
205.14	1000
206.868	5000
208.596	1000
209.405	1000
210.213	1000
212.134	3000
212.743	1000
213.552	1000
213.56	1000
214.169	1000
215.913	6000
216.522	1000
220.692	3000
221.301	1000
222.11	1000
222.118	1000
222.727	1000
222.736	1000
222.744	1000
223.344	1000
223.353	1000
223.553	1000
225.179	3000
225.788	3000
226.397	1000
226.406	1000
227.015	3000
227.023	1000
227.031	1000
227.04	1000
227.048	1000
227.632	1000
227.64	1000
227.649	1000
227.657	1000
227.666	1000
227.674	1000
228.249	1000
228.258	1000
228.266	1000
228.274	1000
228.283	1000
228.291	1000
228.3	1000
228.866	1000
228.875	1000
229.517	5000
230.126	6000
230.135	1000
230.727	1000
230.735	1000
230.744	1000
230.752	1000
230.944	1000
231.344	1000
231.352	1000
231.361	1000
231.369	1000
231.378	1000
232.595	2000
233.204	8000
233.213	1000
233.805	1000
235.531	2000
237.241	2000
238.95	2000
239.559	2000
239.576	1000
240.385	3000
240.393	1000
240.785	1000
241.594	1000
242.203	2000
242.812	4000
243.421	8000
244.03	1000
244.655	3000
244.664	1000
244.672	1000
244.681	1000
245.264	1000
245.281	1000
246.507	1000
247.116	5000
247.725	1000
247.733	1000
247.742	1000
248.976	5000
249.585	2000
249.602	1000
249.611	1000
250.194	1000
250.203	1000
251.42	7000
251.446	1000
252.655	7000
253.264	3000
253.289	1000
253.297	1000
253.873	1000
254.498	6000
255.107	3000
255.124	1000
255.933	3000
255.941	1000
256.75	3000
256.759	1000
257.567	1000
258.176	6000
258.785	3000
259.394	1000
259.403	1000
259.411	1000
260.003	3000
260.028	1000
260.612	1000
261.855	8000
262.063	1000
262.472	1000
262.481	1000
263.681	8000
264.08	1000
264.299	1000
264.924	2000
265.533	2000
266.142	7000
266.151	1000
266.159	1000
266.167	1000
267.785	6000
268.394	1000
269.203	1000
269.211	1000
269.82	1000
269.828	1000
269.837	1000
270.437	1000
270.446	1000
272.101	3000
273.756	3000
274.365	1000
276.271	3000
276.88	1000
277.689	1000
277.697	1000
278.306	1000
278.315	1000
278.323	1000
278.924	1000
280.35	6000
280.959	1000
281.768	1000
281.776	1000
282.385	1000
282.393	1000
282.402	1000
283.002	1000
283.011	1000
283.019	1000
283.211	1000
283.619	1000
283.628	1000
284.846	4000
285.454	1000
285.463	2000
286.681	3000
287.289	3000
287.898	1000
287.907	1000
287.915	1000
287.924	1000
287.932	1000
288.524	1000
288.532	1000
288.541	1000
288.741	1000
288.749	1000
289.141	1000
291.088	5000
291.697	3000
291.722	1000
292.531	4000
293.14	3000
293.532	1000
294.341	4000
294.95	3000
294.958	1000
295.592	1000
296.201	8000
296.21	1000
296.218	1000
296.776	1000
296.785	1000
297.394	6000
298.002	4000
298.611	4000
298.62	1000
298.628	1000
298.637	1000
298.645	1000
298.653	1000
299.245	1000
299.262	1000
299.279	1000
299.288	1000
299.829	1000
299.846	1000
300.455	1000
301.064	7000
301.072	1000
301.08	1000
301.089	1000
302.315	2000
302.924	1000
302.932	2000
303.541	5000
304.15	3000
304.175	1000
304.184	1000
304.759	1000
304.767	1000
306.516	10000
307.124	1000
307.933	1000
307.942	1000
308.551	1000
308.559	1000
308.568	1000
309.994	6000
310.603	1000
311.411	1000
311.42	1000
313.17	5000
313.779	1000
314.588	1000
314.596	1000
315.205	1000
315.213	1000
315.222	1000
315.822	1000
315.831	1000
316.031	1000
316.039	1000
316.44	1000
316.448	1000
316.648	1000
316.656	1000
316.665	1000
317.883	8000
318.483	1000
318.491	1000
318.5	1000
318.508	1000
319.726	3000
320.335	5000
320.944	1000
320.952	1000
322.178	6000
322.787	1000
323.596	1000
323.605	1000
324.213	1000
325.839	4000
326.448	1000
327.257	1000
327.265	1000
327.874	1000
327.883	1000
327.891	1000
328.491	1000
329.918	4000
330.526	3000
331.135	1000
331.144	1000
331.152	1000
332.57	6000
332.979	1000
333.187	1000
333.196	1000
333.204	1000
333.213	1000
333.671	1000
333.788	1000
333.805	1000
333.821	1000
333.83	1000
334.397	1000
334.405	1000
334.413	1000
334.43	1000
334.439	1000
334.639	1000
335.656	3000
336.265	2000
336.874	3000
337.483	2000
337.5	1000
338.092	1000
338.1	1000
338.109	1000
338.317	1000
338.709	1000
339.743	7000
340.344	1000
340.352	1000
340.361	1000
340.369	1000
340.378	1000
340.961	1000
340.97	1000
340.978	1000
340.986	1000
340.995	1000
341.186	1000
341.578	1000
341.587	1000
341.595	1000
341.604	1000
341.612	1000
341.795	1000
342.821	10000
344.056	2000
344.665	6000
345.274	1000
345.282	1000
345.291	1000
345.299	1000
345.307	1000
345.899	1000
346.525	4000
346.534	1000
346.542	1000
346.725	1000
347.109	1000
348.143	8000
348.752	1000
348.76	1000
348.769	1000
348.777	1000
348.785	1000
348.794	1000
349.369	1000
349.377	1000
349.386	1000
349.394	1000
349.403	1000
349.411	1000
349.42	1000
349.986	1000
349.995	1000
350.003	1000
350.012	1000
350.02	1000
350.029	1000
350.037	1000
350.229	1000
350.604	1000
350.612	1000
350.621	1000
350.629	1000
350.637	1000
350.646	1000
351.83	12000
352.439	3000
352.464	1000
352.472	1000
352.481	1000
353.673	5000
354.282	2000
354.891	2000
355.5	7000
356.109	1000
356.117	1000
356.126	1000
356.726	1000
356.734	1000
357.969	6000
358.578	1000
359.387	1000
359.395	1000
360.004	1000
361.63	4000
362.239	1000
363.048	1000
363.056	1000
364.691	5000
365.3	1000
366.109	1000
366.117	1000
366.726	1000
366.734	1000
366.743	1000
367.343	1000
367.352	1000
368.578	7000
370.257	1000
371.066	1000
371.875	1000
371.883	1000
372.492	1000
372.5	1000
372.509	1000
373.927	6000
374.344	1000
374.544	1000
374.552	1000
374.561	1000
375.047	1000
378.926	2000
379.535	3000
380.144	1000
380.153	1000
381.387	2000
381.996	4000
382.605	1000
383.231	2000
384.88	5000
385.488	1000
386.297	1000
388.2	5000
389.903	1000
390.712	1000
391.521	1000
391.529	1000
392.138	1000
392.146	1000
392.155	1000
392.755	1000
394.173	4000
394.782	2000
394.799	1000
394.807	1000
395.391	1000
396.634	5000
397.243	1000
397.251	1000
397.259	1000
397.268	1000
397.86	1000
397.868	1000
397.877	1000
397.885	1000
397.894	1000
398.477	1000
398.486	1000
398.494	1000
398.502	1000
398.511	1000
398.702	1000
399.729	9000
400.321	1000
400.329	1000
400.337	1000
400.346	1000
400.354	1000
400.363	1000
400.938	1000
402.564	9000
404.172	3000
405.781	2000
406.39	1000
406.399	1000
408.007	5000
408.616	1000
409.425	1000
411.311	3000
411.92	1000
412.729	1000
412.738	1000
414.436	5000
415.045	1000
415.854	1000
415.862	1000
416.471	1000
416.479	1000
416.488	1000
417.088	1000
418.514	1000
419.123	6000
419.732	1000
419.741	1000
419.749	1000
420.349	1000
420.358	1000
420.558	1000
420.967	1000
420.975	1000
420.984	1000
421.367	1000
421.584	1000
421.592	1000
421.792	1000
421.801	1000
422.176	1000
422.201	1000
422.21	1000
422.41	1000
422.418	1000
422.427	1000
422.81	1000
422.819	1000
423.019	1000
423.027	1000
423.035	1000
424.245	1000
424.854	9000
426.088	1000
427.789	7000
431.674	1000
432.483	1000
433.292	1000
433.301	1000
433.909	1000
433.918	1000
433.926	1000
434.527	1000
434.535	1000
434.544	1000
434.735	1000
435.144	1000
435.152	1000
435.161	1000
436.979	4000
437.588	1000
437.596	3000
438.205	1000
439.448	7000
439.465	1000
440.066	1000
440.074	1000
440.082	1000
440.091	1000
440.274	1000
441.3	8000
441.884	1000
441.901	1000
441.917	1000
442.543	6000
442.552	1000
442.56	1000
442.568	1000
443.177	1000
443.377	1000
443.386	1000
443.727	1000
443.761	1000
443.995	1000
444.203	1000
444.378	1000
444.387	1000
444.395	1000
444.595	1000
444.812	1000
444.987	1000
445.004	1000
445.012	1000
445.212	1000
445.221	1000
445.596	1000
445.613	1000
445.621	1000
445.813	1000
445.83	1000
445.838	1000
447.064	1000
447.673	3000
448.282	6000
448.29	1000
448.299	1000
448.908	1000
449.533	4000
450.142	5000
450.151	1000
450.159	1000
450.168	1000
450.776	1000
450.785	1000
450.793	1000
451.36	1000
451.394	1000
451.402	1000
451.602	1000
452.828	7000
453.437	1000
454.246	1000
454.255	1000
454.863	1000
454.872	1000
454.88	1000
455.481	1000
455.489	1000
455.689	1000
455.698	1000
456.098	1000
456.106	1000
456.306	1000
456.315	1000
456.323	1000
457.549	1000
458.158	7000
458.167	1000
458.767	1000
460.493	4000
461.102	4000
461.711	1000
461.72	1000
462.946	5000
463.555	1000
463.563	1000
463.572	1000
464.989	6000
465.598	1000
465.607	1000
465.615	1000
469.294	2000
469.903	1000
469.911	3000
470.52	1000
470.529	1000
472.138	1000
472.746	3000
473.355	1000
473.364	1000
473.372	1000
474.798	4000
475.407	2000
476.633	3000
477.242	2000
477.259	1000
477.851	1000
477.86	1000
477.868	1000
478.076	1000
478.468	1000
479.503	4000
480.111	3000
481.85	5000
482.458	1000
483.267	1000
483.276	1000
483.885	1000
483.893	1000
483.901	1000
484.502	1000
484.51	1000
484.519	1000
486.49	3000
487.098	4000
488.325	3000
488.933	4000
489.542	1000
489.551	1000
489.559	1000
489.568	1000
489.576	1000
491.552	2000
492.161	5000
492.769	1000
492.778	1000
492.786	1000
492.795	1000
494.562	6000
495.171	1000
495.98	1000
495.988	1000
496.597	1000
496.605	1000
496.614	1000
497.214	1000
497.223	1000
498.457	2000
499.066	5000
499.675	1000
499.683	1000
499.692	1000
500.292	1000
500.301	1000
500.501	1000
502.136	3000
503.879	3000
504.487	1000
505.296	1000
505.305	1000
505.914	1000
505.922	1000
507.635	2000
508.244	4000
508.853	1000
508.862	1000
510.545	4000
511.154	1000
512.397	6000
513.006	1000
513.814	1000
515.751	3000
516.36	1000
518.298	3000
518.907	1000
523.073	3000
523.682	1000
524.491	1000
524.499	1000
525.108	1000
525.117	1000
525.125	1000
525.726	1000
526.969	5000
527.577	1000
527.586	1000
527.594	1000
527.603	1000
528.195	1000
528.203	1000
528.212	1000
530.135	1000
530.743	2000
531.352	2000
531.961	2000
531.978	1000
532.57	1000
532.579	1000
532.587	1000
532.795	1000
532.804	1000
533.187	1000
534.038	7000
534.639	1000
534.647	1000
534.656	1000
536.386	1000
536.994	4000
537.603	1000
537.612	2000
537.629	1000
538.212	1000
538.221	1000
538.229	1000
538.237	1000
539.455	6000
540.064	1000
540.072	1000
540.081	1000
540.089	1000
540.098	1000
540.681	1000
540.69	1000
540.698	1000
541.933	3000
542.542	5000
543.151	1000
543.159	1000
543.167	1000
543.176	1000
543.184	1000
543.776	1000
543.785	1000
543.793	1000
545.002	7000
545.594	1000
545.611	1000
546.837	2000
547.446	1000
547.455	5000
548.064	1000
548.072	1000
548.08	1000
548.664	1000
548.681	1000
550.375	2000
552.069	4000
555.934	1000
556.743	1000
557.552	1000
557.56	1000
558.169	1000
558.177	1000
558.186	1000
558.786	1000
558.795	1000
558.995	1000
559.003	1000
559.403	1000
560.238	7000
560.838	1000
562.073	8000
562.681	1000
564.599	2000
565.207	1000
565.216	1000
565.825	1000
565.833	1000
565.842	1000
566.442	1000
566.451	1000
566.651	1000
566.659	1000
567.059	1000
567.068	1000
567.268	1000
567.276	1000
567.285	1000
568.702	1000
569.311	7000
569.92	1000
569.929	1000
569.937	1000
578.511	3000
580.229	3000
580.838	1000
581.647	1000
581.655	1000
582.264	1000
582.272	1000
582.281	1000
583.699	6000
584.116	1000
584.316	1000
584.324	1000
585.551	7000
586.151	1000
586.159	1000
586.168	1000
586.176	1000
586.185	1000
586.768	1000
586.777	1000
586.785	1000
588.003	5000
589.705	2000
591.407	2000
592.016	1000
592.825	1000
592.833	1000
593.442	1000
593.451	1000
593.459	1000
597.661	2000
598.27	4000
598.879	1000
598.888	1000
598.896	1000
598.904	1000
598.913	1000
599.505	1000
599.513	1000
599.522	1000
599.722	1000
600.105	1000
600.122	1000
600.131	1000
600.331	1000
600.339	1000
601.548	8000
601.966	1000
602.157	1000
602.166	1000
602.174	1000
602.183	1000
603.409	2000
604.018	2000
605.163	7000
605.772	1000
605.781	1000
605.789	1000
605.798	1000
605.806	1000
606.39	1000
606.398	1000
606.406	1000
606.415	1000
606.615	1000
606.623	1000
607.007	1000
607.015	1000
607.024	1000
607.032	1000
607.232	1000
607.241	1000
607.249	1000
608.258	10000
609.485	5000
610.093	3000
610.119	1000
610.702	1000
610.711	1000
610.719	1000
610.728	1000
610.736	1000
610.936	1000
611.328	1000
611.336	1000
611.345	1000
611.545	1000
611.553	1000
611.562	1000
611.945	1000
611.954	1000
612.154	1000
612.162	1000
612.171	1000
612.179	1000
612.187	1000
612.563	1000
612.571	1000
612.771	1000
612.779	1000
612.788	1000
612.796	1000
612.996	1000
613.005	1000
613.18	1000
614.222	3000
614.831	1000
615.44	5000
616.049	5000
616.658	1000
616.666	1000
616.675	1000
616.683	1000
616.692	1000
616.7	1000
617.3	1000
617.309	1000
618.93	2000
619.539	2000
619.556	1000
620.148	1000
620.156	1000
620.165	1000
620.373	1000
620.765	1000
620.774	1000
620.974	1000
621.182	1000
621.383	1000
621.391	1000
621.399	1000
621.783	1000
621.991	1000
622	1000
622.008	1000
622.017	1000
622.208	1000
622.591	1000
622.609	1000
622.617	1000
622.626	1000
623.826	9000
624.435	2000
624.452	1000
624.461	1000
624.469	1000
625.67	4000
626.279	2000
626.888	4000
627.497	2000
627.513	1000
628.105	1000
628.114	1000
628.948	6000
629.54	1000
629.548	1000
629.565	1000
629.574	1000
629.582	1000
629.591	1000
630.157	1000
630.166	1000
630.817	9000
632.043	4000
632.652	3000
633.261	1000
633.269	1000
634.495	4000
636.148	4000
636.757	1000
637.566	1000
637.575	1000
638.183	1000
638.192	1000
638.2	1000
638.801	1000
638.809	1000
639.009	1000
639.018	1000
639.418	1000
639.427	1000
639.627	1000
639.635	1000
639.643	1000
640.035	1000
640.044	1000
641.061	8000
641.478	1000
641.67	1000
641.678	1000
641.687	1000
642.896	4000
643.505	4000
645.159	5000
645.768	1000
647.673	3000
648.282	1000
649.091	1000
649.099	1000
649.708	1000
653.537	2000
654.146	1000
654.155	1000
654.764	1000
654.772	1000
654.78	1000
656.607	2000
657.216	4000
658.918	2000
659.527	2000
660.761	1000
661.37	4000
661.979	1000
661.988	1000
662.596	1000
662.605	1000
662.613	1000
663.214	1000
663.222	1000
663.422	1000
664.848	3000
665.457	2000
665.474	2000
666.7	5000
667.309	1000
668.118	1000
668.126	1000
672.074	3000
672.683	2000
674.404	6000
675.013	1000
679.214	3000
680.954	1000
681.763	1000
682.572	1000
682.58	1000
683.189	1000
683.197	1000
683.206	1000
683.806	1000
683.815	1000
683.823	1000
684.015	1000
684.423	1000
684.432	1000
684.44	1000
684.623	1000
684.632	1000
685.041	1000
685.049	1000
685.232	1000
685.241	1000
685.249	1000
685.441	1000
685.658	1000
685.666	1000
685.85	1000
685.858	1000
685.866	1000
686.05	1000
686.058	1000
687.084	10000
687.502	1000
687.685	1000
687.693	1000
687.702	1000
688.919	3000
689.528	2000
691.257	4000
691.866	1000
692.675	1000
692.683	1000
694.414	5000
695.023	1000
695.832	1000
695.84	1000
696.449	1000
696.458	1000
696.466	1000
697.066	1000
698.501	1000
700.251	5000
700.86	1000
701.669	1000
701.677	1000
702.286	1000
704.03	2000
704.639	1000
704.647	1000
704.656	1000
705.256	1000
705.265	1000
705.465	1000
707.1	2000
708.844	3000
709.452	1000
711.213	4000
711.822	1000
712.631	1000
712.639	1000
713.248	1000
713.256	1000
713.265	1000
713.865	1000
713.874	1000
714.074	1000
714.082	1000
714.483	1000
714.491	1000
714.691	1000
714.7	1000
714.708	1000
715.1	1000
715.108	1000
715.308	1000
716.335	8000
716.943	1000
716.952	1000
716.96	1000
718.178	9000
718.787	1000
719.596	1000
719.604	1000
720.213	1000
720.221	1000
720.23	1000
721.656	6000
722.265	1000
724.186	3000
724.795	1000
725.604	1000
725.613	1000
726.221	1000
726.23	1000
743.133	1000
743.742	3000
744.351	1000
744.359	1000
744.368	1000
744.968	1000
744.977	1000
746.668	2000
747.277	1000
747.285	3000
747.894	1000
747.902	1000
747.911	1000
748.494	1000
748.511	1000
748.52	1000
748.72	1000
749.12	1000
749.129	1000
749.329	1000
749.337	1000
749.345	1000
750.563	6000
751.172	2000
751.18	1000
751.781	1000
753.735	1000
754.344	5000
754.953	1000
754.961	1000
754.97	1000
755.57	1000
755.579	1000
756.813	6000
757.422	1000
758.231	1000
762.431	3000
763.04	1000
763.848	1000
763.857	1000
765.598	5000
766.206	1000
767.015	1000
768.928	5000
770.64	1000
771.449	1000
772.258	1000
780.49	3000
781.099	1000
781.908	1000
781.916	1000
782.525	1000
782.533	1000
782.542	1000
783.142	1000
783.151	1000
784.377	6000
784.986	1000
786.928	2000
787.537	1000
787.546	1000
787.554	1000
788.155	1000
788.163	1000
788.363	1000
788.372	1000
788.772	1000
788.78	1000
788.98	1000
788.989	1000
790.207	6000
790.815	1000
790.824	1000
790.832	1000
790.841	1000
790.849	1000
791.433	1000
791.441	1000
791.45	1000
791.458	1000
791.466	1000
791.658	1000
792.05	1000
792.058	1000
792.067	1000
792.075	1000
792.267	1000
793.293	9000
793.902	1000
794.711	1000
794.719	1000
795.328	1000
795.336	1000
795.345	1000
795.945	1000
795.954	1000
797.18	7000
797.789	1000
798.598	1000
798.606	1000
799.215	1000
799.223	1000
800.869	4000
801.478	1000
801.486	1000
801.495	1000
801.503	1000
802.095	1000
802.104	1000
802.112	1000
802.121	1000
802.129	1000
802.713	1000
802.721	1000
802.729	1000
802.738	1000
802.746	1000
802.938	1000
803.33	1000
803.338	1000
803.347	1000
803.355	1000
803.547	1000
803.555	1000
803.564	1000
803.947	1000
803.956	1000
803.964	1000
803.972	1000
804.981	10000
805.39	1000
805.399	1000
805.607	1000
805.615	1000
805.624	1000
805.632	1000
805.641	1000
806.007	1000
806.016	1000
806.19	1000
807.059	5000
807.667	3000
808.276	3000
808.885	2000
808.902	1000
809.494	1000
809.502	1000
809.511	1000
809.719	1000
810.111	1000
812.055	1000
812.664	2000
813.273	1000
813.281	3000
813.899	1000
813.907	1000
813.915	1000
815.133	7000
815.35	1000
815.717	1000
816.351	6000
816.96	3000
816.968	1000
816.977	1000
816.985	1000
817.794	5000
817.802	1000
817.811	1000
818.177	1000
818.186	1000
818.22	1000
818.411	1000
818.428	1000
818.803	1000
818.812	1000
818.82	1000
819.02	1000
819.037	1000
819.245	1000
819.254	1000
819.429	1000
819.629	1000
819.646	1000
819.654	1000
819.854	1000
820.472	2000
821.08	10000
821.089	1000
821.097	1000
821.247	1000
821.447	1000
822.056	1000
823.793	16000
824.402	7000
824.461	7000
825.053	1000
825.061	1000
825.07	1000
825.078	1000
825.086	1000
825.095	1000
825.103	1000
825.112	1000
825.12	1000
825.129	1000
825.619	1000
825.628	1000
825.729	1000
826.346	5000
826.955	4000
826.964	1000
827.463	1000
827.471	1000
827.772	1000
828.08	1000
828.089	1000
828.697	4000
828.706	1000
828.782	1000
828.79	1000
828.799	1000
829.199	1000
829.315	1000
829.323	1000
829.332	1000
829.399	1000
829.407	1000
829.424	1000
829.924	1000
829.94	1000
829.949	1000
830.008	1000
830.016	1000
830.025	1000
830.242	1000
830.25	1000
830.549	1000
830.558	1000
830.608	1000
830.625	1000
830.834	1000
830.859	1000
830.867	1000
830.876	1000
831.15	1000
831.167	1000
831.234	1000
833.09	9000
833.699	4000
833.733	1000
833.741	1000
834.308	1000
835.542	2000
836.151	6000
836.76	1000
836.769	1000
836.777	1000
836.785	1000
838.394	6000
839.003	1000
839.812	1000
839.82	1000
840.429	1000
840.438	1000
840.446	1000
841.047	1000
841.055	1000
841.063	1000
842.29	4000
842.898	3000
842.907	1000
843.507	1000
843.516	1000
843.716	1000
843.724	1000
844.125	1000
844.133	1000
844.333	1000
844.342	1000
844.35	1000
845.568	8000
846.168	1000
846.177	1000
846.185	1000
846.193	1000
846.202	1000
846.21	1000
847.42	9000
848.028	1000
848.837	1000
848.846	1000
849.455	1000
849.463	1000
851.072	5000
852.681	1000
853.49	1000
854.298	1000
854.307	1000
854.916	1000
854.924	1000
854.933	1000
856.768	1000
857.377	5000
859.077	3000
860.777	1000
861.586	1000
862.395	1000
862.403	1000
863.012	1000
863.02	1000
863.029	1000
863.629	1000
863.638	1000
863.646	1000
863.838	1000
864.246	1000
864.255	1000
864.263	1000
864.446	1000
864.455	1000
865.673	6000
866.282	2000
866.29	1000
866.89	1000
866.899	1000
867.099	1000
867.508	1000
867.516	1000
867.525	1000
867.908	1000
868.125	1000
868.133	1000
868.142	1000
868.333	1000
868.717	1000
868.742	1000
868.751	1000
868.759	1000
868.942	1000
868.951	1000
869.985	6000
870.594	2000
871.203	2000
871.211	1000
871.82	1000
872.02	1000
872.029	1000
872.629	1000
872.638	1000
872.838	1000
873.246	1000
873.255	1000
873.263	1000
873.646	1000
875.064	3000
875.673	4000
876.282	1000
876.29	1000
876.299	1000
876.307	1000
876.899	1000
876.908	1000
876.916	1000
876.925	1000
877.517	1000
877.525	1000
877.533	1000
877.542	1000
877.55	1000
878.134	1000
878.142	1000
878.151	1000
878.159	1000
878.168	1000
879.385	2000
879.994	8000
881.689	2000
883.384	3000
885.079	3000
885.688	1000
886.497	1000
886.506	1000
887.115	1000
887.123	1000
887.131	1000
887.732	1000
887.74	1000
888.966	6000
889.575	1000
890.384	1000
890.393	1000
891.001	1000
892.69	3000
894.362	3000
896.034	1000
896.843	1000
897.652	1000
897.661	1000
898.269	1000
898.278	1000
899.936	5000
900.545	1000
901.354	1000
901.362	1000
901.971	1000
901.979	1000
901.988	1000
903.405	6000
903.823	1000
904.023	1000
904.648	2000
905.257	2000
905.866	5000
906.509	2000
907.118	3000
907.727	3000
907.735	1000
908.344	1000
908.352	1000
908.544	1000
908.791	1000
908.944	1000
908.97	1000
908.978	1000
909.361	1000
909.553	1000
909.562	1000
911.208	7000
911.817	1000
911.825	1000
913.043	7000
913.068	1000
913.66	1000
913.669	1000
913.677	1000
913.685	1000
913.877	1000
914.043	1000
914.261	1000
914.286	1000
914.294	1000
914.303	1000
915.52	2000
916.129	8000
916.138	1000
916.73	1000
916.738	1000
916.747	1000
916.755	1000
916.947	1000
916.955	1000
917.347	1000
917.355	1000
917.364	1000
918.573	7000
919.182	2000
919.19	1000
920.608	6000
921.025	1000
921.225	1000
921.234	1000
922.435	7000
923.044	1000
923.852	1000
923.861	1000
924.47	1000
924.478	1000
924.487	1000
925.087	1000
926.513	6000
927.122	1000
927.931	1000
927.939	1000
928.548	1000
932.35	4000
932.959	1000
933.768	1000
933.776	1000
934.385	1000
936.05	3000
936.659	2000
936.676	1000
937.268	1000
937.894	3000
937.902	1000
938.094	1000
938.102	1000
938.511	1000
938.519	1000
938.703	1000
938.711	1000
938.911	1000
939.111	1000
939.128	1000
939.137	1000
940.354	1000
940.963	9000
940.972	1000
941.564	1000
941.572	1000
941.581	1000
941.589	1000
941.597	1000
941.781	1000
942.181	1000
942.189	1000
942.198	1000
942.206	1000
943.407	7000
944.016	3000
944.041	1000
944.05	1000
944.625	1000
944.633	1000
944.642	1000
944.65	1000
944.659	1000
944.667	1000
945.876	5000
946.485	1000
946.494	3000
947.103	1000
947.111	1000
947.703	1000
949.337	3000
949.946	1000
949.954	1000
949.963	1000
950.563	1000
951.981	6000
951.998	1000
953.877	7000
954.486	2000
954.502	1000
954.511	1000
954.519	1000
955.094	1000
955.103	1000
955.111	1000
956.329	1000
956.938	6000
957.547	1000
957.555	1000
958.164	1000
958.973	1000
958.981	1000
959.59	1000
959.599	1000
959.607	1000
960.207	1000
961.634	3000
962.243	4000
962.851	1000
962.86	1000
962.868	1000
962.877	1000
964.52	6000
965.129	1000
965.938	1000
965.946	1000
967.618	1000
968.226	3000
968.835	1000
968.844	1000
976.676	1000
978.517	1000
979.326	1000
979.334	1000
979.943	1000
981.823	5000
982.432	1000
983.241	1000
983.249	1000
984.944	4000
985.553	1000
985.561	1000
985.569	1000
986.987	4000
987.596	2000
987.613	1000
987.621	1000
988.205	1000
988.213	1000
988.222	1000
988.23	1000
988.822	1000
988.831	1000
988.839	1000
988.847	1000
988.856	1000
989.439	1000
989.448	1000
990.674	2000
991.283	2000
991.3	4000
991.909	1000
991.917	1000
991.926	1000
992.501	1000
993.143	4000
993.152	1000
993.16	1000
993.169	1000
993.352	1000
993.752	1000
993.769	1000
993.777	1000
994.995	8000
995.604	1000
997.286	2000
997.895	1000
997.903	1000
998.512	1000
998.521	1000
998.529	1000
999.129	1000
