0.0 0
3.38356 3400
3.77651 4420
3.79227 3060
4.18794 3400
4.5584 3740
4.58361 2380
5.35605 2720
5.74541 1700
6.35605 340
6.74226 1700
7.74226 340
8.71469 680
9.10406 1360
9.49343 1700
10.269 1020
11.0414 1360
11.4308 680
11.817 1020
12.2032 1360
12.5958 680
12.982 1020
13.5713 1360
14.967 340
15.9394 680
17.5257 340
18.4981 680
19.0843 1020
19.8567 680
20.0843 340
20.243 2040
21.243 340
21.6292 1360
23.1803 1700
23.5697 2040
23.9591 1360
24.7315 1700
24.9347 2040
26.2921 1360
26.9091 340
27.6476 680
28.037 1020
28.8126 680
29.037 340
29.1988 2040
30.7563 1360
31.5287 1700
31.535 2040
33.0956 1360
33.868 1700
34.6436 1020
34.868 340
35.0298 2040
36.0298 340
37.0023 680
37.5885 1020
38.3609 680
38.5885 340
38.7471 1700
39.1365 2040
39.5259 2380
40.6908 1360
41.5046 340
42.477 680
44.0633 340
44.4495 1360
45.4495 340
47.8357 1360
48.8176 1700
49.2069 1020
49.9794 1360
51.1443 680
51.3687 340
51.5305 1020
53.4742 1360
53.6774 1700
54.0667 1020
55.0254 1360
55.2285 1700
56.9596 1020
57.3458 1360
57.549 1700
57.9415 1020
58.3277 1360
58.7139 1700
59.4864 1020
59.7139 340
59.8726 2380
60.262 2720
60.6482 1700
61.8068 2040
62.1962 1360
63.5824 340
64.5548 680
64.9442 1020
66.5367 340
72.6816 680
74.8497 340
77.8221 680
78.8221 340
79.7945 680
81.352 1020
81.7414 1360
82.1339 680
82.7414 340
83.1276 2380
83.9032 1360
84.2894 1700
84.3052 2040
84.6788 2380
85.0681 1360
85.4543 1700
85.6701 2040
85.8406 2380
87.7811 1360
88.5535 1700
88.7567 2040
88.9397 2380
89.3291 1360
89.7153 1700
90.1015 2040
90.1078 2380
90.8866 1360
91.5004 340
91.8866 1020
92.8866 340
93.859 680
94.2484 1020
94.6377 1360
95.4165 680
95.8027 1020
96.3921 1360
97.9464 680
98.1771 340
98.3326 1360
98.9283 1700
99.5007 2040
100.479 1360
101.1 340
102.072 680
103.072 340
104.044 680
105.044 340
106.017 680
107.382 1020
108.154 680
108.382 340
109.354 680
110.744 340
111.716 680
113.081 1020
114.081 340
115.053 680
115.832 1020
116.997 1360
117.2 1700
117.39 2040
117.779 1360
118.938 1700
119.327 1020
119.713 1360
120.099 1700
120.884 1020
121.271 1360
121.666 680
122.271 340
123.222 680
125.001 340
127.973 680
128.362 1020
129.73 1360
129.917 1700
130.12 2040
130.506 2380
130.512 2720
130.902 1700
132.288 340
132.674 2720
133.073 1700
133.842 2040
133.849 2380
134.235 1360
135.254 340
135.64 5780
136.067 3740
136.83 4080
137.197 2720
138.356 3060
138.362 3400
138.384 3740
138.745 4080
138.761 2720
140.147 340
140.534 6460
140.948 4420
142.334 340
142.721 3060
143.107 3400
144.496 340
145.469 680
146.055 1020
146.827 680
147.055 340
147.213 2040
147.803 2380
147.995 1360
148.768 1700
148.968 2040
149.157 2380
149.36 1360
149.747 1700
150.13 2040
150.516 2380
150.902 1360
151.681 1700
152.07 1020
152.456 1360
152.843 1700
153.621 1020
154.07 340
154.457 680
155.481 340
156.454 680
158.011 1020
158.4 1360
158.604 1700
158.79 2040
158.99 2380
159.176 2720
159.182 3060
159.379 3400
159.562 3740
159.572 4080
159.769 2720
160.541 3060
160.924 2040
162.31 340
162.696 2040
163.083 2380
163.688 2720
164.077 1700
165.64 340
165.799 1700
166.587 1020
167.964 340
168.35 3740
169.135 2380
169.907 2720
170.281 1700
171.053 2040
171.076 1360
171.848 1700
172.237 1020
172.624 1360
173.019 1700
174.19 1020
174.963 1360
175.166 1700
175.738 1020
176.125 1360
176.328 1700
178.062 1020
178.676 340
179.648 680
180.038 1020
180.43 1360
181.203 680
181.43 340
189.789 680
191.375 340
192.347 680
193.737 340
194.709 680
195.099 1020
196.653 1360
197.425 680
197.772 340
198.398 680
199.824 340
202.485 680
203.85 1020
204.622 680
204.85 340
205.822 680
207.379 1020
207.769 1360
207.972 1700
208.361 1020
208.972 340
209.358 2380
209.76 2720
210.526 1700
211.299 2040
211.502 2380
211.682 2720
212.068 1700
212.84 2040
212.853 2380
213.233 2720
213.629 1700
214.015 2040
214.218 2380
214.401 2720
214.797 1700
215.569 2040
215.772 2380
215.949 2720
216.545 1700
216.931 2040
217.32 2380
217.71 1360
218.492 1700
218.884 2040
219.087 2380
219.663 1360
220.828 1700
221.828 340
222.214 1360
222.61 680
223.392 1020
224.151 1360
226.092 1700
226.478 2040
226.877 1360
228.036 1700
228.042 2040
228.817 1360
229.976 1700
229.982 2040
230.372 1360
231.53 1700
231.537 2040
233.085 1360
233.471 1700
233.857 2040
234.256 1360
234.863 340
237.25 1360
238.032 680
238.418 1020
238.807 1360
241.143 1700
241.73 1020
242.502 1360
242.695 1700
244.249 1020
244.635 1360
244.841 1700
245.614 1020
246 1360
246.396 1700
247.181 1020
247.995 340
250.381 1700
250.767 2040
250.78 2380
251.166 1360
251.938 1700
252.141 2040
252.324 2380
254.091 1360
254.879 340
255.851 680
256.241 1020
257.241 340
259.627 1020
260.412 1360
260.801 1700
260.807 2040
261.191 2380
261.58 2720
261.593 1700
262.368 2040
262.571 2380
262.957 2720
263.733 1700
264.505 2040
264.895 1360
266.057 1700
266.23 2040
266.616 1360
267.003 1700
267.209 2040
268.168 1360
268.94 1700
269.156 2040
271.276 1360
271.662 1700
272.046 2040
272.438 1360
272.824 1700
273.031 2040
274.989 340
275.375 1700
276.375 340
277.348 680
277.737 1360
278.127 1700
278.33 2040
278.716 1360
279.878 1700
280.647 2040
282.594 2380
282.983 2720
283.369 1700
284.161 2040
284.364 2380
284.553 2720
284.75 1700
285.523 2040
285.721 2380
285.915 1360
287.074 1700
287.283 2040
287.673 1360
288.059 1700
288.442 2040
288.828 1360
289.214 1700
289.224 2040
290.791 1360
291.56 1700
291.953 2040
292.342 1360
293.114 1700
293.121 2040
293.896 1360
294.669 1700
294.675 2040
295.837 1360
296.061 340
296.223 680
297.223 340
297.609 2040
298.005 2380
298.011 2720
298.385 3060
298.391 3400
298.404 3740
299.16 2380
299.933 2720
299.949 3060
300.322 3400
300.344 2380
301.104 2720
301.11 3060
301.313 3400
302.092 2380
302.865 2720
303.057 3060
303.248 3400
303.643 2380
304.416 2720
304.422 3060
304.625 3400
305.191 2380
306.011 340
306.398 4760
306.825 3060
307.211 3400
307.575 3740
307.588 4080
307.594 4420
307.968 3060
309.126 3400
309.513 3740
309.522 2380
309.911 2720
310.291 3060
310.298 3400
310.304 3740
310.687 2380
312.073 340
312.459 4760
313.846 340
314.818 680
315.207 1360
315.597 2040
315.603 2720
315.986 3400
316.382 3740
316.762 2380
317.559 2720
317.949 1700
318.559 340
318.946 3740
319.734 2380
321.12 340
321.279 1360
322.061 1700
323.222 1020
324.198 1360
324.401 1700
324.977 1020
325.363 1360
325.749 1700
326.145 1020
326.531 1360
326.92 1700
327.92 340
330.307 2380
330.696 2720
331.085 1700
332.25 2040
332.64 2380
332.646 2720
333.444 1700
333.83 2040
334.216 2380
334.605 2720
335.011 1700
336.169 2040
336.176 2380
336.549 2720
336.942 1700
337.328 2040
337.547 2380
337.711 2720
340.253 3060
340.643 3400
341.029 3740
341.042 2380
341.431 2720
341.801 3060
341.811 3400
342.191 3740
342.599 2380
342.985 2720
343.362 3060
343.372 3400
343.751 3740
344.945 2380
345.717 2720
345.92 3060
346.1 3400
346.486 2380
347.259 2720
347.465 1700
348.436 2040
348.64 2380
348.826 2720
349.598 1700
350.757 2040
350.763 2380
350.966 2720
351.925 1700
352.311 2040
352.694 1360
353.08 1700
353.287 2040
354.258 1360
354.644 1700
355.024 2040
355.42 1360
356.806 340
357.192 2380
357.588 1360
357.98 1700
358.184 1020
358.57 1360
358.759 1700
358.959 1020
359.342 1360
359.532 1700
359.732 1020
360.31 1360
360.697 1700
361.703 340
364.089 1020
364.865 680
365.637 1020
367.964 680
368.191 340
368.35 2040
368.743 1360
369.553 340
369.939 3400
370.326 3740
370.335 4080
370.351 4420
370.554 4760
370.715 5100
370.721 5440
370.728 5780
370.74 6120
371.104 4080
372.516 340
372.902 4420
373.706 4760
374.466 5100
374.839 3400
375.612 3740
375.64 2380
377.026 340
377.413 2380
377.799 2720
378.584 1700
379.97 340
386.356 1020
388.314 1360
388.517 1700
388.703 2040
388.903 2380
389.089 2720
389.482 3060
389.682 2040
391.068 340
393.627 680
394.992 1020
395.764 680
395.992 340
396.15 2040
397.312 1360
397.698 1700
397.905 2040
399.25 1360
399.636 1700
400.019 2040
