0.0 0
0.477645 3400
0.961467 3740
0.974075 4420
0.986683 5100
0.999291 5780
1.0119 6460
1.2182 6800
1.45073 7480
1.46334 8160
1.47594 8840
1.48855 9520
1.50116 10200
1.51377 10880
1.52638 11560
1.53898 12240
1.55159 12920
1.70746 13600
1.93999 14280
1.9526 14960
1.96521 15640
1.97781 16320
1.99042 17000
2.00303 17680
2.01564 18360
2.02825 19040
2.04085 19720
2.05346 20400
2.06607 21080
2.07868 21760
2.09129 22440
2.10389 23120
2.1165 23800
2.12911 24480
2.14172 25160
2.15433 25840
2.19673 26520
2.20933 27200
2.42925 27880
2.44186 28560
2.45447 29240
2.46708 29920
2.47968 30600
2.49229 31280
2.5049 31960
2.51751 32640
2.53012 33320
2.54272 34000
2.55533 34680
2.56794 35360
2.58055 36040
2.59316 36720
2.60576 37400
2.61837 38080
2.63098 38760
2.64359 39440
2.6562 40120
2.6688 40800
2.68141 41480
2.69402 42160
2.70663 42840
2.71924 43520
2.73184 44200
2.74445 44880
2.75706 45560
2.76967 46240
2.78228 46920
2.79488 47600
2.80749 48280
2.8201 48960
2.83271 49640
2.84532 50320
2.85792 51000
2.87053 51680
2.88314 52360
2.89575 53040
2.90836 53720
2.92096 54400
2.93357 55080
2.94618 55760
2.95879 56440
2.9714 57120
2.984 57800
2.99661 58480
3.00922 59160
3.02183 59840
3.03444 60520
3.04704 61200
3.05965 61880
3.07226 62560
3.08487 63240
3.09748 63920
3.11008 64600
3.12269 65280
3.1353 65960
3.14791 66640
3.16052 67320
3.17312 68000
3.18573 68680
3.19834 69360
3.21095 70040
3.22356 70720
3.23616 71400
3.24877 72080
3.26138 72760
3.27399 73440
3.2866 74120
3.2992 74800
3.31181 75480
3.32442 76160
3.33703 76840
3.34964 77520
3.36224 78200
3.37485 78880
3.38746 79560
3.40007 80240
3.41268 80920
3.42528 81600
3.43789 82280
3.4505 82960
3.46311 83640
3.47572 84320
3.48832 85000
3.50093 85680
3.51354 86360
3.52615 87040
3.53876 87720
3.55136 88400
3.56397 89080
3.57658 89760
3.58919 90440
3.6018 91120
3.6144 91800
3.62701 92480
3.63962 93160
3.65223 93840
3.66484 94520
3.67744 95200
3.69005 95880
3.70266 96560
3.71527 97240
3.72788 97920
3.74048 98600
3.75309 99280
3.7657 99960
3.77831 100640
3.79092 101320
3.80352 102000
3.81613 102680
3.82874 103360
3.84135 104040
3.85396 104720
3.86656 105400
3.87917 106080
3.89178 106760
3.90439 107440
3.917 108120
3.9296 108800
3.94221 109480
3.95482 110160
3.96743 110840
3.98004 111520
3.99264 112200
4.00525 112880
4.01786 113560
4.03047 114240
4.04308 114920
4.05568 115600
4.06829 116280
4.0809 116960
4.09351 117640
4.10612 118320
4.11872 119000
4.13133 119680
4.14394 120360
4.15655 121040
4.16916 121720
4.18176 122400
4.19437 123080
4.20698 123760
4.21959 124440
4.2322 125120
4.2448 125800
4.25741 126480
4.27002 127160
4.28263 127840
4.29524 128520
4.30784 129200
4.32045 129880
4.33306 130560
4.34567 131240
4.35828 131920
4.37088 132600
4.38349 133280
4.3961 133960
4.40871 134640
4.42132 135320
4.43392 136000
4.44653 136680
4.45914 137360
4.47175 138040
4.48436 138720
4.49696 139400
4.50957 140080
4.52218 140760
4.53479 141440
4.5474 142120
4.56 142800
4.57261 143480
4.58522 144160
4.59783 144840
4.61044 145520
4.62304 146200
4.63565 146880
4.64826 147560
4.66087 148240
4.67348 148920
4.68608 149600
4.69869 150280
4.7113 150960
4.72391 151640
4.73652 152320
4.74912 153000
4.76173 153680
4.77434 154360
4.78695 155040
4.79956 155720
4.81216 156400
4.82477 157080
4.83738 157760
4.84999 158440
4.8626 159120
4.8752 159800
4.88781 160480
4.90042 161160
4.91303 161840
4.92564 162520
4.93824 163200
4.95085 163880
4.96346 164560
4.97607 165240
4.98868 165920
5.00128 166600
5.01389 167280
5.0265 167960
5.03911 168640
5.05172 169320
5.06432 170000
5.07693 170680
5.09584 119340
8.40643 340
8.58196 1360
9.06736 1700
9.07367 2720
9.55032 3060
9.55662 4080
9.57554 4420
9.58184 5440
10.0333 5780
10.0396 6800
10.0585 7140
10.0648 8160
10.0837 8500
10.09 9520
10.1089 9860
10.1152 10880
10.5162 11220
10.5225 12240
10.5415 12580
10.5478 13600
10.5667 13940
10.573 14960
10.5919 15300
10.5982 16320
10.6171 16660
10.6234 17680
10.6423 18020
10.6486 19040
10.6675 19380
10.6738 20400
10.6927 20740
10.6991 21760
10.9992 22100
11.0055 23120
11.0244 23460
11.0307 24480
11.0496 24820
11.0559 25840
11.0748 26180
11.0811 27200
11.1001 27540
11.1064 28560
11.1253 28900
11.1316 29920
11.1505 30260
11.1568 31280
11.1757 31620
11.182 32640
11.2009 32980
11.2072 34000
11.2261 34340
11.2324 35360
11.2514 35700
11.2577 36720
11.2766 37060
11.2829 38080
11.3018 38420
11.3081 39440
11.327 39780
11.3333 40800
11.3522 41140
11.3585 42160
11.3774 42500
11.3837 43520
11.4822 43860
11.4885 44880
11.5074 45220
11.5137 46240
11.5326 46580
11.5389 47600
11.5578 47940
11.5641 48960
11.583 49300
11.5893 50320
11.6082 50660
11.6145 51680
11.6334 52020
11.6398 53040
11.6587 53380
11.665 54400
11.6839 54740
11.6902 55760
11.7091 56100
11.7154 57120
11.7343 57460
11.7406 58480
11.7595 58820
11.7658 59840
11.7847 60180
11.791 61200
11.81 61540
11.8163 62560
11.8352 62900
11.8415 63920
11.8604 64260
11.8667 65280
11.8856 65620
11.8919 66640
11.9108 66980
11.9171 68000
11.936 68340
11.9423 69360
11.9613 69700
11.9676 70720
11.9865 71060
11.9928 72080
12.0117 72420
12.018 73440
12.0369 73780
12.0432 74800
12.0621 75140
12.0684 76160
12.0873 76500
12.0936 77520
12.1126 77860
12.1189 78880
12.1378 79220
12.1441 80240
12.163 80580
12.1693 81600
12.1882 81940
12.1945 82960
12.2134 83300
12.3395 83640
12.4656 83980
12.5917 84320
12.7177 84660
12.8438 85000
12.9699 85340
13.096 85680
13.2221 86020
13.3481 86360
13.4742 86700
13.6003 87040
13.7264 87380
13.8272 60860
17.1126 340
17.5655 680
18.2211 1020
18.2274 1360
18.7041 1700
18.7104 2040
18.7167 2380
18.723 2720
19.187 3060
19.1933 3400
19.1996 3740
19.206 4080
19.2123 4420
19.2186 4760
19.2249 5100
19.2312 5440
19.67 5780
19.6763 6120
19.6826 6460
19.6889 6800
19.6952 7140
19.7015 7480
19.7078 7820
19.7141 8160
19.7204 8500
19.7267 8840
19.733 9180
19.7393 9520
19.7456 9860
19.752 10200
19.7583 10540
19.7646 10880
20.153 11220
20.1593 11560
20.1656 11900
20.1719 12240
20.1782 12580
20.1845 12920
20.1908 13260
20.1971 13600
20.2034 13940
20.2097 14280
20.216 14620
20.2223 14960
20.2286 15300
20.2349 15640
20.2412 15980
20.2475 16320
20.2538 16660
20.2601 17000
20.2664 17340
20.2727 17680
20.279 18020
20.2853 18360
20.2916 18700
20.2979 19040
20.3043 19380
20.3106 19720
20.3169 20060
20.3232 20400
20.3295 20740
20.3358 21080
20.3421 21420
20.3484 21760
20.6359 22100
20.6422 22440
20.6485 22780
20.6548 23120
20.6611 23460
20.6674 23800
20.6737 24140
20.68 24480
20.6863 24820
20.6927 25160
20.699 25500
20.7053 25840
20.7116 26180
20.7179 26520
20.7242 26860
20.7305 27200
20.7368 27540
20.7431 27880
20.7494 28220
20.7557 28560
20.762 28900
20.7683 29240
20.7746 29580
20.7809 29920
20.7872 30260
20.7935 30600
20.7998 30940
20.8061 31280
20.8124 31620
20.8187 31960
20.825 32300
20.8313 32640
20.8376 32980
20.8439 33320
20.8503 33660
20.8566 34000
20.8629 34340
20.8692 34680
20.8755 35020
20.8818 35360
20.8881 35700
20.8944 36040
20.9007 36380
20.907 36720
20.9133 37060
20.9196 37400
20.9259 37740
20.9322 38080
20.9385 38420
20.9448 38760
20.9511 39100
20.9574 39440
20.9637 39780
20.97 40120
20.9763 40460
20.9826 40800
20.9889 41140
20.9952 41480
21.0015 41820
21.0079 42160
21.0142 42500
21.1441 42840
21.2702 43180
21.3962 43520
21.5223 43860
21.6484 44200
21.7745 44540
21.9006 44880
21.9258 31280
24.4799 340
24.813 680
25.8217 1020
25.828 1360
26.3046 1700
26.3109 2040
26.3172 2380
26.3235 2720
26.7876 3060
26.7939 3400
26.8002 3740
26.8065 4080
26.8128 4420
27.2705 3060
27.785 3400
27.7976 3740
27.8607 4080
28.3184 4420
29.6853 4760
30.1683 5100
30.2124 5440
30.5196 5780
30.708 6120
30.7962 6460
31.1468 6800
31.2035 7140
31.6298 7480
32.1127 7820
32.4514 8160
32.5957 8500
32.6083 8840
32.6713 9180
32.7533 9520
32.9344 9860
33.0849 10200
33.1228 10540
33.1606 10880
33.2173 11220
33.4236 11560
33.4362 11900
33.5679 12240
33.5931 12580
33.6183 12920
33.6435 13260
33.6814 13600
33.7066 13940
33.7318 14280
33.9192 14620
34.0508 14960
34.0635 15300
34.0761 15640
34.1013 15980
34.1265 16320
34.1517 16660
34.1769 17000
34.2021 17340
34.24 17680
34.2652 18020
34.4084 18360
34.4211 18700
34.5464 19040
34.559 19380
34.5842 19720
34.5968 20060
34.6221 20400
34.6473 20740
34.6725 21080
34.6977 21420
34.7229 21760
34.7481 22100
34.7734 22440
34.7986 22780
34.8788 23120
34.904 23460
35.0168 23800
35.0294 24140
35.042 24480
35.0672 24820
35.0924 25160
35.1176 25500
35.1428 25840
35.1681 26180
35.1933 26520
35.2185 26860
35.2437 27200
35.2689 27540
35.2941 27880
35.3194 28220
35.3446 28560
35.3698 28900
35.395 29240
35.4202 29580
35.4997 29920
35.5249 30260
35.5501 30600
35.5754 30940
35.588 31280
35.6132 31620
35.6384 31960
35.6636 32300
35.6888 32640
35.7141 32980
35.7393 33320
35.7645 33660
35.7897 34000
35.8149 34340
35.8401 34680
35.8653 35020
35.8906 35360
35.9158 35700
35.941 36040
35.9662 36380
35.9914 36720
36.0166 37060
36.0419 37400
36.0545 37740
36.0797 38080
36.1049 38420
36.1301 38760
36.1553 39100
36.1679 39440
36.1932 39780
36.2184 40120
36.231 40460
36.2562 40800
36.2814 41140
36.3066 41480
36.3192 41820
36.3445 42160
36.3697 42500
36.3949 42840
36.4075 43180
36.4201 43520
36.4453 43860
36.4705 44200
36.4957 44540
36.5084 44880
36.5336 45220
36.5462 45560
36.5714 45900
36.584 46240
36.6092 46580
36.6344 46920
36.647 47260
36.6723 47600
36.6975 47940
36.7101 48280
36.7227 48620
36.7479 48960
36.7731 49300
36.7857 49640
36.7983 49980
36.8236 50320
36.8362 50660
36.8614 51000
36.874 51340
36.8992 51680
36.9118 52020
36.937 52360
36.9496 52700
36.9749 53040
36.9875 53380
37.0127 53720
37.0253 54060
37.0505 54400
37.0631 54740
37.0883 55080
37.1009 55420
37.1261 55760
37.1388 56100
37.164 56440
37.1766 56780
37.2018 57120
37.2144 57460
37.2396 57800
37.2522 58140
37.2774 58480
37.2901 58820
37.3153 59160
37.3279 59500
37.3531 59840
37.3657 60180
37.3909 60520
37.4035 60860
37.4287 61200
37.4413 61540
37.4666 61880
37.4792 62220
37.5044 62560
37.517 62900
37.5422 63240
37.5548 63580
37.58 63920
37.5926 64260
37.6179 64600
37.6305 64940
37.6557 65280
37.6683 65620
37.6935 65960
37.7061 66300
37.7313 66640
37.7439 66980
37.7692 67320
37.7818 67660
37.807 68000
37.8196 68340
37.8448 68680
37.8574 69020
37.8826 69360
37.8952 69700
37.9205 70040
37.9331 70380
37.9583 70720
37.9709 71060
37.9961 71400
38.0087 71740
38.0339 72080
38.0465 72420
38.0591 72760
38.0844 73100
38.097 73440
38.1096 73780
38.1222 74120
38.1348 74460
38.1474 74800
38.1726 75140
38.1852 75480
38.1978 75820
38.2104 76160
38.223 76500
38.2357 76840
38.2483 77180
38.2609 77520
38.2735 77860
38.2987 78200
38.3113 78540
38.3239 78880
38.3365 79220
38.3491 79560
38.3617 79900
38.3743 80240
38.3869 80580
38.3996 80920
38.4122 81260
38.4248 81600
38.4374 81940
38.45 82280
38.4626 82620
38.4752 82960
38.5004 83300
38.513 83640
38.5256 83980
38.5382 84320
38.5509 84660
38.5635 85000
38.5761 85340
38.5887 85680
38.6013 86020
38.6139 86360
38.6265 86700
38.6391 87040
38.6517 87380
38.6643 87720
38.6769 88060
38.6895 88400
38.7021 88740
38.7148 89080
38.7274 89420
38.74 89760
38.7526 90100
38.7652 90440
38.7778 90780
38.7904 91120
38.803 91460
38.8156 91800
38.8282 92140
38.8408 92480
38.8534 92820
38.8661 93160
38.8787 93500
38.8913 93840
38.9039 94180
38.9165 94520
38.9291 94860
38.9417 95200
38.9543 95540
38.9669 95880
38.9795 96220
38.9921 96560
39.0047 96900
39.0173 97240
39.03 97580
39.0426 97920
39.0552 98260
39.0678 98600
39.0804 98940
39.093 99280
39.1056 99620
39.1182 99960
39.1308 100300
39.1434 100640
39.156 100980
39.1686 101320
39.1813 101660
39.1939 102000
39.2065 102340
39.2191 102680
39.2317 103020
39.2443 103360
39.2569 103700
39.2695 104040
39.2821 104380
39.2947 104720
39.3073 105060
39.3199 105400
39.3325 105740
39.3452 106080
39.3578 106420
39.3704 106760
39.383 107100
39.3956 107440
39.4082 107780
39.4208 108120
39.4334 108460
39.446 108800
39.4586 109140
39.4712 109480
39.4838 109820
39.4965 110160
39.5091 110500
39.5217 110840
39.5343 111180
39.5469 111520
39.5595 111860
39.5721 112200
39.5847 112540
39.5973 112880
39.6099 113220
39.6225 113560
39.6351 113900
39.6477 114240
39.6604 114580
39.673 114920
39.6856 115260
39.6982 115600
39.7108 115940
39.7234 116280
39.736 116620
39.7486 116960
39.7612 117300
39.7738 117640
39.7864 117980
39.799 118320
39.8117 118660
39.8243 119000
39.8369 119340
39.8495 119680
39.8621 120020
39.8747 120360
39.8873 120700
39.8999 121040
39.9125 121380
39.9251 121720
39.9377 122060
39.9503 122400
39.9629 122740
39.9756 123080
39.9882 123420
40.0008 123760
40.0134 124100
40.026 124440
40.0386 124780
40.0512 125120
40.0638 125460
40.0764 125800
40.089 126140
40.1016 126480
40.1142 126820
40.1269 127160
40.1395 127500
40.1521 127840
40.171 89420
43.4229 340
43.4932 1360
44.3127 2380
44.3316 3400
44.8083 4420
44.8272 5440
44.8461 6460
44.865 7480
45.3038 8500
45.3228 9520
45.3417 10540
45.3606 11560
45.3795 12580
45.3984 13600
45.4173 14620
45.4362 15640
45.7994 16660
45.8183 17680
45.8372 18700
45.8561 19720
45.8751 20740
45.894 21760
45.9129 22780
45.9318 23800
45.9507 24820
45.9696 25840
45.9885 26860
46.0074 27880
46.0263 28900
46.0453 29920
46.0642 30940
46.0831 31960
46.295 32980
46.3139 34000
46.3328 35020
46.3517 36040
46.3706 37060
46.3895 38080
46.4084 39100
46.4274 40120
46.4463 41140
46.4652 42160
46.4841 43180
46.503 44200
46.5219 45220
46.5408 46240
46.5597 47260
46.5787 48280
46.5976 49300
46.6165 50320
46.6354 51340
46.6543 52360
46.6732 53380
46.6921 54400
46.711 55420
46.7299 56440
46.7489 57460
46.7678 58480
46.7867 59500
46.8056 60520
46.8245 61540
46.8434 62560
46.9569 62900
47.0893 63240
47.2217 63580
47.3351 63920
47.4675 64260
47.5999 64600
47.7134 64940
47.8458 65280
47.9781 65620
48.0538 45900
50.9338 340
52.0379 680
52.5209 1020
52.5272 1360
53.0038 1700
53.0101 2040
53.0164 2380
53.0227 2720
53.4868 3060
53.4931 3400
53.4994 3740
53.5057 4080
53.512 4420
53.5183 4760
53.5246 5100
53.5309 5440
53.9697 5780
53.976 6120
53.9824 6460
53.9887 6800
53.995 7140
54.0013 7480
54.0076 7820
54.0139 8160
54.0202 8500
54.0265 8840
54.0328 9180
54.0391 9520
54.0454 9860
54.0517 10200
54.058 10540
54.0643 10880
54.4527 11220
54.459 11560
54.4653 11900
54.4716 12240
54.4779 12580
54.4842 12920
54.4905 13260
54.4968 13600
54.5031 13940
54.5094 14280
54.5157 14620
54.522 14960
54.5284 15300
54.5347 15640
54.541 15980
54.5473 16320
54.5536 16660
54.5599 17000
54.5662 17340
54.5725 17680
54.5788 18020
54.5851 18360
54.5914 18700
54.5977 19040
54.604 19380
54.6103 19720
54.6166 20060
54.6229 20400
54.6292 20740
54.6355 21080
54.6418 21420
54.6481 21760
54.9357 22100
54.942 22440
54.9483 22780
54.9546 23120
54.9609 23460
54.9672 23800
54.9735 24140
54.9798 24480
54.9861 24820
54.9924 25160
54.9987 25500
55.005 25840
55.0113 26180
55.0176 26520
55.0239 26860
55.0302 27200
55.0365 27540
55.0428 27880
55.0491 28220
55.0554 28560
55.0617 28900
55.068 29240
55.0743 29580
55.0807 29920
55.087 30260
55.0933 30600
55.0996 30940
55.1059 31280
55.1122 31620
55.1185 31960
55.1941 32300
55.3202 32640
55.4754 22780
56.6731 23120
56.692 23460
56.7046 23800
56.7172 24140
56.7298 24480
56.7425 24820
56.7677 25160
56.7929 25500
56.8181 25840
56.8559 26180
56.8811 26520
56.919 26860
56.9568 27200
56.9946 27540
57.045 27880
57.1018 28220
57.2026 28560
57.3161 28900
57.4296 29240
57.5557 29580
57.6818 29920
57.7889 30260
57.9465 30600
58.0852 30940
58.2869 31280
58.5643 31620
58.9173 31960
59.4154 32300
60.487 32640
61.0292 32980
61.4578 33320
61.7478 33660
62.0126 34000
62.2017 34340
62.3845 34680
62.5484 35020
62.6808 35360
62.8006 35700
62.9078 36040
63.0086 36380
63.1221 36720
63.223 37060
63.3175 37400
63.4121 37740
63.4814 38080
63.5634 38420
63.6327 38760
63.7273 39100
63.784 39440
63.8534 39780
63.9101 40120
63.9858 40460
64.0551 40800
64.1055 41140
64.1623 41480
64.2064 41820
64.2568 42160
64.301 42500
64.3577 42840
64.4081 43180
64.4712 43520
64.5153 43860
64.5783 44200
64.6162 44540
64.6666 44880
64.717 45220
64.7548 45560
64.7927 45900
64.8431 46240
64.8809 46580
64.9314 46920
64.9692 47260
65.0196 47600
65.0574 47940
65.1079 48280
65.1457 48620
65.1772 48960
65.2276 49300
65.2592 49640
65.297 49980
65.3411 50320
65.3915 50660
65.4357 51000
65.4735 51340
65.5239 51680
65.5618 52020
65.5996 52360
65.6437 52700
65.6815 53040
65.7257 53380
65.7572 53720
65.8013 54060
65.8265 54400
65.858 54740
65.8833 55080
65.9211 55420
65.9463 55760
65.9715 56100
66.003 56440
66.0472 56780
66.0787 57120
66.1039 57460
66.148 57800
66.1732 58140
66.2048 58480
66.2363 58820
66.2615 59160
66.293 59500
66.3245 59840
66.3498 60180
66.3876 60520
66.4065 60860
66.4506 61200
66.4821 61540
66.5074 61880
66.5515 62220
66.583 62560
66.6082 62900
66.6523 63240
66.6776 63580
66.7028 63920
66.7343 64260
66.7595 64600
66.7847 64940
66.8162 65280
66.8289 65620
66.8604 65960
66.873 66300
66.8856 66640
66.9108 66980
66.9234 67320
66.9423 67660
66.9738 68000
66.9865 68340
66.9991 68680
67.0306 69020
67.0432 69360
67.0558 69700
67.0684 70040
67.0936 70380
67.1062 70720
67.1378 71060
67.1504 71400
67.1756 71740
67.2071 72080
67.2197 72420
67.2323 72760
67.2575 73100
67.2701 73440
67.2954 73780
67.308 74120
67.3206 74460
67.3395 74800
67.3584 75140
67.3836 75480
67.4025 75820
67.4151 76160
67.4277 76500
67.4403 76840
67.453 77180
67.4845 77520
67.5034 77860
67.516 78200
67.5286 78540
67.5601 78880
67.579 79220
67.5916 79560
67.6106 79900
67.6232 80240
67.6358 80580
67.661 80920
67.6736 81260
67.6862 81600
67.6988 81940
67.724 82280
67.7366 82620
67.7492 82960
67.7808 83300
67.7934 83640
67.8123 83980
67.8312 84320
67.8438 84660
67.8564 85000
67.869 85340
67.8816 85680
67.8942 86020
67.9131 86360
67.9258 86700
67.9384 87040
67.9699 87380
67.9888 87720
68.0014 88060
68.0203 88400
68.0329 88740
68.0455 89080
68.077 89420
68.096 89760
68.1086 90100
68.1275 90440
68.1401 90780
68.1527 91120
68.1653 91460
68.1779 91800
68.1905 92140
68.2031 92480
68.2283 92820
68.241 93160
68.2536 93500
68.2662 93840
68.2788 94180
68.2977 94520
68.3103 94860
68.3229 95200
68.3355 95540
68.3481 95880
68.3607 96220
68.3733 96560
68.3859 96900
68.3986 97240
68.4112 97580
68.4238 97920
68.4364 98260
68.449 98600
68.4616 98940
68.4868 99280
68.4994 99620
68.512 99960
68.5246 100300
68.5372 100640
68.5562 100980
68.5688 101320
68.5814 101660
68.594 102000
68.6066 102340
68.6192 102680
68.6318 103020
68.6444 103360
68.657 103700
68.6696 104040
68.6822 104380
68.6948 104720
68.7074 105060
68.7201 105400
68.7327 105740
68.7453 106080
68.7579 106420
68.7768 106760
68.7894 107100
68.802 107440
68.8209 75140
72.0424 340
72.3701 1360
73.0509 5100
73.5339 7140
73.5717 8160
73.5906 9180
73.6095 10200
74.0168 12920
74.0673 14620
74.0988 18020
74.1618 19040
74.1807 19720
74.1933 22100
74.5313 23120
74.5502 24140
74.5691 27200
74.6259 28220
74.6448 30940
74.6952 34000
74.7519 35020
74.7708 36040
74.7898 37060
74.8087 38080
74.8276 39100
74.8465 40800
74.878 44200
75.0143 45220
75.0332 46920
75.0647 50320
75.1277 51340
75.1466 53040
75.2979 53380
75.4114 53720
75.5375 54060
75.6762 54400
75.7896 54740
75.922 55080
76.0355 55420
76.0922 38760
78.7526 340
78.9164 680
80.0385 1020
80.0448 1360
80.5215 1700
80.5278 2040
80.5341 2380
80.5404 2720
81.0045 3060
81.0108 3400
81.0171 3740
81.0234 4080
81.0297 4420
81.036 4760
81.0423 5100
81.0486 5440
81.4874 5780
81.4937 6120
81.5 6460
81.5063 6800
81.5126 7140
81.5189 7480
81.5252 7820
81.5315 8160
81.5378 8500
81.5442 8840
81.5505 9180
81.5568 9520
81.5631 9860
81.5694 10200
81.5757 10540
81.582 10880
81.9704 11220
81.9767 11560
81.983 11900
81.9893 12240
81.9956 12580
82.0019 12920
82.0082 13260
82.0145 13600
82.0208 13940
82.0271 14280
82.0334 14620
82.0397 14960
82.046 15300
82.0523 15640
82.0586 15980
82.0649 16320
82.0712 16660
82.0775 17000
82.0838 17340
82.0901 17680
82.0965 18020
82.1028 18360
82.1091 18700
82.1154 19040
82.1217 19380
82.128 19720
82.1343 20060
82.1406 20400
82.1469 20740
82.1532 21080
82.1595 21420
82.1658 21760
82.4533 22100
82.4596 22440
82.4659 22780
82.4722 23120
82.4785 23460
82.4849 23800
82.4912 24140
82.4975 24480
82.5038 24820
82.5101 25160
82.5164 25500
82.5416 17680
83.5604 18020
83.573 18360
83.5856 18700
83.6108 19040
83.6234 19380
83.6486 19720
83.6739 20060
83.6991 20400
83.7369 20740
83.7621 21080
83.7999 21420
83.8504 21760
83.9134 22100
84.0143 22440
84.1277 22780
84.2412 23120
84.3673 23460
84.506 23800
84.6258 24140
84.8275 24480
85.1175 24820
85.502 25160
86.3404 25500
87.223 25840
87.8156 26180
88.0362 26520
88.3199 26860
88.5784 27200
88.7612 27540
88.944 27880
89.0953 28220
89.2025 28560
89.3285 28900
89.4294 29240
89.5429 29580
89.6374 29920
89.732 30260
89.8076 30600
89.9022 30940
89.9842 31280
90.0661 31620
90.1292 31960
90.2048 32300
90.2678 32640
90.3372 32980
90.3939 33320
90.457 33660
90.5263 34000
90.583 34340
90.6398 34680
90.6965 35020
90.7532 35360
90.8037 35700
90.8478 36040
90.9108 36380
90.9613 36720
91.0243 37060
91.0558 37400
91.1126 37740
91.1441 38080
91.1756 38420
91.2197 38760
91.2576 39100
91.3269 39440
91.4215 39780
91.5034 40120
91.5854 40460
91.661 40800
91.7241 41140
91.7871 41480
91.8375 41820
91.9006 42160
91.9384 42500
91.9888 42840
92.0582 43180
92.1023 43520
92.1464 43860
92.1843 44200
92.2221 44540
92.2725 44880
92.304 45220
92.3419 45560
92.386 45900
92.4112 46240
92.4364 46580
92.4616 46920
92.4868 47260
92.5121 47600
92.5373 47940
92.5751 48280
92.6003 48620
92.6444 48960
92.6823 49300
92.7264 49640
92.7516 49980
92.7894 50320
92.802 50660
92.8462 51000
92.8588 51340
92.8903 51680
92.9218 52020
92.9533 52360
92.9786 52700
92.9912 53040
93.0164 53380
93.0416 53720
93.0794 54060
93.1172 54400
93.1488 54740
93.174 55080
93.1866 55420
93.2181 55760
93.2496 56100
93.2748 56440
93.2875 56780
93.3127 57120
93.3379 57460
93.3505 57800
93.3757 58140
93.4009 58480
93.4135 58820
93.4388 59160
93.464 59500
93.4892 59840
93.5144 60180
93.5396 60520
93.5648 60860
93.5774 61200
93.6027 61540
93.6279 61880
93.6405 62220
93.6531 62560
93.6783 62900
93.7098 63240
93.7287 63580
93.754 63920
93.7666 64260
93.7918 64600
93.8044 64940
93.8296 65280
93.8422 65620
93.8674 65960
93.8863 66300
93.9116 66640
93.9242 66980
93.9494 67320
93.962 67660
93.9872 68000
93.9998 68340
94.025 68680
94.0502 69020
94.0628 69360
94.0881 69700
94.1007 70040
94.1259 70380
94.1385 70720
94.1637 71060
94.1763 71400
94.2015 71740
94.2141 72080
94.252 72420
94.2646 72760
94.2898 73100
94.315 73440
94.3339 73780
94.3591 74120
94.3717 74460
94.397 74800
94.4096 75140
94.4348 75480
94.4474 75820
94.4726 76160
94.4852 76500
94.5104 76840
94.523 77180
94.5483 77520
94.5609 77860
94.5861 78200
94.5987 78540
94.6239 78880
94.6365 79220
94.6617 79560
94.6743 79900
94.6996 80240
94.7122 80580
94.7374 80920
94.75 81260
94.7752 81600
94.7878 81940
94.813 82280
94.8256 82620
94.8508 82960
94.8635 83300
94.8887 83640
94.9013 83980
94.9265 84320
94.9391 84660
94.9643 85000
94.9769 85340
95.0021 85680
95.0148 86020
95.04 86360
95.0526 86700
95.0778 87040
95.0904 87380
95.1156 87720
95.1282 88060
95.1534 88400
95.166 88740
95.1913 89080
95.2039 89420
95.2165 89760
95.2291 90100
95.2543 90440
95.2669 90780
95.2795 91120
95.2921 91460
95.3047 91800
95.3173 92140
95.33 92480
95.3426 92820
95.3552 93160
95.3804 93500
95.393 93840
95.4056 94180
95.4182 94520
95.4308 94860
95.4434 95200
95.456 95540
95.4686 95880
95.4812 96220
95.4939 96560
95.5065 96900
95.5191 97240
95.5443 97580
95.5569 97920
95.5695 98260
95.5821 98600
95.5947 98940
95.6073 99280
95.6199 99620
95.6325 99960
95.6452 100300
95.6578 100640
95.6704 100980
95.683 101320
95.6956 101660
95.7082 102000
95.7208 102340
95.7334 102680
95.746 103020
95.7586 103360
95.7712 103700
95.7838 104040
95.7964 104380
95.8091 104720
95.8217 105060
95.8343 105400
95.8469 105740
95.8595 106080
95.8721 106420
95.8847 106760
95.8973 107100
95.9099 107440
95.9225 107780
95.9351 108120
95.9477 108460
95.9604 108800
95.973 109140
95.9856 109480
95.9982 109820
96.0108 110160
96.0234 110500
96.036 110840
96.0486 111180
96.0612 111520
96.0738 111860
96.0864 112200
96.099 112540
96.1116 112880
96.1243 113220
96.1369 113560
96.1495 113900
96.1621 114240
96.1747 114580
96.1873 114920
96.1999 115260
96.2125 115600
96.2251 115940
96.2377 116280
96.2503 116620
96.2629 116960
96.2756 117300
96.2882 117640
96.3008 117980
96.3134 118320
96.326 118660
96.3386 119000
96.3512 119340
96.3638 119680
96.3764 120020
96.389 120360
96.4016 120700
96.4142 121040
96.4268 121380
96.4395 121720
96.4521 122060
96.4647 122400
96.4773 122740
96.4899 123080
96.5025 123420
96.5151 123760
96.5277 124100
96.5403 124440
96.5529 124780
96.5718 87040
99.8021 340
99.9193 2040
100.707 3060
100.726 4760
101.203 5780
101.222 7480
101.253 8500
101.272 10200
101.698 11220
101.717 12920
101.749 13940
101.768 14960
101.787 15980
101.806 17680
101.837 18700
101.856 19720
101.875 20740
102.188 21760
102.207 22780
102.225 23800
102.244 24820
102.263 25840
102.282 27540
102.314 28560
102.333 29580
102.352 30600
102.37 31620
102.389 32640
102.408 33660
102.427 34680
102.446 35700
102.465 36720
102.484 37740
102.503 38760
102.522 40460
102.553 41480
102.671 42500
102.69 43520
102.708 44540
102.727 45560
102.746 46580
102.765 47600
102.784 48620
102.803 49640
102.822 50660
102.841 51680
102.86 52700
102.879 53720
102.898 54740
102.916 55760
102.935 56780
102.954 57800
102.973 58820
102.992 59840
103.011 60860
103.125 61200
103.257 61540
103.389 61880
103.503 62220
103.635 62560
103.768 62900
103.881 63240
104.013 63580
104.146 63920
104.184 44540
107.01 340
108.187 680
108.67 1020
108.676 1360
109.153 1700
109.159 2040
109.165 2380
109.171 2720
109.635 3060
109.642 3400
109.648 3740
109.654 4080
109.661 4420
109.667 4760
109.673 5100
109.68 5440
110.118 5780
110.125 6120
110.131 6460
110.137 6800
110.144 7140
110.15 7480
110.156 7820
110.163 8160
110.169 8500
110.175 8840
110.181 9180
110.188 9520
110.194 9860
110.2 10200
110.207 10540
110.213 10880
110.601 11220
110.608 11560
110.614 11900
110.62 12240
110.627 12580
110.633 12920
110.639 13260
110.646 13600
110.652 13940
110.658 14280
110.664 14620
110.671 14960
110.677 15300
110.683 15640
110.69 15980
110.696 16320
110.702 16660
110.709 17000
110.715 17340
110.721 17680
110.727 18020
110.734 18360
110.74 18700
110.746 19040
110.753 19380
110.759 19720
110.765 20060
110.772 20400
110.778 20740
110.784 21080
110.791 21420
110.797 21760
111.084 22100
111.091 22440
111.097 22780
111.103 23120
111.11 23460
111.116 23800
111.122 24140
111.128 24480
111.135 24820
111.141 25160
111.147 25500
111.154 25840
111.16 26180
111.166 26520
111.173 26860
111.179 27200
111.185 27540
111.192 27880
111.198 28220
111.204 28560
111.21 28900
111.217 29240
111.223 29580
111.229 29920
111.236 30260
111.242 30600
111.248 30940
111.362 31280
111.482 21760
112.708 22100
112.727 22440
112.74 22780
112.752 23120
112.765 23460
112.778 23800
112.79 24140
112.803 24480
112.816 24820
112.828 25160
112.866 25500
112.904 25840
112.942 26180
112.979 26520
113.03 26860
113.08 27200
113.156 27540
113.282 27880
113.408 28220
113.547 28560
113.698 28900
113.818 29240
113.963 29580
114.165 29920
114.423 30260
114.776 30600
115.243 30940
116.27 31280
116.982 31620
117.317 31960
117.676 32300
117.947 32640
118.168 32980
118.35 33320
118.489 33660
118.628 34000
118.754 34340
118.886 34680
119.006 35020
119.107 35360
119.195 35700
119.296 36040
119.378 36380
119.454 36720
119.529 37060
119.592 37400
119.674 37740
119.725 38080
119.807 38420
119.857 38760
119.92 39100
119.989 39440
120.065 39780
120.109 40120
120.16 40460
120.223 40800
120.267 41140
120.33 41480
120.374 41820
120.437 42160
120.494 42500
120.544 42840
120.595 43180
120.632 43520
120.677 43860
120.714 44200
120.765 44540
120.796 44880
120.847 45220
120.878 45560
120.922 45900
120.954 46240
120.998 46580
121.042 46920
121.086 47260
121.118 47600
121.156 47940
121.206 48280
121.244 48620
121.282 48960
121.332 49300
121.357 49640
121.383 49980
121.42 50320
121.446 50660
121.477 51000
121.509 51340
121.547 51680
121.578 52020
121.61 52360
121.635 52700
121.66 53040
121.698 53380
121.742 53720
121.78 54060
121.824 54400
121.862 54740
121.918 55080
121.956 55420
121.988 55760
122.019 56100
122.045 56440
122.07 56780
122.114 57120
122.145 57460
122.171 57800
122.208 58140
122.24 58480
122.265 58820
122.303 59160
122.322 59500
122.353 59840
122.391 60180
122.423 60520
122.442 60860
122.48 61200
122.505 61540
122.543 61880
122.561 62220
122.593 62560
122.625 62900
122.656 63240
122.681 63580
122.706 63920
122.744 64260
122.77 64600
122.795 64940
122.826 65280
122.858 65620
122.889 65960
122.915 66300
122.952 66640
122.965 66980
122.984 67320
123.003 67660
123.022 68000
123.041 68340
123.072 68680
123.085 69020
123.104 69360
123.123 69700
123.148 70040
123.16 70380
123.192 70720
123.211 71060
123.223 71400
123.236 71740
123.249 72080
123.261 72420
123.286 72760
123.299 73100
123.312 73440
123.324 73780
123.337 74120
123.362 74460
123.375 74800
123.406 75140
123.419 75480
123.444 75820
123.457 76160
123.469 76500
123.482 76840
123.507 77180
123.52 77520
123.545 77860
123.558 78200
123.583 78540
123.608 78880
123.621 79220
123.639 79560
123.652 79900
123.671 80240
123.684 80580
123.696 80920
123.709 81260
123.721 81600
123.747 81940
123.766 82280
123.778 82620
123.791 82960
123.816 83300
123.829 83640
123.848 83980
123.86 84320
123.873 84660
123.885 85000
123.911 85340
123.923 85680
123.936 86020
123.948 86360
123.961 86700
123.974 87040
123.999 87380
124.011 87720
124.024 88060
124.037 88400
124.049 88740
124.062 89080
124.087 89420
124.1 89760
124.112 90100
124.137 90440
124.156 90780
124.169 91120
124.182 91460
124.194 91800
124.207 92140
124.226 92480
124.245 92820
124.257 93160
124.27 93500
124.282 93840
124.301 94180
124.314 94520
124.333 94860
124.346 95200
124.364 95540
124.377 95880
124.39 96220
124.402 96560
124.415 96900
124.434 97240
124.446 97580
124.459 97920
124.472 98260
124.484 98600
124.497 98940
124.509 99280
124.522 99620
124.535 99960
124.56 100300
124.572 100640
124.585 100980
124.598 101320
124.61 101660
124.623 102000
124.636 102340
124.648 102680
124.661 103020
124.673 103360
124.686 103700
124.699 104040
124.711 104380
124.724 104720
124.736 105060
124.749 105400
124.762 105740
124.774 106080
124.787 106420
124.799 106760
124.812 107100
124.825 107440
124.837 107780
124.85 108120
124.862 108460
124.875 108800
124.888 109140
124.9 109480
124.913 109820
124.925 110160
124.938 110500
124.963 110840
124.982 111180
124.995 111520
125.007 111860
125.02 112200
125.033 112540
125.045 112880
125.058 113220
125.077 79220
128.302 340
128.563 2040
129.275 3060
129.294 6800
129.796 7820
129.815 10540
129.865 11560
129.884 12580
129.903 16660
130.336 17680
130.355 19380
130.386 20400
130.405 22440
130.443 23460
130.462 24480
130.481 26860
130.525 27880
130.544 28900
130.563 30600
130.594 32300
130.626 33320
130.819 34340
130.838 35360
130.857 36380
130.875 37400
130.894 39100
130.926 40120
130.945 44200
131.02 45220
131.039 46240
131.058 47260
131.077 50320
131.134 51340
131.153 52360
131.172 54400
131.21 56440
131.342 56780
131.474 57120
131.607 57460
131.733 57800
131.865 58140
131.979 58480
132.092 58820
132.231 59160
132.269 41140
135.002 340
135.074 680
136.259 1020
136.265 1360
136.742 1700
136.748 2040
136.755 2380
136.761 2720
137.225 3060
137.231 3400
137.238 3740
137.244 4080
137.25 4420
137.256 4760
137.263 5100
137.269 5440
137.708 5780
137.714 6120
137.721 6460
137.727 6800
137.733 7140
137.739 7480
137.746 7820
137.752 8160
137.758 8500
137.765 8840
137.771 9180
137.777 9520
137.784 9860
137.79 10200
137.796 10540
137.802 10880
138.191 11220
138.197 11560
138.203 11900
138.21 12240
138.216 12580
138.222 12920
138.229 13260
138.235 13600
138.241 13940
138.248 14280
138.254 14620
138.26 14960
138.267 15300
138.273 15640
138.279 15980
138.285 16320
138.292 16660
138.298 17000
138.304 17340
138.311 17680
138.317 18020
138.323 18360
138.33 18700
138.336 19040
138.342 19380
138.348 19720
138.355 20060
138.361 20400
138.367 20740
138.374 21080
138.38 21420
138.386 21760
138.674 22100
138.68 22440
138.686 22780
138.693 23120
138.699 23460
138.705 23800
138.712 24140
138.718 24480
138.724 24820
138.731 25160
138.737 25500
138.743 25840
138.749 26180
138.756 26520
138.762 26860
138.768 27200
138.775 27540
138.781 27880
138.787 28220
138.794 28560
138.901 19720
140.027 20060
140.046 20400
140.058 20740
140.071 21080
140.083 21420
140.096 21760
140.109 22100
140.121 22440
140.134 22780
140.159 23120
140.184 23460
140.222 23800
140.273 24140
140.31 24480
140.361 24820
140.462 25160
140.575 25500
140.701 25840
140.827 26180
140.953 26520
141.105 26860
141.269 27200
141.502 27540
141.83 27880
142.258 28220
143.185 28560
144.15 28900
144.585 29240
144.912 29580
145.164 29920
145.328 30260
145.499 30600
145.675 30940
145.826 31280
145.959 31620
146.072 31960
146.186 32300
146.268 32640
146.369 32980
146.438 33320
146.514 33660
146.596 34000
146.677 34340
146.759 34680
146.829 35020
146.898 35360
146.961 35700
147.037 36040
147.1 36380
147.169 36720
147.232 37060
147.289 37400
147.346 37740
147.402 38080
147.447 38420
147.491 38760
147.535 39100
147.585 39440
147.642 39780
147.692 40120
147.737 40460
147.787 40800
147.844 41140
147.863 41480
147.919 41820
147.957 42160
147.989 42500
148.039 42840
148.083 43180
148.127 43520
148.172 43860
148.222 44200
148.266 44540
148.304 44880
148.354 45220
148.398 45560
148.43 45900
148.461 46240
148.512 46580
148.543 46920
148.575 47260
148.619 47600
148.67 47940
148.707 48280
148.739 48620
148.789 48960
148.827 49300
148.878 49640
148.909 49980
148.953 50320
148.985 50660
149.029 51000
149.073 51340
149.111 51680
149.149 52020
149.186 52360
149.224 52700
149.268 53040
149.306 53380
149.331 53720
149.363 54060
149.388 54400
149.413 54740
149.451 55080
149.483 55420
149.514 55760
149.546 56100
149.571 56440
149.609 56780
149.64 57120
149.666 57460
149.691 57800
149.722 58140
149.754 58480
149.792 58820
149.811 59160
149.848 59500
149.88 59840
149.905 60180
149.924 60520
149.956 60860
149.968 61200
150 61540
150.025 61880
150.044 62220
150.069 62560
150.088 62900
150.113 63240
150.126 63580
150.151 63920
150.164 64260
150.189 64600
150.201 64940
150.233 65280
150.258 65620
150.283 65960
150.309 66300
150.334 66640
150.359 66980
150.372 67320
150.397 67660
150.422 68000
150.435 68340
150.472 68680
150.485 69020
150.51 69360
150.523 69700
150.548 70040
150.573 70380
150.599 70720
150.611 71060
150.636 71400
150.649 71740
150.674 72080
150.687 72420
150.712 72760
150.725 73100
150.75 73440
150.762 73780
150.788 74120
150.8 74460
150.813 74800
150.838 75140
150.851 75480
150.87 75820
150.895 76160
150.914 76500
150.926 76840
150.945 77180
150.964 77520
150.977 77860
150.989 78200
151.002 78540
151.021 78880
151.034 79220
151.052 79560
151.065 79900
151.078 80240
151.103 80580
151.115 80920
151.128 81260
151.141 81600
151.166 81940
151.179 82280
151.191 82620
151.216 82960
151.229 83300
151.242 83640
151.254 83980
151.267 84320
151.298 84660
151.311 85000
151.324 85340
151.336 85680
151.349 86020
151.361 86360
151.374 86700
151.387 87040
151.412 87380
151.424 87720
151.437 88060
151.45 88400
151.462 88740
151.487 89080
151.5 89420
151.513 89760
151.525 90100
151.538 90440
151.55 90780
151.563 91120
151.582 91460
151.595 91800
151.62 92140
151.632 92480
151.645 92820
151.658 93160
151.67 93500
151.683 93840
151.695 94180
151.708 94520
151.721 94860
151.733 95200
151.758 95540
151.771 95880
151.784 96220
151.796 96560
151.809 96900
151.822 97240
151.834 97580
151.847 97920
151.859 98260
151.872 98600
151.885 98940
151.897 99280
151.922 99620
151.935 99960
151.948 100300
151.96 100640
151.973 100980
151.985 101320
151.998 101660
152.011 102000
152.023 102340
152.036 102680
152.048 103020
152.061 103360
152.074 103700
152.086 104040
152.099 104380
152.112 104720
152.124 105060
152.137 105400
152.149 105740
152.162 106080
152.175 106420
152.187 106760
152.2 107100
152.212 107440
152.225 107780
152.238 108120
152.25 108460
152.263 108800
152.275 109140
152.288 109480
152.301 109820
152.313 110160
152.326 110500
152.338 110840
152.351 111180
152.364 111520
152.376 111860
152.389 112200
152.401 112540
152.414 112880
152.427 113220
152.439 113560
152.452 113900
152.465 114240
152.477 114580
152.49 114920
152.502 115260
152.515 115600
152.528 115940
152.54 116280
152.553 116620
152.565 116960
152.578 117300
152.591 117640
152.603 117980
152.616 118320
152.628 118660
152.641 119000
152.654 119340
152.666 119680
152.679 120020
152.691 120360
152.704 120700
152.717 121040
152.729 121380
152.742 121720
152.755 122060
152.767 122400
152.78 122740
152.792 123080
152.805 123420
152.818 123760
152.83 124100
152.843 124440
152.855 124780
152.868 125120
152.881 125460
152.893 125800
152.912 88060
156.149 340
156.26 1360
157.054 2380
157.073 3400
157.549 4420
157.568 6120
157.6 7140
158.039 8160
158.058 9180
158.076 10200
158.095 11900
158.127 12920
158.146 13940
158.165 14960
158.534 15980
158.553 17000
158.572 18020
158.591 20060
158.629 21760
158.66 22780
158.679 23800
158.698 24820
158.717 25840
158.736 26860
158.755 27880
158.774 28900
158.793 29920
159.017 30940
159.036 32640
159.068 33660
159.087 34680
159.105 35700
159.124 36720
159.143 37740
159.162 38760
159.181 39780
159.2 40800
159.219 41820
159.238 42840
159.257 43860
159.276 45560
159.307 46580
159.326 47600
159.345 48620
159.364 49640
159.383 50660
159.402 51680
159.421 52700
159.44 53720
159.458 54740
159.477 55760
159.496 56780
159.515 57800
159.534 58820
159.553 59840
159.572 60860
159.591 61880
159.723 62220
159.837 62560
159.969 62900
160.101 63240
160.215 63580
160.347 63920
160.48 64260
160.593 64600
160.726 64940
160.763 45220
163.616 340
164.748 680
165.23 1020
165.237 1360
165.713 1700
165.72 2040
165.726 2380
165.732 2720
166.196 3060
166.203 3400
166.209 3740
166.215 4080
166.222 4420
166.228 4760
166.234 5100
166.241 5440
166.679 5780
166.686 6120
166.692 6460
166.698 6800
166.705 7140
166.711 7480
166.717 7820
166.723 8160
166.73 8500
166.736 8840
166.742 9180
166.749 9520
166.755 9860
166.761 10200
166.768 10540
166.774 10880
167.162 11220
167.169 11560
167.175 11900
167.181 12240
167.188 12580
167.194 12920
167.2 13260
167.206 13600
167.213 13940
167.219 14280
167.225 14620
167.232 14960
167.238 15300
167.244 15640
167.251 15980
167.257 16320
167.263 16660
167.269 17000
167.276 17340
167.282 17680
167.288 18020
167.295 18360
167.301 18700
167.307 19040
167.314 19380
167.32 19720
167.326 20060
167.333 20400
167.339 20740
167.345 21080
167.351 21420
167.358 21760
167.645 22100
167.652 22440
167.658 22780
167.664 23120
167.67 23460
167.677 23800
167.683 24140
167.689 24480
167.696 24820
167.702 25160
167.708 25500
167.715 25840
167.721 26180
167.727 26520
167.734 26860
167.74 27200
167.746 27540
167.752 27880
167.759 28220
167.765 28560
167.771 28900
167.778 29240
167.784 29580
167.79 29920
167.797 30260
167.803 30600
167.809 30940
167.815 31280
167.822 31620
167.942 31960
168.16 22100
169.332 22440
169.351 22780
169.364 23120
169.376 23460
169.389 23800
169.402 24140
169.414 24480
169.427 24820
169.439 25160
169.452 25500
169.465 25840
169.49 26180
169.528 26520
169.578 26860
169.616 27200
169.666 27540
169.729 27880
169.837 28220
169.963 28560
170.089 28900
170.24 29240
170.354 29580
170.48 29920
170.631 30260
170.826 30600
171.085 30940
171.444 31280
171.917 31620
172.963 31960
173.657 32300
174.035 32640
174.363 32980
174.653 33320
174.836 33660
175.018 34000
175.151 34340
175.29 34680
175.403 35020
175.529 35360
175.643 35700
175.75 36040
175.863 36380
175.945 36720
176.04 37060
176.115 37400
176.197 37740
176.273 38080
176.342 38420
176.405 38760
176.468 39100
176.525 39440
176.594 39780
176.658 40120
176.727 40460
176.777 40800
176.847 41140
176.897 41480
176.954 41820
177.011 42160
177.067 42500
177.13 42840
177.181 43180
177.238 43520
177.263 43860
177.319 44200
177.357 44540
177.401 44880
177.446 45220
177.49 45560
177.521 45900
177.572 46240
177.609 46580
177.647 46920
177.672 47260
177.717 47600
177.767 47940
177.805 48280
177.849 48620
177.893 48960
177.925 49300
177.981 49640
178.013 49980
178.038 50320
178.07 50660
178.089 51000
178.126 51340
178.152 51680
178.189 52020
178.221 52360
178.259 52700
178.284 53040
178.322 53380
178.341 53720
178.385 54060
178.423 54400
178.467 54740
178.517 55080
178.549 55420
178.574 55760
178.618 56100
178.637 56440
178.669 56780
178.706 57120
178.732 57460
178.757 57800
178.788 58140
178.826 58480
178.851 58820
178.877 59160
178.914 59500
178.94 59840
178.965 60180
178.99 60520
179.022 60860
179.047 61200
179.078 61540
179.11 61880
179.141 62220
179.167 62560
179.192 62900
179.236 63240
179.261 63580
179.293 63920
179.312 64260
179.343 64600
179.381 64940
179.412 65280
179.431 65620
179.469 65960
179.494 66300
179.532 66640
179.564 66980
179.589 67320
179.602 67660
179.627 68000
179.652 68340
179.671 68680
179.702 69020
179.721 69360
179.746 69700
179.765 70040
179.784 70380
179.803 70720
179.828 71060
179.847 71400
179.86 71740
179.891 72080
179.904 72420
179.917 72760
179.929 73100
179.955 73440
179.967 73780
179.98 74120
179.992 74460
180.005 74800
180.03 75140
180.049 75480
180.074 75820
180.087 76160
180.106 76500
180.118 76840
180.137 77180
180.15 77520
180.181 77860
180.194 78200
180.207 78540
180.219 78880
180.232 79220
180.245 79560
180.27 79900
180.282 80240
180.295 80580
180.308 80920
180.32 81260
180.345 81600
180.358 81940
180.371 82280
180.396 82620
180.408 82960
180.421 83300
180.446 83640
180.459 83980
180.471 84320
180.484 84660
180.497 85000
180.509 85340
180.541 85680
180.553 86020
180.566 86360
180.579 86700
180.591 87040
180.604 87380
180.629 87720
180.642 88060
180.667 88400
180.679 88740
180.692 89080
180.705 89420
180.717 89760
180.743 90100
180.755 90440
180.768 90780
180.78 91120
180.793 91460
180.806 91800
180.818 92140
180.85 92480
180.862 92820
180.875 93160
180.888 93500
180.9 93840
180.913 94180
180.925 94520
180.938 94860
180.951 95200
180.963 95540
180.982 95880
181.001 66980
182.542 340
182.571 41480
183.592 42500
183.611 44200
183.642 45220
183.661 46240
183.68 47260
183.819 47600
183.945 47940
184.071 48280
185.7 340
186.183 1360
186.666 2380
186.685 3400
187.162 7140
187.645 8160
187.664 9180
187.701 6120
188.386 6460
188.399 6800
188.605 7140
188.617 7480
188.629 7820
188.642 8160
188.655 8500
188.756 8840
189.208 9180
191.083 9520
191.503 9860
191.679 10200
191.986 10540
192.03 10880
192.175 11220
192.469 11560
192.532 11900
192.658 12240
192.822 12580
192.983 12920
193.084 13260
193.166 13600
193.267 13940
194.018 14280
194.201 14620
194.283 14960
194.476 15300
194.539 15640
194.64 15980
194.722 16320
194.798 16660
194.94 17000
194.991 17340
195.035 17680
195.073 18020
195.129 18360
195.18 18700
195.236 19040
195.287 19380
195.404 19720
195.436 20060
195.48 20400
195.518 20740
195.543 21080
195.593 21420
195.625 21760
195.669 22100
195.7 22440
195.745 22780
195.789 23120
195.887 23460
195.912 23800
195.938 24140
195.975 24480
196.001 24820
196.038 25160
196.064 25500
196.101 25840
196.127 26180
196.165 26520
196.19 26860
196.228 27200
196.253 27540
196.291 27880
196.376 28220
196.402 28560
196.427 28900
196.452 29240
196.49 29580
196.515 29920
196.54 30260
196.566 30600
196.603 30940
196.629 31280
196.666 31620
196.692 31960
196.717 32300
196.742 32640
196.767 32980
196.805 33320
196.83 33660
196.856 34000
196.881 34340
196.906 34680
196.931 35020
196.956 35360
196.982 35700
197.019 36040
197.045 36380
197.07 36720
197.082 37060
197.108 37400
197.146 37740
197.171 38080
197.183 38420
197.209 38760
197.234 39100
197.259 39440
197.284 39780
197.309 40120
197.335 40460
197.36 40800
197.385 41140
197.41 41480
197.435 41820
197.461 42160
197.486 42500
197.511 42840
197.536 43180
197.562 43520
197.587 43860
197.612 44200
197.637 44540
197.662 44880
197.688 45220
197.713 45560
197.738 45900
197.763 46240
197.789 46580
197.814 46920
197.839 47260
197.864 47600
197.889 47940
197.915 48280
197.94 48620
197.965 48960
197.99 49300
198.015 49640
198.028 49980
198.041 50320
198.066 50660
198.091 51000
198.104 51340
198.129 51680
198.154 52020
198.167 52360
198.179 52700
198.205 53040
198.23 53380
198.242 53720
198.255 54060
198.28 54400
198.305 54740
198.318 55080
198.331 55420
198.356 55760
198.368 56100
198.394 56440
198.406 56780
198.432 57120
198.444 57460
198.469 57800
198.482 58140
198.507 58480
198.52 58820
198.545 59160
198.558 59500
198.583 59840
198.595 60180
198.621 60520
198.633 60860
198.658 61200
198.671 61540
198.696 61880
198.709 62220
198.734 62560
198.747 62900
198.772 63240
198.785 63580
198.81 63920
198.822 64260
198.848 64600
198.86 64940
198.885 65280
198.898 65620
198.923 65960
198.936 66300
198.961 66640
198.974 66980
198.999 67320
199.011 67660
199.037 68000
199.049 68340
199.075 68680
199.087 69020
199.112 69360
199.125 69700
199.15 70040
199.163 70380
199.188 70720
199.201 71060
199.226 71400
199.238 71740
199.264 72080
199.276 72420
199.301 72760
199.314 73100
199.339 73440
199.352 73780
199.377 74120
199.39 74460
199.415 74800
199.428 75140
199.453 75480
199.465 75820
199.491 76160
199.503 76500
199.528 76840
199.541 77180
199.554 77520
199.579 77860
199.591 78200
199.604 78540
199.617 78880
199.629 79220
199.642 79560
199.654 79900
199.667 80240
199.68 80580
199.705 80920
199.718 81260
199.73 81600
199.743 81940
199.755 82280
199.768 82620
199.781 82960
199.793 83300
199.806 83640
199.818 83980
199.844 84320
199.856 84660
199.869 85000
199.881 85340
199.894 85680
199.907 86020
199.919 86360
199.932 86700
199.944 87040
199.957 87380
199.97 87720
199.982 88060
199.995 88400
200.008 88740
200.02 89080
200.033 89420
200.045 89760
200.058 90100
200.071 90440
200.083 90780
200.096 91120
200.108 91460
200.121 91800
200.134 92140
200.146 92480
200.159 92820
200.171 93160
200.184 93500
200.197 93840
200.209 94180
200.222 94520
200.234 94860
200.247 95200
200.26 95540
200.272 95880
200.285 96220
200.298 96560
200.31 96900
200.323 97240
200.335 97580
200.348 97920
200.361 98260
200.373 98600
200.386 98940
200.398 99280
200.411 99620
200.424 99960
200.436 100300
200.449 100640
200.461 100980
200.474 101320
200.487 101660
200.499 102000
200.512 102340
200.524 102680
200.537 103020
200.55 103360
200.562 103700
200.575 104040
200.587 104380
200.6 104720
200.613 105060
200.625 105400
200.638 105740
200.651 106080
200.663 106420
200.676 106760
200.688 107100
200.701 107440
200.714 107780
200.726 108120
200.739 108460
200.751 108800
200.764 109140
200.777 109480
200.789 109820
200.802 110160
200.814 110500
200.827 110840
200.84 111180
200.852 111520
200.865 111860
200.877 112200
200.89 112540
200.903 112880
200.915 113220
200.928 113560
200.941 113900
200.953 114240
200.966 114580
200.978 114920
200.991 115260
201.004 115600
201.016 115940
201.029 116280
201.041 116620
201.054 116960
201.067 117300
201.079 117640
201.092 117980
201.104 118320
201.117 118660
201.13 119000
201.142 119340
201.155 119680
201.167 120020
201.18 120360
201.193 120700
201.205 121040
201.218 121380
201.23 121720
201.243 122060
201.256 122400
201.268 122740
201.281 123080
201.294 123420
201.306 123760
201.319 124100
201.331 124440
201.344 124780
201.357 125120
201.369 125460
201.382 125800
201.394 126140
201.407 126480
201.42 126820
201.432 127160
201.445 127500
201.457 127840
201.476 89420
204.724 340
204.799 1360
205.618 2380
205.637 3400
206.114 4420
206.133 5440
206.151 6460
206.17 7480
206.609 8500
206.628 9520
206.647 10540
206.666 11560
206.685 12580
206.704 13600
206.723 14620
206.742 15640
207.105 16660
207.124 17680
207.143 18700
207.162 19720
207.18 20740
207.199 21760
207.218 22780
207.237 23800
207.256 24820
207.275 25840
207.294 26860
207.313 27880
207.332 28900
207.351 29920
207.37 30940
207.388 31960
207.6 32980
207.619 34000
207.638 35020
207.657 36040
207.676 37060
207.695 38080
207.714 39100
207.733 40120
207.752 41140
207.771 42160
207.789 43180
207.808 44200
207.827 45220
207.846 46240
207.865 47260
207.884 48280
207.903 49300
207.922 50320
207.941 51340
207.96 52360
207.979 53380
207.997 54400
208.016 55420
208.035 56440
208.054 57460
208.073 58480
208.092 59500
208.111 60520
208.13 61540
208.149 62560
208.262 62900
208.395 63240
208.527 63580
208.641 63920
208.773 64260
208.905 64600
209.019 64940
209.151 65280
209.284 65620
209.359 45900
212.235 340
213.343 680
213.826 1020
213.833 1360
214.309 1700
214.316 2040
214.322 2380
214.328 2720
214.792 3060
214.798 3400
214.805 3740
214.811 4080
214.817 4420
214.824 4760
214.83 5100
214.836 5440
215.275 5780
215.281 6120
215.288 6460
215.294 6800
215.3 7140
215.307 7480
215.313 7820
215.319 8160
215.326 8500
215.332 8840
215.338 9180
215.344 9520
215.351 9860
215.357 10200
215.363 10540
215.37 10880
215.758 11220
215.764 11560
215.771 11900
215.777 12240
215.783 12580
215.79 12920
215.796 13260
215.802 13600
215.809 13940
215.815 14280
215.821 14620
215.827 14960
215.834 15300
215.84 15640
215.846 15980
215.853 16320
215.859 16660
215.865 17000
215.872 17340
215.878 17680
215.884 18020
215.89 18360
215.897 18700
215.903 19040
215.909 19380
215.916 19720
215.922 20060
215.928 20400
215.935 20740
215.941 21080
215.947 21420
215.953 21760
216.241 22100
216.247 22440
216.254 22780
216.26 23120
216.266 23460
216.273 23800
216.279 24140
216.285 24480
216.291 24820
216.298 25160
216.304 25500
216.31 25840
216.317 26180
216.323 26520
216.329 26860
216.336 27200
216.342 27540
216.348 27880
216.355 28220
216.361 28560
216.367 28900
216.373 29240
216.38 29580
216.386 29920
216.392 30260
216.399 30600
216.405 30940
216.411 31280
216.418 31620
216.424 31960
216.499 32300
216.626 32640
216.781 22780
217.978 23120
217.997 23460
218.01 23800
218.023 24140
218.035 24480
218.048 24820
218.073 25160
218.098 25500
218.123 25840
218.161 26180
218.187 26520
218.224 26860
218.262 27200
218.3 27540
218.35 27880
218.407 28220
218.508 28560
218.621 28900
218.735 29240
218.861 29580
218.987 29920
219.094 30260
219.239 30600
219.391 30940
219.592 31280
219.87 31620
220.223 31960
220.721 32300
221.773 32640
222.322 32980
222.751 33320
223.022 33660
223.305 34000
223.526 34340
223.677 34680
223.835 35020
223.974 35360
224.093 35700
224.194 36040
224.314 36380
224.415 36720
224.516 37060
224.623 37400
224.705 37740
224.768 38080
224.869 38420
224.925 38760
225.02 39100
225.089 39440
225.14 39780
225.215 40120
225.26 40460
225.323 40800
225.379 41140
225.455 41480
225.505 41820
225.568 42160
225.619 42500
225.676 42840
225.732 43180
225.789 43520
225.84 43860
225.884 44200
225.934 44540
225.985 44880
226.029 45220
226.06 45560
226.104 45900
226.148 46240
226.186 46580
226.237 46920
226.275 47260
226.325 47600
226.369 47940
226.413 48280
226.457 48620
226.495 48960
226.533 49300
226.577 49640
226.615 49980
226.653 50320
226.684 50660
226.728 51000
226.76 51340
226.798 51680
226.848 52020
226.886 52360
226.943 52700
226.987 53040
227.031 53380
227.075 53720
227.094 54060
227.126 54400
227.163 54740
227.189 55080
227.214 55420
227.245 55760
227.271 56100
227.308 56440
227.34 56780
227.365 57120
227.409 57460
227.441 57800
227.472 58140
227.491 58480
227.523 58820
227.561 59160
227.586 59500
227.611 59840
227.655 60180
227.68 60520
227.712 60860
227.743 61200
227.775 61540
227.813 61880
227.844 62220
227.863 62560
227.901 62900
227.932 63240
227.964 63580
227.996 63920
228.027 64260
228.052 64600
228.09 64940
228.103 65280
228.134 65620
228.147 65960
228.172 66300
228.185 66640
228.21 66980
228.222 67320
228.235 67660
228.26 68000
228.273 68340
228.298 68680
228.323 69020
228.349 69360
228.367 69700
228.393 70040
228.412 70380
228.437 70720
228.449 71060
228.462 71400
228.494 71740
228.512 72080
228.525 72420
228.538 72760
228.569 73100
228.582 73440
228.601 73780
228.613 74120
228.632 74460
228.645 74800
228.657 75140
228.683 75480
228.695 75820
228.708 76160
228.739 76500
228.752 76840
228.765 77180
228.79 77520
228.802 77860
228.828 78200
228.847 78540
228.859 78880
228.878 79220
228.903 79560
228.916 79900
228.935 80240
228.947 80580
228.96 80920
228.973 81260
228.985 81600
228.998 81940
229.023 82280
229.036 82620
229.048 82960
229.061 83300
229.086 83640
229.105 83980
229.118 84320
229.13 84660
229.143 85000
229.168 85340
229.181 85680
229.2 86020
229.212 86360
229.225 86700
229.244 87040
229.263 87380
229.275 87720
229.307 88060
229.319 88400
229.332 88740
229.345 89080
229.357 89420
229.37 89760
229.382 90100
229.395 90440
229.414 90780
229.427 91120
229.445 91460
229.458 91800
229.471 92140
229.49 92480
229.508 92820
229.521 93160
229.534 93500
229.546 93840
229.559 94180
229.572 94520
229.584 94860
229.609 95200
229.622 95540
229.635 95880
229.647 96220
229.66 96560
229.672 96900
229.685 97240
229.698 97580
229.71 97920
229.723 98260
229.735 98600
229.748 98940
229.761 99280
229.786 99620
229.798 99960
229.811 100300
229.824 100640
229.836 100980
229.849 101320
229.862 101660
229.88 102000
229.893 102340
229.906 102680
229.918 103020
229.931 103360
229.95 103700
229.962 104040
229.975 104380
229.988 104720
230 105060
230.019 105400
230.032 105740
230.044 106080
230.057 106420
230.07 106760
230.082 107100
230.095 107440
230.107 107780
230.12 108120
230.133 108460
230.145 108800
230.158 109140
230.17 109480
230.183 109820
230.196 110160
230.208 110500
230.221 110840
230.233 111180
230.246 111520
230.259 111860
230.271 112200
230.284 112540
230.303 78540
233.515 340
233.789 2040
234.489 6120
234.972 7140
234.991 9180
235.028 11220
235.066 12240
235.455 13260
235.473 14280
235.492 15300
235.511 17000
235.543 18020
235.562 19040
235.581 20060
235.6 21760
235.631 22780
235.65 24480
235.938 25500
235.956 27200
235.988 28220
236.007 29240
236.026 30940
236.057 32980
236.095 36380
236.158 37400
236.177 38420
236.196 39440
236.215 40460
236.234 41480
236.253 42500
236.272 44540
236.309 45560
236.328 47260
236.36 50320
236.446 51340
236.465 52360
236.484 53380
236.502 55080
236.641 55420
236.774 55760
236.9 56100
237.026 56440
237.152 56780
237.284 57120
237.398 57460
237.549 40120
240.238 340
240.36 680
241.508 1020
241.514 1360
241.991 1700
241.997 2040
242.003 2380
242.01 2720
242.474 3060
242.48 3400
242.486 3740
242.493 4080
242.499 4420
242.505 4760
242.512 5100
242.518 5440
242.957 5780
242.963 6120
242.969 6460
242.976 6800
242.982 7140
242.988 7480
242.995 7820
243.001 8160
243.007 8500
243.013 8840
243.02 9180
243.026 9520
243.032 9860
243.039 10200
243.045 10540
243.051 10880
243.44 11220
243.446 11560
243.452 11900
243.459 12240
243.465 12580
243.471 12920
243.477 13260
243.484 13600
243.49 13940
243.496 14280
243.503 14620
243.509 14960
243.515 15300
243.522 15640
243.528 15980
243.534 16320
243.541 16660
243.547 17000
243.553 17340
243.559 17680
243.566 18020
243.572 18360
243.578 18700
243.585 19040
243.591 19380
243.597 19720
243.604 20060
243.61 20400
243.616 20740
243.622 21080
243.629 21420
243.635 21760
243.923 22100
243.929 22440
243.935 22780
243.942 23120
243.948 23460
243.954 23800
243.96 24140
243.967 24480
243.973 24820
243.979 25160
243.986 25500
243.992 25840
243.998 26180
244.005 26520
244.011 26860
244.017 27200
244.023 27540
244.03 27880
244.042 28220
244.087 19720
245.206 20060
245.219 20400
245.231 20740
245.257 21080
245.269 21420
245.294 21760
245.32 22100
245.345 22440
245.383 22780
245.408 23120
245.446 23460
245.484 23800
245.534 24140
245.597 24480
245.698 24820
245.811 25160
245.925 25500
246.051 25840
246.171 26180
246.303 26520
246.467 26860
246.681 27200
247.003 27540
247.425 27880
248.339 28220
249.291 28560
249.745 28900
250.085 29240
250.249 29580
250.445 29920
250.615 30260
250.76 30600
250.911 30940
251.044 31280
251.17 31620
251.283 31960
251.365 32300
251.479 32640
251.554 32980
251.636 33320
251.718 33660
251.8 34000
251.876 34340
251.958 34680
252.027 35020
252.103 35360
252.166 35700
252.229 36040
252.298 36380
252.342 36720
252.399 37060
252.468 37400
252.513 37740
252.576 38080
252.626 38420
252.676 38760
252.727 39100
252.777 39440
252.834 39780
252.878 40120
252.91 40460
252.954 40800
252.998 41140
253.036 41480
253.086 41820
253.124 42160
253.181 42500
253.219 42840
253.269 43180
253.307 43520
253.351 43860
253.395 44200
253.433 44540
253.477 44880
253.515 45220
253.546 45560
253.59 45900
253.647 46240
253.698 46580
253.754 46920
253.805 47260
253.862 47600
253.899 47940
253.95 48280
253.988 48620
254.032 48960
254.07 49300
254.114 49640
254.145 49980
254.183 50320
254.233 50660
254.271 51000
254.315 51340
254.353 51680
254.385 52020
254.416 52360
254.442 52700
254.479 53040
254.505 53380
254.536 53720
254.568 54060
254.593 54400
254.637 54740
254.668 55080
254.687 55420
254.725 55760
254.757 56100
254.782 56440
254.813 56780
254.826 57120
254.858 57460
254.87 57800
254.895 58140
254.921 58480
254.946 58820
254.958 59160
254.984 59500
254.996 59840
255.021 60180
255.034 60520
255.072 60860
255.097 61200
255.122 61540
255.135 61880
255.16 62220
255.173 62560
255.198 62900
255.23 63240
255.248 63580
255.274 63920
255.286 64260
255.311 64600
255.324 64940
255.349 65280
255.362 65620
255.387 65960
255.412 66300
255.425 66640
255.45 66980
255.475 67320
255.488 67660
255.513 68000
255.545 68340
255.557 68680
255.583 69020
255.595 69360
255.627 69700
255.652 70040
255.665 70380
255.69 70720
255.702 71060
255.728 71400
255.74 71740
255.778 72080
255.797 72420
255.828 72760
255.854 73100
255.873 73440
255.898 73780
255.91 74120
255.936 74460
255.961 74800
255.98 75140
256.005 75480
256.018 75820
256.043 76160
256.055 76500
256.081 76840
256.093 77180
256.118 77520
256.131 77860
256.156 78200
256.169 78540
256.194 78880
256.207 79220
256.232 79560
256.244 79900
256.27 80240
256.282 80580
256.308 80920
256.326 81260
256.358 81600
256.371 81940
256.383 82280
256.408 82620
256.421 82960
256.434 83300
256.459 83640
256.471 83980
256.484 84320
256.497 84660
256.509 85000
256.534 85340
256.547 85680
256.56 86020
256.572 86360
256.585 86700
256.61 87040
256.623 87380
256.635 87720
256.648 88060
256.661 88400
256.686 88740
256.698 89080
256.711 89420
256.724 89760
256.736 90100
256.749 90440
256.761 90780
256.787 91120
256.799 91460
256.812 91800
256.824 92140
256.837 92480
256.85 92820
256.862 93160
256.894 93500
256.906 93840
256.919 94180
256.932 94520
256.944 94860
256.957 95200
256.969 95540
256.982 95880
256.995 96220
257.007 96560
257.02 96900
257.032 97240
257.045 97580
257.058 97920
257.07 98260
257.083 98600
257.096 98940
257.121 99280
257.133 99620
257.146 99960
257.159 100300
257.171 100640
257.184 100980
257.196 101320
257.209 101660
257.222 102000
257.241 102340
257.253 102680
257.266 103020
257.278 103360
257.291 103700
257.304 104040
257.316 104380
257.329 104720
257.341 105060
257.354 105400
257.367 105740
257.379 106080
257.392 106420
257.404 106760
257.417 107100
257.43 107440
257.442 107780
257.455 108120
257.467 108460
257.48 108800
257.493 109140
257.505 109480
257.518 109820
257.53 110160
257.543 110500
257.556 110840
257.568 111180
257.581 111520
257.594 111860
257.606 112200
257.619 112540
257.631 112880
257.644 113220
257.657 113560
257.669 113900
257.682 114240
257.694 114580
257.707 114920
257.72 115260
257.732 115600
257.745 115940
257.757 116280
257.77 116620
257.783 116960
257.795 117300
257.808 117640
257.82 117980
257.833 118320
257.846 118660
257.858 119000
257.871 119340
257.884 119680
257.896 120020
257.909 120360
257.921 120700
257.934 121040
257.947 121380
257.959 121720
257.972 122060
257.984 122400
257.997 122740
258.01 123080
258.022 123420
258.035 123760
258.047 124100
258.066 86700
261.29 340
261.426 2040
262.202 3060
262.221 4080
262.685 5100
262.704 6120
262.723 7820
262.754 8840
263.18 9860
263.199 10880
263.218 11900
263.237 13600
263.269 14620
263.287 15640
263.306 16660
263.325 17680
263.663 18700
263.682 19720
263.701 21420
263.733 22440
263.751 23460
263.77 24480
263.789 25500
263.808 26520
263.827 27540
263.846 30260
263.896 31280
263.915 32300
263.934 33320
263.953 34340
263.972 35360
264.146 36380
264.165 38080
264.197 39100
264.216 40120
264.234 41140
264.253 42160
264.272 43180
264.291 44200
264.31 45220
264.329 46920
264.361 47940
264.379 48960
264.398 49980
264.417 51000
264.436 52020
264.455 53040
264.474 54060
264.493 55080
264.512 57120
264.55 58140
264.569 59160
264.587 60180
264.606 61200
264.72 61540
264.852 61880
264.985 62220
265.098 62560
265.23 62900
265.363 63240
265.476 63580
265.609 63920
265.76 44540
268.58 340
269.763 680
270.246 1020
270.252 1360
270.729 1700
270.735 2040
270.742 2380
270.748 2720
271.212 3060
271.218 3400
271.225 3740
271.231 4080
271.237 4420
271.243 4760
271.25 5100
271.256 5440
271.695 5780
271.701 6120
271.707 6460
271.714 6800
271.72 7140
271.726 7480
271.733 7820
271.739 8160
271.745 8500
271.752 8840
271.758 9180
271.764 9520
271.771 9860
271.777 10200
271.783 10540
271.789 10880
272.178 11220
272.184 11560
272.19 11900
272.197 12240
272.203 12580
272.209 12920
272.216 13260
272.222 13600
272.228 13940
272.235 14280
272.241 14620
272.247 14960
272.253 15300
272.26 15640
272.266 15980
272.272 16320
272.279 16660
272.285 17000
272.291 17340
272.298 17680
272.304 18020
272.31 18360
272.317 18700
272.323 19040
272.329 19380
272.335 19720
272.342 20060
272.348 20400
272.354 20740
272.361 21080
272.367 21420
272.373 21760
272.661 22100
272.667 22440
272.673 22780
272.68 23120
272.686 23460
272.692 23800
272.699 24140
272.705 24480
272.711 24820
272.718 25160
272.724 25500
272.73 25840
272.736 26180
272.743 26520
272.749 26860
272.755 27200
272.762 27540
272.768 27880
272.774 28220
272.781 28560
272.787 28900
272.793 29240
272.799 29580
272.806 29920
272.812 30260
272.818 30600
272.825 30940
272.831 31280
272.957 31620
273.058 22100
274.304 22440
274.316 22780
274.329 23120
274.342 23460
274.354 23800
274.367 24140
274.379 24480
274.392 24820
274.417 25160
274.442 25500
274.48 25840
274.518 26180
274.556 26520
274.594 26860
274.644 27200
274.695 27540
274.802 27880
274.915 28220
275.041 28560
275.167 28900
275.306 29240
275.438 29580
275.59 29920
275.791 30260
276.044 30600
276.409 30940
276.869 31280
277.922 31620
278.584 31960
278.981 32300
279.322 32640
279.593 32980
279.763 33320
279.958 33660
280.097 34000
280.217 34340
280.362 34680
280.469 35020
280.582 35360
280.69 35700
280.791 36040
280.872 36380
280.967 36720
281.036 37060
281.125 37400
281.2 37740
281.257 38080
281.333 38420
281.402 38760
281.465 39100
281.534 39440
281.591 39780
281.66 40120
281.705 40460
281.755 40800
281.812 41140
281.856 41480
281.925 41820
281.982 42160
282.032 42500
282.083 42840
282.133 43180
282.184 43520
282.234 43860
282.278 44200
282.31 44540
282.367 44880
282.404 45220
282.455 45560
282.486 45900
282.53 46240
282.562 46580
282.593 46920
282.631 47260
282.682 47600
282.726 47940
282.776 48280
282.82 48620
282.852 48960
282.902 49300
282.934 49640
282.972 49980
282.991 50320
283.028 50660
283.054 51000
283.098 51340
283.123 51680
283.161 52020
283.211 52360
283.249 52700
283.287 53040
283.337 53380
283.375 53720
283.407 54060
283.463 54400
283.508 54740
283.539 55080
283.577 55420
283.608 55760
283.634 56100
283.671 56440
283.703 56780
283.722 57120
283.76 57460
283.785 57800
283.829 58140
283.854 58480
283.886 58820
283.911 59160
283.943 59500
283.974 59840
283.999 60180
284.031 60520
284.05 60860
284.075 61200
284.106 61540
284.132 61880
284.169 62220
284.201 62560
284.232 62900
284.258 63240
284.296 63580
284.327 63920
284.346 64260
284.371 64600
284.403 64940
284.441 65280
284.472 65620
284.497 65960
284.51 66300
284.541 66640
284.554 66980
284.573 67320
284.598 67660
284.617 68000
284.63 68340
284.642 68680
284.655 69020
284.68 69360
284.693 69700
284.712 70040
284.737 70380
284.749 70720
284.762 71060
284.787 71400
284.812 71740
284.838 72080
284.85 72420
284.863 72760
284.882 73100
284.913 73440
284.939 73780
284.951 74120
284.97 74460
284.983 74800
284.995 75140
285.008 75480
285.046 75820
285.058 76160
285.071 76500
285.09 76840
285.102 77180
285.121 77520
285.147 77860
285.159 78200
285.172 78540
285.184 78880
285.197 79220
285.222 79560
285.235 79900
285.247 80240
285.279 80580
285.292 80920
285.304 81260
285.317 81600
285.329 81940
285.348 82280
285.361 82620
285.386 82960
285.399 83300
285.411 83640
285.424 83980
285.449 84320
285.462 84660
285.474 85000
285.487 85340
285.512 85680
285.525 86020
285.537 86360
285.55 86700
285.563 87040
285.588 87380
285.6 87720
285.619 88060
285.632 88400
285.645 88740
285.657 89080
285.682 89420
285.701 89760
285.714 90100
285.727 90440
285.739 90780
285.752 91120
285.764 91460
285.777 91800
285.79 92140
285.815 92480
285.834 92820
285.846 93160
285.859 93500
285.872 93840
285.884 94180
285.897 94520
285.909 94860
285.935 95200
285.947 95540
285.96 95880
285.972 96220
285.985 96560
285.998 96900
286.023 97240
286.035 97580
286.048 97920
286.061 98260
286.073 98600
286.086 98940
286.098 99280
286.111 99620
286.124 99960
286.136 100300
286.149 100640
286.162 100980
286.174 101320
286.187 101660
286.199 102000
286.212 102340
286.225 102680
286.237 103020
286.25 103360
286.262 103700
286.275 104040
286.288 104380
286.3 104720
286.313 105060
286.338 105400
286.351 105740
286.363 106080
286.376 106420
286.388 106760
286.401 107100
286.414 107440
286.426 107780
286.439 108120
286.458 108460
286.47 108800
286.483 109140
286.496 109480
286.508 109820
286.527 110160
286.54 110500
286.552 110840
286.565 111180
286.578 111520
286.596 111860
286.609 112200
286.622 112540
286.634 112880
286.653 113220
286.666 113560
286.678 113900
286.691 114240
286.704 114580
286.716 114920
286.729 115260
286.741 115600
286.773 80580
289.982 340
290.202 2040
290.934 3060
290.953 4080
291.417 5780
291.448 7480
291.48 8500
291.906 9520
291.925 11560
291.963 13260
291.994 14960
292.026 15980
292.045 17680
292.401 18700
292.42 19720
292.439 20740
292.458 22440
292.49 23460
292.509 24480
292.528 25500
292.546 26520
292.565 28220
292.597 29240
292.616 31280
292.654 32300
292.673 36380
292.903 37400
292.922 38420
292.941 39440
292.96 40460
292.979 41480
292.998 42500
293.017 44200
293.048 46240
293.086 47260
293.105 48280
293.124 50660
293.168 52360
293.2 53380
293.218 55760
293.263 56780
293.382 57120
293.515 57460
293.647 57800
293.773 58140
293.887 58480
294.006 58820
294.139 59160
294.271 59500
294.347 41480
297.077 340
297.146 680
298.337 1020
298.344 1360
298.82 1700
298.827 2040
298.833 2380
298.839 2720
299.303 3060
299.31 3400
299.316 3740
299.322 4080
299.328 4420
299.335 4760
299.341 5100
299.347 5440
299.786 5780
299.793 6120
299.799 6460
299.805 6800
299.811 7140
299.818 7480
299.824 7820
299.83 8160
299.837 8500
299.843 8840
299.849 9180
299.856 9520
299.862 9860
299.868 10200
299.874 10540
299.881 10880
300.269 11220
300.275 11560
300.282 11900
300.288 12240
300.294 12580
300.301 12920
300.307 13260
300.313 13600
300.32 13940
300.326 14280
300.332 14620
300.339 14960
300.345 15300
300.351 15640
300.357 15980
300.364 16320
300.37 16660
300.376 17000
300.383 17340
300.389 17680
300.395 18020
300.402 18360
300.408 18700
300.414 19040
300.42 19380
300.427 19720
300.433 20060
300.439 20400
300.446 20740
300.452 21080
300.458 21420
300.465 21760
300.752 22100
300.758 22440
300.765 22780
300.771 23120
300.777 23460
300.784 23800
300.79 24140
300.796 24480
300.803 24820
300.809 25160
300.815 25500
300.821 25840
300.828 26180
300.834 26520
300.84 26860
300.847 27200
300.853 27540
300.859 27880
300.866 28220
300.872 28560
300.878 28900
300.96 29240
300.992 20400
302.143 20740
302.162 21080
302.187 21420
302.2 21760
302.225 22100
302.25 22440
302.275 22780
302.3 23120
302.326 23460
302.351 23800
302.389 24140
302.427 24480
302.464 24820
302.502 25160
302.603 25500
302.704 25840
302.817 26180
302.931 26520
303.07 26860
303.196 27200
303.334 27540
303.511 27880
303.744 28220
304.072 28560
304.513 28900
305.465 29240
306.322 29580
306.568 29920
306.928 30260
307.092 30600
307.363 30940
307.539 31280
307.709 31620
307.861 31960
308.018 32300
308.138 32640
308.251 32980
308.359 33320
308.466 33660
308.535 34000
308.623 34340
308.699 34680
308.775 35020
308.838 35360
308.92 35700
308.995 36040
309.077 36380
309.147 36720
309.21 37060
309.273 37400
309.342 37740
309.405 38080
309.462 38420
309.519 38760
309.575 39100
309.632 39440
309.689 39780
309.733 40120
309.783 40460
309.821 40800
309.878 41140
309.916 41480
309.96 41820
309.985 42160
310.029 42500
310.086 42840
310.117 43180
310.162 43520
310.199 43860
310.25 44200
310.288 44540
310.338 44880
310.382 45220
310.42 45560
310.452 45900
310.502 46240
310.54 46580
310.578 46920
310.622 47260
310.647 47600
310.685 47940
310.71 48280
310.742 48620
310.773 48960
310.811 49300
310.836 49640
310.887 49980
310.924 50320
310.962 50660
311.013 51000
311.038 51340
311.082 51680
311.113 52020
311.158 52360
311.189 52700
311.221 53040
311.271 53380
311.303 53720
311.353 54060
311.391 54400
311.429 54740
311.473 55080
311.504 55420
311.536 55760
311.567 56100
311.605 56440
311.637 56780
311.662 57120
311.687 57460
311.725 57800
311.756 58140
311.782 58480
311.801 58820
311.838 59160
311.864 59500
311.895 59840
311.92 60180
311.939 60520
311.983 60860
312.009 61200
312.034 61540
312.065 61880
312.109 62220
312.141 62560
312.166 62900
312.191 63240
312.217 63580
312.261 63920
312.28 64260
312.311 64600
312.336 64940
312.349 65280
312.374 65620
312.387 65960
312.412 66300
312.425 66640
312.45 66980
312.463 67320
312.494 67660
312.507 68000
312.532 68340
312.544 68680
312.57 69020
312.582 69360
312.608 69700
312.62 70040
312.645 70380
312.671 70720
312.689 71060
312.702 71400
312.715 71740
312.74 72080
312.753 72420
312.778 72760
312.79 73100
312.816 73440
312.834 73780
312.847 74120
312.86 74460
312.872 74800
312.897 75140
312.929 75480
312.948 75820
312.961 76160
312.973 76500
312.992 76840
313.005 77180
313.017 77520
313.042 77860
313.055 78200
313.068 78540
313.087 78880
313.099 79220
313.124 79560
313.137 79900
313.15 80240
313.162 80580
313.175 80920
313.187 81260
313.213 81600
313.225 81940
313.251 82280
313.263 82620
313.276 82960
313.288 83300
313.314 83640
313.339 83980
313.351 84320
313.364 84660
313.377 85000
313.389 85340
313.402 85680
313.414 86020
313.446 86360
313.459 86700
313.477 87040
313.49 87380
313.503 87720
313.515 88060
313.528 88400
313.541 88740
313.553 89080
313.566 89420
313.591 89760
313.604 90100
313.616 90440
313.629 90780
313.641 91120
313.654 91460
313.667 91800
313.679 92140
313.704 92480
313.717 92820
313.73 93160
313.742 93500
313.755 93840
313.767 94180
313.78 94520
313.793 94860
313.805 95200
313.83 95540
313.843 95880
313.856 96220
313.868 96560
313.881 96900
313.894 97240
313.906 97580
313.919 97920
313.931 98260
313.944 98600
313.957 98940
313.969 99280
313.994 99620
314.007 99960
314.02 100300
314.032 100640
314.045 100980
314.057 101320
314.07 101660
314.083 102000
314.095 102340
314.108 102680
314.12 103020
314.133 103360
314.146 103700
314.158 104040
314.171 104380
314.184 104720
314.196 105060
314.209 105400
314.221 105740
314.234 106080
314.247 106420
314.259 106760
314.272 107100
314.284 107440
314.297 107780
314.31 108120
314.322 108460
314.335 108800
314.347 109140
314.36 109480
314.373 109820
314.385 110160
314.398 110500
314.41 110840
314.423 111180
314.442 111520
314.455 111860
314.467 112200
314.48 112540
314.499 112880
314.511 113220
314.524 113560
314.549 113900
314.562 114240
314.574 114580
314.587 114920
314.6 115260
314.612 115600
314.625 115940
314.637 116280
314.65 116620
314.663 116960
314.675 117300
314.688 117640
314.7 117980
314.713 118320
314.726 118660
314.738 119000
314.751 119340
314.763 119680
314.776 120020
314.789 120360
314.808 83980
318.044 340
318.205 1360
318.975 2380
318.993 6120
319.495 7140
319.514 8160
319.533 9860
319.565 10880
319.584 13260
319.997 15300
320.035 16320
320.054 17340
320.073 18360
320.092 19380
320.111 20400
320.13 23460
320.186 24480
320.205 25500
320.224 26520
320.48 27540
320.499 28560
320.518 29580
320.537 31280
320.568 32300
320.587 33320
320.606 34340
320.625 35360
320.644 36380
320.663 37400
320.682 38420
320.701 39440
320.72 41140
320.751 42160
320.77 43180
320.789 44200
320.808 45220
320.827 46240
320.846 47260
320.865 48280
320.884 49300
320.903 50320
320.921 51340
320.94 52360
320.959 54060
320.991 55080
321.01 56100
321.029 57120
321.048 58140
321.066 59160
321.18 59500
321.293 59840
321.426 60180
321.558 60520
321.672 60860
321.798 61200
321.93 61540
322.062 61880
322.176 43180
324.971 340
326.204 680
326.687 1020
326.693 1360
327.17 1700
327.176 2040
327.183 2380
327.189 2720
327.653 3060
327.659 3400
327.666 3740
327.672 4080
327.678 4420
327.685 4760
327.691 5100
327.697 5440
328.136 5780
328.142 6120
328.149 6460
328.155 6800
328.161 7140
328.168 7480
328.174 7820
328.18 8160
328.186 8500
328.193 8840
328.199 9180
328.205 9520
328.212 9860
328.218 10200
328.224 10540
328.231 10880
328.619 11220
328.625 11560
328.632 11900
328.638 12240
328.644 12580
328.65 12920
328.657 13260
328.663 13600
328.669 13940
328.676 14280
328.682 14620
328.688 14960
328.695 15300
328.701 15640
328.707 15980
328.714 16320
328.72 16660
328.726 17000
328.732 17340
328.739 17680
328.745 18020
328.751 18360
328.758 18700
328.764 19040
328.77 19380
328.777 19720
328.783 20060
328.789 20400
328.795 20740
328.802 21080
328.808 21420
328.814 21760
329.102 22100
329.108 22440
329.115 22780
329.121 23120
329.127 23460
329.133 23800
329.14 24140
329.146 24480
329.152 24820
329.159 25160
329.165 25500
329.171 25840
329.178 26180
329.184 26520
329.19 26860
329.196 27200
329.203 27540
329.209 27880
329.215 28220
329.222 28560
329.228 28900
329.234 29240
329.241 29580
329.247 29920
329.285 30260
329.423 21080
330.619 21420
330.631 21760
330.644 22100
330.657 22440
330.669 22780
330.682 23120
330.694 23460
330.707 23800
330.72 24140
330.732 24480
330.757 24820
330.795 25160
330.833 25500
330.884 25840
330.934 26180
330.984 26520
331.085 26860
331.199 27200
331.337 27540
331.476 27880
331.615 28220
331.779 28560
331.924 28900
332.163 29240
332.504 29580
332.951 29920
333.935 30260
334.849 30600
335.101 30940
335.46 31280
335.624 31620
335.908 31960
336.097 32300
336.255 32640
336.412 32980
336.551 33320
336.683 33660
336.809 34000
336.923 34340
337.036 34680
337.124 35020
337.213 35360
337.282 35700
337.358 36040
337.421 36380
337.496 36720
337.572 37060
337.641 37400
337.711 37740
337.774 38080
337.831 38420
337.9 38760
337.963 39100
338.001 39440
338.07 39780
338.121 40120
338.184 40460
338.24 40800
338.291 41140
338.335 41480
338.398 41820
338.429 42160
338.467 42500
338.518 42840
338.549 43180
338.587 43520
338.619 43860
338.656 44200
338.707 44540
338.738 44880
338.776 45220
338.82 45560
338.871 45900
338.915 46240
338.959 46580
338.997 46920
339.041 47260
339.079 47600
339.117 47940
339.148 48280
339.198 48620
339.224 48960
339.268 49300
339.293 49640
339.318 49980
339.356 50320
339.4 50660
339.425 51000
339.482 51340
339.495 51680
339.539 52020
339.583 52360
339.615 52700
339.665 53040
339.69 53380
339.734 53720
339.772 54060
339.816 54400
339.873 54740
339.911 55080
339.923 55420
339.955 55760
339.98 56100
340.005 56440
340.037 56780
340.068 57120
340.094 57460
340.131 57800
340.157 58140
340.176 58480
340.213 58820
340.239 59160
340.27 59500
340.302 59840
340.333 60180
340.358 60520
340.384 60860
340.428 61200
340.453 61540
340.478 61880
340.503 62220
340.541 62560
340.566 62900
340.604 63240
340.629 63580
340.661 63920
340.693 64260
340.724 64600
340.743 64940
340.774 65280
340.806 65620
340.85 65960
340.863 66300
340.882 66640
340.913 66980
340.926 67320
340.945 67660
340.957 68000
340.983 68340
340.995 68680
341.02 69020
341.033 69360
341.058 69700
341.071 70040
341.083 70380
341.096 70720
341.109 71060
341.134 71400
341.146 71740
341.172 72080
341.203 72420
341.216 72760
341.228 73100
341.254 73440
341.279 73780
341.291 74120
341.31 74460
341.336 74800
341.348 75140
341.361 75480
341.373 75820
341.386 76160
341.411 76500
341.424 76840
341.436 77180
341.462 77520
341.474 77860
341.487 78200
341.518 78540
341.531 78880
341.55 79220
341.562 79560
341.575 79900
341.6 80240
341.613 80580
341.626 80920
341.638 81260
341.651 81600
341.676 81940
341.689 82280
341.701 82620
341.72 82960
341.733 83300
341.752 83640
341.777 83980
341.789 84320
341.802 84660
341.815 85000
341.827 85340
341.859 85680
341.871 86020
341.884 86360
341.897 86700
341.909 87040
341.922 87380
341.934 87720
341.947 88060
341.972 88400
341.991 88740
342.004 89080
342.016 89420
342.029 89760
342.042 90100
342.054 90440
342.067 90780
342.092 91120
342.105 91460
342.117 91800
342.136 92140
342.149 92480
342.161 92820
342.174 93160
342.187 93500
342.199 93840
342.218 94180
342.231 94520
342.262 94860
342.275 95200
342.287 95540
342.3 95880
342.313 96220
342.325 96560
342.338 96900
342.35 97240
342.363 97580
342.382 97920
342.401 98260
342.42 98600
342.432 98940
342.445 99280
342.458 99620
342.47 99960
342.483 100300
342.495 100640
342.508 100980
342.521 101320
342.533 101660
342.546 102000
342.559 102340
342.571 102680
342.584 103020
342.596 103360
342.609 103700
342.622 104040
342.634 104380
342.647 104720
342.659 105060
342.672 105400
342.697 105740
342.71 106080
342.722 106420
342.735 106760
342.748 107100
342.76 107440
342.773 107780
342.785 108120
342.798 108460
342.811 108800
342.823 109140
342.836 109480
342.855 109820
342.867 110160
342.88 110500
342.893 110840
342.905 111180
342.918 111520
342.93 111860
342.943 112200
342.956 112540
342.968 112880
342.981 113220
342.993 113560
343.006 113900
343.019 114240
343.031 114580
343.044 114920
343.075 80240
346.304 340
346.517 3060
347.261 4080
347.28 5780
347.312 6800
347.757 7820
347.776 8840
347.795 9860
347.814 11560
347.845 12580
347.864 13600
348.24 15640
348.278 18360
348.328 19380
348.347 20400
348.366 21420
348.385 22440
348.404 24820
348.448 25840
348.467 26860
348.486 27880
348.735 28900
348.754 29920
348.773 30940
348.792 34340
348.855 35360
348.874 36380
348.893 37400
348.912 38420
348.931 39440
348.95 41820
348.994 42840
349.013 44880
349.051 45900
349.07 47600
349.101 48620
349.12 50660
349.158 53040
349.202 54060
349.221 55760
349.252 56780
349.328 57120
349.498 57460
349.631 57800
349.763 58140
349.883 58480
349.99 58820
350.141 59160
350.255 59500
350.311 41480
353.061 340
353.11 680
354.321 1020
354.327 1360
354.804 1700
354.81 2040
354.816 2380
354.823 2720
355.287 3060
355.293 3400
355.299 3740
355.306 4080
355.312 4420
355.318 4760
355.324 5100
355.331 5440
355.77 5780
355.776 6120
355.782 6460
355.789 6800
355.795 7140
355.801 7480
355.807 7820
355.814 8160
355.82 8500
355.826 8840
355.833 9180
355.839 9520
355.845 9860
355.852 10200
355.858 10540
355.864 10880
356.253 11220
356.259 11560
356.265 11900
356.271 12240
356.278 12580
356.284 12920
356.29 13260
356.297 13600
356.303 13940
356.309 14280
356.316 14620
356.322 14960
356.328 15300
356.335 15640
356.341 15980
356.347 16320
356.353 16660
356.36 17000
356.366 17340
356.372 17680
356.379 18020
356.385 18360
356.391 18700
356.398 19040
356.404 19380
356.41 19720
356.416 20060
356.423 20400
356.429 20740
356.435 21080
356.442 21420
356.448 21760
356.736 22100
356.742 22440
356.748 22780
356.754 23120
356.761 23460
356.767 23800
356.773 24140
356.78 24480
356.786 24820
356.792 25160
356.799 25500
356.805 25840
356.811 26180
356.817 26520
356.824 26860
356.83 27200
356.836 27540
356.843 27880
356.849 28220
356.855 28560
356.862 28900
356.975 20060
358.12 20400
358.133 20740
358.145 21080
358.158 21420
358.17 21760
358.183 22100
358.196 22440
358.208 22780
358.221 23120
358.233 23460
358.271 23800
358.309 24140
358.347 24480
358.397 24820
358.448 25160
358.542 25500
358.656 25840
358.782 26180
358.921 26520
359.072 26860
359.204 27200
359.393 27540
359.62 27880
359.948 28220
360.37 28560
361.31 28900
362.287 29240
362.741 29580
362.924 29920
363.195 30260
363.409 30600
363.567 30940
363.737 31280
363.876 31620
364.002 31960
364.128 32300
364.254 32640
364.361 32980
364.449 33320
364.525 33660
364.607 34000
364.689 34340
364.764 34680
364.853 35020
364.922 35360
364.985 35700
365.061 36040
365.13 36380
365.193 36720
365.262 37060
365.332 37400
365.395 37740
365.439 38080
365.508 38420
365.559 38760
365.603 39100
365.653 39440
365.704 39780
365.76 40120
365.805 40460
365.861 40800
365.912 41140
365.943 41480
365.987 41820
366.038 42160
366.082 42500
366.113 42840
366.164 43180
366.202 43520
366.246 43860
366.284 44200
366.328 44540
366.366 44880
366.41 45220
366.454 45560
366.485 45900
366.536 46240
366.561 46580
366.605 46920
366.63 47260
366.668 47600
366.693 47940
366.731 48280
366.756 48620
366.794 48960
366.838 49300
366.883 49640
366.92 49980
366.958 50320
367.002 50660
367.04 51000
367.078 51340
367.116 51680
367.154 52020
367.191 52360
367.236 52700
367.273 53040
367.317 53380
367.355 53720
367.406 54060
367.431 54400
367.469 54740
367.5 55080
367.513 55420
367.544 55760
367.57 56100
367.595 56440
367.62 56780
367.658 57120
367.689 57460
367.721 57800
367.746 58140
367.784 58480
367.809 58820
367.834 59160
367.872 59500
367.904 59840
367.929 60180
367.961 60520
367.998 60860
368.03 61200
368.061 61540
368.087 61880
368.118 62220
368.162 62560
368.181 62900
368.206 63240
368.219 63580
368.244 63920
368.257 64260
368.282 64600
368.314 64940
368.339 65280
368.351 65620
368.377 65960
368.389 66300
368.414 66640
368.427 66980
368.452 67320
368.471 67660
368.496 68000
368.509 68340
368.534 68680
368.547 69020
368.572 69360
368.585 69700
368.61 70040
368.622 70380
368.648 70720
368.667 71060
368.698 71400
368.723 71740
368.736 72080
368.761 72420
368.774 72760
368.786 73100
368.812 73440
368.824 73780
368.837 74120
368.862 74460
368.875 74800
368.887 75140
368.912 75480
368.925 75820
368.938 76160
368.963 76500
368.988 76840
369.001 77180
369.026 77520
369.038 77860
369.051 78200
369.064 78540
369.089 78880
369.102 79220
369.114 79560
369.127 79900
369.139 80240
369.165 80580
369.177 80920
369.202 81260
369.221 81600
369.234 81940
369.253 82280
369.265 82620
369.278 82960
369.303 83300
369.322 83640
369.335 83980
369.354 84320
369.373 84660
369.385 85000
369.404 85340
369.417 85680
369.436 86020
369.448 86360
369.461 86700
369.473 87040
369.486 87380
369.499 87720
369.511 88060
369.524 88400
369.537 88740
369.549 89080
369.574 89420
369.587 89760
369.6 90100
369.612 90440
369.625 90780
369.637 91120
369.65 91460
369.663 91800
369.688 92140
369.7 92480
369.713 92820
369.726 93160
369.738 93500
369.751 93840
369.763 94180
369.776 94520
369.789 94860
369.814 95200
369.826 95540
369.839 95880
369.852 96220
369.864 96560
369.877 96900
369.89 97240
369.902 97580
369.915 97920
369.927 98260
369.953 98600
369.965 98940
369.978 99280
369.99 99620
370.003 99960
370.016 100300
370.028 100640
370.041 100980
370.053 101320
370.066 101660
370.079 102000
370.091 102340
370.11 102680
370.123 103020
370.135 103360
370.148 103700
370.161 104040
370.173 104380
370.186 104720
370.198 105060
370.211 105400
370.224 105740
370.236 106080
370.249 106420
370.261 106760
370.274 107100
370.287 107440
370.299 107780
370.312 108120
370.325 108460
370.337 108800
370.35 109140
370.362 109480
370.375 109820
370.388 110160
370.4 110500
370.413 110840
370.425 111180
370.438 111520
370.451 111860
370.463 112200
370.476 112540
370.488 112880
370.501 113220
370.514 113560
370.526 113900
370.539 114240
370.551 114580
370.564 114920
370.577 115260
370.589 115600
370.602 115940
370.614 116280
370.627 116620
370.64 116960
370.652 117300
370.665 117640
370.678 117980
370.69 118320
370.703 118660
370.715 119000
370.728 119340
370.741 119680
370.753 120020
370.766 120360
370.778 120700
370.791 121040
370.804 121380
370.816 121720
370.829 122060
370.841 122400
370.86 85340
374.068 340
374.233 2380
374.983 5440
375.466 7480
375.504 8500
375.523 10200
375.554 11220
375.955 12240
375.974 13260
375.993 14280
376.012 15300
376.031 16320
376.05 17340
376.069 19040
376.1 20060
376.119 21080
376.138 22100
376.157 23800
376.464 24820
376.482 25840
376.501 27540
376.533 28560
376.552 29580
376.571 30600
376.59 31620
376.609 32640
376.627 33660
376.646 34680
376.665 35700
376.684 37400
376.716 38420
376.735 39440
376.754 40460
376.772 41480
376.791 42500
376.81 43520
376.829 44540
376.848 45560
376.867 46580
376.886 48280
376.959 49300
376.978 50320
376.997 51340
377.016 52360
377.035 53380
377.054 54400
377.073 55420
377.091 56440
377.11 57460
377.129 58480
377.148 59500
377.262 59840
377.394 60180
377.526 60520
377.64 60860
377.772 61200
377.905 61540
378.018 61880
378.151 62220
378.302 43520
381.074 340
381.088 680
382.318 1020
382.324 1360
382.8 1700
382.807 2040
382.813 2380
382.819 2720
383.283 3060
383.29 3400
383.296 3740
383.302 4080
383.309 4420
383.315 4760
383.321 5100
383.328 5440
383.766 5780
383.773 6120
383.779 6460
383.785 6800
383.792 7140
383.798 7480
383.804 7820
383.811 8160
383.817 8500
383.823 8840
383.829 9180
383.836 9520
383.842 9860
383.848 10200
383.855 10540
383.861 10880
384.249 11220
384.256 11560
384.262 11900
384.268 12240
384.275 12580
384.281 12920
384.287 13260
384.293 13600
384.3 13940
384.306 14280
384.312 14620
384.319 14960
384.325 15300
384.331 15640
384.338 15980
384.344 16320
384.35 16660
384.357 17000
384.363 17340
384.369 17680
384.375 18020
384.382 18360
384.388 18700
384.394 19040
384.401 19380
384.407 19720
384.413 20060
384.42 20400
384.426 20740
384.432 21080
384.438 21420
384.445 21760
384.732 22100
384.739 22440
384.745 22780
384.751 23120
384.758 23460
384.764 23800
384.77 24140
384.776 24480
384.783 24820
384.789 25160
384.795 25500
384.802 25840
384.808 26180
384.814 26520
384.821 26860
384.827 27200
384.833 27540
384.839 27880
384.846 28220
384.852 28560
384.858 28900
384.865 29240
384.871 29580
384.877 29920
384.884 30260
384.89 30600
385.016 30940
385.073 21420
386.293 21760
386.306 22100
386.318 22440
386.331 22780
386.344 23120
386.369 23460
386.394 23800
386.419 24140
386.445 24480
386.482 24820
386.508 25160
386.545 25500
386.583 25840
386.621 26180
386.659 26520
386.741 26860
386.842 27200
386.943 27540
387.069 27880
387.195 28220
387.308 28560
387.459 28900
387.611 29240
387.8 29580
388.046 29920
388.392 30260
388.846 30600
389.849 30940
390.561 31280
390.857 31620
391.198 31960
391.456 32300
391.689 32640
391.872 32980
392.03 33320
392.187 33660
392.32 34000
392.433 34340
392.553 34680
392.654 35020
392.761 35360
392.856 35700
392.938 36040
393.02 36380
393.095 36720
393.158 37060
393.24 37400
393.303 37740
393.373 38080
393.423 38420
393.499 38760
393.562 39100
393.625 39440
393.688 39780
393.738 40120
393.789 40460
393.852 40800
393.902 41140
393.965 41480
394.009 41820
394.079 42160
394.11 42500
394.161 42840
394.198 43180
394.249 43520
394.287 43860
394.331 44200
394.362 44540
394.406 44880
394.444 45220
394.488 45560
394.52 45900
394.558 46240
394.596 46580
394.652 46920
394.696 47260
394.734 47600
394.778 47940
394.823 48280
394.86 48620
394.898 48960
394.93 49300
394.955 49640
394.986 49980
395.018 50320
395.056 50660
395.081 51000
395.113 51340
395.169 51680
395.201 52020
395.239 52360
395.295 52700
395.308 53040
395.358 53380
395.396 53720
395.434 54060
395.472 54400
395.51 54740
395.554 55080
395.592 55420
395.617 55760
395.642 56100
395.674 56440
395.705 56780
395.724 57120
395.762 57460
395.793 57800
395.812 58140
395.856 58480
395.875 58820
395.907 59160
395.945 59500
395.976 59840
396.001 60180
396.033 60520
396.058 60860
396.096 61200
396.121 61540
396.146 61880
396.191 62220
396.222 62560
396.241 62900
396.279 63240
396.304 63580
396.336 63920
396.361 64260
396.38 64600
396.417 64940
396.449 65280
396.474 65620
396.506 65960
396.525 66300
396.556 66640
396.588 66980
396.6 67320
396.613 67660
396.638 68000
396.651 68340
396.676 68680
396.689 69020
396.701 69360
396.739 69700
396.752 70040
396.764 70380
396.796 70720
396.808 71060
396.821 71400
396.846 71740
396.859 72080
396.871 72420
396.884 72760
396.909 73100
396.922 73440
396.947 51340
398.441 51680
398.454 52020
398.466 52360
398.479 52700
398.491 53040
398.504 53380
398.517 53720
398.529 54060
398.542 54400
398.555 54740
398.567 55080
398.58 55420
398.592 55760
398.605 56100
398.618 56440
398.63 56780
398.643 57120
398.655 57460
398.668 57800
398.681 58140
398.693 58480
398.706 58820
398.718 59160
398.731 59500
398.744 59840
398.756 60180
398.769 60520
398.781 60860
398.794 61200
398.807 61540
398.819 61880
398.832 62220
398.845 62560
398.857 62900
398.87 63240
398.882 63580
399.034 63920
399.16 64260
399.273 64600
399.387 64940
399.488 65280
399.62 65620
399.771 65960
399.904 66300
400.004 66640
