0.0 0
0.0739613 3400
0.154099 3740
0.166707 4420
0.179315 5100
0.191923 5780
0.204531 6460
0.233372 7140
0.24598 7820
0.258588 8500
0.271196 9180
0.283804 9860
0.296412 10540
0.30902 11220
0.321628 11900
0.334236 12580
0.346844 13260
0.359452 13940
0.37206 14620
0.384668 15300
0.397276 15980
0.409884 16660
0.422492 17340
0.4351 18020
0.447708 18700
0.460316 19380
0.472924 20060
0.485532 20740
0.49814 21420
0.510748 22100
0.523356 22780
0.535964 23460
0.548572 24140
0.56118 24820
0.573788 25500
0.586396 26180
0.599004 26860
0.611612 27540
0.62422 28220
0.636828 28900
0.649436 29580
0.662044 30260
0.674652 30940
0.68726 31620
0.699868 32300
0.712476 32980
0.725084 33660
0.737692 34340
0.7503 35020
0.762908 35700
0.775516 36380
0.788124 37060
0.800732 37740
0.81334 38420
0.825948 39100
0.838556 39780
0.851164 40460
0.863772 41140
0.87638 41820
0.888988 42500
0.901596 43180
0.914204 43860
0.926812 44540
0.93942 45220
0.952028 45900
0.964636 46580
0.977244 47260
0.989852 47940
1.00246 48620
1.01507 49300
1.02768 49980
1.04028 50660
1.05289 51340
1.0655 52020
1.07811 52700
1.09072 53380
1.10332 54060
1.11593 54740
1.12854 55420
1.14115 56100
1.15376 56780
1.16636 57460
1.17897 58140
1.19158 58820
1.20419 59500
1.2168 60180
1.2294 60860
1.24201 61540
1.25462 62220
1.26723 62900
1.27984 63580
1.29244 64260
1.30505 64940
1.31766 65620
1.33027 66300
1.34288 66980
1.35548 67660
1.36809 68340
1.3807 69020
1.39331 69700
1.40592 70380
1.41852 71060
1.43113 71740
1.44374 72420
1.45635 73100
1.46896 73780
1.48156 74460
1.49417 75140
1.50678 75820
1.51939 76500
1.532 77180
1.5446 77860
1.55721 78540
1.56982 79220
1.58243 79900
1.59504 80580
1.60764 81260
1.62025 81940
1.63286 82620
1.64547 83300
1.65808 83980
1.67068 84320
1.6896 58820
3.46499 340
3.7384 680
3.81767 1700
3.89694 2040
3.90325 3060
3.92216 3400
3.97622 4420
3.99513 4760
4.00143 5780
4.02034 6120
4.02665 7140
4.06179 7480
4.0681 8500
4.08701 8840
4.09331 9860
4.11222 10200
4.11853 11220
4.13744 11560
4.14374 12580
4.16266 12920
4.16896 13940
4.18787 14280
4.19418 15300
4.21309 15640
4.21939 16660
4.2383 17000
4.24461 18020
4.26352 18360
4.26982 19380
4.28874 19720
4.29504 20740
4.31395 21080
4.32026 22100
4.33917 22440
4.34547 23460
4.36438 23800
4.37069 24820
4.3896 25160
4.3959 26180
4.41482 26520
4.42112 27540
4.44003 27880
4.44634 28900
4.46525 29240
4.47155 30260
4.49046 30600
4.49677 31620
4.51568 31960
4.52198 32980
4.5409 33320
4.5472 34340
4.56611 34680
4.57242 35700
4.59133 36040
4.59763 37060
4.61654 37400
4.62285 38420
4.64176 38760
4.64806 39780
4.66698 40120
4.67328 41140
4.79936 41480
4.92544 41820
5.05152 42160
5.1776 42500
5.30368 42840
5.44867 29920
7.19885 340
7.28944 680
7.74963 1020
7.75594 1360
7.82891 1700
7.83521 2040
7.84151 2380
7.84782 2720
7.90818 3060
7.91448 3400
7.92079 3740
7.92709 4080
7.9334 4420
7.9397 4760
7.946 5100
7.95231 5440
7.98745 5780
7.99376 6120
8.00006 6460
8.00636 6800
8.01267 7140
8.01897 7480
8.02528 7820
8.03158 8160
8.03788 8500
8.04419 8840
8.05049 9180
8.0568 9520
8.0631 9860
8.0694 10200
8.07571 10540
8.08201 10880
8.08832 11220
8.09462 11560
8.10092 11900
8.10723 12240
8.11353 12580
8.11984 12920
8.12614 13260
8.13244 13600
8.13875 13940
8.14505 14280
8.15136 14620
8.15766 14960
8.16396 15300
8.17027 15640
8.17657 15980
8.18288 16320
8.18918 16660
8.19548 17000
8.20179 17340
8.20809 17680
8.2144 18020
8.2207 18360
8.227 18700
8.23331 19040
8.23961 19380
8.24592 19720
8.25222 20060
8.25852 20400
8.26483 20740
8.28374 21080
8.40982 21420
8.5359 21760
8.65568 22100
9.07804 15300
10.4437 340
10.4838 24480
10.4964 24820
10.5091 25160
10.5217 25500
10.5343 25840
10.5469 26180
10.5595 26520
10.5721 26860
10.5847 27200
10.7108 27540
10.8369 27880
10.9629 28220
11.089 28560
11.1205 19720
12.379 340
12.7091 7480
13.0054 14620
13.1567 10200
13.7052 10540
13.7304 10880
13.7682 11220
13.806 11560
13.8439 11900
13.9195 12240
14.033 12580
14.1717 12920
14.3104 13260
14.4617 13600
14.6949 13940
14.9155 14280
15.3947 14620
17.5065 14960
17.8595 15300
18.1054 15640
18.3071 15980
18.471 16320
18.616 16660
18.8619 17000
19.0321 17340
19.2086 17680
19.3536 18020
19.4986 18360
19.5805 18700
19.7003 19040
19.7759 19380
19.8705 19720
19.9587 20060
20.0407 20400
20.129 20740
20.1983 21080
20.2676 21420
20.337 21760
20.4189 22100
20.4946 22440
20.5765 22780
20.6459 23120
20.7026 23460
20.7657 23800
20.8224 24140
20.8791 24480
20.9296 24820
20.9863 25160
21.0115 25500
21.0683 25840
21.0998 26180
21.1376 26520
21.2069 26860
21.2637 27200
21.3078 27540
21.333 27880
21.3708 28220
21.4087 28560
21.4591 28900
21.5032 29240
21.5284 29580
21.5726 29920
21.6104 30260
21.6482 30600
21.686 30940
21.7113 31280
21.7365 31620
21.7869 31960
21.8247 32300
21.8626 32640
21.9004 32980
21.9256 33320
21.9634 33660
21.9886 34000
22.0265 34340
22.058 34680
22.0958 35020
22.121 35360
22.1588 35700
22.1967 36040
22.2219 36380
22.2597 36720
22.2849 37060
22.3227 37400
22.348 37740
22.3732 38080
22.411 38420
22.4362 38760
22.4488 39100
22.4867 39440
22.5119 39780
22.5371 40120
22.5623 40460
22.5875 40800
22.6253 41140
22.6506 41480
22.6632 41820
22.6884 42160
22.7136 42500
22.7514 42840
22.764 43180
22.7892 43520
22.8145 43860
22.8397 44200
22.8649 44540
22.8901 44880
22.9153 45220
22.9405 45560
22.9658 45900
22.991 46240
23.0162 46580
23.0414 46920
23.0666 47260
23.0918 47600
23.1171 47940
23.1423 48280
23.1675 48620
23.1927 48960
23.2179 49300
23.2431 49640
23.2683 49980
23.2936 50320
23.3188 50660
23.344 51000
23.3692 51340
23.3944 51680
23.4196 52020
23.4449 52360
23.489 36380
25.2581 340
25.7143 2040
25.7936 3740
25.8251 5440
25.8981 7140
25.9296 8840
25.9611 10540
25.9926 12240
26.0241 13940
26.0557 15640
26.0872 17340
26.1187 19040
26.1502 20740
26.1817 22440
26.2133 24140
26.2448 25840
26.3709 26180
26.4969 26520
26.623 26860
26.6735 18700
28.1589 340
28.6907 680
28.8042 1020
28.8105 1360
28.8835 1700
28.8898 2040
28.8961 2380
28.9024 2720
28.9628 3060
28.9691 3400
28.9754 3740
28.9817 4080
28.988 4420
28.9943 4760
29.0006 5100
29.0069 5440
29.042 5780
29.0483 6120
29.0546 6460
29.0609 6800
29.0672 7140
29.0735 7480
29.0799 7820
29.0862 8160
29.0925 8500
29.0988 8840
29.1051 9180
29.1114 9520
29.1177 9860
29.124 10200
29.1303 10540
29.1366 10880
29.1429 11220
29.1681 7820
29.5779 8160
29.6031 8500
29.6283 8840
29.6661 9180
29.7481 9520
29.8615 9860
30.0191 10200
30.1894 10540
30.3848 10880
30.7189 11220
33.0955 11560
33.4611 11900
33.707 12240
33.9087 12580
34.0726 12920
34.2176 13260
34.35 13600
34.4635 13940
34.5643 14280
34.7282 14620
34.93 14960
35.0245 15300
35.1632 15640
35.2578 15980
35.4154 16320
35.5856 16660
35.6612 17000
35.7747 17340
35.8693 17680
35.9323 18020
36.0332 18360
36.1151 18700
36.1971 19040
36.2538 19380
36.3168 19720
36.3673 20060
36.4303 20400
36.4934 20740
36.5564 21080
36.6068 21420
36.6699 21760
36.7203 22100
36.7707 22440
36.8212 22780
36.8716 23120
36.922 23460
36.9599 23800
37.0103 24140
37.0481 24480
37.0985 24820
37.1364 25160
37.1868 25500
37.2246 25840
37.2624 26180
37.3003 26520
37.3507 26860
37.3759 27200
37.4137 27540
37.4516 27880
37.4894 28220
37.5272 28560
37.565 28900
37.6029 29240
37.6407 29580
37.6785 29920
37.7163 30260
37.7415 30600
37.7794 30940
37.8172 31280
37.855 31620
37.8802 31960
37.9181 32300
37.9433 32640
37.9811 32980
38.0063 33320
38.0441 33660
38.0694 34000
38.1072 34340
38.1324 34680
38.1702 35020
38.1954 35360
38.2333 35700
38.2585 36040
38.2963 36380
38.3215 36720
38.3593 37060
38.3846 37400
38.4098 37740
38.435 38080
38.4728 38420
38.4854 38760
38.5106 39100
38.5485 39440
38.5737 39780
38.5863 40120
38.6115 40460
38.6367 40800
38.6745 41140
38.6871 41480
38.7124 41820
38.7376 42160
38.7628 42500
38.788 42840
38.8132 43180
38.8384 43520
38.8637 43860
38.8889 44200
38.9141 44540
38.9393 44880
38.9645 45220
38.9897 45560
39.015 45900
39.0402 46240
39.0654 46580
39.0906 46920
39.1158 47260
39.141 47600
39.1663 47940
39.1915 48280
39.2167 48620
39.2419 48960
39.2671 49300
39.2923 49640
39.3175 49980
39.3428 50320
39.368 50660
39.3932 51000
39.4184 51340
39.431 51680
39.4562 52020
39.4815 52360
39.4941 52700
39.5193 53040
39.5382 37060
41.3136 340
41.7887 2040
41.868 3740
41.8995 5440
41.9725 7140
42.004 8840
42.0355 10540
42.067 12240
42.0986 13940
42.1301 15640
42.1616 17340
42.1931 19040
42.2246 20740
42.2562 22440
42.2877 24140
42.3192 25840
42.4453 26180
42.5714 26520
42.7163 26860
42.7542 18700
44.2396 340
44.7715 680
44.8849 1020
44.8912 1360
44.9642 1700
44.9705 2040
44.9768 2380
44.9831 2720
45.0435 3060
45.0498 3400
45.0561 3740
45.0624 4080
45.0687 4420
45.075 4760
45.0813 5100
45.0876 5440
45.1227 5780
45.129 6120
45.1354 6460
45.1417 6800
45.148 7140
45.1543 7480
45.1606 7820
45.1669 8160
45.1732 8500
45.1795 8840
45.1858 9180
45.1921 9520
45.1984 9860
45.2047 10200
45.211 10540
45.2173 10880
45.2236 11220
45.2488 7820
45.6712 8160
45.6964 8500
45.7216 8840
45.7594 9180
45.854 9520
45.9675 9860
46.1125 10200
46.2386 10540
46.4781 10880
46.7681 11220
49.1825 11560
49.5418 11900
49.7877 12240
49.9894 12580
50.147 12920
50.292 13260
50.4307 13600
50.5442 13940
50.6514 14280
50.8405 14620
50.9539 14960
51.1115 15300
51.2502 15640
51.3385 15980
51.452 16320
51.5465 16660
51.6537 17000
51.7735 17340
51.8995 17680
52.0067 18020
52.0887 18360
52.1517 18700
52.2337 19040
52.2967 19380
52.3723 19720
52.448 20060
52.4984 20400
52.5615 20740
52.6119 21080
52.6623 21420
52.7128 21760
52.7758 22100
52.8451 22440
52.8956 22780
52.9334 23120
52.9712 23460
53.0217 23800
53.0595 24140
53.1099 24480
53.1477 24820
53.1982 25160
53.2486 25500
53.2738 25840
53.3116 26180
53.3621 26520
53.3999 26860
53.4377 27200
53.4755 27540
53.5134 27880
53.5512 28220
53.589 28560
53.6268 28900
53.6647 29240
53.7025 29580
53.7403 29920
53.7655 30260
53.8034 30600
53.8286 30940
53.8664 31280
53.9042 31620
53.9294 31960
53.9673 32300
53.9925 32640
54.0303 32980
54.0555 33320
54.0933 33660
54.1186 34000
54.1564 34340
54.1816 34680
54.2194 35020
54.2446 35360
54.2825 35700
54.3077 36040
54.3455 36380
54.3707 36720
54.4085 37060
54.4338 37400
54.459 37740
54.4842 38080
54.522 38420
54.5346 38760
54.5598 39100
54.5977 39440
54.6229 39780
54.6355 40120
54.6607 40460
54.6859 40800
54.7237 41140
54.7363 41480
54.7616 41820
54.7868 42160
54.812 42500
54.8372 42840
54.8624 43180
54.8876 43520
54.9129 43860
54.9381 44200
54.9633 44540
54.9885 44880
55.0137 45220
55.0389 45560
55.0642 45900
55.0894 46240
55.1146 46580
55.1398 46920
55.165 47260
55.1902 47600
55.2154 47940
55.2407 48280
55.2659 48620
55.2911 48960
55.3163 49300
55.3415 49640
55.3667 49980
55.392 50320
55.4172 50660
55.4424 51000
55.4676 51340
55.4802 51680
55.5054 52020
55.5306 52360
55.5433 52700
55.5685 53040
55.5874 37060
57.3628 340
57.8379 2040
57.9172 3740
57.9487 5440
58.0217 7140
58.0532 8840
58.0847 10540
58.1162 12240
58.1478 13940
58.1793 15640
58.2108 17340
58.2423 19040
58.2738 20740
58.3054 22440
58.3369 24140
58.3684 25840
58.4945 26180
58.6206 26520
58.7655 26860
58.8034 18700
60.2888 340
60.8207 680
60.9341 1020
60.9404 1360
61.0134 1700
61.0197 2040
61.026 2380
61.0323 2720
61.0927 3060
61.099 3400
61.1053 3740
61.1116 4080
61.1179 4420
61.1242 4760
61.1305 5100
61.1368 5440
61.1719 5780
61.1782 6120
61.1846 6460
61.1909 6800
61.1972 7140
61.2035 7480
61.2098 7820
61.2161 8160
61.2224 8500
61.2287 8840
61.235 9180
61.2413 9520
61.2476 9860
61.2539 10200
61.2602 10540
61.2665 10880
61.2728 11220
61.298 7820
61.7204 8160
61.7456 8500
61.7708 8840
61.8086 9180
61.9032 9520
62.0167 9860
62.1617 10200
62.2878 10540
62.5273 10880
62.8173 11220
65.2317 11560
65.591 11900
65.8369 12240
66.0386 12580
66.1962 12920
66.3412 13260
66.4799 13600
66.5934 13940
66.7006 14280
66.8897 14620
67.0031 14960
67.1607 15300
67.2994 15640
67.3877 15980
67.5012 16320
67.5957 16660
67.7029 17000
67.8227 17340
67.9487 17680
68.0559 18020
68.1379 18360
68.2009 18700
68.2829 19040
68.3459 19380
68.4215 19720
68.4972 20060
68.5476 20400
68.6107 20740
68.6611 21080
68.7115 21420
68.762 21760
68.825 22100
68.8943 22440
68.9448 22780
68.9826 23120
69.0204 23460
69.0709 23800
69.1087 24140
69.1591 24480
69.1969 24820
69.2474 25160
69.2978 25500
69.323 25840
69.3608 26180
69.4113 26520
69.4491 26860
69.4869 27200
69.5247 27540
69.5626 27880
69.6004 28220
69.6382 28560
69.676 28900
69.7139 29240
69.7517 29580
69.7895 29920
69.8147 30260
69.8526 30600
69.8778 30940
69.9156 31280
69.9534 31620
69.9786 31960
70.0165 32300
70.0417 32640
70.0795 32980
70.1047 33320
70.1425 33660
70.1678 34000
70.2056 34340
70.2308 34680
70.2686 35020
70.2938 35360
70.3317 35700
70.3569 36040
70.3947 36380
70.4199 36720
70.4577 37060
70.483 37400
70.5082 37740
70.5334 38080
70.5712 38420
70.5838 38760
70.609 39100
70.6469 39440
70.6721 39780
70.6847 40120
70.7099 40460
70.7351 40800
70.7729 41140
70.7855 41480
70.8108 41820
70.836 42160
70.8612 42500
70.8864 42840
70.9116 43180
70.9368 43520
70.9621 43860
70.9873 44200
71.0125 44540
71.0377 44880
71.0629 45220
71.0881 45560
71.1134 45900
71.1386 46240
71.1638 46580
71.189 46920
71.2142 47260
71.2394 47600
71.2646 47940
71.2899 48280
71.3151 48620
71.3403 48960
71.3655 49300
71.3907 49640
71.4159 49980
71.4412 50320
71.4664 50660
71.4916 51000
71.5168 51340
71.5294 51680
71.5546 52020
71.5798 52360
71.5925 52700
71.6177 53040
71.6366 37060
73.412 340
73.8871 2040
73.9664 3740
73.9979 5440
74.0709 7140
74.1024 8840
74.1339 10540
74.1654 12240
74.197 13940
74.2285 15640
74.26 17340
74.2915 19040
74.323 20740
74.3546 22440
74.3861 24140
74.4176 25840
74.5437 26180
74.6698 26520
74.8147 26860
74.8526 18700
76.338 340
76.8699 680
76.9833 1020
76.9896 1360
77.0626 1700
77.0689 2040
77.0752 2380
77.0815 2720
77.1419 3060
77.1482 3400
77.1545 3740
77.1608 4080
77.1671 4420
77.1734 4760
77.1797 5100
77.186 5440
77.2211 5780
77.2274 6120
77.2337 6460
77.2401 6800
77.2464 7140
77.2527 7480
77.259 7820
77.2653 8160
77.2716 8500
77.2779 8840
77.2842 9180
77.2905 9520
77.2968 9860
77.3031 10200
77.3094 10540
77.3157 10880
77.322 11220
77.3472 7820
77.7696 8160
77.7948 8500
77.82 8840
77.8578 9180
77.9524 9520
78.0659 9860
78.2109 10200
78.3369 10540
78.5765 10880
78.8665 11220
81.2809 11560
81.6402 11900
81.8861 12240
82.0878 12580
82.2454 12920
82.3904 13260
82.5291 13600
82.6426 13940
82.7497 14280
82.9389 14620
83.0523 14960
83.2099 15300
83.3486 15640
83.4369 15980
83.5504 16320
83.6449 16660
83.7521 17000
83.8719 17340
83.9979 17680
84.1051 18020
84.1871 18360
84.2501 18700
84.3321 19040
84.3951 19380
84.4707 19720
84.5464 20060
84.5968 20400
84.6599 20740
84.7103 21080
84.7607 21420
84.8112 21760
84.8742 22100
84.9435 22440
84.994 22780
85.0318 23120
85.0696 23460
85.1201 23800
85.1579 24140
85.2083 24480
85.2461 24820
85.2966 25160
85.347 25500
85.3722 25840
85.41 26180
85.4605 26520
85.4983 26860
85.5361 27200
85.5739 27540
85.6118 27880
85.6496 28220
85.6874 28560
85.7252 28900
85.7631 29240
85.8009 29580
85.8387 29920
85.8639 30260
85.9017 30600
85.927 30940
85.9648 31280
86.0026 31620
86.0278 31960
86.0657 32300
86.0909 32640
86.1287 32980
86.1539 33320
86.1917 33660
86.2169 34000
86.2548 34340
86.28 34680
86.3178 35020
86.343 35360
86.3809 35700
86.4061 36040
86.4439 36380
86.4691 36720
86.5069 37060
86.5321 37400
86.5574 37740
86.5826 38080
86.6204 38420
86.633 38760
86.6582 39100
86.6961 39440
86.7213 39780
86.7339 40120
86.7591 40460
86.7843 40800
86.8221 41140
86.8347 41480
86.86 41820
86.8852 42160
86.9104 42500
86.9356 42840
86.9608 43180
86.986 43520
87.0113 43860
87.0365 44200
87.0617 44540
87.0869 44880
87.1121 45220
87.1373 45560
87.1625 45900
87.1878 46240
87.213 46580
87.2382 46920
87.2634 47260
87.2886 47600
87.3138 47940
87.3391 48280
87.3643 48620
87.3895 48960
87.4147 49300
87.4399 49640
87.4651 49980
87.4904 50320
87.5156 50660
87.5408 51000
87.566 51340
87.5786 51680
87.6038 52020
87.629 52360
87.6417 52700
87.6669 53040
87.6858 37060
89.4612 340
89.9363 2040
90.0156 3740
90.0471 5440
90.1201 7140
90.1516 8840
90.1831 10540
90.2146 12240
90.2462 13940
90.2777 15640
90.3092 17340
90.3407 19040
90.3722 20740
90.4038 22440
90.4353 24140
90.4668 25840
90.5929 26180
90.719 26520
90.8639 26860
90.9018 18700
92.3872 340
92.919 680
93.0325 1020
93.0388 1360
93.1118 1700
93.1181 2040
93.1244 2380
93.1307 2720
93.1911 3060
93.1974 3400
93.2037 3740
93.21 4080
93.2163 4420
93.2226 4760
93.2289 5100
93.2352 5440
93.2703 5780
93.2766 6120
93.2829 6460
93.2893 6800
93.2956 7140
93.3019 7480
93.3082 7820
93.3145 8160
93.3208 8500
93.3271 8840
93.3334 9180
93.3397 9520
93.346 9860
93.3523 10200
93.3586 10540
93.3649 10880
93.3712 11220
93.3964 7820
93.8188 8160
93.844 8500
93.8692 8840
93.907 9180
94.0016 9520
94.1151 9860
94.2601 10200
94.3861 10540
94.6257 10880
94.9157 11220
97.3301 11560
97.6894 11900
97.9353 12240
98.137 12580
98.2946 12920
98.4396 13260
98.5783 13600
98.6918 13940
98.7989 14280
98.9881 14620
99.1015 14960
99.2591 15300
99.3978 15640
99.4861 15980
99.5996 16320
99.6941 16660
99.8013 17000
99.9211 17340
100.047 17680
100.154 18020
100.236 18360
100.299 18700
100.381 19040
100.444 19380
100.52 19720
100.596 20060
100.646 20400
100.709 20740
100.759 21080
100.81 21420
100.86 21760
100.923 22100
100.993 22440
101.043 22780
101.081 23120
101.119 23460
101.169 23800
101.207 24140
101.258 24480
101.295 24820
101.346 25160
101.396 25500
101.421 25840
101.459 26180
101.51 26520
101.547 26860
101.585 27200
101.623 27540
101.661 27880
101.699 28220
101.737 28560
101.774 28900
101.812 29240
101.85 29580
101.888 29920
101.913 30260
101.951 30600
101.976 30940
102.014 31280
102.052 31620
102.077 31960
102.115 32300
102.14 32640
102.178 32980
102.203 33320
102.241 33660
102.266 34000
102.304 34340
102.329 34680
102.367 35020
102.392 35360
102.43 35700
102.455 36040
102.493 36380
102.518 36720
102.556 37060
102.581 37400
102.607 37740
102.632 38080
102.67 38420
102.682 38760
102.707 39100
102.745 39440
102.77 39780
102.783 40120
102.808 40460
102.834 40800
102.871 41140
102.884 41480
102.909 41820
102.934 42160
102.96 42500
102.985 42840
103.01 43180
103.035 43520
103.06 43860
103.086 44200
103.111 44540
103.136 44880
103.161 45220
103.187 45560
103.212 45900
103.237 46240
103.262 46580
103.287 46920
103.313 47260
103.338 47600
103.363 47940
103.388 48280
103.413 48620
103.439 48960
103.464 49300
103.489 49640
103.514 49980
103.54 50320
103.565 50660
103.59 51000
103.615 51340
103.628 51680
103.653 52020
103.678 52360
103.691 52700
103.716 53040
103.735 37060
105.51 340
105.986 2040
106.065 3740
106.096 5440
106.169 7140
106.201 8840
106.232 10540
106.264 12240
106.295 13940
106.327 15640
106.358 17340
106.39 19040
106.421 20740
106.453 22440
106.484 24140
106.516 25840
106.642 26180
106.768 26520
106.913 26860
106.951 18700
108.436 340
108.968 680
109.082 1020
109.088 1360
109.161 1700
109.167 2040
109.174 2380
109.18 2720
109.24 3060
109.247 3400
109.253 3740
109.259 4080
109.265 4420
109.272 4760
109.278 5100
109.284 5440
109.32 5780
109.326 6120
109.332 6460
109.338 6800
109.345 7140
109.351 7480
109.357 7820
109.364 8160
109.37 8500
109.376 8840
109.383 9180
109.389 9520
109.395 9860
109.401 10200
109.408 10540
109.414 10880
109.42 11220
109.446 7820
109.868 8160
109.893 8500
109.918 8840
109.956 9180
110.051 9520
110.164 9860
110.309 10200
110.435 10540
110.675 10880
110.965 11220
113.379 11560
113.739 11900
113.984 12240
114.186 12580
114.344 12920
114.489 13260
114.628 13600
114.741 13940
114.848 14280
115.037 14620
115.151 14960
115.308 15300
115.447 15640
115.535 15980
115.649 16320
115.743 16660
115.85 17000
115.97 17340
116.096 17680
116.204 18020
116.285 18360
116.348 18700
116.43 19040
116.493 19380
116.569 19720
116.645 20060
116.695 20400
116.758 20740
116.809 21080
116.859 21420
116.91 21760
116.973 22100
117.042 22440
117.092 22780
117.13 23120
117.168 23460
117.218 23800
117.256 24140
117.307 24480
117.345 24820
117.395 25160
117.445 25500
117.471 25840
117.508 26180
117.559 26520
117.597 26860
117.635 27200
117.672 27540
117.71 27880
117.748 28220
117.786 28560
117.824 28900
117.861 29240
117.899 29580
117.937 29920
117.962 30260
118 30600
118.025 30940
118.063 31280
118.101 31620
118.126 31960
118.164 32300
118.189 32640
118.227 32980
118.252 33320
118.29 33660
118.315 34000
118.353 34340
118.378 34680
118.416 35020
118.441 35360
118.479 35700
118.504 36040
118.542 36380
118.568 36720
118.605 37060
118.631 37400
118.656 37740
118.681 38080
118.719 38420
118.731 38760
118.757 39100
118.794 39440
118.82 39780
118.832 40120
118.857 40460
118.883 40800
118.921 41140
118.933 41480
118.958 41820
118.984 42160
119.009 42500
119.034 42840
119.059 43180
119.084 43520
119.11 43860
119.135 44200
119.16 44540
119.185 44880
119.211 45220
119.236 45560
119.261 45900
119.286 46240
119.311 46580
119.337 46920
119.362 47260
119.387 47600
119.412 47940
119.437 48280
119.463 48620
119.488 48960
119.513 49300
119.538 49640
119.564 49980
119.589 50320
119.614 50660
119.639 51000
119.664 51340
119.677 51680
119.702 52020
119.727 52360
119.74 52700
119.765 53040
119.784 37060
121.56 340
122.035 2040
122.114 3740
122.145 5440
122.218 7140
122.25 8840
122.282 10540
122.313 12240
122.345 13940
122.376 15640
122.408 17340
122.439 19040
122.471 20740
122.502 22440
122.534 24140
122.565 25840
122.691 26180
122.817 26520
122.962 26860
123 18700
124.486 340
125.017 680
125.131 1020
125.137 1360
125.21 1700
125.216 2040
125.223 2380
125.229 2720
125.289 3060
125.296 3400
125.302 3740
125.308 4080
125.315 4420
125.321 4760
125.327 5100
125.334 5440
125.369 5780
125.375 6120
125.381 6460
125.388 6800
125.394 7140
125.4 7480
125.407 7820
125.413 8160
125.419 8500
125.425 8840
125.432 9180
125.438 9520
125.444 9860
125.451 10200
125.457 10540
125.463 10880
125.47 11220
125.495 7820
125.917 8160
125.942 8500
125.968 8840
126.005 9180
126.1 9520
126.213 9860
126.358 10200
126.485 10540
126.724 10880
127.014 11220
129.429 11560
129.788 11900
130.034 12240
130.235 12580
130.393 12920
130.538 13260
130.677 13600
130.79 13940
130.897 14280
131.086 14620
131.2 14960
131.358 15300
131.496 15640
131.584 15980
131.698 16320
131.793 16660
131.9 17000
132.019 17340
132.146 17680
132.253 18020
132.335 18360
132.398 18700
132.48 19040
132.543 19380
132.618 19720
132.694 20060
132.744 20400
132.807 20740
132.858 21080
132.908 21420
132.959 21760
133.022 22100
133.091 22440
133.142 22780
133.179 23120
133.217 23460
133.268 23800
133.305 24140
133.356 24480
133.394 24820
133.444 25160
133.495 25500
133.52 25840
133.558 26180
133.608 26520
133.646 26860
133.684 27200
133.722 27540
133.759 27880
133.797 28220
133.835 28560
133.873 28900
133.911 29240
133.948 29580
133.986 29920
134.012 30260
134.049 30600
134.075 30940
134.112 31280
134.15 31620
134.175 31960
134.213 32300
134.238 32640
134.276 32980
134.302 33320
134.339 33660
134.365 34000
134.402 34340
134.428 34680
134.465 35020
134.491 35360
134.528 35700
134.554 36040
134.591 36380
134.617 36720
134.655 37060
134.68 37400
134.705 37740
134.73 38080
134.768 38420
134.781 38760
134.806 39100
134.844 39440
134.869 39780
134.881 40120
134.907 40460
134.932 40800
134.97 41140
134.982 41480
135.008 41820
135.033 42160
135.058 42500
135.083 42840
135.108 43180
135.134 43520
135.159 43860
135.184 44200
135.209 44540
135.234 44880
135.26 45220
135.285 45560
135.31 45900
135.335 46240
135.361 46580
135.386 46920
135.411 47260
135.436 47600
135.461 47940
135.487 48280
135.512 48620
135.537 48960
135.562 49300
135.588 49640
135.613 49980
135.638 50320
135.663 50660
135.688 51000
135.714 51340
135.726 51680
135.751 52020
135.777 52360
135.789 52700
135.814 53040
135.833 37060
137.609 340
138.084 2040
138.163 3740
138.195 5440
138.268 7140
138.299 8840
138.331 10540
138.362 12240
138.394 13940
138.425 15640
138.457 17340
138.488 19040
138.52 20740
138.551 22440
138.583 24140
138.614 25840
138.74 26180
138.867 26520
139.012 26860
139.049 18700
140.535 340
141.067 680
141.18 1020
141.186 1360
141.259 1700
141.266 2040
141.272 2380
141.278 2720
141.339 3060
141.345 3400
141.351 3740
141.358 4080
141.364 4420
141.37 4760
141.376 5100
141.383 5440
141.418 5780
141.424 6120
141.431 6460
141.437 6800
141.443 7140
141.449 7480
141.456 7820
141.462 8160
141.468 8500
141.475 8840
141.481 9180
141.487 9520
141.494 9860
141.5 10200
141.506 10540
141.512 10880
141.519 11220
141.544 7820
141.966 8160
141.992 8500
142.017 8840
142.055 9180
142.149 9520
142.263 9860
142.408 10200
142.534 10540
142.773 10880
143.063 11220
145.478 11560
145.837 11900
146.083 12240
146.285 12580
146.442 12920
146.587 13260
146.726 13600
146.839 13940
146.947 14280
147.136 14620
147.249 14960
147.407 15300
147.545 15640
147.634 15980
147.747 16320
147.842 16660
147.949 17000
148.069 17340
148.195 17680
148.302 18020
148.384 18360
148.447 18700
148.529 19040
148.592 19380
148.668 19720
148.743 20060
148.794 20400
148.857 20740
148.907 21080
148.958 21420
149.008 21760
149.071 22100
149.14 22440
149.191 22780
149.229 23120
149.266 23460
149.317 23800
149.355 24140
149.405 24480
149.443 24820
149.493 25160
149.544 25500
149.569 25840
149.607 26180
149.657 26520
149.695 26860
149.733 27200
149.771 27540
149.809 27880
149.846 28220
149.884 28560
149.922 28900
149.96 29240
149.998 29580
150.036 29920
150.061 30260
150.099 30600
150.124 30940
150.162 31280
150.199 31620
150.225 31960
150.262 32300
150.288 32640
150.325 32980
150.351 33320
150.389 33660
150.414 34000
150.452 34340
150.477 34680
150.515 35020
150.54 35360
150.578 35700
150.603 36040
150.641 36380
150.666 36720
150.704 37060
150.729 37400
150.754 37740
150.779 38080
150.817 38420
150.83 38760
150.855 39100
150.893 39440
150.918 39780
150.931 40120
150.956 40460
150.981 40800
151.019 41140
151.032 41480
151.057 41820
151.082 42160
151.107 42500
151.132 42840
151.158 43180
151.183 43520
151.208 43860
151.233 44200
151.258 44540
151.284 44880
151.309 45220
151.334 45560
151.359 45900
151.385 46240
151.41 46580
151.435 46920
151.46 47260
151.485 47600
151.511 47940
151.536 48280
151.561 48620
151.586 48960
151.612 49300
151.637 49640
151.662 49980
151.687 50320
151.712 50660
151.738 51000
151.763 51340
151.775 51680
151.801 52020
151.826 52360
151.838 52700
151.864 53040
151.883 37060
153.658 340
154.133 2040
154.212 3740
154.244 5440
154.317 7140
154.348 8840
154.38 10540
154.411 12240
154.443 13940
154.474 15640
154.506 17340
154.538 19040
154.569 20740
154.601 22440
154.632 24140
154.664 25840
154.79 26180
154.916 26520
155.061 26860
155.099 18700
156.584 340
157.116 680
157.229 1020
157.236 1360
157.309 1700
157.315 2040
157.321 2380
157.327 2720
157.388 3060
157.394 3400
157.4 3740
157.407 4080
157.413 4420
157.419 4760
157.426 5100
157.432 5440
157.467 5780
157.473 6120
157.48 6460
157.486 6800
157.492 7140
157.499 7480
157.505 7820
157.511 8160
157.518 8500
157.524 8840
157.53 9180
157.536 9520
157.543 9860
157.549 10200
157.555 10540
157.562 10880
157.568 11220
157.593 7820
158.016 8160
158.041 8500
158.066 8840
158.104 9180
158.198 9520
158.312 9860
158.457 10200
158.583 10540
158.822 10880
159.112 11220
161.527 11560
161.886 11900
162.132 12240
162.334 12580
162.491 12920
162.636 13260
162.775 13600
162.889 13940
162.996 14280
163.185 14620
163.298 14960
163.456 15300
163.595 15640
163.683 15980
163.796 16320
163.891 16660
163.998 17000
164.118 17340
164.244 17680
164.351 18020
164.433 18360
164.496 18700
164.578 19040
164.641 19380
164.717 19720
164.792 20060
164.843 20400
164.906 20740
164.956 21080
165.007 21420
165.057 21760
165.12 22100
165.19 22440
165.24 22780
165.278 23120
165.316 23460
165.366 23800
165.404 24140
165.454 24480
165.492 24820
165.543 25160
165.593 25500
165.618 25840
165.656 26180
165.706 26520
165.744 26860
165.782 27200
165.82 27540
165.858 27880
165.896 28220
165.933 28560
165.971 28900
166.009 29240
166.047 29580
166.085 29920
166.11 30260
166.148 30600
166.173 30940
166.211 31280
166.249 31620
166.274 31960
166.312 32300
166.337 32640
166.375 32980
166.4 33320
166.438 33660
166.463 34000
166.501 34340
166.526 34680
166.564 35020
166.589 35360
166.627 35700
166.652 36040
166.69 36380
166.715 36720
166.753 37060
166.778 37400
166.803 37740
166.829 38080
166.866 38420
166.879 38760
166.904 39100
166.942 39440
166.967 39780
166.98 40120
167.005 40460
167.03 40800
167.068 41140
167.081 41480
167.106 41820
167.131 42160
167.156 42500
167.182 42840
167.207 43180
167.232 43520
167.257 43860
167.282 44200
167.308 44540
167.333 44880
167.358 45220
167.383 45560
167.409 45900
167.434 46240
167.459 46580
167.484 46920
167.509 47260
167.535 47600
167.56 47940
167.585 48280
167.61 48620
167.635 48960
167.661 49300
167.686 49640
167.711 49980
167.736 50320
167.762 50660
167.787 51000
167.812 51340
167.825 51680
167.85 52020
167.875 52360
167.888 52700
167.913 53040
167.932 37060
169.707 340
170.182 2040
170.262 3740
170.293 5440
170.366 7140
170.398 8840
170.429 10540
170.461 12240
170.492 13940
170.524 15640
170.555 17340
170.587 19040
170.618 20740
170.65 22440
170.681 24140
170.713 25840
170.839 26180
170.965 26520
171.11 26860
171.148 18700
172.633 340
173.165 680
173.279 1020
173.285 1360
173.358 1700
173.364 2040
173.37 2380
173.377 2720
173.437 3060
173.443 3400
173.45 3740
173.456 4080
173.462 4420
173.469 4760
173.475 5100
173.481 5440
173.516 5780
173.523 6120
173.529 6460
173.535 6800
173.542 7140
173.548 7480
173.554 7820
173.56 8160
173.567 8500
173.573 8840
173.579 9180
173.586 9520
173.592 9860
173.598 10200
173.605 10540
173.611 10880
173.617 11220
173.642 7820
174.065 8160
174.09 8500
174.115 8840
174.153 9180
174.248 9520
174.361 9860
174.506 10200
174.632 10540
174.872 10880
175.162 11220
177.576 11560
177.935 11900
178.181 12240
178.383 12580
178.541 12920
178.686 13260
178.824 13600
178.938 13940
179.045 14280
179.234 14620
179.348 14960
179.505 15300
179.644 15640
179.732 15980
179.846 16320
179.94 16660
180.047 17000
180.167 17340
180.293 17680
180.4 18020
180.482 18360
180.545 18700
180.627 19040
180.69 19380
180.766 19720
180.842 20060
180.892 20400
180.955 20740
181.005 21080
181.056 21420
181.106 21760
181.169 22100
181.239 22440
181.289 22780
181.327 23120
181.365 23460
181.415 23800
181.453 24140
181.503 24480
181.541 24820
181.592 25160
181.642 25500
181.667 25840
181.705 26180
181.756 26520
181.793 26860
181.831 27200
181.869 27540
181.907 27880
181.945 28220
181.983 28560
182.02 28900
182.058 29240
182.096 29580
182.134 29920
182.159 30260
182.197 30600
182.222 30940
182.26 31280
182.298 31620
182.323 31960
182.361 32300
182.386 32640
182.424 32980
182.449 33320
182.487 33660
182.512 34000
182.55 34340
182.575 34680
182.613 35020
182.638 35360
182.676 35700
182.701 36040
182.739 36380
182.764 36720
182.802 37060
182.827 37400
182.853 37740
182.878 38080
182.916 38420
182.928 38760
182.953 39100
182.991 39440
183.016 39780
183.029 40120
183.054 40460
183.079 40800
183.117 41140
183.13 41480
183.155 41820
183.18 42160
183.206 42500
183.231 42840
183.256 43180
183.281 43520
183.306 43860
183.332 44200
183.357 44540
183.382 44880
183.407 45220
183.433 45560
183.458 45900
183.483 46240
183.508 46580
183.533 46920
183.559 47260
183.584 47600
183.609 47940
183.634 48280
183.659 48620
183.685 48960
183.71 49300
183.735 49640
183.76 49980
183.786 50320
183.811 50660
183.836 51000
183.861 51340
183.874 51680
183.899 52020
183.924 52360
183.937 52700
183.962 53040
183.981 37060
185.756 340
186.231 2040
186.311 3740
186.342 5440
186.415 7140
186.447 8840
186.478 10540
186.51 12240
186.541 13940
186.573 15640
186.604 17340
186.636 19040
186.667 20740
186.699 22440
186.73 24140
186.762 25840
186.888 26180
187.014 26520
187.159 26860
187.197 18700
188.682 340
189.214 680
189.328 1020
189.334 1360
189.407 1700
189.413 2040
189.42 2380
189.426 2720
189.486 3060
189.493 3400
189.499 3740
189.505 4080
189.511 4420
189.518 4760
189.524 5100
189.53 5440
189.566 5780
189.572 6120
189.578 6460
189.584 6800
189.591 7140
189.597 7480
189.603 7820
189.61 8160
189.616 8500
189.622 8840
189.629 9180
189.635 9520
189.641 9860
189.647 10200
189.654 10540
189.66 10880
189.666 11220
189.692 7820
190.114 8160
190.139 8500
190.164 8840
190.202 9180
190.297 9520
190.41 9860
190.555 10200
190.681 10540
190.921 10880
191.211 11220
193.625 11560
193.985 11900
194.23 12240
194.432 12580
194.59 12920
194.735 13260
194.873 13600
194.987 13940
195.094 14280
195.283 14620
195.397 14960
195.554 15300
195.693 15640
195.781 15980
195.895 16320
195.989 16660
196.096 17000
196.216 17340
196.342 17680
196.449 18020
196.531 18360
196.594 18700
196.676 19040
196.739 19380
196.815 19720
196.891 20060
196.941 20400
197.004 20740
197.055 21080
197.105 21420
197.156 21760
197.219 22100
197.288 22440
197.338 22780
197.376 23120
197.414 23460
197.464 23800
197.502 24140
197.553 24480
197.591 24820
197.641 25160
197.691 25500
197.717 25840
197.754 26180
197.805 26520
197.843 26860
197.881 27200
197.918 27540
197.956 27880
197.994 28220
198.032 28560
198.07 28900
198.107 29240
198.145 29580
198.183 29920
198.208 30260
198.246 30600
198.271 30940
198.309 31280
198.347 31620
198.372 31960
198.41 32300
198.435 32640
198.473 32980
198.498 33320
198.536 33660
198.561 34000
198.599 34340
198.624 34680
198.662 35020
198.687 35360
198.725 35700
198.75 36040
198.788 36380
198.813 36720
198.851 37060
198.877 37400
198.902 37740
198.927 38080
198.965 38420
198.977 38760
199.003 39100
199.04 39440
199.066 39780
199.078 40120
199.103 40460
199.129 40800
199.167 41140
199.179 41480
199.204 41820
199.23 42160
199.255 42500
199.28 42840
199.305 43180
199.33 43520
199.356 43860
199.381 44200
199.406 44540
199.431 44880
199.457 45220
199.482 45560
199.507 45900
199.532 46240
199.557 46580
199.583 46920
199.608 47260
199.633 47600
199.658 47940
199.683 48280
199.709 48620
199.734 48960
199.759 49300
199.784 49640
199.81 49980
199.835 50320
199.86 50660
199.885 51000
199.91 51340
199.923 51680
199.948 52020
199.973 52360
199.986 52700
200.011 53040
200.03 37060
201.806 340
202.281 2040
202.36 3740
202.391 5440
202.464 7140
202.496 8840
202.528 10540
202.559 12240
202.591 13940
202.622 15640
202.654 17340
202.685 19040
202.717 20740
202.748 22440
202.78 24140
202.811 25840
202.937 26180
203.063 26520
203.208 26860
203.246 18700
204.732 340
205.263 680
205.377 1020
205.383 1360
205.456 1700
205.462 2040
205.469 2380
205.475 2720
205.535 3060
205.542 3400
205.548 3740
205.554 4080
205.561 4420
205.567 4760
205.573 5100
205.58 5440
205.615 5780
205.621 6120
205.627 6460
205.634 6800
205.64 7140
205.646 7480
205.653 7820
205.659 8160
205.665 8500
205.671 8840
205.678 9180
205.684 9520
205.69 9860
205.697 10200
205.703 10540
205.709 10880
205.716 11220
205.741 7820
206.163 8160
206.188 8500
206.214 8840
206.251 9180
206.346 9520
206.459 9860
206.604 10200
206.731 10540
206.97 10880
207.26 11220
209.675 11560
210.034 11900
210.28 12240
210.481 12580
210.639 12920
210.784 13260
210.923 13600
211.036 13940
211.143 14280
211.332 14620
211.446 14960
211.604 15300
211.742 15640
211.83 15980
211.944 16320
212.039 16660
212.146 17000
212.265 17340
212.392 17680
212.499 18020
212.581 18360
212.644 18700
212.726 19040
212.789 19380
212.864 19720
212.94 20060
212.99 20400
213.053 20740
213.104 21080
213.154 21420
213.205 21760
213.268 22100
213.337 22440
213.388 22780
213.425 23120
213.463 23460
213.514 23800
213.551 24140
213.602 24480
213.64 24820
213.69 25160
213.741 25500
213.766 25840
213.804 26180
213.854 26520
213.892 26860
213.93 27200
213.968 27540
214.005 27880
214.043 28220
214.081 28560
214.119 28900
214.157 29240
214.194 29580
214.232 29920
214.258 30260
214.295 30600
214.321 30940
214.358 31280
214.396 31620
214.421 31960
214.459 32300
214.484 32640
214.522 32980
214.547 33320
214.585 33660
214.611 34000
214.648 34340
214.674 34680
214.711 35020
214.737 35360
214.774 35700
214.8 36040
214.837 36380
214.863 36720
214.901 37060
214.926 37400
214.951 37740
214.976 38080
215.014 38420
215.027 38760
215.052 39100
215.09 39440
215.115 39780
215.127 40120
215.153 40460
215.178 40800
215.216 41140
215.228 41480
215.254 41820
215.279 42160
215.304 42500
215.329 42840
215.354 43180
215.38 43520
215.405 43860
215.43 44200
215.455 44540
215.48 44880
215.506 45220
215.531 45560
215.556 45900
215.581 46240
215.607 46580
215.632 46920
215.657 47260
215.682 47600
215.707 47940
215.733 48280
215.758 48620
215.783 48960
215.808 49300
215.834 49640
215.859 49980
215.884 50320
215.909 50660
215.934 51000
215.96 51340
215.972 51680
215.997 52020
216.023 52360
216.035 52700
216.06 53040
216.079 37060
217.855 340
218.33 2040
218.409 3740
218.441 5440
218.514 7140
218.545 8840
218.577 10540
218.608 12240
218.64 13940
218.671 15640
218.703 17340
218.734 19040
218.766 20740
218.797 22440
218.829 24140
218.86 25840
218.986 26180
219.113 26520
219.258 26860
219.295 18700
220.781 340
221.313 680
221.426 1020
221.432 1360
221.505 1700
221.512 2040
221.518 2380
221.524 2720
221.585 3060
221.591 3400
221.597 3740
221.604 4080
221.61 4420
221.616 4760
221.622 5100
221.629 5440
221.664 5780
221.67 6120
221.677 6460
221.683 6800
221.689 7140
221.695 7480
221.702 7820
221.708 8160
221.714 8500
221.721 8840
221.727 9180
221.733 9520
221.74 9860
221.746 10200
221.752 10540
221.758 10880
221.765 11220
221.79 7820
222.212 8160
222.238 8500
222.263 8840
222.301 9180
222.395 9520
222.509 9860
222.654 10200
222.78 10540
223.019 10880
223.309 11220
225.724 11560
226.083 11900
226.329 12240
226.531 12580
226.688 12920
226.833 13260
226.972 13600
227.085 13940
227.193 14280
227.382 14620
227.495 14960
227.653 15300
227.791 15640
227.88 15980
227.993 16320
228.088 16660
228.195 17000
228.315 17340
228.441 17680
228.548 18020
228.63 18360
228.693 18700
228.775 19040
228.838 19380
228.914 19720
228.989 20060
229.04 20400
229.103 20740
229.153 21080
229.204 21420
229.254 21760
229.317 22100
229.386 22440
229.437 22780
229.475 23120
229.512 23460
229.563 23800
229.601 24140
229.651 24480
229.689 24820
229.739 25160
229.79 25500
229.815 25840
229.853 26180
229.903 26520
229.941 26860
229.979 27200
230.017 27540
230.055 27880
230.092 28220
230.13 28560
230.168 28900
230.206 29240
230.244 29580
230.281 29920
230.307 30260
230.345 30600
230.37 30940
230.408 31280
230.445 31620
230.471 31960
230.508 32300
230.534 32640
230.571 32980
230.597 33320
230.635 33660
230.66 34000
230.698 34340
230.723 34680
230.761 35020
230.786 35360
230.824 35700
230.849 36040
230.887 36380
230.912 36720
230.95 37060
230.975 37400
231 37740
231.025 38080
231.063 38420
231.076 38760
231.101 39100
231.139 39440
231.164 39780
231.177 40120
231.202 40460
231.227 40800
231.265 41140
231.278 41480
231.303 41820
231.328 42160
231.353 42500
231.378 42840
231.404 43180
231.429 43520
231.454 43860
231.479 44200
231.504 44540
231.53 44880
231.555 45220
231.58 45560
231.605 45900
231.631 46240
231.656 46580
231.681 46920
231.706 47260
231.731 47600
231.757 47940
231.782 48280
231.807 48620
231.832 48960
231.857 49300
231.883 49640
231.908 49980
231.933 50320
231.958 50660
231.984 51000
232.009 51340
232.021 51680
232.047 52020
232.072 52360
232.084 52700
232.11 53040
232.129 37060
233.904 340
234.379 2040
234.458 3740
234.49 5440
234.563 7140
234.594 8840
234.626 10540
234.657 12240
234.689 13940
234.72 15640
234.752 17340
234.783 19040
234.815 20740
234.847 22440
234.878 24140
234.91 25840
235.036 26180
235.162 26520
235.307 26860
235.345 18700
236.83 340
237.362 680
237.475 1020
237.482 1360
237.555 1700
237.561 2040
237.567 2380
237.573 2720
237.634 3060
237.64 3400
237.646 3740
237.653 4080
237.659 4420
237.665 4760
237.672 5100
237.678 5440
237.713 5780
237.719 6120
237.726 6460
237.732 6800
237.738 7140
237.745 7480
237.751 7820
237.757 8160
237.764 8500
237.77 8840
237.776 9180
237.782 9520
237.789 9860
237.795 10200
237.801 10540
237.808 10880
237.814 11220
237.839 7820
238.262 8160
238.287 8500
238.312 8840
238.35 9180
238.444 9520
238.558 9860
238.703 10200
238.829 10540
239.068 10880
239.358 11220
241.773 11560
242.132 11900
242.378 12240
242.58 12580
242.737 12920
242.882 13260
243.021 13600
243.135 13940
243.242 14280
243.431 14620
243.544 14960
243.702 15300
243.841 15640
243.929 15980
244.042 16320
244.137 16660
244.244 17000
244.364 17340
244.49 17680
244.597 18020
244.679 18360
244.742 18700
244.824 19040
244.887 19380
244.963 19720
245.038 20060
245.089 20400
245.152 20740
245.202 21080
245.253 21420
245.303 21760
245.366 22100
245.436 22440
245.486 22780
245.524 23120
245.562 23460
245.612 23800
245.65 24140
245.7 24480
245.738 24820
245.789 25160
245.839 25500
245.864 25840
245.902 26180
245.952 26520
245.99 26860
246.028 27200
246.066 27540
246.104 27880
246.142 28220
246.179 28560
246.217 28900
246.255 29240
246.293 29580
246.331 29920
246.356 30260
246.394 30600
246.419 30940
246.457 31280
246.495 31620
246.52 31960
246.558 32300
246.583 32640
246.621 32980
246.646 33320
246.684 33660
246.709 34000
246.747 34340
246.772 34680
246.81 35020
246.835 35360
246.873 35700
246.898 36040
246.936 36380
246.961 36720
246.999 37060
247.024 37400
247.049 37740
247.075 38080
247.112 38420
247.125 38760
247.15 39100
247.188 39440
247.213 39780
247.226 40120
247.251 40460
247.276 40800
247.314 41140
247.327 41480
247.352 41820
247.377 42160
247.402 42500
247.428 42840
247.453 43180
247.478 43520
247.503 43860
247.528 44200
247.554 44540
247.579 44880
247.604 45220
247.629 45560
247.655 45900
247.68 46240
247.705 46580
247.73 46920
247.755 47260
247.781 47600
247.806 47940
247.831 48280
247.856 48620
247.881 48960
247.907 49300
247.932 49640
247.957 49980
247.982 50320
248.008 50660
248.033 51000
248.058 51340
248.071 51680
248.096 52020
248.121 52360
248.134 52700
248.159 53040
248.178 37060
249.953 340
250.428 2040
250.508 3740
250.539 5440
250.612 7140
250.644 8840
250.675 10540
250.707 12240
250.738 13940
250.77 15640
250.801 17340
250.833 19040
250.864 20740
250.896 22440
250.927 24140
250.959 25840
251.085 26180
251.211 26520
251.356 26860
251.394 18700
252.879 340
253.411 680
253.525 1020
253.531 1360
253.604 1700
253.61 2040
253.616 2380
253.623 2720
253.683 3060
253.689 3400
253.696 3740
253.702 4080
253.708 4420
253.715 4760
253.721 5100
253.727 5440
253.762 5780
253.769 6120
253.775 6460
253.781 6800
253.788 7140
253.794 7480
253.8 7820
253.806 8160
253.813 8500
253.819 8840
253.825 9180
253.832 9520
253.838 9860
253.844 10200
253.851 10540
253.857 10880
253.863 11220
253.888 7820
254.311 8160
254.336 8500
254.361 8840
254.399 9180
254.494 9520
254.607 9860
254.752 10200
254.878 10540
255.118 10880
255.408 11220
257.822 11560
258.181 11900
258.427 12240
258.629 12580
258.787 12920
258.932 13260
259.07 13600
259.184 13940
259.291 14280
259.48 14620
259.594 14960
259.751 15300
259.89 15640
259.978 15980
260.092 16320
260.186 16660
260.293 17000
260.413 17340
260.539 17680
260.646 18020
260.728 18360
260.791 18700
260.873 19040
260.936 19380
261.012 19720
261.088 20060
261.138 20400
261.201 20740
261.251 21080
261.302 21420
261.352 21760
261.415 22100
261.485 22440
261.535 22780
261.573 23120
261.611 23460
261.661 23800
261.699 24140
261.749 24480
261.787 24820
261.838 25160
261.888 25500
261.913 25840
261.951 26180
262.002 26520
262.039 26860
262.077 27200
262.115 27540
262.153 27880
262.191 28220
262.229 28560
262.266 28900
262.304 29240
262.342 29580
262.38 29920
262.405 30260
262.443 30600
262.468 30940
262.506 31280
262.544 31620
262.569 31960
262.607 32300
262.632 32640
262.67 32980
262.695 33320
262.733 33660
262.758 34000
262.796 34340
262.821 34680
262.859 35020
262.884 35360
262.922 35700
262.947 36040
262.985 36380
263.01 36720
263.048 37060
263.073 37400
263.099 37740
263.124 38080
263.162 38420
263.174 38760
263.199 39100
263.237 39440
263.262 39780
263.275 40120
263.3 40460
263.325 40800
263.363 41140
263.376 41480
263.401 41820
263.426 42160
263.452 42500
263.477 42840
263.502 43180
263.527 43520
263.552 43860
263.578 44200
263.603 44540
263.628 44880
263.653 45220
263.679 45560
263.704 45900
263.729 46240
263.754 46580
263.779 46920
263.805 47260
263.83 47600
263.855 47940
263.88 48280
263.905 48620
263.931 48960
263.956 49300
263.981 49640
264.006 49980
264.032 50320
264.057 50660
264.082 51000
264.107 51340
264.12 51680
264.145 52020
264.17 52360
264.183 52700
264.208 53040
264.227 37060
266.002 340
266.477 2040
266.557 3740
266.588 5440
266.661 7140
266.693 8840
266.724 10540
266.756 12240
266.787 13940
266.819 15640
266.85 17340
266.882 19040
266.913 20740
266.945 22440
266.976 24140
267.008 25840
267.134 26180
267.26 26520
267.405 26860
267.443 18700
268.928 340
269.46 680
269.574 1020
269.58 1360
269.653 1700
269.659 2040
269.666 2380
269.672 2720
269.732 3060
269.739 3400
269.745 3740
269.751 4080
269.757 4420
269.764 4760
269.77 5100
269.776 5440
269.812 5780
269.818 6120
269.824 6460
269.83 6800
269.837 7140
269.843 7480
269.849 7820
269.856 8160
269.862 8500
269.868 8840
269.875 9180
269.881 9520
269.887 9860
269.893 10200
269.9 10540
269.906 10880
269.912 11220
269.938 7820
270.36 8160
270.385 8500
270.41 8840
270.448 9180
270.543 9520
270.656 9860
270.801 10200
270.927 10540
271.167 10880
271.457 11220
273.871 11560
274.231 11900
274.476 12240
274.678 12580
274.836 12920
274.981 13260
275.119 13600
275.233 13940
275.34 14280
275.529 14620
275.643 14960
275.8 15300
275.939 15640
276.027 15980
276.141 16320
276.235 16660
276.342 17000
276.462 17340
276.588 17680
276.695 18020
276.777 18360
276.84 18700
276.922 19040
276.985 19380
277.061 19720
277.137 20060
277.187 20400
277.25 20740
277.301 21080
277.351 21420
277.402 21760
277.465 22100
277.534 22440
277.584 22780
277.622 23120
277.66 23460
277.71 23800
277.748 24140
277.799 24480
277.837 24820
277.887 25160
277.937 25500
277.963 25840
278 26180
278.051 26520
278.089 26860
278.126 27200
278.164 27540
278.202 27880
278.24 28220
278.278 28560
278.316 28900
278.353 29240
278.391 29580
278.429 29920
278.454 30260
278.492 30600
278.517 30940
278.555 31280
278.593 31620
278.618 31960
278.656 32300
278.681 32640
278.719 32980
278.744 33320
278.782 33660
278.807 34000
278.845 34340
278.87 34680
278.908 35020
278.933 35360
278.971 35700
278.996 36040
279.034 36380
279.059 36720
279.097 37060
279.123 37400
279.148 37740
279.173 38080
279.211 38420
279.223 38760
279.249 39100
279.286 39440
279.312 39780
279.324 40120
279.349 40460
279.375 40800
279.413 41140
279.425 41480
279.45 41820
279.476 42160
279.501 42500
279.526 42840
279.551 43180
279.576 43520
279.602 43860
279.627 44200
279.652 44540
279.677 44880
279.702 45220
279.728 45560
279.753 45900
279.778 46240
279.803 46580
279.829 46920
279.854 47260
279.879 47600
279.904 47940
279.929 48280
279.955 48620
279.98 48960
280.005 49300
280.03 49640
280.056 49980
280.081 50320
280.106 50660
280.131 51000
280.156 51340
280.169 51680
280.194 52020
280.219 52360
280.232 52700
280.257 53040
280.276 37060
282.052 340
282.527 2040
282.606 3740
282.637 5440
282.71 7140
282.742 8840
282.773 10540
282.805 12240
282.837 13940
282.868 15640
282.9 17340
282.931 19040
282.963 20740
282.994 22440
283.026 24140
283.057 25840
283.183 26180
283.309 26520
283.454 26860
283.492 18700
284.978 340
285.509 680
285.623 1020
285.629 1360
285.702 1700
285.708 2040
285.715 2380
285.721 2720
285.781 3060
285.788 3400
285.794 3740
285.8 4080
285.807 4420
285.813 4760
285.819 5100
285.826 5440
285.861 5780
285.867 6120
285.873 6460
285.88 6800
285.886 7140
285.892 7480
285.899 7820
285.905 8160
285.911 8500
285.917 8840
285.924 9180
285.93 9520
285.936 9860
285.943 10200
285.949 10540
285.955 10880
285.962 11220
285.987 7820
286.409 8160
286.434 8500
286.46 8840
286.497 9180
286.592 9520
286.705 9860
286.85 10200
286.977 10540
287.216 10880
287.506 11220
289.92 11560
290.28 11900
290.526 12240
290.727 12580
290.885 12920
291.03 13260
291.169 13600
291.282 13940
291.389 14280
291.578 14620
291.692 14960
291.85 15300
291.988 15640
292.076 15980
292.19 16320
292.284 16660
292.392 17000
292.511 17340
292.638 17680
292.745 18020
292.827 18360
292.89 18700
292.972 19040
293.035 19380
293.11 19720
293.186 20060
293.236 20400
293.299 20740
293.35 21080
293.4 21420
293.451 21760
293.514 22100
293.583 22440
293.634 22780
293.671 23120
293.709 23460
293.76 23800
293.797 24140
293.848 24480
293.886 24820
293.936 25160
293.987 25500
294.012 25840
294.05 26180
294.1 26520
294.138 26860
294.176 27200
294.214 27540
294.251 27880
294.289 28220
294.327 28560
294.365 28900
294.403 29240
294.44 29580
294.478 29920
294.504 30260
294.541 30600
294.567 30940
294.604 31280
294.642 31620
294.667 31960
294.705 32300
294.73 32640
294.768 32980
294.793 33320
294.831 33660
294.857 34000
294.894 34340
294.92 34680
294.957 35020
294.983 35360
295.02 35700
295.046 36040
295.083 36380
295.109 36720
295.147 37060
295.172 37400
295.197 37740
295.222 38080
295.26 38420
295.273 38760
295.298 39100
295.336 39440
295.361 39780
295.373 40120
295.399 40460
295.424 40800
295.462 41140
295.474 41480
295.5 41820
295.525 42160
295.55 42500
295.575 42840
295.6 43180
295.626 43520
295.651 43860
295.676 44200
295.701 44540
295.726 44880
295.752 45220
295.777 45560
295.802 45900
295.827 46240
295.853 46580
295.878 46920
295.903 47260
295.928 47600
295.953 47940
295.979 48280
296.004 48620
296.029 48960
296.054 49300
296.08 49640
296.105 49980
296.13 50320
296.155 50660
296.18 51000
296.206 51340
296.218 51680
296.243 52020
296.269 52360
296.281 52700
296.306 53040
296.325 37060
298.101 340
298.576 2040
298.655 3740
298.687 5440
298.76 7140
298.791 8840
298.823 10540
298.854 12240
298.886 13940
298.917 15640
298.949 17340
298.98 19040
299.012 20740
299.043 22440
299.075 24140
299.106 25840
299.232 26180
299.359 26520
299.504 26860
299.541 18700
301.027 340
301.559 680
301.672 1020
301.678 1360
301.751 1700
301.758 2040
301.764 2380
301.77 2720
301.831 3060
301.837 3400
301.843 3740
301.85 4080
301.856 4420
301.862 4760
301.868 5100
301.875 5440
301.91 5780
301.916 6120
301.923 6460
301.929 6800
301.935 7140
301.941 7480
301.948 7820
301.954 8160
301.96 8500
301.967 8840
301.973 9180
301.979 9520
301.986 9860
301.992 10200
301.998 10540
302.004 10880
302.011 11220
302.036 7820
302.458 8160
302.484 8500
302.509 8840
302.547 9180
302.641 9520
302.755 9860
302.9 10200
303.026 10540
303.265 10880
303.555 11220
305.97 11560
306.329 11900
306.575 12240
306.777 12580
306.934 12920
307.079 13260
307.218 13600
307.331 13940
307.439 14280
307.628 14620
307.741 14960
307.899 15300
308.037 15640
308.126 15980
308.239 16320
308.334 16660
308.441 17000
308.561 17340
308.687 17680
308.794 18020
308.876 18360
308.939 18700
309.021 19040
309.084 19380
309.16 19720
309.235 20060
309.286 20400
309.349 20740
309.399 21080
309.45 21420
309.5 21760
309.563 22100
309.632 22440
309.683 22780
309.721 23120
309.758 23460
309.809 23800
309.847 24140
309.897 24480
309.935 24820
309.985 25160
310.036 25500
310.061 25840
310.099 26180
310.149 26520
310.187 26860
310.225 27200
310.263 27540
310.301 27880
310.338 28220
310.376 28560
310.414 28900
310.452 29240
310.49 29580
310.527 29920
310.553 30260
310.591 30600
310.616 30940
310.654 31280
310.691 31620
310.717 31960
310.754 32300
310.78 32640
310.817 32980
310.843 33320
310.881 33660
310.906 34000
310.944 34340
310.969 34680
311.007 35020
311.032 35360
311.07 35700
311.095 36040
311.133 36380
311.158 36720
311.196 37060
311.221 37400
311.246 37740
311.271 38080
311.309 38420
311.322 38760
311.347 39100
311.385 39440
311.41 39780
311.423 40120
311.448 40460
311.473 40800
311.511 41140
311.524 41480
311.549 41820
311.574 42160
311.599 42500
311.624 42840
311.65 43180
311.675 43520
311.7 43860
311.725 44200
311.75 44540
311.776 44880
311.801 45220
311.826 45560
311.851 45900
311.877 46240
311.902 46580
311.927 46920
311.952 47260
311.977 47600
312.003 47940
312.028 48280
312.053 48620
312.078 48960
312.103 49300
312.129 49640
312.154 49980
312.179 50320
312.204 50660
312.23 51000
312.255 51340
312.267 51680
312.293 52020
312.318 52360
312.33 52700
312.356 53040
312.375 37060
314.15 340
314.625 2040
314.704 3740
314.736 5440
314.809 7140
314.84 8840
314.872 10540
314.903 12240
314.935 13940
314.966 15640
314.998 17340
315.029 19040
315.061 20740
315.093 22440
315.124 24140
315.156 25840
315.282 26180
315.408 26520
315.553 26860
315.591 18700
317.076 340
317.608 680
317.721 1020
317.728 1360
317.801 1700
317.807 2040
317.813 2380
317.819 2720
317.88 3060
317.886 3400
317.892 3740
317.899 4080
317.905 4420
317.911 4760
317.918 5100
317.924 5440
317.959 5780
317.965 6120
317.972 6460
317.978 6800
317.984 7140
317.991 7480
317.997 7820
318.003 8160
318.01 8500
318.016 8840
318.022 9180
318.028 9520
318.035 9860
318.041 10200
318.047 10540
318.054 10880
318.06 11220
318.085 7820
318.508 8160
318.533 8500
318.558 8840
318.596 9180
318.69 9520
318.804 9860
318.949 10200
319.075 10540
319.314 10880
319.604 11220
322.019 11560
322.378 11900
322.624 12240
322.826 12580
322.983 12920
323.128 13260
323.267 13600
323.381 13940
323.488 14280
323.677 14620
323.79 14960
323.948 15300
324.087 15640
324.175 15980
324.288 16320
324.383 16660
324.49 17000
324.61 17340
324.736 17680
324.843 18020
324.925 18360
324.988 18700
325.07 19040
325.133 19380
325.209 19720
325.284 20060
325.335 20400
325.398 20740
325.448 21080
325.499 21420
325.549 21760
325.612 22100
325.682 22440
325.732 22780
325.77 23120
325.808 23460
325.858 23800
325.896 24140
325.946 24480
325.984 24820
326.035 25160
326.085 25500
326.11 25840
326.148 26180
326.198 26520
326.236 26860
326.274 27200
326.312 27540
326.35 27880
326.388 28220
326.425 28560
326.463 28900
326.501 29240
326.539 29580
326.577 29920
326.602 30260
326.64 30600
326.665 30940
326.703 31280
326.741 31620
326.766 31960
326.804 32300
326.829 32640
326.867 32980
326.892 33320
326.93 33660
326.955 34000
326.993 34340
327.018 34680
327.056 35020
327.081 35360
327.119 35700
327.144 36040
327.182 36380
327.207 36720
327.245 37060
327.27 37400
327.295 37740
327.321 38080
327.358 38420
327.371 38760
327.396 39100
327.434 39440
327.459 39780
327.472 40120
327.497 40460
327.522 40800
327.56 41140
327.573 41480
327.598 41820
327.623 42160
327.648 42500
327.674 42840
327.699 43180
327.724 43520
327.749 43860
327.774 44200
327.8 44540
327.825 44880
327.85 45220
327.875 45560
327.901 45900
327.926 46240
327.951 46580
327.976 46920
328.001 47260
328.027 47600
328.052 47940
328.077 48280
328.102 48620
328.127 48960
328.153 49300
328.178 49640
328.203 49980
328.228 50320
328.254 50660
328.279 51000
328.304 51340
328.317 51680
328.342 52020
328.367 52360
328.38 52700
328.405 53040
328.424 37060
330.199 340
330.674 2040
330.754 3740
330.785 5440
330.858 7140
330.89 8840
330.921 10540
330.953 12240
330.984 13940
331.016 15640
331.047 17340
331.079 19040
331.11 20740
331.142 22440
331.173 24140
331.205 25840
331.331 26180
331.457 26520
331.602 26860
331.64 18700
333.125 340
333.657 680
333.77 1020
333.777 1360
333.85 1700
333.856 2040
333.862 2380
333.869 2720
333.929 3060
333.935 3400
333.942 3740
333.948 4080
333.954 4420
333.961 4760
333.967 5100
333.973 5440
334.008 5780
334.015 6120
334.021 6460
334.027 6800
334.034 7140
334.04 7480
334.046 7820
334.052 8160
334.059 8500
334.065 8840
334.071 9180
334.078 9520
334.084 9860
334.09 10200
334.097 10540
334.103 10880
334.109 11220
334.134 7820
334.557 8160
334.582 8500
334.607 8840
334.645 9180
334.74 9520
334.853 9860
334.998 10200
335.124 10540
335.364 10880
335.654 11220
338.068 11560
338.427 11900
338.673 12240
338.875 12580
339.033 12920
339.178 13260
339.316 13600
339.43 13940
339.537 14280
339.726 14620
339.84 14960
339.997 15300
340.136 15640
340.224 15980
340.338 16320
340.432 16660
340.539 17000
340.659 17340
340.785 17680
340.892 18020
340.974 18360
341.037 18700
341.119 19040
341.182 19380
341.258 19720
341.334 20060
341.384 20400
341.447 20740
341.497 21080
341.548 21420
341.598 21760
341.661 22100
341.731 22440
341.781 22780
341.819 23120
341.857 23460
341.907 23800
341.945 24140
341.995 24480
342.033 24820
342.084 25160
342.134 25500
342.159 25840
342.197 26180
342.248 26520
342.285 26860
342.323 27200
342.361 27540
342.399 27880
342.437 28220
342.475 28560
342.512 28900
342.55 29240
342.588 29580
342.626 29920
342.651 30260
342.689 30600
342.714 30940
342.752 31280
342.79 31620
342.815 31960
342.853 32300
342.878 32640
342.916 32980
342.941 33320
342.979 33660
343.004 34000
343.042 34340
343.067 34680
343.105 35020
343.13 35360
343.168 35700
343.193 36040
343.231 36380
343.256 36720
343.294 37060
343.319 37400
343.345 37740
343.37 38080
343.408 38420
343.42 38760
343.445 39100
343.483 39440
343.508 39780
343.521 40120
343.546 40460
343.571 40800
343.609 41140
343.622 41480
343.647 41820
343.672 42160
343.698 42500
343.723 42840
343.748 43180
343.773 43520
343.798 43860
343.824 44200
343.849 44540
343.874 44880
343.899 45220
343.925 45560
343.95 45900
343.975 46240
344 46580
344.025 46920
344.051 47260
344.076 47600
344.101 47940
344.126 48280
344.151 48620
344.177 48960
344.202 49300
344.227 49640
344.252 49980
344.278 50320
344.303 50660
344.328 51000
344.353 51340
344.366 51680
344.391 52020
344.416 52360
344.429 52700
344.454 53040
344.473 37060
346.248 340
346.723 2040
346.803 3740
346.834 5440
346.907 7140
346.939 8840
346.97 10540
347.002 12240
347.033 13940
347.065 15640
347.096 17340
347.128 19040
347.159 20740
347.191 22440
347.222 24140
347.254 25840
347.38 26180
347.506 26520
347.651 26860
347.689 18700
349.174 340
349.706 680
349.82 1020
349.826 1360
349.899 1700
349.905 2040
349.912 2380
349.918 2720
349.978 3060
349.985 3400
349.991 3740
349.997 4080
350.003 4420
350.01 4760
350.016 5100
350.022 5440
350.058 5780
350.064 6120
350.07 6460
350.076 6800
350.083 7140
350.089 7480
350.095 7820
350.102 8160
350.108 8500
350.114 8840
350.121 9180
350.127 9520
350.133 9860
350.139 10200
350.146 10540
350.152 10880
350.158 11220
350.184 7820
350.606 8160
350.631 8500
350.656 8840
350.694 9180
350.789 9520
350.902 9860
351.047 10200
351.173 10540
351.413 10880
351.703 11220
354.117 11560
354.477 11900
354.722 12240
354.924 12580
355.082 12920
355.227 13260
355.365 13600
355.479 13940
355.586 14280
355.775 14620
355.889 14960
356.046 15300
356.185 15640
356.273 15980
356.387 16320
356.481 16660
356.588 17000
356.708 17340
356.834 17680
356.941 18020
357.023 18360
357.086 18700
357.168 19040
357.231 19380
357.307 19720
357.383 20060
357.433 20400
357.496 20740
357.547 21080
357.597 21420
357.648 21760
357.711 22100
357.78 22440
357.83 22780
357.868 23120
357.906 23460
357.956 23800
357.994 24140
358.045 24480
358.083 24820
358.133 25160
358.183 25500
358.209 25840
358.246 26180
358.297 26520
358.335 26860
358.372 27200
358.41 27540
358.448 27880
358.486 28220
358.524 28560
358.562 28900
358.599 29240
358.637 29580
358.675 29920
358.7 30260
358.738 30600
358.763 30940
358.801 31280
358.839 31620
358.864 31960
358.902 32300
358.927 32640
358.965 32980
358.99 33320
359.028 33660
359.053 34000
359.091 34340
359.116 34680
359.154 35020
359.179 35360
359.217 35700
359.242 36040
359.28 36380
359.305 36720
359.343 37060
359.369 37400
359.394 37740
359.419 38080
359.457 38420
359.469 38760
359.495 39100
359.532 39440
359.558 39780
359.57 40120
359.595 40460
359.621 40800
359.659 41140
359.671 41480
359.696 41820
359.722 42160
359.747 42500
359.772 42840
359.797 43180
359.822 43520
359.848 43860
359.873 44200
359.898 44540
359.923 44880
359.948 45220
359.974 45560
359.999 45900
360.024 46240
360.049 46580
360.075 46920
360.1 47260
360.125 47600
360.15 47940
360.175 48280
360.201 48620
360.226 48960
360.251 49300
360.276 49640
360.302 49980
360.327 50320
360.352 50660
360.377 51000
360.402 51340
360.415 51680
360.44 52020
360.465 52360
360.478 52700
360.503 53040
360.522 37060
362.298 340
362.773 2040
362.852 3740
362.883 5440
362.956 7140
362.988 8840
363.019 10540
363.051 12240
363.083 13940
363.114 15640
363.146 17340
363.177 19040
363.209 20740
363.24 22440
363.272 24140
363.303 25840
363.429 26180
363.555 26520
363.7 26860
363.738 18700
365.224 340
365.755 680
365.869 1020
365.875 1360
365.948 1700
365.954 2040
365.961 2380
365.967 2720
366.027 3060
366.034 3400
366.04 3740
366.046 4080
366.053 4420
366.059 4760
366.065 5100
366.072 5440
366.107 5780
366.113 6120
366.119 6460
366.126 6800
366.132 7140
366.138 7480
366.145 7820
366.151 8160
366.157 8500
366.163 8840
366.17 9180
366.176 9520
366.182 9860
366.189 10200
366.195 10540
366.201 10880
366.208 11220
366.233 7820
366.655 8160
366.68 8500
366.706 8840
366.743 9180
366.838 9520
366.951 9860
367.096 10200
367.223 10540
367.462 10880
367.752 11220
370.166 11560
370.526 11900
370.772 12240
370.973 12580
371.131 12920
371.276 13260
371.415 13600
371.528 13940
371.635 14280
371.824 14620
371.938 14960
372.096 15300
372.234 15640
372.322 15980
372.436 16320
372.53 16660
372.638 17000
372.757 17340
372.884 17680
372.991 18020
373.073 18360
373.136 18700
373.218 19040
373.281 19380
373.356 19720
373.432 20060
373.482 20400
373.545 20740
373.596 21080
373.646 21420
373.697 21760
373.76 22100
373.829 22440
373.88 22780
373.917 23120
373.955 23460
374.006 23800
374.043 24140
374.094 24480
374.132 24820
374.182 25160
374.233 25500
374.258 25840
374.296 26180
374.346 26520
374.384 26860
374.422 27200
374.46 27540
374.497 27880
374.535 28220
374.573 28560
374.611 28900
374.649 29240
374.686 29580
374.724 29920
374.749 30260
374.787 30600
374.813 30940
374.85 31280
374.888 31620
374.913 31960
374.951 32300
374.976 32640
375.014 32980
375.039 33320
375.077 33660
375.103 34000
375.14 34340
375.166 34680
375.203 35020
375.229 35360
375.266 35700
375.292 36040
375.329 36380
375.355 36720
375.393 37060
375.418 37400
375.443 37740
375.468 38080
375.506 38420
375.519 38760
375.544 39100
375.582 39440
375.607 39780
375.619 40120
375.645 40460
375.67 40800
375.708 41140
375.72 41480
375.746 41820
375.771 42160
375.796 42500
375.821 42840
375.846 43180
375.872 43520
375.897 43860
375.922 44200
375.947 44540
375.972 44880
375.998 45220
376.023 45560
376.048 45900
376.073 46240
376.099 46580
376.124 46920
376.149 47260
376.174 47600
376.199 47940
376.225 48280
376.25 48620
376.275 48960
376.3 49300
376.325 49640
376.351 49980
376.376 50320
376.401 50660
376.426 51000
376.452 51340
376.464 51680
376.489 52020
376.515 52360
376.527 52700
376.552 53040
376.571 37060
378.347 340
378.822 2040
378.901 3740
378.933 5440
379.006 7140
379.037 8840
379.069 10540
379.1 12240
379.132 13940
379.163 15640
379.195 17340
379.226 19040
379.258 20740
379.289 22440
379.321 24140
379.352 25840
379.478 26180
379.605 26520
379.75 26860
379.787 18700
381.273 340
381.805 680
381.918 1020
381.924 1360
381.997 1700
382.004 2040
382.01 2380
382.016 2720
382.077 3060
382.083 3400
382.089 3740
382.096 4080
382.102 4420
382.108 4760
382.114 5100
382.121 5440
382.156 5780
382.162 6120
382.169 6460
382.175 6800
382.181 7140
382.187 7480
382.194 7820
382.2 8160
382.206 8500
382.213 8840
382.219 9180
382.225 9520
382.232 9860
382.238 10200
382.244 10540
382.25 10880
382.257 11220
382.282 7820
382.704 8160
382.73 8500
382.755 8840
382.793 9180
382.887 9520
383.001 9860
383.146 10200
383.272 10540
383.511 10880
383.801 11220
386.216 11560
386.575 11900
386.821 12240
387.023 12580
387.18 12920
387.325 13260
387.464 13600
387.577 13940
387.685 14280
387.874 14620
387.987 14960
388.145 15300
388.283 15640
388.372 15980
388.485 16320
388.58 16660
388.687 17000
388.807 17340
388.933 17680
389.04 18020
389.122 18360
389.185 18700
389.267 19040
389.33 19380
389.406 19720
389.481 20060
389.532 20400
389.595 20740
389.645 21080
389.695 21420
389.746 21760
389.809 22100
389.878 22440
389.929 22780
389.967 23120
390.004 23460
390.055 23800
390.093 24140
390.143 24480
390.181 24820
390.231 25160
390.282 25500
390.307 25840
390.345 26180
390.395 26520
390.433 26860
390.471 27200
390.509 27540
390.547 27880
390.584 28220
390.622 28560
390.66 28900
390.698 29240
390.736 29580
390.773 29920
390.799 30260
390.837 30600
390.862 30940
390.9 31280
390.937 31620
390.963 31960
391 32300
391.026 32640
391.063 32980
391.089 33320
391.127 33660
391.152 34000
391.19 34340
391.215 34680
391.253 35020
391.278 35360
391.316 35700
391.341 36040
391.379 36380
391.404 36720
391.442 37060
391.467 37400
391.492 37740
391.517 38080
391.555 38420
391.568 38760
391.593 39100
391.631 39440
391.656 39780
391.669 40120
391.694 40460
391.719 40800
391.757 41140
391.77 41480
391.795 41820
391.82 42160
391.845 42500
391.87 42840
391.896 43180
391.921 43520
391.946 43860
391.971 44200
391.996 44540
392.022 44880
392.047 45220
392.072 45560
392.097 45900
392.123 46240
392.148 46580
392.173 46920
392.198 47260
392.223 47600
392.249 47940
392.274 48280
392.299 48620
392.324 48960
392.349 49300
392.375 49640
392.4 49980
392.425 50320
392.45 50660
392.476 51000
392.501 51340
392.513 51680
392.539 52020
392.564 52360
392.576 52700
392.602 53040
392.621 37060
394.396 340
394.871 2040
394.95 3740
394.982 5440
395.055 7140
395.086 8840
395.118 10540
395.149 12240
395.181 13940
395.212 15640
395.244 17340
395.275 19040
395.307 20740
395.339 22440
395.37 24140
395.402 25840
395.528 26180
395.654 26520
395.799 26860
395.837 18700
397.322 340
397.854 680
397.967 1020
397.974 1360
398.047 1700
398.053 2040
398.059 2380
398.065 2720
398.126 3060
398.132 3400
398.138 3740
398.145 4080
398.151 4420
398.157 4760
398.164 5100
398.17 5440
398.205 5780
398.211 6120
398.218 6460
398.224 6800
398.23 7140
398.237 7480
398.243 7820
398.249 8160
398.256 8500
398.262 8840
398.268 9180
398.274 9520
398.281 9860
398.287 10200
398.293 10540
398.3 10880
398.306 11220
398.331 7820
398.754 8160
398.779 8500
398.804 8840
398.842 9180
398.936 9520
399.05 9860
399.195 10200
399.321 10540
399.56 10880
399.85 11220
