0.0 0
0.136067 3400
0.278309 3740
0.290917 4420
0.303525 5100
0.316133 5780
0.328741 6460
0.419688 7140
0.432296 7820
0.444904 8500
0.457512 9180
0.47012 9860
0.482728 10540
0.495336 11220
0.507944 11900
0.520552 12580
0.561066 13260
0.573674 13940
0.586282 14620
0.59889 15300
0.611498 15980
0.624106 16660
0.636714 17340
0.649322 18020
0.66193 18700
0.674538 19380
0.687146 20060
0.699754 20740
0.712362 21420
0.72497 22100
0.737578 22780
0.750186 23460
0.762794 24140
0.775402 24820
0.78801 25500
0.800618 26180
0.813226 26860
0.825834 27540
0.838442 28220
0.85105 28900
0.863658 29580
0.876266 30260
0.888874 30940
0.901482 31620
0.91409 32300
0.926698 32980
0.939306 33660
0.951914 34340
0.964522 35020
0.97713 35700
0.989738 36380
1.00235 37060
1.01495 37740
1.02756 38420
1.04017 39100
1.05278 39780
1.06539 40460
1.07799 41140
1.0906 41820
1.10321 42500
1.11582 43180
1.12843 43860
1.14103 44540
1.15364 45220
1.16625 45900
1.17886 46580
1.19147 47260
1.20407 47940
1.21668 48620
1.22929 49300
1.2419 49980
1.25451 50660
1.26711 51340
1.27972 52020
1.29233 52700
1.30494 53380
1.31755 54060
1.33015 54740
1.34276 55420
1.35537 56100
1.36798 56780
1.38059 57460
1.39319 58140
1.4058 58820
1.41841 59500
1.43102 60180
1.44363 60860
1.45623 61540
1.46884 62220
1.48145 62900
1.49406 63580
1.50667 64260
1.51927 64940
1.53188 65620
1.54449 66300
1.5571 66980
1.56971 67660
1.58231 68340
1.59492 69020
1.60753 69700
1.62014 70380
1.63275 71060
1.64535 71740
1.65796 72420
1.67057 73100
1.68318 73780
1.69579 74460
1.70839 75140
1.721 75820
1.73361 76500
1.74622 77180
1.75883 77860
1.77143 78540
1.78404 79220
1.79665 79900
1.80926 80580
1.82187 81260
1.83447 81940
1.84708 82620
1.85969 83300
1.8723 83980
1.88491 84660
1.89751 85340
1.91012 86020
1.92273 86700
1.93534 87380
1.94795 88060
1.96055 88740
1.97316 89420
1.98577 90100
1.99838 90780
2.01099 91460
2.02359 92140
2.04881 64260
3.95689 340
4.11652 680
4.36868 1700
4.51006 2040
4.51636 3060
4.53528 3400
4.65144 4420
4.67035 4760
4.67666 5780
4.69557 6120
4.70187 7140
4.79912 7480
4.80543 8500
4.82434 8840
4.83064 9860
4.84955 10200
4.85586 11220
4.87477 11560
4.88107 12580
4.89999 12920
4.90629 13940
4.9252 14280
4.9405 15300
4.95941 15640
4.96572 16660
4.98463 17000
4.99093 18020
5.00984 18360
5.01615 19380
5.03506 19720
5.04136 20740
5.06028 21080
5.06658 22100
5.08549 22440
5.0918 23460
5.11071 23800
5.11701 24820
5.13592 25160
5.14223 26180
5.16114 26520
5.16744 27540
5.18636 27880
5.19266 28900
5.21157 29240
5.21788 30260
5.23679 30600
5.24309 31620
5.262 31960
5.26831 32980
5.28722 33320
5.29352 34340
5.31244 34680
5.31874 35700
5.33765 36040
5.34396 37060
5.36287 37400
5.36917 38420
5.38808 38760
5.39439 39780
5.4133 40120
5.4196 41140
5.43852 41480
5.44482 42500
5.46373 42840
5.47004 43860
5.48895 44200
5.49525 45220
5.62133 45560
5.74741 45900
5.87349 46240
5.99957 46580
6.12565 46920
6.27064 32640
8.1409 340
8.43292 680
8.79855 1020
8.80485 1360
8.93993 1700
8.94623 2040
8.95253 2380
8.95884 2720
9.08131 3060
9.08761 3400
9.09391 3740
9.10022 4080
9.10652 4420
9.11283 4760
9.11913 5100
9.12543 5440
9.22268 5780
9.22899 6120
9.23529 6460
9.2416 6800
9.2479 7140
9.2542 7480
9.26051 7820
9.26681 8160
9.27312 8500
9.27942 8840
9.28572 9180
9.29203 9520
9.29833 9860
9.30464 10200
9.31094 10540
9.31724 10880
9.36406 11220
9.37037 11560
9.37667 11900
9.38297 12240
9.38928 12580
9.39558 12920
9.40189 13260
9.40819 13600
9.41449 13940
9.4208 14280
9.4271 14620
9.43341 14960
9.43971 15300
9.44601 15640
9.45232 15980
9.45862 16320
9.46493 16660
9.47123 17000
9.47753 17340
9.48384 17680
9.49014 18020
9.49645 18360
9.50275 18700
9.50905 19040
9.51536 19380
9.52166 19720
9.52797 20060
9.53427 20400
9.54057 20740
9.54688 21080
9.55318 21420
9.55949 21760
9.56579 22100
9.57209 22440
9.5784 22780
9.59731 23120
9.72339 23460
9.84947 23800
9.97555 24140
10.0071 16660
10.9085 17000
10.9338 17340
10.9716 17680
10.9968 18020
11.022 18360
11.0598 18700
11.0977 19040
11.1481 19380
11.2237 19720
11.3246 20060
11.4255 20400
11.5516 20740
11.665 21080
11.7722 21420
11.9109 21760
12.0496 22100
12.2072 22440
12.3963 22780
12.5791 23120
12.7997 23460
13.2032 23800
13.9912 24140
15.2583 24480
15.6365 24820
16.0589 25160
16.3615 25500
16.6137 25840
16.7587 26180
16.9289 26520
16.9856 18360
18.8748 340
19.3811 4760
19.6522 10200
19.8125 7140
20.1781 7480
20.197 7820
20.2348 8160
20.2601 8500
20.3294 8840
20.4933 9180
20.5753 9520
20.84 9860
21.0544 10200
23.5571 10540
23.9038 10880
24.364 11220
24.8242 11560
25.1015 11900
25.2528 12240
25.3915 12580
25.505 12920
25.6185 13260
25.7193 13600
25.8076 13940
25.8958 14280
25.9841 14620
26.0597 14960
26.211 15300
26.2867 15640
26.3497 15980
26.4758 16320
26.5515 16660
26.6523 17000
26.7028 17340
26.7784 17680
26.854 18020
26.9171 18360
26.9801 18700
27.0558 19040
27.1062 19380
27.1566 19720
27.2071 20060
27.2701 20400
27.3205 20740
27.3584 21080
27.4088 21420
27.4718 21760
27.5097 22100
27.5601 22440
27.6105 22780
27.661 23120
27.6988 23460
27.7366 23800
27.787 16660
28.2157 17000
28.2283 17340
28.2409 17680
28.2661 18020
28.4048 18360
28.4805 18700
28.5813 19040
28.6948 19380
28.8083 19720
28.9218 20060
29.0226 20400
29.1487 20740
29.237 21080
29.363 21420
29.5017 21760
29.6278 22100
29.7917 22440
29.9682 22780
30.1826 23120
30.3969 23460
30.8256 23800
33.1076 24140
33.4606 24480
33.7128 24820
33.9019 25160
34.0658 25500
34.2171 25840
34.3432 26180
34.5323 26520
34.7719 26860
34.8601 27200
35.024 27540
35.1123 27880
35.2384 28220
35.314 28560
35.4149 28900
35.5031 29240
35.5914 29580
35.667 29920
35.7427 30260
35.8183 30600
35.8814 30940
35.957 31280
36.0201 31620
36.0831 31960
36.1461 32300
36.1966 32640
36.247 32980
36.31 33320
36.3479 33660
36.4109 34000
36.4613 34340
36.5118 34680
36.5622 35020
36.6126 35360
36.6631 35700
36.7135 36040
36.7513 36380
36.7892 36720
36.8396 37060
36.8774 37400
36.9278 37740
36.9657 38080
37.0161 38420
37.0539 38760
37.0917 39100
37.1296 39440
37.1674 39780
37.2052 40120
37.243 40460
37.2809 40800
37.3187 41140
37.3565 41480
37.3943 41820
37.4322 42160
37.47 42500
37.4952 42840
37.533 43180
37.5708 43520
37.5961 43860
37.6339 44200
37.6591 44540
37.6969 44880
37.7221 45220
37.76 45560
37.7852 45900
37.823 46240
37.8482 46580
37.886 46920
37.9113 47260
37.9491 47600
37.9743 47940
38.0121 48280
38.0373 48620
38.0752 48960
38.1004 49300
38.1382 49640
38.1634 49980
38.2012 34680
40.0901 340
40.3194 2720
40.7228 4420
40.8642 3060
41.0371 3400
41.0623 3740
41.1128 4080
41.2478 4420
44.3916 4760
44.7401 5100
45.0013 5440
45.1958 5780
45.3561 6120
45.4974 6460
45.6325 6800
45.755 7140
45.8684 7480
45.9531 7820
46.0503 8160
46.1386 8500
46.2295 8840
46.3052 9180
46.3808 9520
46.4565 9860
46.5195 10200
46.5952 10540
46.6582 10880
46.7213 11220
46.7717 11560
46.8347 11900
46.8978 12240
46.9482 12580
47.0491 12920
47.0995 13260
47.2004 13600
47.2634 13940
47.339 14280
47.3895 9860
47.6416 10200
47.6542 10540
47.7677 10880
47.8686 11220
47.9694 11560
48.0955 11900
48.2216 12240
48.3477 12580
48.5368 12920
48.7007 13260
48.9403 13600
49.1924 13940
49.4572 14280
49.5581 9860
49.8165 10200
49.8291 10540
49.93 10880
50.0435 11220
50.1443 11560
50.2704 11900
50.3965 12240
50.5478 12580
50.6991 12920
50.9134 13260
51.0647 13600
51.3169 13940
51.569 14280
54.2167 14620
54.5697 14960
54.8219 15300
55.0236 15640
55.1875 15980
55.3262 16320
55.4649 16660
55.5784 17000
55.6918 17340
55.7927 17680
55.881 18020
55.9692 18360
56.0575 18700
56.1331 19040
56.2088 19380
56.3853 19720
56.4988 20060
56.6122 20400
56.6879 20740
56.7761 21080
56.8392 21420
56.9148 21760
56.9905 22100
57.0409 22440
57.1039 22780
57.1796 23120
57.2174 23460
57.2805 23800
57.3435 24140
57.3813 24480
57.4317 24820
57.4948 25160
57.5452 25500
57.5957 25840
57.6461 26180
57.6965 26520
57.7343 26860
57.7722 27200
57.8226 27540
57.873 27880
57.9109 28220
57.9613 28560
57.9991 28900
58.0369 29240
58.0874 29580
58.1126 29920
58.1504 30260
58.1882 30600
58.2261 30940
58.2639 31280
58.3017 31620
58.3395 31960
58.3773 32300
58.4152 32640
58.453 32980
58.4908 33320
58.5413 33660
58.5665 34000
58.5917 34340
58.6169 34680
58.6547 35020
58.6925 35360
58.7178 35700
58.7556 36040
58.7808 36380
58.8186 36720
58.8438 37060
58.8817 37400
58.9069 37740
58.9447 38080
58.9699 38420
59.0077 38760
59.033 39100
59.0708 39440
59.096 39780
59.1338 40120
59.159 40460
59.1843 40800
59.2095 41140
59.2473 41480
59.2725 41820
59.2851 42160
59.3103 42500
59.3482 42840
59.3734 43180
59.386 43520
59.4112 43860
59.4364 44200
59.4616 44540
59.4869 44880
59.5121 31280
60.3379 31620
60.3505 31960
60.3631 32300
60.3757 32640
60.4766 32980
60.6027 33320
60.7035 33660
60.7918 34000
60.8674 34340
60.9431 34680
61.0187 35020
61.0944 35360
61.1574 35700
61.2205 36040
61.2961 36380
61.3591 36720
61.4348 37060
61.5104 37400
61.5861 37740
61.6617 38080
61.7374 38420
61.813 38760
61.9013 39100
61.9895 39440
62.0778 39780
62.1661 40120
62.2543 40460
62.3678 40800
62.456 41140
62.5569 41480
62.683 41820
62.7965 42160
62.9225 42500
63.0738 42840
63.2377 43180
63.4269 43520
63.6286 43860
63.906 44200
64.3094 44540
65.1415 44880
66.188 45220
66.7932 45560
66.9949 45900
67.2345 46240
67.5118 46580
67.7262 46920
67.9027 47260
68.0414 47600
68.1801 47940
68.2935 48280
68.407 48620
68.5079 48960
68.6087 49300
68.697 49640
68.7853 49980
68.8735 50320
68.9492 50660
69.0248 51000
69.1005 51340
69.1635 51680
69.2391 52020
69.2896 52360
69.3526 52700
69.4346 36720
71.3297 340
71.5464 5440
71.9562 10540
72.0507 14960
72.1732 19380
72.2551 23800
72.3371 27540
72.4064 27880
72.5451 28220
72.6334 19720
74.144 340
74.2661 680
74.9028 1020
74.9091 1360
75.0442 1700
75.0505 2040
75.0568 2380
75.0631 2720
75.1856 3060
75.1919 3400
75.1982 3740
75.2045 4080
75.2108 4420
75.2171 4760
75.2234 5100
75.2297 5440
75.327 5780
75.3333 6120
75.3396 6460
75.3459 6800
75.3522 7140
75.3585 7480
75.3837 5100
75.689 5440
75.7079 5780
75.7331 6120
75.7709 6460
75.8781 6800
76.0294 7140
76.2248 7480
78.7464 7820
79.0994 8160
79.339 8500
80.2594 8840
80.4485 9180
80.5872 9520
80.7259 9860
80.8393 10200
80.9528 10540
81.0537 10880
81.1419 11220
81.2302 11560
81.3184 11900
81.3941 12240
81.4697 12580
81.5454 12920
81.621 13260
81.6841 13600
81.7471 13940
81.8732 14280
81.8984 9860
82.1569 10200
82.1695 10540
82.1821 10880
82.3712 11220
82.4721 11560
82.5856 11900
82.7242 12240
82.8755 12580
83.0394 12920
83.1529 13260
83.4051 13600
83.6572 13940
83.9094 14280
86.5445 14620
86.8975 14960
87.1496 15300
87.3388 15640
87.5153 15980
87.654 16320
87.7927 16660
87.8305 11560
88.1268 11900
88.1394 12240
88.152 12580
88.2024 12920
88.3033 13260
88.3915 13600
88.4924 13940
88.6059 14280
88.7193 14620
88.8454 14960
88.9967 15300
89.1606 15640
89.3624 15980
89.6019 16320
89.9549 16660
92.6783 17000
93.0313 17340
93.2708 17680
93.4726 18020
93.6365 18360
93.7878 18700
93.9138 19040
94.0273 19380
94.1408 19720
94.2416 20060
94.3299 20400
94.4182 20740
94.5064 21080
94.5821 21420
94.6199 14960
95.0044 15300
95.017 15640
95.0296 15980
95.1179 16320
95.244 16660
95.3575 17000
95.4457 17340
95.5466 17680
95.66 18020
95.7609 18360
95.824 12580
96.1518 12920
96.1644 13260
96.2148 13600
96.2904 13940
96.3787 14280
96.467 14620
96.6056 14960
96.7443 15300
96.883 15640
96.9839 15980
97.1226 16320
97.2739 16660
97.4252 17000
97.5891 17340
97.7782 17680
98.0682 18020
98.4086 18360
100.489 12580
100.817 12920
100.829 13260
100.842 13600
100.88 13940
100.955 14280
101.044 14620
101.132 14960
101.22 15300
101.321 15640
101.435 15980
101.548 16320
101.687 16660
101.825 17000
101.989 17340
102.292 17680
102.62 18020
102.96 18360
104.75 12580
105.078 12920
105.091 13260
105.103 13600
105.141 13940
105.217 14280
105.305 14620
105.393 14960
105.482 15300
105.583 15640
105.696 15980
105.809 16320
105.948 16660
106.213 17000
106.44 11900
106.749 12240
106.761 12580
106.774 12920
106.875 13260
107.014 13600
107.114 13940
107.24 14280
107.379 14620
107.505 14960
107.644 15300
107.783 15640
107.984 15980
108.224 16320
108.375 16660
108.69 17000
109.106 11900
109.409 12240
109.422 12580
109.434 12920
109.485 13260
109.598 13600
109.775 13940
109.888 14280
110.002 14620
110.128 14960
110.279 15300
110.443 15640
110.645 15980
110.834 16320
111.136 16660
111.439 17000
113.961 17340
114.314 17680
114.553 18020
114.755 18360
114.919 18700
115.07 19040
115.196 19380
115.31 19720
115.423 20060
115.524 20400
115.612 20740
115.7 21080
115.864 21420
116.016 21760
116.104 22100
116.217 22440
116.306 22780
116.407 23120
116.47 23460
116.545 23800
116.621 24140
116.684 24480
116.76 24820
116.823 25160
116.886 25500
116.949 25840
116.999 26180
117.062 26520
117.113 26860
117.163 27200
117.213 27540
117.276 27880
117.314 28220
117.365 28560
117.415 28900
117.466 29240
117.503 29580
117.554 29920
117.604 30260
117.642 30600
117.68 30940
117.73 31280
117.768 31620
117.819 31960
117.856 32300
117.882 32640
117.919 32980
117.957 33320
117.995 33660
118.033 34000
118.071 34340
118.109 34680
118.146 35020
118.184 35360
118.222 35700
118.26 36040
118.298 36380
118.323 36720
118.361 37060
118.399 37400
118.424 37740
118.462 38080
118.487 38420
118.525 38760
118.55 39100
118.588 39440
118.613 39780
118.651 40120
118.676 40460
118.714 40800
118.739 41140
118.777 41480
118.802 41820
118.84 42160
118.865 42500
118.903 42840
118.928 43180
118.966 43520
118.979 43860
119.004 44200
119.042 44540
119.067 44880
119.079 45220
119.105 45560
119.13 45900
119.155 46240
119.18 46580
119.205 46920
119.231 47260
119.256 47600
119.281 47940
119.306 48280
119.332 48620
119.357 48960
119.382 49300
119.407 49640
119.432 49980
119.458 50320
119.483 50660
119.508 51000
119.533 51340
119.559 51680
119.584 52020
119.609 52360
119.634 52700
119.659 53040
119.685 53380
119.71 53720
119.735 54060
119.76 54400
119.785 54740
119.811 55080
119.836 55420
119.861 55760
119.886 56100
119.912 56440
119.937 56780
119.949 57120
119.975 57460
120 57800
120.012 58140
120.038 58480
120.063 58820
120.075 59160
120.088 59500
120.113 59840
120.126 60180
120.151 60520
120.164 60860
120.189 61200
120.202 61540
120.227 61880
120.239 62220
120.265 62560
120.283 43520
122.185 340
122.301 2040
122.761 3740
122.792 5440
122.928 7140
122.959 8840
122.991 10540
123.022 12240
123.094 13940
123.126 15640
123.157 17340
123.189 19040
123.22 20740
123.252 22440
123.283 24140
123.315 25840
123.346 27540
123.378 29240
123.409 30940
123.554 31280
123.668 31620
123.788 31960
123.958 22100
125.538 340
125.559 680
126.271 1020
126.278 1360
126.413 1700
126.419 2040
126.425 2380
126.432 2720
126.554 3060
126.56 3400
126.567 3740
126.573 4080
126.579 4420
126.586 4760
126.592 5100
126.598 5440
126.695 5780
126.702 6120
126.708 6460
126.714 6800
126.721 7140
126.727 7480
126.733 7820
126.74 8160
126.746 8500
126.752 8840
126.759 9180
126.765 9520
126.771 9860
126.777 10200
126.784 10540
126.79 10880
126.837 11220
126.843 11560
126.849 11900
126.856 12240
126.862 12580
126.868 12920
126.875 13260
126.881 13600
126.887 13940
126.894 14280
126.9 14620
126.906 14960
126.931 10200
127.82 10540
127.833 10880
127.846 11220
127.858 11560
127.871 11900
127.883 12240
127.896 12580
127.909 12920
127.921 13260
128.022 13600
128.199 9520
128.709 9860
128.722 10200
128.734 10540
128.747 10880
128.76 11220
128.772 11560
128.848 11900
128.949 12240
129.062 12580
129.22 12920
129.585 13260
129.856 13600
132.296 13940
132.643 14280
132.889 14620
133.084 14960
133.248 15300
133.406 15640
133.532 15980
133.834 16320
134.105 16660
134.269 11560
134.742 11900
134.755 12240
134.767 12580
134.78 12920
134.793 13260
134.805 13600
134.818 13940
134.881 14280
135.007 14620
135.316 14960
135.492 15300
135.593 10540
135.965 10880
135.978 11220
135.99 11560
136.003 11900
136.015 12240
136.079 12580
136.205 12920
136.444 13260
136.595 13600
136.778 13940
136.967 14280
137.238 14620
137.516 14960
137.793 15300
138.31 10540
138.588 10880
138.6 11220
138.613 11560
138.625 11900
138.714 12240
138.827 12580
138.941 12920
139.142 13260
139.331 13600
139.445 9520
139.684 9860
139.697 10200
139.71 10540
139.798 10880
140 11220
140.151 11560
140.29 11900
140.428 12240
140.655 12580
140.769 12920
141.008 13260
141.26 13600
142.899 9520
143.139 9860
143.152 10200
143.164 10540
143.24 10880
143.353 11220
143.467 11560
143.606 11900
143.744 12240
143.921 12580
144.11 12920
144.362 13260
144.715 13600
146.152 9520
146.398 9860
146.411 10200
146.423 10540
146.499 10880
146.613 11220
146.726 11560
146.865 11900
147.003 12240
147.18 12580
147.369 12920
147.621 13260
147.974 13600
150.685 13940
151.038 14280
151.29 14620
151.479 14960
151.643 15300
151.794 15640
151.92 15980
152.047 16320
152.147 16660
152.248 17000
152.349 17340
152.418 11900
152.721 12240
152.734 12580
152.746 12920
152.772 13260
152.86 13600
152.948 13940
153.036 14280
153.137 14620
153.251 14960
153.364 15300
153.503 15640
153.641 15980
153.805 16320
153.894 11220
154.19 11560
154.203 11900
154.215 12240
154.253 12580
154.341 12920
154.429 13260
154.53 13600
154.644 13940
154.732 9520
154.984 9860
154.997 10200
155.009 10540
155.072 10880
155.173 11220
155.287 11560
155.4 11900
155.526 12240
155.678 12580
155.842 12920
156.043 13260
156.283 13600
156.636 13940
156.926 9520
157.178 9860
157.191 10200
157.203 10540
157.266 10880
157.367 11220
157.481 11560
157.594 11900
157.72 12240
157.922 12580
158.149 12920
158.388 13260
158.641 13600
158.893 13940
161.477 9520
161.723 9860
161.736 10200
161.748 10540
161.811 10880
161.912 11220
162.026 11560
162.139 11900
162.265 12240
162.417 12580
162.581 12920
162.782 13260
163.022 13600
163.375 13940
166.098 14280
166.451 14620
166.691 14960
166.892 15300
167.056 15640
167.208 15980
167.334 16320
167.447 16660
167.561 17000
167.662 17340
167.75 17680
167.838 18020
167.926 18360
168.002 18700
168.09 19040
168.153 19380
168.229 19720
168.292 20060
168.355 20400
168.418 20740
168.481 21080
168.595 21420
168.658 21760
168.752 22100
168.771 15300
169.168 15640
169.181 15980
169.193 16320
169.256 16660
169.383 17000
169.483 17340
169.597 17680
169.698 18020
169.811 18360
169.925 18700
170.038 19040
170.152 19380
170.265 19720
170.391 20060
170.517 20400
170.694 20740
170.883 21080
171.085 21420
171.312 21760
171.677 22100
174.035 22440
174.388 22780
174.627 23120
174.829 23460
174.993 16320
175.422 16660
175.434 17000
175.447 17340
175.46 17680
175.497 18020
175.573 18360
175.636 18700
175.712 19040
175.8 19380
175.977 19720
176.103 20060
176.279 20400
176.393 20740
176.519 21080
176.67 21420
176.796 21760
176.998 22100
177.2 22440
177.414 22780
177.628 23120
178.044 23460
180.352 23800
180.705 24140
180.944 24480
181.146 24820
181.31 25160
181.461 25500
181.587 25840
181.701 26180
181.94 26520
182.104 26860
182.255 27200
182.356 27540
182.482 27880
182.558 28220
182.659 28560
182.747 28900
182.835 29240
182.911 29580
182.987 29920
183.062 30260
183.125 30600
183.188 30940
183.251 31280
183.314 31620
183.377 31960
183.44 32300
183.491 32640
183.554 32980
183.592 33320
183.642 33660
183.705 34000
183.743 34340
183.794 34680
183.844 35020
183.894 35360
183.945 35700
183.983 36040
184.033 36380
184.071 36720
184.121 37060
184.159 37400
184.21 37740
184.247 38080
184.285 38420
184.323 38760
184.361 39100
184.399 39440
184.437 39780
184.474 40120
184.512 40460
184.55 40800
184.588 41140
184.626 41480
184.663 41820
184.701 42160
184.739 42500
184.764 42840
184.802 43180
184.84 43520
184.865 43860
184.903 44200
184.928 44540
184.966 44880
184.991 45220
185.029 45560
185.054 45900
185.105 31960
185.943 32300
185.956 32640
185.968 32980
185.981 33320
185.994 33660
186.132 34000
186.233 34340
186.309 34680
186.397 35020
186.473 35360
186.548 35700
186.637 36040
186.7 36380
186.763 36720
186.838 37060
186.914 37400
186.99 37740
187.065 38080
187.141 38420
187.217 38760
187.292 39100
187.368 39440
187.444 39780
187.519 40120
187.607 40460
187.696 40800
187.797 41140
187.885 41480
187.986 41820
188.087 42160
188.2 42500
188.301 42840
188.44 43180
188.566 43520
188.73 43860
188.856 44200
189.057 44540
189.259 44880
189.536 45220
189.953 45560
190.797 45900
191.806 46240
192.247 32300
193.092 32640
193.105 32980
193.117 33320
193.13 33660
193.142 34000
193.155 34340
193.218 34680
193.382 35020
193.47 35360
193.558 35700
193.659 36040
193.735 36380
193.823 36720
193.899 37060
193.974 37400
194.05 37740
194.126 38080
194.201 38420
194.277 38760
194.353 39100
194.428 39440
194.504 39780
194.592 40120
194.668 40460
194.756 40800
194.857 41140
194.945 41480
195.046 41820
195.134 42160
195.248 42500
195.349 42840
195.462 43180
195.601 43520
195.727 43860
195.878 44200
196.03 44540
196.231 44880
196.395 45220
196.673 45560
197.101 45900
197.946 46240
198.955 46580
199.547 46920
199.749 47260
200.064 47600
200.253 47940
200.468 48280
200.644 48620
200.795 48960
200.947 49300
200.972 34340
202.867 340
203.096 4080
203.5 64940
203.66 45220
205.146 340
205.488 680
205.703 1020
205.709 1360
205.844 1700
205.85 2040
205.857 2380
205.863 2720
205.985 3060
205.992 3400
205.998 3740
206.004 4080
206.011 4420
206.017 4760
206.023 5100
206.029 5440
206.127 5780
206.133 6120
206.139 6460
206.146 6800
206.152 7140
206.158 7480
206.165 7820
206.171 8160
206.177 8500
206.183 8840
206.19 9180
206.196 9520
206.202 9860
206.209 10200
206.215 10540
206.221 10880
206.268 11220
206.274 11560
206.281 11900
206.287 12240
206.293 12580
206.3 12920
206.306 13260
206.312 13600
206.319 13940
206.325 14280
206.331 14620
206.337 14960
206.344 15300
206.35 15640
206.356 15980
206.363 16320
206.369 16660
206.375 17000
206.382 17340
206.388 17680
206.394 18020
206.4 18360
206.407 18700
206.413 19040
206.419 19380
206.426 19720
206.432 20060
206.438 20400
206.445 20740
206.451 21080
206.457 21420
206.464 21760
206.47 22100
206.476 22440
206.482 22780
206.489 23120
206.495 30940
206.64 31280
206.646 31620
206.741 31960
206.867 32300
207.012 22440
208.598 340
208.62 680
209.332 1020
209.338 1360
209.473 1700
209.48 2040
209.486 2380
209.492 2720
209.615 3060
209.621 3400
209.627 3740
209.634 4080
209.64 4420
209.646 4760
209.652 5100
209.659 5440
209.756 5780
209.762 6120
209.769 6460
209.775 6800
209.781 7140
209.788 7480
209.794 7820
209.8 8160
209.806 8500
209.813 8840
209.819 9180
209.825 9520
209.832 9860
209.838 10200
209.844 10540
209.851 10880
209.897 11220
209.904 11560
209.91 11900
209.916 12240
209.923 12580
209.929 12920
209.935 13260
209.941 13600
209.948 13940
209.954 14280
209.96 14620
209.967 14960
209.973 15300
209.979 15640
210.005 10880
210.572 11220
210.591 11560
210.603 11900
210.616 12240
210.629 12580
210.641 12920
210.692 13260
210.793 13600
210.956 13940
211.095 14280
211.259 14620
211.505 14960
211.732 15300
212.268 15640
214.329 15980
214.676 16320
214.928 16660
215.117 17000
215.3 17340
215.565 17680
215.716 18020
215.905 18360
216.075 18700
216.208 19040
216.334 19380
216.466 19720
216.599 20060
216.706 20400
216.832 20740
216.952 21080
217.046 21420
217.134 14960
217.708 15300
217.721 15640
217.733 15980
217.746 16320
217.758 16660
217.771 17000
217.784 17340
217.796 17680
217.847 18020
217.948 18360
218.074 18700
218.275 19040
218.496 19380
218.673 19720
218.849 20060
219.133 20400
219.322 20740
219.542 21080
219.971 21420
222.291 21760
222.644 22100
222.896 22440
223.085 22780
223.249 23120
223.401 23460
223.527 23800
223.653 24140
223.766 24480
223.993 24820
224.144 25160
224.283 25500
224.371 25840
224.485 26180
224.56 26520
224.661 26860
224.737 27200
224.825 27540
224.901 27880
224.964 28220
225.027 28560
225.103 28900
225.153 29240
225.216 29580
225.279 29920
225.342 30260
225.393 30600
225.456 30940
225.506 31280
225.569 31620
225.607 31960
225.657 32300
225.708 32640
225.758 32980
225.809 33320
225.859 33660
225.897 34000
225.947 34340
225.985 34680
226.036 35020
226.073 35360
226.124 35700
226.162 36040
226.2 36380
226.25 36720
226.275 37060
226.338 25840
227.013 26180
227.025 26520
227.038 26860
227.051 27200
227.063 27540
227.076 27880
227.088 28220
227.101 28560
227.164 28900
227.277 29240
227.378 29580
227.479 29920
227.555 30260
227.643 30600
227.744 30940
227.832 31280
227.933 31620
228.021 31960
228.122 32300
228.21 32640
228.311 32980
228.412 33320
228.513 33660
228.639 34000
228.765 34340
228.891 34680
229.017 35020
229.169 35360
229.333 35700
229.56 36040
229.774 36380
230.114 36720
230.543 25500
231.211 25840
231.224 26180
231.236 26520
231.249 26860
231.262 27200
231.274 27540
231.287 27880
231.299 28220
231.312 28560
231.325 28900
231.438 20060
231.968 20400
231.98 20740
231.993 21080
232.005 21420
232.018 21760
232.031 22100
232.043 22440
232.056 22780
232.195 23120
232.333 23460
232.396 16320
232.825 16660
232.838 17000
232.85 17340
232.863 17680
232.875 18020
232.901 18360
233.065 18700
233.153 19040
233.241 19380
233.355 19720
233.481 20060
233.594 20400
233.72 20740
233.846 21080
233.972 21420
234.111 21760
234.262 14960
234.931 15300
234.943 15640
234.956 15980
234.968 16320
234.981 16660
235.019 17000
235.17 17340
235.309 17680
235.41 18020
235.511 18360
235.611 18700
235.737 19040
235.864 19380
236.015 19720
236.141 20060
236.317 20400
236.507 20740
236.696 21080
236.973 21420
237.288 21760
238.663 14960
239.06 15300
239.072 15640
239.085 15980
239.097 16320
239.11 16660
239.123 17000
239.186 17340
239.274 17680
239.35 18020
239.438 18360
239.64 18700
239.753 19040
239.93 19380
240.106 19720
240.295 20060
240.472 20400
240.535 14280
241.165 14620
241.178 14960
241.19 15300
241.203 15640
241.279 15980
241.417 16320
241.531 16660
241.632 17000
241.733 17340
241.859 17680
241.985 18020
242.098 18360
242.186 12580
242.514 12920
242.527 13260
242.539 13600
242.552 13940
242.64 14280
242.754 14620
242.842 14960
242.981 15300
243.119 15640
243.258 15980
243.409 16320
243.561 16660
243.712 17000
243.863 17340
244.065 17680
244.216 12240
244.538 12580
244.55 12920
244.563 13260
244.582 13600
244.601 9520
244.84 9860
244.853 10200
244.866 10540
245.042 10880
245.168 11220
245.269 11560
245.446 11900
245.597 12240
245.799 12580
245.95 12920
246.189 13260
246.429 13600
247.942 9520
248.188 9860
248.2 10200
248.213 10540
248.289 10880
248.39 11220
248.516 11560
248.642 11900
248.793 12240
248.957 12580
249.146 12920
249.398 13260
249.751 13600
250.193 9520
250.432 9860
250.445 10200
250.457 10540
250.533 10880
250.646 11220
250.76 11560
250.886 11900
251.037 12240
251.201 12580
251.403 12920
251.642 13260
251.995 13600
254.719 13940
255.072 14280
255.311 14620
255.513 14960
255.677 15300
255.828 15640
255.954 15980
256.068 16320
256.181 16660
256.282 17000
256.37 17340
256.459 17680
256.547 18020
256.623 18360
256.711 18700
256.774 19040
256.85 19380
256.913 19720
256.976 20060
257.14 20400
257.266 20740
257.354 21080
257.43 21420
257.505 21760
257.581 22100
257.631 22440
257.707 22780
257.757 23120
257.808 23460
257.858 23800
257.921 24140
257.959 24480
258.022 24820
258.073 25160
258.123 25500
258.173 25840
258.224 26180
258.262 26520
258.299 26860
258.35 27200
258.388 27540
258.438 27880
258.476 28220
258.514 28560
258.564 28900
258.602 29240
258.64 29580
258.678 29920
258.716 30260
258.753 30600
258.791 30940
258.829 31280
258.867 31620
258.905 31960
258.942 32300
258.98 32640
259.018 32980
259.056 33320
259.081 33660
259.106 34000
259.144 34340
259.169 34680
259.207 35020
259.232 35360
259.27 35700
259.296 36040
259.333 36380
259.359 36720
259.396 37060
259.422 37400
259.459 37740
259.485 38080
259.522 38420
259.548 38760
259.585 39100
259.611 39440
259.649 39780
259.674 40120
259.699 40460
259.724 40800
259.749 41140
259.775 41480
259.8 41820
259.825 42160
259.85 42500
259.875 42840
259.901 43180
259.926 43520
259.951 43860
259.976 44200
260.002 44540
260.027 44880
260.052 45220
260.077 45560
260.102 45900
260.128 46240
260.153 46580
260.178 46920
260.203 47260
260.229 47600
260.254 47940
260.279 48280
260.304 48620
260.329 48960
260.355 49300
260.38 49640
260.405 49980
260.43 50320
260.455 50660
260.481 51000
260.506 51340
260.531 51680
260.556 52020
260.582 52360
260.607 52700
260.632 53040
260.657 53380
260.682 53720
260.695 54060
260.708 54400
260.733 54740
260.758 55080
260.771 55420
260.796 55760
260.821 56100
260.834 56440
260.846 56780
260.872 57120
260.897 57460
260.909 57800
260.922 58140
260.947 58480
260.96 58820
260.985 59160
260.998 59500
261.023 59840
261.035 60180
261.061 60520
261.073 60860
261.098 61200
261.111 61540
261.136 61880
261.149 62220
261.174 62560
261.187 62900
261.212 63240
261.225 63580
261.256 44200
263.151 340
263.242 2040
263.715 3740
263.746 5440
263.881 7140
263.913 8840
263.944 10540
263.976 12240
264.048 13940
264.079 15640
264.111 17340
264.142 19040
264.174 20740
264.205 21760
264.224 22780
264.243 24480
264.275 26180
264.306 27200
264.325 28900
264.357 30600
264.388 31620
264.508 31960
264.628 32300
264.76 32640
264.88 32980
264.949 22780
266.548 340
266.55 680
267.275 1020
267.282 1360
267.417 1700
267.423 2040
267.429 2380
267.436 2720
267.558 3060
267.565 3400
267.571 3740
267.577 4080
267.583 4420
267.59 4760
267.596 5100
267.602 5440
267.7 5780
267.706 6120
267.712 6460
267.719 6800
267.725 7140
267.731 7480
267.737 7820
267.744 8160
267.75 8500
267.756 8840
267.763 9180
267.769 9520
267.775 9860
267.782 10200
267.788 10540
267.794 10880
267.841 11220
267.847 11560
267.854 11900
267.86 12240
267.866 12580
267.872 12920
267.879 13260
267.885 13600
267.891 13940
267.898 14280
267.904 14620
267.91 14960
267.917 15300
267.923 15640
267.973 10880
268.541 11220
268.56 11560
268.572 11900
268.585 12240
268.623 12580
268.673 12920
268.724 13260
268.837 13600
268.976 13940
269.102 14280
269.259 14620
269.512 14960
269.751 15300
270.236 10540
270.804 10880
270.816 11220
270.829 11560
270.842 11900
270.854 12240
270.867 12580
270.879 12920
270.892 13260
270.993 13600
271.119 13940
271.245 14280
271.459 9860
272.014 10200
272.027 10540
272.039 10880
272.052 11220
272.065 11560
272.077 11900
272.14 12240
272.216 12580
272.329 12920
272.443 13260
272.632 13600
272.966 13940
273.319 14280
274.391 9860
274.939 10200
274.952 10540
274.964 10880
274.977 11220
274.99 11560
275.002 11900
275.015 12240
275.028 12580
275.04 12920
275.141 8840
275.671 9180
275.683 9520
275.696 9860
275.708 10200
275.721 10540
275.734 10880
275.746 11220
275.834 11560
275.948 11900
276.181 12240
276.408 12580
276.812 12920
279.251 13260
279.604 13600
279.85 13940
280.046 14280
280.209 14620
280.367 14960
280.493 15300
280.607 15640
280.815 15980
281.004 16320
281.111 16660
281.243 17000
281.369 17340
281.483 17680
281.584 18020
281.647 18360
281.741 18700
281.804 19040
281.893 19380
281.975 19720
282.031 20060
282.107 20400
282.17 20740
282.227 21080
282.283 21420
282.34 21760
282.416 22100
282.454 22440
282.51 22780
282.58 23120
282.624 23460
282.681 23800
282.725 24140
282.781 24480
282.832 24820
282.889 25160
282.952 25500
283.021 25840
283.078 26180
283.122 26520
283.185 26860
283.229 27200
283.292 27540
283.343 27880
283.393 28220
283.431 28560
283.469 28900
283.532 29240
283.563 29580
283.588 29920
283.614 30260
283.639 30600
283.677 30940
283.721 31280
283.746 31620
283.771 31960
283.796 32300
283.841 32640
283.866 32980
283.897 33320
283.922 33660
283.967 34000
284.004 34340
284.036 34680
284.067 35020
284.086 35360
284.112 35700
284.156 36040
284.194 36380
284.225 36720
284.25 37060
284.275 37400
284.301 37740
284.326 38080
284.351 38420
284.376 38760
284.402 39100
284.439 39440
284.452 39780
284.477 40120
284.502 40460
284.528 40800
284.553 41140
284.578 41480
284.603 41820
284.635 42160
284.66 42500
284.685 42840
284.71 43180
284.736 43520
284.761 43860
284.786 44200
284.811 44540
284.837 44880
284.868 45220
284.893 45560
284.931 45900
284.956 46240
284.982 46580
285.007 46920
285.032 47260
285.057 47600
285.082 47940
285.108 48280
285.133 48620
285.158 48960
285.183 49300
285.208 49640
285.234 49980
285.259 50320
285.272 50660
285.297 51000
285.322 51340
285.347 51680
285.36 52020
285.385 52360
285.41 52700
285.423 53040
285.448 53380
285.461 53720
285.486 54060
285.498 54400
285.524 54740
285.549 55080
285.562 55420
285.574 55760
285.599 56100
285.625 56440
285.637 56780
285.65 57120
285.675 57460
285.688 57800
285.713 58140
285.725 58480
285.751 58820
285.763 59160
285.788 59500
285.801 59840
285.826 60180
285.839 60520
285.864 60860
285.877 61200
285.902 61540
285.915 61880
285.94 62220
285.952 62560
285.978 62900
285.99 63240
286.015 63580
286.028 63920
286.053 64260
286.085 44880
287.98 340
288.064 2040
288.537 3740
288.569 4760
288.691 6460
288.723 8160
288.754 9860
288.839 10880
288.858 12580
288.889 14280
288.921 15300
288.94 17000
288.971 18020
288.99 19720
289.021 20740
289.04 22440
289.072 24140
289.103 25160
289.122 26180
289.141 27880
289.173 29580
289.204 30600
289.223 31620
289.343 31960
289.475 32300
289.595 32640
289.728 32980
289.778 33320
289.986 23120
291.591 340
292.3 680
292.441 1020
292.447 1360
292.582 1700
292.589 2040
292.595 2380
292.601 2720
292.724 3060
292.73 3400
292.736 3740
292.743 4080
292.749 4420
292.755 4760
292.762 5100
292.768 5440
292.865 5780
292.871 6120
292.878 6460
292.884 6800
292.89 7140
292.897 7480
292.903 7820
292.909 8160
292.916 8500
292.922 8840
292.928 9180
292.934 9520
292.941 9860
292.947 10200
292.953 10540
292.96 10880
293.006 11220
293.013 11560
293.019 11900
293.025 12240
293.032 12580
293.038 12920
293.044 13260
293.051 13600
293.057 13940
293.063 14280
293.069 14620
293.076 14960
293.082 15300
293.088 15640
293.095 15980
293.114 16320
293.145 11220
293.738 11560
293.769 11900
293.794 12240
293.82 12580
293.857 12920
293.895 13260
293.952 13600
294.053 13940
294.179 14280
294.292 14620
294.444 14960
294.601 15300
294.841 15640
295.024 15980
295.566 16320
297.564 16660
297.911 17000
298.163 17340
298.352 17680
298.516 18020
298.8 18360
299.027 18700
299.304 19040
299.43 19380
299.613 19720
299.758 20060
299.884 20400
300.004 20740
300.124 21080
300.206 21420
300.294 21760
300.357 22100
300.451 22440
300.533 22780
300.622 23120
300.672 23460
300.735 23800
300.798 24140
300.861 24480
300.937 24820
301.006 25160
301.076 25500
301.126 25840
301.176 26180
301.214 26520
301.252 26860
301.303 27200
301.353 27540
301.403 27880
301.441 28220
301.479 28560
301.542 28900
301.593 29240
301.643 29580
301.668 29920
301.706 30260
301.744 30600
301.782 30940
301.832 31280
301.857 31620
301.895 31960
301.933 32300
301.971 32640
302.009 32980
302.046 33320
302.084 33660
302.122 34000
302.16 34340
302.198 34680
302.236 35020
302.273 35360
302.311 35700
302.336 36040
302.362 36380
302.399 36720
302.437 37060
302.462 37400
302.488 37740
302.532 38080
302.551 26520
303.244 26860
303.257 27200
303.269 27540
303.282 27880
303.295 28220
303.307 28560
303.32 28900
303.332 29240
303.345 29580
303.358 29920
303.471 30260
303.572 30600
303.673 30940
303.761 31280
303.862 31620
303.95 31960
304.051 32300
304.127 32640
304.228 32980
304.328 33320
304.429 33660
304.543 34000
304.631 34340
304.732 34680
304.845 35020
304.971 35360
305.098 35700
305.224 36040
305.388 36380
305.551 36720
305.778 37060
306.005 37400
306.358 37740
307.052 38080
308.527 38420
308.88 38760
309.195 39100
309.548 39440
309.788 39780
309.989 40120
310.153 40460
310.305 40800
310.431 41140
310.557 41480
310.658 41820
310.771 42160
310.859 42500
310.96 42840
311.049 43180
311.137 43520
311.2 43860
311.275 44200
311.351 44540
311.414 44880
311.477 45220
311.553 45560
311.616 45900
311.679 46240
311.729 46580
311.792 46920
311.843 47260
311.906 47600
311.956 47940
312.007 48280
312.057 48620
312.108 48960
312.158 49300
312.208 49640
312.259 49980
312.297 50320
312.335 50660
312.385 51000
312.423 51340
312.473 51680
312.511 52020
312.561 52360
312.599 52700
312.637 53040
312.675 53380
312.713 53720
312.751 54060
312.788 54400
312.826 54740
312.864 55080
312.902 55420
312.94 55760
312.978 56100
313.034 39100
314.929 340
315.108 3400
315.537 5780
315.581 8160
315.704 11220
315.76 13600
315.804 16660
315.861 19040
315.905 22100
315.962 24480
316.006 26860
316.05 29240
316.183 29580
316.271 29920
316.403 30260
316.447 30600
317.027 21080
318.891 340
319.284 680
319.606 1020
319.612 1360
319.747 1700
319.888 1020
320.03 1360
320.061 1700
322.902 2040
323.307 2380
323.596 2720
323.737 3060
323.898 3400
324.051 3740
324.174 4080
324.315 4420
324.463 4760
324.513 5100
324.604 5440
324.746 5780
324.771 6120
324.893 6460
324.931 6800
325.041 7140
325.079 7480
325.142 7820
325.214 8160
325.277 8500
325.33 8840
325.393 9180
325.444 9520
325.507 9860
325.557 10200
325.608 10540
325.708 10880
325.759 11220
325.847 11560
325.898 11900
325.961 12240
326.024 12580
326.074 12920
326.125 13260
326.188 13600
326.225 13940
326.276 14280
326.326 14620
326.377 14960
326.414 15300
326.452 15640
326.503 15980
326.541 16320
326.591 16660
326.629 17000
326.667 17340
326.717 17680
326.755 18020
326.78 18360
326.831 18700
326.856 19040
326.906 19380
326.931 19720
326.969 20060
327.007 20400
327.045 20740
327.083 21080
327.121 21420
327.158 21760
327.184 22100
327.221 22440
327.259 22780
327.284 23120
327.31 23460
327.347 23800
327.373 24140
327.411 24480
327.436 24820
327.474 25160
327.499 25500
327.537 25840
327.562 26180
327.6 26520
327.625 26860
327.663 27200
327.688 27540
327.726 27880
327.751 28220
327.776 28560
327.801 28900
327.839 29240
327.864 29580
327.89 29920
327.915 30260
327.94 30600
327.965 30940
327.99 31280
328.016 31620
328.041 31960
328.066 32300
328.091 32640
328.117 32980
328.142 33320
328.167 33660
328.192 34000
328.217 34340
328.243 34680
328.268 35020
328.293 35360
328.318 35700
328.344 36040
328.369 36380
328.394 36720
328.419 37060
328.444 37400
328.47 37740
328.495 38080
328.52 38420
328.545 38760
328.57 39100
328.596 39440
328.621 39780
328.646 40120
328.671 40460
328.697 40800
328.709 41140
328.734 41480
328.76 41820
328.785 42160
328.81 42500
328.823 42840
328.848 43180
328.86 43520
328.886 43860
328.911 44200
328.923 44540
328.949 44880
328.974 45220
328.987 45560
328.999 45900
329.024 46240
329.05 46580
329.062 46920
329.075 47260
329.1 47600
329.125 47940
329.138 48280
329.15 48620
329.176 48960
329.201 49300
329.213 49640
329.226 49980
329.251 50320
329.264 50660
329.289 51000
329.302 51340
329.327 51680
329.34 52020
329.365 52360
329.377 52700
329.403 53040
329.415 53380
329.44 53720
329.453 54060
329.478 54400
329.491 54740
329.516 55080
329.529 55420
329.554 55760
329.566 56100
329.592 56440
329.604 56780
329.63 57120
329.642 57460
329.667 57800
329.68 58140
329.705 58480
329.718 58820
329.743 59160
329.756 59500
329.781 59840
329.793 60180
329.819 60520
329.831 60860
329.856 61200
329.869 61540
329.894 61880
329.907 62220
329.932 62560
329.945 62900
329.97 63240
329.983 63580
330.008 63920
330.02 64260
330.046 64600
330.058 64940
330.083 65280
330.102 45560
332.004 340
332.094 1360
332.561 3060
332.702 4080
332.721 5780
332.753 6800
332.856 8500
332.888 9520
332.907 11220
332.938 12240
332.957 13940
333.004 14960
333.023 16660
333.054 17680
333.073 19380
333.105 20400
333.124 22100
333.155 23120
333.174 24820
333.206 25840
333.225 27540
333.256 28560
333.275 30260
333.307 31280
333.325 32980
333.477 33320
333.578 33660
333.729 34000
333.83 34340
333.88 34680
334.536 24140
335.794 340
336.181 24140
336.194 24480
336.206 24820
336.219 25160
336.232 25500
336.282 25840
336.408 26180
336.534 26520
336.578 18360
337.757 18700
337.77 19040
337.782 19380
337.795 19720
337.808 20060
337.82 20400
337.833 20740
337.845 21080
337.858 21420
337.871 21760
337.883 22100
337.896 22440
337.908 22780
337.971 23120
338.085 23460
338.224 23800
338.375 24140
338.539 24480
338.778 24820
339.075 25160
339.352 25500
339.592 25840
340.039 26180
340.89 26520
342.491 26860
342.882 27200
343.134 27540
343.336 27880
343.651 28220
343.79 28560
344.004 28900
344.067 20060
344.591 20400
344.603 20740
344.616 21080
344.629 21420
344.641 21760
344.654 22100
344.666 22440
344.692 22780
344.83 23120
344.969 23460
345.057 23800
345.145 24140
345.259 24480
345.372 24820
345.486 25160
345.599 25500
345.713 25840
345.826 26180
345.952 26520
346.091 26860
346.23 27200
346.394 27540
346.57 27880
346.822 28220
347.087 28560
347.617 28900
349.596 29240
349.949 29580
350.201 29920
350.403 30260
350.567 30600
350.844 30940
350.958 31280
351.172 31620
351.311 31960
351.449 32300
351.588 32640
351.689 32980
351.802 33320
351.891 33660
351.992 34000
352.067 34340
352.155 34680
352.219 35020
352.294 35360
352.37 35700
352.433 36040
352.509 36380
352.559 36720
352.622 37060
352.685 37400
352.748 37740
352.811 38080
352.862 38420
352.912 38760
352.962 39100
353.013 39440
353.063 39780
353.114 40120
353.164 40460
353.215 40800
353.265 41140
353.303 41480
353.353 41820
353.391 42160
353.442 42500
353.479 42840
353.53 43180
353.568 43520
353.618 43860
353.643 44200
353.681 44540
353.719 44880
353.757 45220
353.795 45560
353.832 45900
353.87 46240
353.908 46580
353.946 46920
353.984 47260
354.021 47600
354.059 47940
354.097 48280
354.122 48620
354.16 48960
354.185 49300
354.223 49640
354.248 49980
354.286 50320
354.311 50660
354.349 51000
354.375 51340
354.412 51680
354.438 52020
354.475 52360
354.501 52700
354.538 53040
354.564 53380
354.601 53720
354.627 54060
354.664 54400
354.69 54740
354.715 55080
354.74 55420
354.765 55760
354.791 56100
354.828 56440
354.841 56780
354.866 57120
354.891 57460
354.917 57800
354.942 58140
354.967 58480
354.992 58820
355.018 59160
355.043 59500
355.087 41480
356.982 340
357.123 2040
357.571 4420
357.712 6120
357.744 8500
357.788 10200
357.879 12580
357.923 14280
357.954 16660
357.998 18360
358.03 20740
358.074 22440
358.106 24820
358.15 26520
358.181 28900
358.32 29240
358.446 29580
358.572 29920
358.717 20740
360.259 340
360.331 680
361.005 1020
361.012 1360
361.147 1700
361.153 2040
361.159 2380
361.166 2720
361.288 3060
361.294 3400
361.301 3740
361.307 4080
361.313 4420
361.32 4760
361.326 5100
361.332 5440
361.43 5780
361.436 6120
361.442 6460
361.448 6800
361.455 7140
361.461 7480
361.467 7820
361.474 8160
361.48 8500
361.486 8840
361.493 9180
361.499 9520
361.505 9860
361.511 10200
361.518 10540
361.524 10880
361.59 7480
361.981 7820
362 8160
362.012 8500
362.025 8840
362.037 9180
362.075 9520
362.214 9860
362.372 10200
362.655 10540
362.882 10880
365.379 11220
365.732 11560
365.971 11900
366.167 12240
366.337 12580
366.482 12920
366.608 13260
366.728 13600
366.835 13940
366.992 14280
367.207 14620
367.295 14960
367.56 15300
367.761 15640
367.894 15980
368.007 16320
368.152 16660
368.247 17000
368.322 17340
368.398 17680
368.493 18020
368.556 18360
368.631 18700
368.707 19040
368.757 19380
368.827 19720
368.89 20060
368.94 20400
368.991 20740
369.041 21080
369.092 21420
369.142 21760
369.18 22100
369.255 22440
369.293 22780
369.344 23120
369.382 23460
369.432 23800
369.47 24140
369.508 24480
369.558 24820
369.596 25160
369.653 25500
369.69 25840
369.728 26180
369.766 26520
369.804 26860
369.842 27200
369.88 27540
369.917 27880
369.955 28220
369.993 28560
370.018 28900
370.056 29240
370.094 29580
370.138 29920
370.163 30260
370.201 30600
370.239 30940
370.264 31280
370.289 31620
370.327 31960
370.352 32300
370.39 32640
370.415 32980
370.453 33320
370.478 33660
370.516 34000
370.541 34340
370.579 34680
370.605 35020
370.642 35360
370.668 35700
370.705 36040
370.731 36380
370.768 36720
370.794 37060
370.819 37400
370.844 37740
370.869 38080
370.895 38420
370.92 38760
370.945 39100
370.983 39440
370.995 39780
371.021 40120
371.046 40460
371.071 40800
371.096 41140
371.121 41480
371.147 41820
371.172 42160
371.197 42500
371.222 42840
371.248 43180
371.273 43520
371.298 43860
371.323 44200
371.348 44540
371.374 44880
371.399 45220
371.424 45560
371.449 45900
371.474 46240
371.5 46580
371.525 46920
371.55 47260
371.575 47600
371.601 47940
371.626 48280
371.651 48620
371.676 48960
371.701 49300
371.727 49640
371.752 49980
371.777 50320
371.802 50660
371.828 51000
371.84 51340
371.865 51680
371.878 52020
371.903 52360
371.916 52700
371.941 53040
371.966 53380
371.979 53720
371.991 54060
372.017 54400
372.042 54740
372.054 55080
372.067 55420
372.092 55760
372.117 56100
372.13 56440
372.143 56780
372.168 57120
372.193 57460
372.206 57800
372.218 58140
372.244 58480
372.256 58820
372.281 59160
372.294 59500
372.319 59840
372.332 60180
372.357 60520
372.37 60860
372.395 61200
372.407 61540
372.433 61880
372.445 62220
372.471 62560
372.483 62900
372.508 63240
372.521 63580
372.546 63920
372.559 64260
372.584 64600
372.603 45220
374.504 340
374.608 2040
375.074 3740
375.106 5440
375.241 7140
375.272 8160
375.291 9860
375.323 10880
375.382 12580
375.414 13600
375.432 15300
375.464 17000
375.496 18020
375.514 19040
375.533 20740
375.565 22440
375.596 23460
375.615 24480
375.634 26180
375.666 27880
375.697 28900
375.716 29920
375.735 31620
375.886 31960
375.987 32300
376.139 32640
376.239 32980
376.29 33320
376.92 23120
377.958 340
378.143 680
378.285 1020
378.291 1360
378.426 1700
378.432 2040
378.439 2380
378.445 2720
378.567 3060
378.574 3400
378.58 3740
378.586 4080
378.593 4420
378.599 4760
378.605 5100
378.611 5440
378.709 5780
378.715 6120
378.721 6460
378.728 6800
378.734 7140
378.74 7480
378.747 7820
378.753 8160
378.759 8500
378.765 8840
378.772 9180
378.778 9520
378.784 9860
378.791 10200
378.797 10540
378.803 10880
378.85 11220
378.856 11560
378.863 11900
378.869 12240
378.875 12580
378.882 12920
378.888 13260
378.894 13600
378.901 13940
378.907 14280
378.913 14620
378.919 14960
378.926 15300
378.932 15640
378.938 15980
378.945 16320
378.97 11220
379.562 11560
379.581 11900
379.594 12240
379.607 12580
379.619 12920
379.632 13260
379.644 13600
379.657 13940
379.67 14280
379.682 14620
379.707 14960
379.865 15300
380.067 15640
380.319 15980
380.836 16320
381.945 11220
383.023 11560
383.036 11900
383.049 12240
383.061 12580
383.074 12920
383.086 13260
383.099 13600
383.112 13940
383.124 14280
383.137 14620
383.162 14960
383.326 15300
383.528 15640
383.78 15980
384.127 16320
384.65 11220
385.255 11560
385.268 11900
385.28 12240
385.293 12580
385.305 12920
385.318 13260
385.331 13600
385.343 13940
385.356 14280
385.482 14620
385.621 14960
385.772 15300
386.005 15640
386.358 15980
386.787 16320
389.075 16660
389.428 17000
389.674 17340
389.869 17680
390.033 18020
390.178 18360
390.431 18700
390.645 19040
390.765 19380
390.903 19720
391.042 20060
391.168 20400
391.275 20740
391.382 21080
391.471 21420
391.553 21760
391.635 22100
391.698 22440
391.78 22780
391.862 23120
391.931 23460
391.994 23800
392.057 24140
392.126 24480
392.183 24820
392.24 25160
392.309 25500
392.36 25840
392.416 26180
392.473 26520
392.53 26860
392.593 27200
392.668 27540
392.725 27880
392.776 28220
392.832 28560
392.883 28900
392.946 29240
392.99 29580
393.047 29920
393.097 30260
393.141 30600
393.185 30940
393.211 31280
393.261 31620
393.286 31960
393.311 32300
393.337 32640
393.381 32980
393.419 33320
393.45 33660
393.488 34000
393.513 34340
393.551 34680
393.589 35020
393.633 35360
393.677 35700
393.702 36040
393.728 36380
393.765 36720
393.797 37060
393.835 37400
393.86 37740
393.898 38080
393.923 38420
393.961 38760
393.986 39100
394.024 39440
394.062 39780
394.087 40120
394.112 40460
394.15 28220
394.894 28560
394.906 28900
394.919 29240
394.932 29580
394.944 29920
394.957 30260
394.969 30600
394.982 30940
394.995 31280
395.007 31620
395.02 31960
395.032 32300
395.121 32640
395.234 32980
395.36 33320
395.436 33660
395.537 34000
395.638 34340
395.739 34680
395.839 35020
395.928 35360
396.016 35700
396.117 36040
396.23 36380
396.331 36720
396.445 37060
396.558 37400
396.697 37740
396.81 38080
396.949 38420
397.125 38760
397.302 39100
397.491 39440
397.718 39780
398.084 40120
398.827 40460
