0.0 0
0.229224 3400
0.464625 3740
0.489841 5100
0.515057 6460
0.705465 6800
0.743289 4760
1.21236 5100
1.28801 5440
1.53515 5780
1.77599 6120
1.90967 6460
2.04836 4420
2.51743 4760
2.63849 3060
3.87303 340
4.10757 2380
4.3421 2720
4.60185 1700
4.86791 2040
5.05202 2380
5.30546 1360
5.77454 1700
6.00907 2040
6.24991 2380
6.48445 1360
6.95352 1700
6.97243 2040
7.20697 1360
7.88235 1700
8.12319 2040
8.60487 1360
9.07394 1700
9.28025 2040
11.4667 1360
11.7013 1700
11.9421 2040
12.6835 1360
13.9181 340
14.1526 680
15.1526 340
15.3871 2720
15.628 3060
15.6406 3400
15.8625 2380
16.5661 2720
16.5787 3060
17.0604 2040
17.295 2380
17.5295 2720
17.5484 1700
18.5295 340
18.764 6460
19.0049 6800
19.0175 7140
19.2394 4760
19.7085 5100
19.7652 3400
19.9934 3740
20.0628 4080
20.2028 2720
21.4373 340
21.6718 4080
21.9064 4420
22.1724 3060
22.6667 3400
22.8445 3740
22.876 2380
23.1043 2720
23.3136 3060
23.3325 3400
23.3577 2380
24.0361 2720
24.0613 1700
24.2959 2040
24.5241 1360
24.7586 1700
24.9743 2040
25.2088 1360
25.6779 1700
25.925 2040
26.6538 1360
27.3103 1700
27.5574 1020
27.792 1360
28.0202 1700
28.749 1020
28.9836 1360
29.2307 1700
29.9532 1020
30.7187 340
31.3878 680
31.6286 1020
31.8695 1360
32.0758 1700
32.3511 1020
32.5857 1360
32.8202 1700
33.549 1020
33.7836 1360
34.0118 1700
34.259 1020
34.7343 1360
34.9406 1700
35.8977 1020
36.3668 1360
36.5731 1700
37.083 1020
37.3175 1360
37.5521 1700
37.7929 1020
38.0274 1360
38.2683 1700
38.7091 1020
39.1782 1360
39.4599 1700
39.9415 1020
40.1761 1360
40.4169 1700
40.8923 1020
41.1268 1360
41.3677 1700
41.6148 1020
42.0839 1360
42.2902 1700
43.2692 1020
43.5037 1360
43.7163 1700
44.4545 1020
44.689 1360
45.3926 680
45.6272 1020
45.868 1360
48.4638 680
48.6983 1020
48.9455 1360
49.9455 340
50.18 1020
50.6554 1360
50.668 1700
50.8962 2040
50.9088 2380
51.1151 2720
51.1497 3060
51.3968 2040
52.3716 340
52.6061 1700
53.3602 1020
53.5947 1360
53.8356 1700
54.7581 1020
55.5235 340
55.7581 1360
55.9926 1700
56.468 1020
56.7025 1360
57.156 1700
57.6251 1020
58.156 340
58.3905 1700
58.6251 2040
59.335 1360
60.0722 340
60.3067 680
61.6575 1020
62.092 1360
62.3329 680
62.5674 1020
62.8019 1360
65.4512 1700
65.9266 1020
66.3956 1360
66.871 680
67.3401 1020
67.5464 1360
67.8155 680
68.2845 1020
68.7191 1360
69.1944 680
69.8981 1020
70.1389 1360
71.3305 680
71.7996 1020
72.0404 1360
74.1734 680
74.408 1020
74.8833 680
75.1179 1020
76.4969 680
76.9377 1020
78.0948 680
78.6257 340
79.2948 680
79.5356 1020
79.7764 1360
79.9827 1700
80.0173 2040
80.2581 1360
80.7272 1700
80.9335 2040
82.1503 1360
82.3848 1700
82.6131 2040
83.5482 1360
83.7827 1700
84.011 2040
84.477 1360
84.7116 1700
84.9272 2040
85.1743 1360
85.4089 1700
85.6371 2040
86.8068 1360
87.5722 340
87.8068 1360
88.0413 1700
88.3011 1020
88.7764 1360
88.9827 1700
89.699 1020
89.9335 1360
90.1743 1700
91.3659 1020
92.1095 340
92.7785 680
93.0194 1020
93.2602 1360
93.4665 1700
93.5011 2040
93.7011 2380
93.7356 2720
93.9419 3060
94.1827 2040
94.9827 340
95.2173 1700
95.4707 1020
95.9461 1360
96.165 1700
97.5848 1020
97.8812 340
101.019 680
101.26 1020
102.921 680
103.155 1020
105.739 1360
106.008 680
106.718 1020
106.958 1360
108.115 680
108.819 1020
109.025 1360
110.023 680
110.782 340
111.452 680
112.452 340
113.121 680
113.361 1020
113.602 1360
113.809 1700
114.553 1020
115.312 340
115.547 3400
115.825 3740
116.06 2380
117.294 340
119.529 2040
120.239 2380
120.968 2720
121.228 1700
121.697 2040
121.903 2380
122.159 2720
122.178 1700
122.66 2040
122.673 2380
123.123 1360
123.357 1700
123.604 1020
123.839 1360
124.086 1700
125.95 1020
126.528 340
126.763 680
127.238 1020
127.479 1360
127.961 680
128.195 1020
128.436 1360
129.158 680
129.393 1020
129.628 1360
130.337 680
130.806 1020
131.013 1360
132.458 680
132.927 1020
133.168 1360
135.035 680
136.269 340
136.938 680
137.938 340
138.173 1360
138.414 1700
138.655 2040
139.136 1360
139.371 1700
139.564 2040
140.799 340
141.034 2040
141.503 1360
141.769 1700
142.022 2040
143.439 1360
143.908 1700
144.114 2040
144.596 1360
144.831 1700
145.065 2040
145.781 1360
146.016 1700
146.238 2040
146.491 1360
147.176 1700
147.417 1020
147.886 1360
148.092 1700
148.567 1020
149.12 340
151.024 680
151.265 1020
151.74 680
151.975 1020
152.925 680
153.16 1020
154.552 680
154.786 1020
156.859 680
157.149 340
157.384 680
158.384 340
159.053 680
159.294 1020
159.776 680
160.01 1020
160.726 680
160.961 1020
161.905 680
162.436 340
165.105 680
165.346 1020
165.587 1360
165.793 1700
165.828 2040
166.828 340
167.497 680
167.738 1360
168.689 680
169.158 1020
169.398 1360
170.856 680
171.325 1020
171.531 1360
172.764 680
172.998 1020
173.239 1360
174.486 340
174.721 1700
175.721 340
175.956 1020
176.431 1360
176.443 1700
176.9 2040
177.134 1360
177.604 1700
177.844 2040
178.339 1360
179.042 1700
179.283 1020
179.518 1360
179.73 1700
180.965 340
183.199 1360
184.156 680
184.625 1020
184.866 1360
185.12 680
185.354 1020
185.589 1360
187.765 340
187.999 680
191.058 1020
191.505 1360
191.746 1700
191.78 2040
191.987 2380
192.228 1360
192.462 1700
192.497 2040
192.744 1360
194.207 340
194.876 680
195.116 1020
195.357 1360
195.564 1700
196.502 2040
197.212 2380
197.224 1360
197.471 1700
197.719 1020
197.953 1360
198.188 1700
199.373 1020
199.607 1360
199.848 1700
200.095 1020
200.33 1360
200.565 1700
201.559 1020
201.794 1360
202.022 1700
202.738 1020
203.469 340
203.704 680
204.179 1020
204.386 1360
204.82 1700
205.067 1020
205.302 1360
206.018 680
206.487 1020
206.728 1360
207.65 680
208.41 340
208.644 1700
209.113 1020
209.879 340
210.113 680
210.354 1020
212.015 680
212.249 1020
214.11 680
214.344 1020
215.73 680
215.964 1020
216.433 680
216.668 1020
219.286 1360
219.526 1700
219.78 2040
219.986 2380
220.227 1360
221.021 340
227.255 1020
227.731 1360
227.978 680
228.653 1020
228.894 1360
230.799 680
231.033 1020
231.274 1360
232.713 680
233.444 340
235.678 680
236.154 1020
236.36 1360
236.395 1700
236.601 2040
236.835 2380
237.558 2720
237.805 1700
238.041 2040
238.275 2380
238.51 1360
238.979 1700
239.185 2040
239.426 2380
239.673 1360
240.148 1700
240.389 2040
240.595 2380
240.877 1360
241.505 1700
241.759 1020
242.993 340
243.228 3060
243.703 3400
243.982 2380
244.648 2720
244.673 3060
244.933 2040
245.595 2380
245.836 2720
246.068 3060
246.309 2040
246.543 2380
246.765 2720
247.012 3060
247.044 2040
247.719 2380
247.966 2720
247.985 1700
248.966 340
249.201 4760
249.454 5100
249.733 5440
249.961 3740
250.917 340
251.152 680
251.386 1020
251.392 4760
251.633 5100
251.887 3400
252.159 2380
252.419 2720
252.653 3060
253.097 2040
253.566 2380
253.598 2720
253.826 1700
254.598 340
254.832 680
255.067 2040
255.327 1360
255.586 1700
255.796 2040
256.765 1360
257.441 1700
257.682 2040
259.577 1360
260.342 340
260.577 680
261.052 1020
261.521 680
261.756 1020
263.176 680
263.41 1020
264.12 680
264.355 1020
266.95 1360
267.385 1700
267.638 1020
268.107 1360
268.314 1700
270.935 2040
271.416 2380
271.451 1360
272.416 340
272.651 2040
272.886 2380
273.139 2720
273.152 3060
273.164 3400
273.392 2380
274.331 2720
274.559 3060
274.8 3400
275.085 2380
275.319 2720
275.522 3060
275.757 2040
276.46 2380
276.473 2720
276.733 1700
277.202 2040
277.43 1360
277.646 1700
277.893 2040
278.134 1360
278.368 1700
278.6 2040
279.357 1360
279.591 1700
279.819 2040
280.073 1360
280.307 1700
280.542 1020
280.777 1360
281.005 1700
281.499 1020
281.968 1360
282.174 1700
283.185 1020
283.419 1360
283.66 1700
284.155 1020
284.389 1360
284.636 680
284.871 1020
285.312 1360
287.238 680
287.473 1020
287.714 1360
288.183 680
288.893 1020
289.134 1360
290.538 680
290.772 1020
291.013 1360
292.177 680
292.411 1020
292.852 1360
293.809 680
294.278 1020
294.484 1360
294.725 680
295.194 1020
295.401 1360
296.373 680
296.842 1020
297.289 1360
297.777 680
298.247 1020
298.487 1360
300.167 680
300.871 1020
301.077 1360
301.793 680
302.468 1020
302.944 680
303.468 340
303.703 1700
303.944 2040
304.163 2380
304.397 1360
304.866 1700
304.892 2040
305.348 2380
305.392 1360
305.627 1700
305.849 2040
306.074 2380
306.574 1360
307.278 1700
307.484 2040
307.725 2380
307.972 1360
308.654 1700
308.676 2040
309.136 2380
309.611 1360
309.846 1700
310.105 1020
310.581 1360
310.787 1700
313.192 1020
313.427 1360
313.639 1700
313.874 1020
314.108 1360
314.349 680
314.584 1020
314.818 1360
315.775 680
316.01 1020
316.251 1360
316.732 680
316.967 1020
317.408 1360
318.371 680
318.606 1020
318.84 1360
319.797 680
320.556 340
321.225 680
321.466 1020
321.707 1360
321.913 1700
321.948 2040
322.189 1360
322.864 1700
323.086 2040
323.587 1360
324.056 1700
324.262 2040
324.772 1360
325.738 340
326.407 680
326.842 1020
327.546 680
327.78 1020
329.206 680
329.441 1020
330.398 680
330.632 1020
331.632 340
333.867 680
334.342 1020
334.549 1360
334.583 1700
334.83 1020
335.065 1360
335.306 1700
336.041 1020
336.806 340
337.475 680
337.716 1020
338.432 680
338.716 340
339.385 680
339.626 1020
339.867 1360
340.073 1700
340.108 2040
340.349 2380
340.596 1360
341.349 340
342.018 680
342.259 1020
342.499 1360
342.706 1700
342.74 2040
343.74 340
346.409 680
346.65 1020
346.897 1360
347.601 680
348.835 340
349.504 680
350.95 1020
351.19 1360
351.672 680
352.397 340
352.631 680
354.976 340
357.645 680
357.886 1020
358.802 680
359.333 340
361.567 1360
363.049 340
363.283 1020
365.447 340
365.681 680
366.404 1020
367.595 680
367.83 1020
369.25 680
369.484 1020
370.863 680
371.098 1020
372.524 680
372.759 1020
374.234 340
374.468 680
374.944 1020
375.944 340
376.613 680
377.047 1020
377.517 680
377.751 1020
378.467 680
378.702 1020
379.859 680
380.093 1020
383.001 340
383.236 1020
383.477 1360
383.683 1700
384.387 2040
384.874 1360
385.109 1700
385.322 2040
385.35 1360
385.584 1700
385.806 2040
386.06 1360
386.529 1700
386.735 2040
387.011 1360
387.776 340
388.445 680
390.693 1020
390.934 1360
391.14 1700
391.409 1020
391.878 1360
392.085 1700
393.511 1020
394.276 340
394.511 1700
394.771 1020
395.024 1360
395.246 1700
396.222 1020
396.932 1360
397.138 1700
397.842 1020
399.076 340
399.311 680
399.786 1020
400.027 1360
