0.0 0
0.539751 3400
1.08568 3740
1.09829 4420
1.11089 5100
1.1235 5780
1.13611 6460
1.34241 6800
1.63704 7480
1.64965 8160
1.66226 8840
1.67487 9520
1.68748 10200
1.70008 10880
1.71269 11560
1.7253 12240
1.73791 12920
1.89378 13600
2.18841 14280
2.20102 14960
2.21363 15640
2.22623 16320
2.23884 17000
2.25145 17680
2.26406 18360
2.27667 19040
2.28927 19720
2.30188 20400
2.31449 21080
2.3271 21760
2.33971 22440
2.35231 23120
2.36492 23800
2.37753 24480
2.39014 25160
2.40275 25840
2.44515 26520
2.45775 27200
2.73978 27880
2.75239 28560
2.76499 29240
2.7776 29920
2.79021 30600
2.80282 31280
2.81543 31960
2.82803 32640
2.84064 33320
2.85325 34000
2.86586 34680
2.87847 35360
2.89107 36040
2.90368 36720
2.91629 37400
2.9289 38080
2.94151 38760
2.95411 39440
2.96672 40120
2.97933 40800
2.99194 41480
3.00455 42160
3.01715 42840
3.02976 43520
3.04237 44200
3.05498 44880
3.06759 45560
3.08019 46240
3.0928 46920
3.10541 47600
3.11802 48280
3.13063 48960
3.14323 49640
3.15584 50320
3.16845 51000
3.18106 51680
3.19367 52360
3.20627 53040
3.21888 53720
3.23149 54400
3.29114 55080
3.30375 55760
3.31636 56440
3.32897 57120
3.34158 57800
3.35418 58480
3.36679 59160
3.3794 59840
3.39201 60520
3.40462 61200
3.41722 61880
3.42983 62560
3.44244 63240
3.45505 63920
3.46766 64600
3.48026 65280
3.49287 65960
3.50548 66640
3.51809 67320
3.5307 68000
3.5433 68680
3.55591 69360
3.56852 70040
3.58113 70720
3.59374 71400
3.60634 72080
3.61895 72760
3.63156 73440
3.64417 74120
3.65678 74800
3.66938 75480
3.68199 76160
3.6946 76840
3.70721 77520
3.71982 78200
3.73242 78880
3.74503 79560
3.75764 80240
3.77025 80920
3.79546 82280
3.80807 82960
3.82068 83640
3.83329 84320
3.8459 85000
3.8585 85680
3.87111 86360
3.88372 87040
3.89633 87720
3.90894 88400
3.92154 89080
3.93415 89760
3.94676 90440
3.95937 91120
3.97198 91800
3.98458 92480
3.99719 93160
4.0098 93840
4.02241 94520
4.03502 95200
4.04762 95880
4.06023 96560
4.07284 97240
4.08545 97920
4.09806 98600
4.11066 99280
4.12327 99960
4.13588 100640
4.14849 101320
4.1611 102000
4.1737 102680
4.18631 103360
4.19892 104040
4.21153 104720
4.22414 105400
4.23674 106080
4.24935 106760
4.26196 107440
4.27457 108120
4.28718 108800
4.29978 109480
4.31239 110160
4.325 110840
4.33761 111520
4.35022 112200
4.36282 112880
4.37543 113560
4.38804 114240
4.40065 114920
4.41326 115600
4.42586 116280
4.43847 116960
4.45108 117640
4.46369 118320
4.4763 119000
4.4889 119680
4.50151 120360
4.51412 121040
4.52673 121720
4.53934 122400
4.55194 123080
4.56455 123760
4.57716 124440
4.58977 125120
4.60238 125800
4.61498 126480
4.62759 127160
4.6402 127840
4.65281 128520
4.66542 129200
4.67802 129880
4.69063 130560
4.70324 131240
4.71585 131920
4.72846 132600
4.74106 133280
4.75367 133960
4.76628 134640
4.77889 135320
4.7915 136000
4.8041 136680
4.81671 137360
4.82932 138040
4.84193 138720
4.85454 139400
4.86714 140080
4.87975 140760
4.89236 141440
4.90497 142120
4.91758 142800
4.93018 143480
4.94279 144160
4.9554 144840
4.96801 145520
4.98062 146200
4.99322 146880
5.00583 147560
5.01844 148240
5.03105 148920
5.04366 149600
5.05626 150280
5.06887 150960
5.08148 151640
5.09409 152320
5.1067 153000
5.1193 153680
5.13191 154360
5.14452 155040
5.15713 155720
5.16974 156400
5.18234 157080
5.19495 157760
5.20756 158440
5.22017 159120
5.23278 159800
5.24538 160480
5.25799 161160
5.2706 161840
5.28321 162520
5.29582 163200
5.30842 163880
5.32103 164560
5.33364 165240
5.34625 165920
5.35886 166600
5.37146 167280
5.38407 167960
5.39668 168640
5.40929 169320
5.4219 170000
5.4345 170680
5.44711 171360
5.45972 172040
5.47233 172720
5.48494 173400
5.49754 174080
5.51015 174760
5.52276 175440
5.53537 176120
5.54798 176800
5.56058 177480
5.57319 178160
5.5858 178840
5.59841 179520
5.61102 180200
5.62362 180880
5.63623 181560
5.64884 182240
5.66145 182920
5.67406 183600
5.68666 184280
5.70558 128860
9.26943 340
9.45015 1360
9.99522 1700
10.0015 2720
10.5403 3060
10.5466 4080
10.5655 4420
10.5718 5440
11.0853 5780
11.0916 6800
11.1106 7140
11.1169 8160
11.1358 8500
11.1421 9520
11.161 9860
11.1673 10880
11.6304 11220
11.6367 12240
11.6556 12580
11.6619 13600
11.6808 13940
11.6871 14960
11.7061 15300
11.7124 16320
11.7313 16660
11.7376 17680
11.7565 18020
11.7628 19040
11.7817 19380
11.788 20400
11.8069 20740
11.8132 21760
12.1755 22100
12.1818 23120
12.2007 23460
12.207 24480
12.2259 24820
12.2322 25840
12.2511 26180
12.2574 27200
12.2763 27540
12.2826 28560
12.3015 28900
12.3079 29920
12.3268 30260
12.3331 31280
12.352 31620
12.3583 32640
12.3772 32980
12.3835 34000
12.4024 34340
12.4087 35360
12.4276 35700
12.4339 36720
12.4528 37060
12.4591 38080
12.4781 38420
12.4844 39440
12.5033 39780
12.5096 40800
12.5285 41140
12.5348 42160
12.5537 42500
12.56 43520
12.7205 43860
12.7268 44880
12.7457 45220
12.752 46240
12.771 46580
12.7773 47600
12.7962 47940
12.8025 48960
12.8214 49300
12.8277 50320
12.8466 50660
12.8529 51680
12.8718 52020
12.8781 53040
12.897 53380
12.9033 54400
12.9223 54740
12.9286 55760
12.9475 56100
12.9538 57120
12.9727 57460
12.979 58480
12.9979 58820
13.0042 59840
13.0231 60180
13.0294 61200
13.0483 61540
13.0546 62560
13.0736 62900
13.0799 63920
13.0988 64260
13.1051 65280
13.124 65620
13.1303 66640
13.1492 66980
13.1555 68000
13.1744 68340
13.1807 69360
13.1996 69700
13.2059 70720
13.2248 71060
13.2312 72080
13.2501 72420
13.2564 73440
13.2753 73780
13.2816 74800
13.3005 75140
13.3068 76160
13.3257 76500
13.332 77520
13.3509 77860
13.3572 78880
13.3761 79220
13.3824 80240
13.4014 80580
13.4077 81600
13.4266 81940
13.4329 82960
13.4518 83300
13.4581 84320
13.477 84660
13.4833 85680
13.5022 86020
13.5085 87040
13.5274 87380
13.5337 88400
13.5527 88740
13.559 89760
13.5779 90100
13.704 90440
13.83 90780
13.9561 91120
14.0822 91460
14.2083 91800
14.3344 92140
14.4604 92480
14.5865 92820
14.7126 93160
14.8387 93500
14.9648 93840
15.0908 94180
15.2169 94520
15.3178 65960
18.8564 340
19.3586 680
20.0521 1020
20.0584 1360
20.5971 1700
20.6034 2040
20.6098 2380
20.6161 2720
21.1422 3060
21.1485 3400
21.1548 3740
21.1611 4080
21.1674 4420
21.1737 4760
21.18 5100
21.1863 5440
21.6873 5780
21.6936 6120
21.6999 6460
21.7062 6800
21.7125 7140
21.7188 7480
21.7251 7820
21.7314 8160
21.7377 8500
21.744 8840
21.7503 9180
21.7566 9520
21.7629 9860
21.7692 10200
21.7755 10540
21.7818 10880
22.2323 11220
22.2386 11560
22.2449 11900
22.2512 12240
22.2575 12580
22.2639 12920
22.2702 13260
22.2765 13600
22.2828 13940
22.2891 14280
22.2954 14620
22.3017 14960
22.308 15300
22.3143 15640
22.3206 15980
22.3269 16320
22.3332 16660
22.3395 17000
22.3458 17340
22.3521 17680
22.3584 18020
22.3647 18360
22.371 18700
22.3773 19040
22.3836 19380
22.3899 19720
22.3962 20060
22.4025 20400
22.4088 20740
22.4151 21080
22.4215 21420
22.4278 21760
22.7774 22100
22.7837 22440
22.79 22780
22.7963 23120
22.8026 23460
22.8089 23800
22.8152 24140
22.8215 24480
22.8278 24820
22.8341 25160
22.8404 25500
22.8467 25840
22.853 26180
22.8593 26520
22.8657 26860
22.872 27200
22.8783 27540
22.8846 27880
22.8909 28220
22.8972 28560
22.9035 28900
22.9098 29240
22.9161 29580
22.9224 29920
22.9287 30260
22.935 30600
22.9413 30940
22.9476 31280
22.9539 31620
22.9602 31960
22.9665 32300
22.9728 32640
22.9791 32980
22.9854 33320
22.9917 33660
22.998 34000
23.0043 34340
23.0106 34680
23.0169 35020
23.0233 35360
23.0296 35700
23.0359 36040
23.0422 36380
23.0485 36720
23.0548 37060
23.0611 37400
23.0674 37740
23.0737 38080
23.08 38420
23.0863 38760
23.0926 39100
23.0989 39440
23.1052 39780
23.1115 40120
23.1178 40460
23.1241 40800
23.1304 41140
23.1367 41480
23.143 41820
23.1493 42160
23.1556 42500
23.1619 42840
23.1682 43180
23.1745 43520
23.3225 43860
23.3288 44200
23.3351 44540
23.3414 44880
23.3477 45220
23.354 45560
23.3603 45900
23.4107 46240
23.5368 46580
23.6629 46920
23.789 47260
23.915 47600
24.0411 47940
24.1672 48280
24.2618 33660
27.0061 340
27.3822 680
28.4539 1020
28.4602 1360
28.999 1700
29.0053 2040
29.0116 2380
29.0179 2720
29.544 3060
29.5503 3400
29.5566 3740
29.563 4080
29.5693 4420
30.0891 3060
30.4404 3400
30.6657 3740
30.6783 4080
30.7539 4420
32.2945 4760
32.8396 5100
32.9026 5440
33.1657 5780
33.4161 6120
33.5296 6460
33.9297 6800
33.9738 7140
34.4747 7480
34.4874 7820
35.0198 8160
35.127 8500
35.346 8840
35.5838 9180
35.6279 9520
35.6847 9860
35.7351 10200
36.1036 10540
36.1225 10880
36.1478 11220
36.173 11560
36.1982 11900
36.236 12240
36.2801 12580
36.4487 12920
36.655 13260
36.6676 13600
36.6802 13940
36.7054 14280
36.718 14620
36.7433 14960
36.7685 15300
36.7937 15640
36.8189 15980
36.8441 16320
36.9938 16660
37.0064 17000
37.2064 17340
37.219 17680
37.2442 18020
37.2568 18360
37.282 18700
37.2946 19040
37.3198 19380
37.3324 19720
37.3577 20060
37.3829 20400
37.3955 20740
37.4207 21080
37.4459 21420
37.4711 21760
37.5577 22100
37.7577 22440
37.7703 22780
37.7829 23120
37.8082 23460
37.8208 23800
37.846 24140
37.8586 24480
37.8838 24820
37.8964 25160
37.9216 25500
37.9342 25840
37.9595 26180
37.9847 26520
37.9973 26860
38.0225 27200
38.0477 27540
38.0729 27880
38.0981 28220
38.1234 28560
38.1486 28900
38.3154 29240
38.328 29580
38.3532 29920
38.3658 30260
38.3911 30600
38.4037 30940
38.4289 31280
38.4415 31620
38.4667 31960
38.4793 32300
38.5045 32640
38.5171 32980
38.5423 33320
38.555 33660
38.5802 34000
38.6054 34340
38.618 34680
38.6432 35020
38.6558 35360
38.681 35700
38.7063 36040
38.7315 36380
38.7441 36720
38.7693 37060
38.7945 37400
38.8197 37740
38.8605 38080
38.8857 38420
38.8983 38760
38.9109 39100
38.9361 39440
38.9613 39780
38.9865 40120
38.9992 40460
39.0244 40800
39.037 41140
39.0622 41480
39.0874 41820
39.1 42160
39.1252 42500
39.1505 42840
39.1757 43180
39.1883 43520
39.2135 43860
39.2387 44200
39.2513 44540
39.2639 44880
39.2891 45220
39.3144 45560
39.327 45900
39.3522 46240
39.3774 46580
39.39 46920
39.4152 47260
39.4278 47600
39.453 47940
39.4657 48280
39.4909 48620
39.5035 48960
39.5287 49300
39.5413 49640
39.5539 49980
39.5791 50320
39.6043 50660
39.6169 51000
39.6296 51340
39.6548 51680
39.68 52020
39.6926 52360
39.7052 52700
39.7304 53040
39.743 53380
39.7682 53720
39.7809 54060
39.8061 54400
39.8187 54740
39.8439 55080
39.8565 55420
39.8817 55760
39.8943 56100
39.9195 56440
39.9321 56780
39.9574 57120
39.97 57460
39.9952 57800
40.0078 58140
40.033 58480
40.0456 58820
40.0708 59160
40.0834 59500
40.1087 59840
40.1213 60180
40.1465 60520
40.1591 60860
40.1843 61200
40.1969 61540
40.2221 61880
40.2347 62220
40.26 62560
40.2726 62900
40.2978 63240
40.3104 63580
40.3356 63920
40.3482 64260
40.3734 64600
40.386 64940
40.4113 65280
40.4239 65620
40.4491 65960
40.4617 66300
40.4869 66640
40.4995 66980
40.5247 67320
40.5373 67660
40.5625 68000
40.5752 68340
40.6004 68680
40.613 69020
40.6382 69360
40.6508 69700
40.676 70040
40.6886 70380
40.7138 70720
40.7265 71060
40.7517 71400
40.7643 71740
40.7895 72080
40.8021 72420
40.8273 72760
40.8399 73100
40.8525 73440
40.8651 73780
40.8904 74120
40.903 74460
40.9156 74800
40.9282 75140
40.9408 75480
40.9534 75820
40.966 76160
40.9786 76500
41.0038 76840
41.0164 77180
41.029 77520
41.0417 77860
41.0543 78200
41.0669 78540
41.0795 78880
41.0921 79220
41.1047 79560
41.1173 79900
41.1425 80240
41.1551 80580
41.1677 80920
41.1803 81260
41.1929 81600
41.2056 81940
41.2182 82280
41.2308 82620
41.2434 82960
41.256 83300
41.2686 83640
41.2812 83980
41.2938 84320
41.3064 84660
41.319 85000
41.3316 85340
41.3442 85680
41.3569 86020
41.3695 86360
41.3821 86700
41.3947 87040
41.4073 87380
41.4199 87720
41.4325 88060
41.4451 88400
41.4577 88740
41.4703 89080
41.4829 89420
41.4955 89760
41.5081 90100
41.5208 90440
41.5334 90780
41.546 91120
41.5586 91460
41.5712 91800
41.5838 92140
41.5964 92480
41.609 92820
41.6216 93160
41.6342 93500
41.6468 93840
41.6594 94180
41.6721 94520
41.6847 94860
41.6973 95200
41.7099 95540
41.7225 95880
41.7351 96220
41.7477 96560
41.7603 96900
41.7729 97240
41.7855 97580
41.7981 97920
41.8107 98260
41.8233 98600
41.836 98940
41.8486 99280
41.8612 99620
41.8738 99960
41.8864 100300
41.899 100640
41.9116 100980
41.9242 101320
41.9368 101660
41.9494 102000
41.962 102340
41.9746 102680
41.9873 103020
41.9999 103360
42.0125 103700
42.0251 104040
42.0377 104380
42.0503 104720
42.0629 105060
42.0755 105400
42.0881 105740
42.1007 106080
42.1133 106420
42.1259 106760
42.1385 107100
42.1512 107440
42.1638 107780
42.1764 108120
42.189 108460
42.2016 108800
42.2142 109140
42.2268 109480
42.2394 109820
42.252 110160
42.2646 110500
42.2772 110840
42.2898 111180
42.3025 111520
42.3151 111860
42.3277 112200
42.3403 112540
42.3529 112880
42.3655 113220
42.3781 113560
42.3907 113900
42.4033 114240
42.4159 114580
42.4285 114920
42.4411 115260
42.4537 115600
42.4664 115940
42.479 116280
42.4916 116620
42.5042 116960
42.5168 117300
42.5294 117640
42.542 117980
42.5546 118320
42.5672 118660
42.5798 119000
42.5924 119340
42.605 119680
42.6177 120020
42.6303 120360
42.6429 120700
42.6555 121040
42.6681 121380
42.6807 121720
42.6933 122060
42.7059 122400
42.7185 122740
42.7311 123080
42.7437 123420
42.7563 123760
42.7689 124100
42.7816 124440
42.7942 124780
42.8068 125120
42.8194 125460
42.832 125800
42.8446 126140
42.8572 126480
42.8698 126820
42.8824 127160
42.895 127500
42.9076 127840
42.9202 128180
42.9329 128520
42.9455 128860
42.9581 129200
42.9707 129540
42.9833 129880
42.9959 130220
43.0085 130560
43.0211 130900
43.0337 131240
43.0463 131580
43.0589 131920
43.0715 132260
43.0841 132600
43.0968 132940
43.1094 133280
43.122 133620
43.1346 133960
43.1472 134300
43.1598 134640
43.1724 134980
43.185 135320
43.1976 135660
43.2102 136000
43.2228 136340
43.2354 136680
43.2481 137020
43.2607 137360
43.2733 137700
43.2859 138040
43.3048 96560
46.8144 340
46.8918 1360
47.7743 2380
47.7932 3400
48.332 4420
48.3509 5440
48.3698 6460
48.3887 7480
48.8897 8500
48.9086 9520
48.9275 10540
48.9464 11560
48.9653 12580
48.9842 13600
49.0031 14620
49.022 15640
49.4473 16660
49.4662 17680
49.4852 18700
49.5041 19720
49.523 20740
49.5419 21760
49.5608 22780
49.5797 23800
49.5986 24820
49.6175 25840
49.6365 26860
49.6554 27880
49.6743 28900
49.6932 29920
49.7121 30940
49.731 31960
50.005 32980
50.0239 34000
50.0428 35020
50.0617 36040
50.0807 37060
50.0996 38080
50.1185 39100
50.1374 40120
50.1563 41140
50.1752 42160
50.1941 43180
50.213 44200
50.2319 45220
50.2509 46240
50.2698 47260
50.2887 48280
50.3076 49300
50.3265 50320
50.3454 51340
50.3643 52360
50.3832 53380
50.4022 54400
50.4211 55420
50.44 56440
50.4589 57460
50.4778 58480
50.4967 59500
50.5156 60520
50.5345 61540
50.5535 62560
50.5724 63580
50.5913 64600
50.6102 65620
50.6291 66640
50.648 67660
50.7615 68000
50.8939 68340
51.0263 68680
51.1397 69020
51.2721 69360
51.4045 69700
51.518 70040
51.6503 70380
51.7827 70720
51.8962 71060
51.9529 49640
55.0654 340
56.2523 680
56.7973 1020
56.8036 1360
57.3424 1700
57.3487 2040
57.355 2380
57.3613 2720
57.8875 3060
57.8938 3400
57.9001 3740
57.9064 4080
57.9127 4420
57.919 4760
57.9253 5100
57.9316 5440
58.4325 5780
58.4388 6120
58.4451 6460
58.4514 6800
58.4577 7140
58.464 7480
58.4703 7820
58.4766 8160
58.483 8500
58.4893 8840
58.4956 9180
58.5019 9520
58.5082 9860
58.5145 10200
58.5208 10540
58.5271 10880
58.9776 11220
58.9839 11560
58.9902 11900
58.9965 12240
59.0028 12580
59.0091 12920
59.0154 13260
59.0217 13600
59.028 13940
59.0343 14280
59.0406 14620
59.0469 14960
59.0532 15300
59.0595 15640
59.0658 15980
59.0721 16320
59.0784 16660
59.0848 17000
59.0911 17340
59.0974 17680
59.1037 18020
59.11 18360
59.1163 18700
59.1226 19040
59.1289 19380
59.1352 19720
59.1415 20060
59.1478 20400
59.1541 20740
59.1604 21080
59.1667 21420
59.173 21760
59.5226 22100
59.5289 22440
59.5353 22780
59.5416 23120
59.5479 23460
59.5542 23800
59.5605 24140
59.5668 24480
59.5731 24820
59.5794 25160
59.5857 25500
59.592 25840
59.5983 26180
59.6046 26520
59.6109 26860
59.6172 27200
59.6235 27540
59.6298 27880
59.6361 28220
59.6424 28560
59.6487 28900
59.655 29240
59.6613 29580
59.6676 29920
59.6739 30260
59.6802 30600
59.6865 30940
59.6929 31280
59.6992 31620
59.7055 31960
59.7118 32300
59.7181 32640
59.7244 32980
59.7307 33320
59.737 33660
59.7433 34000
59.7496 34340
59.7559 34680
59.8631 35020
60.1307 35360
60.1812 35700
60.8557 24820
62.1228 25160
62.1354 25500
62.148 25840
62.1606 26180
62.1732 26520
62.1859 26860
62.1985 27200
62.2111 27540
62.2237 27880
62.2363 28220
62.2489 28560
62.2615 28900
62.2741 29240
62.2867 29580
62.2993 29920
62.3119 30260
62.3245 30600
62.3371 30940
62.3498 31280
62.3624 31620
62.375 31960
62.3876 32300
62.4002 32640
62.4128 32980
62.4254 33320
62.438 33660
62.4506 34000
62.6082 34340
62.936 34680
63.4088 35020
63.8312 35360
64.9596 35700
66.1195 36040
66.731 36380
67.1282 36720
67.3803 37060
67.5947 37400
67.8153 37740
68.0044 38080
68.1683 38420
68.307 38760
68.4205 39100
68.5025 39440
68.6033 39780
68.6916 40120
68.7861 40460
68.887 40800
68.9627 41140
69.0509 41480
69.1266 41820
69.2211 42160
69.2968 42500
69.3598 42840
69.4291 43180
69.4922 43520
69.5741 43860
69.6372 44200
69.6813 44540
69.7191 44880
69.7759 45220
69.8263 45560
69.8704 45900
69.9146 46240
69.965 46580
70.0154 46920
70.0659 47260
70.11 47600
70.1604 47940
70.2171 48280
70.255 48620
70.2991 48960
70.3369 49300
70.3874 49640
70.4315 49980
70.4756 50320
70.5134 50660
70.5639 51000
70.6143 51340
70.6584 51680
70.6963 52020
70.7467 52360
70.7782 52700
70.816 53040
70.8602 53380
70.9106 53720
70.9484 54060
70.9988 54400
71.043 54740
71.0871 55080
71.1186 55420
71.1627 55760
71.188 56100
71.2258 56440
71.2636 56780
71.3077 57120
71.3519 57460
71.3834 57800
71.4275 58140
71.459 58480
71.4969 58820
71.5221 59160
71.5347 59500
71.5725 59840
71.604 60180
71.6292 60520
71.6608 60860
71.6797 61200
71.7238 61540
71.7553 61880
71.7805 62220
71.8184 62560
71.8499 62900
71.8751 63240
71.9066 63580
71.9318 63920
71.9697 64260
71.9949 64600
72.0201 64940
72.0642 65280
72.0957 65620
72.121 65960
72.1651 66300
72.1903 66640
72.2281 66980
72.2596 67320
72.2849 67660
72.3101 68000
72.3416 68340
72.3668 68680
72.4109 69020
72.4299 69360
72.4551 69700
72.4866 70040
72.4992 70380
72.5244 70720
72.537 71060
72.5496 71400
72.5622 71740
72.5748 72080
72.6064 72420
72.6379 72760
72.6505 73100
72.6631 73440
72.6757 73780
72.7009 74120
72.7135 74460
72.7387 74800
72.7514 75140
72.7766 75480
72.7892 75820
72.8018 76160
72.827 76500
72.8396 76840
72.8648 77180
72.89 77520
72.9027 77860
72.9153 78200
72.9405 78540
72.9594 78880
72.972 79220
72.9972 79560
73.0098 79900
73.0224 80240
73.0476 80580
73.0603 80920
73.0729 81260
73.0918 81600
73.117 81940
73.1296 82280
73.1422 82620
73.1548 82960
73.18 83300
73.1926 83640
73.2052 83980
73.2305 84320
73.2431 84660
73.2746 85000
73.2872 85340
73.2998 85680
73.3124 86020
73.325 86360
73.3376 86700
73.3628 87040
73.3755 87380
73.3881 87720
73.4007 88060
73.4196 88400
73.4322 88740
73.4448 89080
73.47 89420
73.4826 89760
73.4952 90100
73.5078 90440
73.5394 90780
73.552 91120
73.5646 91460
73.5835 91800
73.5961 92140
73.615 92480
73.6276 92820
73.6591 93160
73.6717 93500
73.6843 93840
73.697 94180
73.7096 94520
73.7222 94860
73.7474 95200
73.76 95540
73.7726 95880
73.7852 96220
73.7978 96560
73.8104 96900
73.823 97240
73.8356 97580
73.8483 97920
73.8609 98260
73.8924 98600
73.905 98940
73.9176 99280
73.9302 99620
73.9428 99960
73.9554 100300
73.9806 100640
73.9932 100980
74.0059 101320
74.0185 101660
74.0311 102000
74.0437 102340
74.0563 102680
74.0689 103020
74.0815 103360
74.0941 103700
74.1067 104040
74.1256 104380
74.1382 104720
74.1508 105060
74.1635 105400
74.1761 105740
74.1887 106080
74.2013 106420
74.2139 106760
74.2265 107100
74.2391 107440
74.2517 107780
74.2643 108120
74.2769 108460
74.2895 108800
74.3021 109140
74.3147 109480
74.3274 109820
74.34 110160
74.3526 110500
74.3652 110840
74.3778 111180
74.3904 111520
74.403 111860
74.4156 112200
74.4282 112540
74.4408 112880
74.4534 113220
74.466 113560
74.4787 113900
74.4913 114240
74.5039 114580
74.5165 114920
74.5291 115260
74.5417 115600
74.5543 115940
74.5669 116280
74.5795 116620
74.5921 116960
74.6047 117300
74.6173 117640
74.6299 117980
74.6426 118320
74.6552 118660
74.6678 119000
74.6804 119340
74.693 119680
74.7056 120020
74.7182 120360
74.7308 120700
74.7434 121040
74.756 121380
74.7686 121720
74.7812 122060
74.7939 122400
74.8065 122740
74.8191 123080
74.8317 123420
74.8443 123760
74.8569 124100
74.8695 124440
74.8821 124780
74.8947 125120
74.9073 125460
74.9199 125800
74.9325 126140
74.9451 126480
74.9704 126820
74.983 127160
74.9956 127500
75.0145 89080
78.4842 340
78.7149 1360
79.5029 4420
80.048 5440
80.0669 6460
80.0858 8500
80.1237 9520
80.6057 11220
80.6372 12240
80.6561 13260
80.675 14280
80.6939 15980
80.7255 17680
80.757 18700
80.7759 21420
81.1949 22780
81.2201 24480
81.2516 25500
81.2705 26520
81.2894 27540
81.3083 30600
81.3651 31620
81.384 32640
81.4029 33660
81.4218 34680
81.4407 35700
81.4596 36720
81.4785 37740
81.4975 40120
81.5416 41140
81.5605 42160
81.5794 43180
81.7462 46240
81.803 47260
81.8219 48280
81.8408 49300
81.8597 50320
81.8786 51340
81.8975 52360
81.9164 53380
81.9354 54400
81.9543 55420
81.9732 56440
81.9921 58140
82.0236 59160
82.0425 60180
82.0614 61200
82.0803 62220
82.2127 62560
82.3451 62900
82.4586 63240
82.591 63580
82.7234 63920
82.8368 64260
82.9692 64600
83.1016 64940
83.2151 65280
83.2781 45560
86.2435 340
86.304 680
87.5963 1020
87.6026 1360
88.1414 1700
88.1477 2040
88.154 2380
88.1603 2720
88.6865 3060
88.6928 3400
88.6991 3740
88.7054 4080
88.7117 4420
88.718 4760
88.7243 5100
88.7306 5440
89.2315 5780
89.2378 6120
89.2441 6460
89.2504 6800
89.2567 7140
89.2631 7480
89.2694 7820
89.2757 8160
89.282 8500
89.2883 8840
89.2946 9180
89.3009 9520
89.3072 9860
89.3135 10200
89.3198 10540
89.3261 10880
89.7766 11220
89.7829 11560
89.7892 11900
89.7955 12240
89.8018 12580
89.8081 12920
89.8144 13260
89.8207 13600
89.827 13940
89.8333 14280
89.8396 14620
89.8459 14960
89.8522 15300
89.8585 15640
89.8649 15980
89.8712 16320
89.8775 16660
89.8838 17000
89.8901 17340
89.8964 17680
89.9027 18020
89.909 18360
89.9153 18700
89.9216 19040
89.9279 19380
89.9342 19720
89.9405 20060
89.9468 20400
89.9531 20740
89.9594 21080
89.9657 21420
89.972 21760
90.3217 22100
90.328 22440
90.3343 22780
90.3406 23120
90.3469 23460
90.3532 23800
90.3595 24140
90.3658 24480
90.3721 24820
90.3784 25160
90.3847 25500
90.391 25840
90.3973 26180
90.4036 26520
90.4099 26860
90.4162 27200
90.4225 27540
90.4288 27880
90.4351 28220
90.4414 28560
90.4477 28900
90.454 29240
90.4603 29580
90.4666 29920
90.473 30260
90.4793 30600
90.4856 30940
90.4919 31280
90.4982 31620
90.599 31960
90.6495 22100
91.9636 22440
91.9825 22780
91.9951 23120
92.0077 23460
92.0204 23800
92.033 24140
92.0582 24480
92.0834 24820
92.1086 25160
92.1338 25500
92.159 25840
92.1969 26180
92.2221 26520
92.2599 26860
92.2977 27200
92.3482 27540
92.4301 27880
92.531 28220
92.6444 28560
92.7579 28900
92.884 29240
93.0164 29580
93.1362 29920
93.2748 30260
93.4703 30600
93.7287 30940
94.0881 31280
94.5546 31620
95.6199 31960
96.1558 32300
96.6034 32640
96.8681 32980
97.1518 33320
97.3661 33660
97.5237 34000
97.6876 34340
97.8011 34680
97.9398 35020
98.0407 35360
98.1604 35700
98.2676 36040
98.3622 36380
98.4504 36720
98.5324 37060
98.6143 37400
98.6963 37740
98.7782 38080
98.8602 38420
98.9358 38760
98.98 39100
99.0367 39440
99.106 39780
99.1628 40120
99.2321 40460
99.2763 40800
99.3267 41140
99.3897 41480
99.4465 41820
99.5032 42160
99.5599 42500
99.6167 42840
99.6671 43180
99.7238 43520
99.7554 43860
99.7995 44200
99.8499 44540
99.8688 44880
99.9193 45220
99.9571 45560
100.008 45900
100.045 46240
100.096 46580
100.14 46920
100.184 47260
100.228 47600
100.26 47940
100.298 48280
100.342 48620
100.379 48960
100.424 49300
100.455 49640
100.499 49980
100.531 50320
100.562 50660
100.594 51000
100.613 51340
100.657 51680
100.682 52020
100.726 52360
100.77 52700
100.802 53040
100.852 53380
100.896 53720
100.928 54060
100.978 54400
101.022 54740
101.067 55080
101.111 55420
101.149 55760
101.186 56100
101.23 56440
101.268 56780
101.306 57120
101.338 57460
101.382 57800
101.42 58140
101.439 58480
101.483 58820
101.508 59160
101.539 59500
101.558 59840
101.59 60180
101.621 60520
101.653 60860
101.691 61200
101.716 61540
101.747 61880
101.773 62220
101.804 62560
101.836 62900
101.867 63240
101.886 63580
101.918 63920
101.955 64260
101.981 64600
102.006 64940
102.044 65280
102.069 65620
102.094 65960
102.119 66300
102.145 66640
102.182 66980
102.214 67320
102.239 67660
102.271 68000
102.283 68340
102.315 68680
102.334 69020
102.346 69360
102.378 69700
102.39 70040
102.403 70380
102.435 70720
102.453 71060
102.466 71400
102.479 71740
102.491 72080
102.517 72420
102.542 72760
102.561 73100
102.573 73440
102.586 73780
102.617 74120
102.63 74460
102.643 74800
102.668 75140
102.68 75480
102.693 75820
102.725 76160
102.737 76500
102.756 76840
102.769 77180
102.781 77520
102.794 77860
102.819 78200
102.832 78540
102.844 78880
102.87 79220
102.882 79560
102.895 79900
102.92 80240
102.933 80580
102.951 80920
102.977 81260
102.989 81600
103.002 81940
103.015 82280
103.04 82620
103.052 82960
103.078 83300
103.096 83640
103.109 83980
103.122 84320
103.134 84660
103.147 85000
103.16 85340
103.172 85680
103.197 86020
103.216 86360
103.235 86700
103.248 87040
103.267 87380
103.279 87720
103.292 88060
103.305 88400
103.317 88740
103.33 89080
103.342 89420
103.374 89760
103.386 90100
103.399 90440
103.412 90780
103.424 91120
103.437 91460
103.45 91800
103.462 92140
103.475 92480
103.487 92820
103.513 93160
103.525 93500
103.538 93840
103.55 94180
103.563 94520
103.576 94860
103.588 95200
103.613 95540
103.626 95880
103.645 96220
103.658 96560
103.67 96900
103.683 97240
103.695 97580
103.708 97920
103.721 98260
103.733 98600
103.746 98940
103.758 99280
103.784 99620
103.796 99960
103.809 100300
103.828 100640
103.84 100980
103.853 101320
103.866 101660
103.878 102000
103.891 102340
103.903 102680
103.916 103020
103.929 103360
103.941 103700
103.954 104040
103.966 104380
103.979 104720
103.992 105060
104.004 105400
104.017 105740
104.029 106080
104.042 106420
104.055 106760
104.067 107100
104.08 107440
104.099 107780
104.111 108120
104.124 108460
104.137 108800
104.149 109140
104.162 109480
104.174 109820
104.187 110160
104.2 110500
104.212 110840
104.225 111180
104.244 111520
104.256 111860
104.269 112200
104.282 112540
104.294 112880
104.307 113220
104.319 113560
104.332 113900
104.345 114240
104.357 114580
104.37 114920
104.382 115260
104.395 115600
104.408 115940
104.42 116280
104.433 116620
104.446 116960
104.458 117300
104.471 117640
104.483 117980
104.496 118320
104.509 118660
104.521 119000
104.534 119340
104.546 119680
104.559 120020
104.572 120360
104.584 120700
104.597 121040
104.609 121380
104.622 121720
104.635 122060
104.647 122400
104.66 122740
104.672 123080
104.685 123420
104.698 123760
104.71 124100
104.723 124440
104.736 124780
104.748 125120
104.761 125460
104.773 125800
104.786 126140
104.799 126480
104.811 126820
104.824 127160
104.836 127500
104.849 127840
104.862 128180
104.874 128520
104.887 128860
104.899 129200
104.912 129540
104.925 129880
104.937 130220
104.95 130560
104.962 130900
104.975 131240
104.988 131580
105 131920
105.013 132260
105.026 132600
105.038 132940
105.051 133280
105.063 133620
105.076 133960
105.089 134300
105.107 93840
108.588 340
108.732 1360
109.571 2380
109.59 3400
110.128 4420
110.147 5440
110.166 6460
110.185 8160
110.699 9180
110.718 10200
110.736 11220
110.755 12240
110.774 13260
110.793 14280
110.812 15980
110.844 17000
111.256 19040
111.294 20060
111.313 21760
111.345 22780
111.363 23800
111.382 24820
111.401 25840
111.42 26860
111.439 28560
111.471 29580
111.49 30600
111.508 32640
111.546 33660
111.565 34680
111.814 35700
111.833 36720
111.852 37740
111.871 38760
111.89 39780
111.909 40800
111.927 41820
111.946 42840
111.965 43860
111.984 44880
112.003 45900
112.022 46920
112.041 47940
112.06 48960
112.079 49980
112.098 51000
112.117 52020
112.135 54060
112.173 55080
112.192 56100
112.211 57120
112.23 58140
112.249 59160
112.268 60180
112.287 61200
112.306 62220
112.325 63240
112.344 65280
112.381 66300
112.514 66640
112.627 66980
112.76 67320
112.886 67660
113.018 68000
113.132 68340
113.264 68680
113.396 69020
113.51 69360
113.642 48280
116.694 340
117.96 680
118.505 1020
118.512 1360
119.051 1700
119.057 2040
119.063 2380
119.069 2720
119.596 3060
119.602 3400
119.608 3740
119.614 4080
119.621 4420
119.627 4760
119.633 5100
119.64 5440
120.141 5780
120.147 6120
120.153 6460
120.16 6800
120.166 7140
120.172 7480
120.178 7820
120.185 8160
120.191 8500
120.197 8840
120.204 9180
120.21 9520
120.216 9860
120.223 10200
120.229 10540
120.235 10880
120.686 11220
120.692 11560
120.698 11900
120.705 12240
120.711 12580
120.717 12920
120.724 13260
120.73 13600
120.736 13940
120.742 14280
120.749 14620
120.755 14960
120.761 15300
120.768 15640
120.774 15980
120.78 16320
120.787 16660
120.793 17000
120.799 17340
120.805 17680
120.812 18020
120.818 18360
120.824 18700
120.831 19040
120.837 19380
120.843 19720
120.85 20060
120.856 20400
120.862 20740
120.869 21080
120.875 21420
120.881 21760
121.231 22100
121.237 22440
121.243 22780
121.25 23120
121.256 23460
121.262 23800
121.269 24140
121.275 24480
121.281 24820
121.287 25160
121.294 25500
121.3 25840
121.306 26180
121.313 26520
121.319 26860
121.325 27200
121.332 27540
121.338 27880
121.344 28220
121.351 28560
121.357 28900
121.363 29240
121.369 29580
121.376 29920
121.382 30260
121.388 30600
121.395 30940
121.401 31280
121.407 31620
121.414 31960
121.42 32300
121.426 32640
121.432 32980
121.439 33320
121.445 33660
121.477 34000
121.603 34340
121.845 23800
123.112 24140
123.125 24480
123.137 24820
123.15 25160
123.163 25500
123.175 25840
123.188 26180
123.201 26520
123.213 26860
123.238 27200
123.264 27540
123.301 27880
123.327 28220
123.364 28560
123.402 28900
123.453 29240
123.491 29580
123.541 29920
123.642 30260
123.743 30600
123.869 30940
123.995 31280
124.134 31620
124.272 31960
124.398 32300
124.562 32640
124.777 32980
125.067 33320
125.445 33660
125.943 34000
127.059 34340
127.399 34680
127.657 35020
128.023 35360
128.3 35700
128.521 36040
128.71 36380
128.88 36720
129.038 37060
129.183 37400
129.315 37740
129.404 38080
129.511 38420
129.618 38760
129.694 39100
129.776 39440
129.864 39780
129.958 40120
130.021 40460
130.097 40800
130.185 41140
130.255 41480
130.311 41820
130.374 42160
130.45 42500
130.513 42840
130.589 43180
130.633 43520
130.683 43860
130.727 44200
130.772 44540
130.822 44880
130.879 45220
130.923 45560
130.973 45900
131.017 46240
131.074 46580
131.118 46920
131.156 47260
131.2 47600
131.238 47940
131.27 48280
131.326 48620
131.364 48960
131.408 49300
131.446 49640
131.49 49980
131.534 50320
131.585 50660
131.629 51000
131.66 51340
131.711 51680
131.755 52020
131.793 52360
131.824 52700
131.862 53040
131.894 53380
131.932 53720
131.963 54060
132.001 54400
132.026 54740
132.064 55080
132.089 55420
132.121 55760
132.152 56100
132.184 56440
132.209 56780
132.234 57120
132.272 57460
132.291 57800
132.316 58140
132.354 58480
132.392 58820
132.43 59160
132.461 59500
132.512 59840
132.537 60180
132.575 60520
132.606 60860
132.625 61200
132.669 61540
132.688 61880
132.72 62220
132.745 62560
132.776 62900
132.802 63240
132.839 63580
132.865 63920
132.909 64260
132.928 64600
132.959 64940
133.003 65280
133.035 65620
133.054 65960
133.091 66300
133.123 66640
133.161 66980
133.186 67320
133.211 67660
133.249 68000
133.274 68340
133.306 68680
133.325 69020
133.356 69360
133.4 69700
133.426 70040
133.457 70380
133.482 70720
133.501 71060
133.52 71400
133.539 71740
133.552 72080
133.564 72420
133.602 72760
133.621 73100
133.634 73440
133.646 73780
133.678 74120
133.697 74460
133.722 74800
133.741 75140
133.753 75480
133.772 75820
133.791 76160
133.81 76500
133.829 76840
133.848 77180
133.867 77520
133.898 77860
133.917 78200
133.93 78540
133.961 78880
133.974 79220
133.987 79560
133.999 79900
134.012 80240
134.024 80580
134.037 80920
134.05 81260
134.062 81600
134.081 81940
134.094 82280
134.106 82620
134.119 82960
134.132 83300
134.144 83640
134.163 83980
134.176 84320
134.188 84660
134.201 85000
134.226 85340
134.239 85680
134.251 86020
134.264 86360
134.277 86700
134.302 87040
134.314 87380
134.327 87720
134.352 88060
134.365 88400
134.378 88740
134.39 89080
134.415 89420
134.428 89760
134.441 90100
134.453 90440
134.466 90780
134.478 91120
134.491 91460
134.516 91800
134.535 92140
134.548 92480
134.56 92820
134.573 93160
134.586 93500
134.598 93840
134.63 94180
134.642 94520
134.655 94860
134.674 95200
134.686 95540
134.699 95880
134.712 96220
134.724 96560
134.737 96900
134.749 97240
134.762 97580
134.794 97920
134.806 98260
134.819 98600
134.831 98940
134.844 99280
134.857 99620
134.869 99960
134.882 100300
134.894 100640
134.907 100980
134.926 101320
134.939 101660
134.951 102000
134.964 102340
134.976 102680
134.989 103020
135.021 103360
135.033 103700
135.046 104040
135.058 104380
135.071 104720
135.084 105060
135.102 105400
135.115 105740
135.128 106080
135.14 106420
135.153 106760
135.172 107100
135.191 107440
135.203 107780
135.216 108120
135.229 108460
135.241 108800
135.26 109140
135.279 109480
135.292 109820
135.317 110160
135.329 110500
135.348 110840
135.367 111180
135.38 111520
135.399 111860
135.411 112200
135.424 112540
135.437 112880
135.449 113220
135.462 113560
135.474 113900
135.487 114240
135.5 114580
135.512 114920
135.525 115260
135.537 115600
135.55 115940
135.563 116280
135.582 116620
135.594 116960
135.619 117300
135.632 117640
135.645 117980
135.657 118320
135.67 118660
135.682 119000
135.695 119340
135.708 119680
135.72 120020
135.733 120360
135.745 120700
135.758 121040
135.777 84660
139.25 340
139.553 1360
140.303 2380
140.322 3400
140.861 4420
140.88 6460
140.918 7480
141.419 8500
141.438 10200
141.469 11220
141.488 12920
141.519 13940
141.538 17000
142.002 18700
142.033 20400
142.065 21420
142.083 23120
142.115 24140
142.134 25160
142.153 26180
142.172 27200
142.191 28220
142.21 29240
142.228 30940
142.26 31960
142.279 33660
142.31 34680
142.559 36380
142.591 38080
142.622 39780
142.654 41820
142.692 42840
142.71 43860
142.729 44880
142.748 45900
142.767 47600
142.799 49980
142.843 51000
142.862 52020
142.881 53040
142.9 54060
142.919 55080
142.937 56100
142.956 57120
142.975 58140
142.994 60180
143.145 60520
143.272 60860
143.404 61200
143.524 61540
143.656 61880
143.77 62220
143.877 62560
144.034 62900
144.11 43860
147.035 340
147.142 680
148.397 1020
148.403 1360
148.942 1700
148.948 2040
148.954 2380
148.961 2720
149.487 3060
149.493 3400
149.499 3740
149.506 4080
149.512 4420
149.518 4760
149.525 5100
149.531 5440
150.032 5780
150.038 6120
150.044 6460
150.051 6800
150.057 7140
150.063 7480
150.07 7820
150.076 8160
150.082 8500
150.089 8840
150.095 9180
150.101 9520
150.108 9860
150.114 10200
150.12 10540
150.126 10880
150.577 11220
150.583 11560
150.59 11900
150.596 12240
150.602 12580
150.608 12920
150.615 13260
150.621 13600
150.627 13940
150.634 14280
150.64 14620
150.646 14960
150.653 15300
150.659 15640
150.665 15980
150.671 16320
150.678 16660
150.684 17000
150.69 17340
150.697 17680
150.703 18020
150.709 18360
150.716 18700
150.722 19040
150.728 19380
150.735 19720
150.741 20060
150.747 20400
150.753 20740
150.76 21080
150.766 21420
150.772 21760
151.122 22100
151.128 22440
151.135 22780
151.141 23120
151.147 23460
151.154 23800
151.16 24140
151.166 24480
151.172 24820
151.179 25160
151.185 25500
151.191 25840
151.198 26180
151.204 26520
151.21 26860
151.217 27200
151.223 27540
151.229 27880
151.235 28220
151.242 28560
151.248 28900
151.254 29240
151.261 29580
151.267 29920
151.273 30260
151.28 30600
151.362 21080
152.625 21420
152.644 21760
152.657 22100
152.669 22440
152.682 22780
152.695 23120
152.707 23460
152.72 23800
152.732 24140
152.745 24480
152.758 24820
152.783 25160
152.821 25500
152.859 25840
152.896 26180
152.947 26520
152.997 26860
153.098 27200
153.224 27540
153.363 27880
153.489 28220
153.634 28560
153.766 28900
153.949 29240
154.189 29580
154.542 29920
155.002 30260
156.011 30600
156.773 30940
157.038 31280
157.385 31620
157.662 31960
157.889 32300
158.059 32640
158.23 32980
158.349 33320
158.488 33660
158.614 34000
158.74 34340
158.866 34680
158.961 35020
159.055 35360
159.137 35700
159.232 36040
159.301 36380
159.377 36720
159.434 37060
159.503 37400
159.56 37740
159.616 38080
159.679 38420
159.755 38760
159.812 39100
159.887 39440
159.944 39780
159.995 40120
160.051 40460
160.102 40800
160.165 41140
160.222 41480
160.278 41820
160.316 42160
160.348 42500
160.398 42840
160.455 43180
160.493 43520
160.543 43860
160.581 44200
160.625 44540
160.663 44880
160.701 45220
160.745 45560
160.789 45900
160.858 46240
160.915 46580
160.972 46920
161.041 47260
161.104 47600
161.161 47940
161.218 48280
161.268 48620
161.325 48960
161.369 49300
161.413 49640
161.457 49980
161.495 50320
161.545 50660
161.577 51000
161.621 51340
161.665 51680
161.703 52020
161.747 52360
161.785 52700
161.823 53040
161.867 53380
161.898 53720
161.924 54060
161.968 54400
161.987 54740
162.018 55080
162.043 55420
162.081 55760
162.106 56100
162.138 56440
162.151 56780
162.176 57120
162.188 57460
162.214 57800
162.239 58140
162.258 58480
162.283 58820
162.308 59160
162.333 59500
162.346 59840
162.371 60180
162.384 60520
162.409 60860
162.422 61200
162.453 61540
162.491 61880
162.51 62220
162.548 62560
162.56 62900
162.592 63240
162.623 63580
162.649 63920
162.668 64260
162.693 64600
162.724 64940
162.749 65280
162.781 65620
162.813 65960
162.825 66300
162.857 66640
162.882 66980
162.894 67320
162.932 67660
162.945 68000
162.976 68340
163.002 68680
163.014 69020
163.039 69360
163.058 69700
163.084 70040
163.096 70380
163.121 70720
163.153 71060
163.166 71400
163.197 71740
163.229 72080
163.26 72420
163.273 72760
163.298 73100
163.323 73440
163.336 73780
163.361 74120
163.38 74460
163.411 74800
163.424 75140
163.449 75480
163.462 75820
163.474 76160
163.5 76500
163.512 76840
163.525 77180
163.55 77520
163.563 77860
163.575 78200
163.601 78540
163.613 78880
163.626 79220
163.651 79560
163.664 79900
163.676 80240
163.701 80580
163.714 80920
163.727 81260
163.752 81600
163.764 81940
163.777 82280
163.802 82620
163.821 82960
163.84 83300
163.853 83640
163.865 83980
163.891 84320
163.903 84660
163.916 85000
163.928 85340
163.941 85680
163.954 86020
163.966 86360
163.985 86700
164.01 87040
164.023 87380
164.036 87720
164.048 88060
164.061 88400
164.092 88740
164.105 89080
164.117 89420
164.13 89760
164.143 90100
164.155 90440
164.168 90780
164.187 91120
164.199 91460
164.212 91800
164.237 92140
164.25 92480
164.262 92820
164.275 93160
164.288 93500
164.3 93840
164.313 94180
164.325 94520
164.338 94860
164.37 95200
164.382 95540
164.395 95880
164.407 96220
164.42 96560
164.433 96900
164.445 97240
164.458 97580
164.47 97920
164.483 98260
164.496 98600
164.508 98940
164.521 99280
164.534 99620
164.546 99960
164.559 100300
164.571 100640
164.584 100980
164.609 101320
164.622 101660
164.634 102000
164.647 102340
164.66 102680
164.672 103020
164.685 103360
164.697 103700
164.71 104040
164.723 104380
164.735 104720
164.748 105060
164.76 105400
164.773 105740
164.786 106080
164.798 106420
164.811 106760
164.824 107100
164.836 107440
164.849 107780
164.861 108120
164.874 108460
164.887 108800
164.899 109140
164.912 109480
164.924 109820
164.937 110160
164.95 110500
164.962 110840
164.975 111180
164.987 111520
165 111860
165.013 112200
165.025 112540
165.038 112880
165.05 113220
165.063 113560
165.076 113900
165.088 114240
165.101 114580
165.113 114920
165.126 115260
165.139 115600
165.151 115940
165.164 116280
165.177 116620
165.189 116960
165.202 117300
165.214 117640
165.227 117980
165.24 118320
165.252 118660
165.265 119000
165.277 119340
165.29 119680
165.303 120020
165.315 120360
165.328 120700
165.34 121040
165.353 121380
165.366 121720
165.378 122060
165.391 122400
165.403 122740
165.416 123080
165.429 123420
165.441 123760
165.46 124100
165.473 124440
165.485 124780
165.498 125120
165.511 125460
165.523 125800
165.536 126140
165.548 126480
165.561 126820
165.574 127160
165.586 127500
165.599 127840
165.612 128180
165.624 128520
165.637 128860
165.649 129200
165.662 129540
165.675 129880
165.687 130220
165.7 130560
165.712 130900
165.725 131240
165.738 131580
165.75 131920
165.763 132260
165.775 132600
165.801 132940
165.82 92820
169.307 340
169.438 2040
170.289 3060
170.308 5100
170.853 6120
170.872 8500
170.916 9520
170.935 10540
171.404 11560
171.423 12580
171.442 13600
171.461 14620
171.48 15640
171.499 18360
171.549 19380
171.568 20400
171.587 21420
171.956 22440
171.975 23460
171.994 24480
172.013 25500
172.031 26520
172.05 27540
172.069 28560
172.088 29580
172.107 30600
172.126 31620
172.145 32640
172.164 34340
172.195 36040
172.227 37740
172.258 38760
172.277 39780
172.296 40800
172.315 42500
172.347 43520
172.513 44540
172.532 45560
172.551 46580
172.57 47600
172.589 48620
172.608 49640
172.627 50660
172.646 51680
172.665 52700
172.684 53720
172.703 54740
172.721 55760
172.74 56780
172.759 57800
172.778 58820
172.797 59840
172.816 60860
172.835 61880
172.854 62900
172.873 63920
172.892 64940
173.024 65280
173.156 65620
173.27 65960
173.402 66300
173.535 66640
173.648 66980
173.781 67320
173.913 67660
174.026 68000
174.121 47600
177.161 340
178.464 680
179.009 1020
179.016 1360
179.555 1700
179.561 2040
179.567 2380
179.573 2720
180.1 3060
180.106 3400
180.112 3740
180.119 4080
180.125 4420
180.131 4760
180.137 5100
180.144 5440
180.645 5780
180.651 6120
180.657 6460
180.664 6800
180.67 7140
180.676 7480
180.682 7820
180.689 8160
180.695 8500
180.701 8840
180.708 9180
180.714 9520
180.72 9860
180.727 10200
180.733 10540
180.739 10880
181.19 11220
181.196 11560
181.202 11900
181.209 12240
181.215 12580
181.221 12920
181.228 13260
181.234 13600
181.24 13940
181.246 14280
181.253 14620
181.259 14960
181.265 15300
181.272 15640
181.278 15980
181.284 16320
181.291 16660
181.297 17000
181.303 17340
181.31 17680
181.316 18020
181.322 18360
181.328 18700
181.335 19040
181.341 19380
181.347 19720
181.354 20060
181.36 20400
181.366 20740
181.373 21080
181.379 21420
181.385 21760
181.735 22100
181.741 22440
181.747 22780
181.754 23120
181.76 23460
181.766 23800
181.773 24140
181.779 24480
181.785 24820
181.792 25160
181.798 25500
181.804 25840
181.81 26180
181.817 26520
181.823 26860
181.829 27200
181.836 27540
181.842 27880
181.848 28220
181.855 28560
181.861 28900
181.867 29240
181.873 29580
181.88 29920
181.886 30260
181.892 30600
181.899 30940
181.905 31280
181.911 31620
181.918 31960
181.924 32300
181.93 32640
181.937 32980
181.943 33320
182.012 33660
182.299 23460
183.541 23800
183.553 24140
183.566 24480
183.578 24820
183.591 25160
183.604 25500
183.616 25840
183.629 26180
183.642 26520
183.654 26860
183.667 27200
183.679 27540
183.717 27880
183.755 28220
183.793 28560
183.843 28900
183.894 29240
183.944 29580
184.039 29920
184.152 30260
184.291 30600
184.43 30940
184.593 31280
184.72 31620
184.858 31960
185.06 32300
185.337 32640
185.722 32980
186.214 33320
187.304 33660
187.878 34000
188.275 34340
188.54 34680
188.786 35020
188.968 35360
189.176 35700
189.347 36040
189.485 36380
189.593 36720
189.7 37060
189.788 37400
189.895 37740
190.002 38080
190.103 38420
190.179 38760
190.267 39100
190.355 39440
190.437 39780
190.519 40120
190.576 40460
190.639 40800
190.715 41140
190.784 41480
190.841 41820
190.897 42160
190.942 42500
190.998 42840
191.049 43180
191.087 43520
191.131 43860
191.194 44200
191.244 44540
191.301 44880
191.345 45220
191.395 45560
191.458 45900
191.49 46240
191.54 46580
191.578 46920
191.616 47260
191.673 47600
191.711 47940
191.767 48280
191.799 48620
191.849 48960
191.887 49300
191.938 49640
191.982 49980
192.02 50320
192.057 50660
192.101 51000
192.146 51340
192.177 51680
192.202 52020
192.24 52360
192.265 52700
192.284 53040
192.322 53380
192.354 53720
192.379 54060
192.398 54400
192.436 54740
192.455 55080
192.486 55420
192.518 55760
192.543 56100
192.568 56440
192.612 56780
192.656 57120
192.694 57460
192.745 57800
192.776 58140
192.826 58480
192.864 58820
192.915 59160
192.934 59500
192.971 59840
192.997 60180
193.028 60520
193.047 60860
193.072 61200
193.098 61540
193.129 61880
193.167 62220
193.198 62560
193.224 62900
193.261 63240
193.287 63580
193.324 63920
193.35 64260
193.381 64600
193.413 64940
193.444 65280
193.482 65620
193.501 65960
193.533 66300
193.577 66640
193.608 66980
193.633 67320
193.671 67660
193.696 68000
193.722 68340
193.759 68680
193.791 69020
193.822 69360
193.835 69700
193.867 70040
193.879 70380
193.904 70720
193.917 71060
193.936 71400
193.955 71740
193.974 72080
194.005 72420
194.018 72760
194.031 73100
194.056 73440
194.075 73780
194.087 74120
194.1 74460
194.125 74800
194.138 75140
194.157 75480
194.176 75820
194.207 76160
194.226 76500
194.239 76840
194.251 77180
194.264 77520
194.295 77860
194.308 78200
194.321 78540
194.339 78880
194.352 79220
194.365 79560
194.384 79900
194.409 80240
194.421 80580
194.434 80920
194.447 81260
194.459 81600
194.484 81940
194.503 82280
194.516 82620
194.541 82960
194.554 83300
194.566 83640
194.579 83980
194.592 84320
194.617 84660
194.629 85000
194.642 85340
194.655 85680
194.667 86020
194.686 86360
194.705 86700
194.73 87040
194.743 87380
194.755 87720
194.768 88060
194.781 88400
194.793 88740
194.806 89080
194.844 89420
194.856 89760
194.869 90100
194.882 90440
194.894 90780
194.907 91120
194.919 91460
194.932 91800
194.945 92140
194.957 92480
194.982 92820
194.995 93160
195.008 93500
195.02 93840
195.052 94180
195.071 94520
195.083 94860
195.096 95200
195.109 95540
195.121 95880
195.134 96220
195.146 96560
195.178 96900
195.19 97240
195.209 97580
195.222 97920
195.235 98260
195.247 98600
195.26 98940
195.272 99280
195.285 99620
195.298 99960
195.31 100300
195.323 100640
195.335 100980
195.348 101320
195.373 101660
195.386 102000
195.405 102340
195.417 102680
195.43 103020
195.455 103360
195.468 103700
195.48 104040
195.493 104380
195.506 104720
195.518 105060
195.531 105400
195.543 105740
195.556 106080
195.569 106420
195.581 106760
195.6 107100
195.613 107440
195.625 107780
195.638 108120
195.651 108460
195.663 108800
195.676 109140
195.688 109480
195.701 109820
195.714 110160
195.726 110500
195.739 110840
195.752 111180
195.764 111520
195.777 111860
195.789 112200
195.802 112540
195.815 112880
195.827 113220
195.84 113560
195.852 113900
195.865 114240
195.878 114580
195.89 114920
195.903 115260
195.915 115600
195.928 115940
195.941 116280
195.953 116620
195.978 116960
195.991 117300
196.004 117640
196.016 117980
196.029 118320
196.041 118660
196.054 119000
196.067 119340
196.079 119680
196.092 120020
196.105 120360
196.117 120700
196.13 121040
196.142 121380
196.155 121720
196.174 122060
196.186 122400
196.199 122740
196.212 123080
196.224 123420
196.237 123760
196.25 124100
196.262 124440
196.275 124780
196.287 125120
196.3 125460
196.313 125800
196.325 126140
196.344 88060
199.832 340
200.057 1360
200.858 2380
200.877 6120
201.441 7140
201.46 8160
201.478 9180
201.497 10200
201.516 11220
201.535 12240
201.986 15980
202.055 17000
202.074 18020
202.093 19040
202.112 20060
202.131 21080
202.15 22100
202.169 23120
202.187 24820
202.537 27200
202.581 29920
202.632 31620
202.663 32640
202.682 34340
202.714 35360
202.732 37740
202.777 38760
202.796 40460
202.827 41480
202.846 42500
202.865 43520
202.884 44540
202.903 45560
202.922 46580
202.941 47600
202.959 48620
202.978 49640
203.082 52020
203.126 53040
203.145 54740
203.177 57120
203.221 58140
203.24 59160
203.259 60180
203.278 61200
203.296 62220
203.429 62560
203.561 62900
203.675 63240
203.801 63580
203.933 63920
204.053 64260
204.185 64600
204.318 64940
204.431 65280
204.469 45560
207.453 340
208.365 680
208.91 1020
208.916 1360
209.455 1700
209.461 2040
209.468 2380
209.474 2720
210 3060
210.006 3400
210.013 3740
210.019 4080
210.025 4420
210.032 4760
210.038 5100
210.044 5440
210.545 5780
210.551 6120
210.558 6460
210.564 6800
210.57 7140
210.577 7480
210.583 7820
210.589 8160
210.596 8500
210.602 8840
210.608 9180
210.614 9520
210.621 9860
210.627 10200
210.633 10540
210.64 10880
211.09 11220
211.097 11560
211.103 11900
211.109 12240
211.115 12580
211.122 12920
211.128 13260
211.134 13600
211.141 13940
211.147 14280
211.153 14620
211.16 14960
211.166 15300
211.172 15640
211.178 15980
211.185 16320
211.191 16660
211.197 17000
211.204 17340
211.21 17680
211.216 18020
211.223 18360
211.229 18700
211.235 19040
211.241 19380
211.248 19720
211.254 20060
211.26 20400
211.267 20740
211.273 21080
211.279 21420
211.286 21760
211.635 22100
211.642 22440
211.648 22780
211.654 23120
211.66 23460
211.667 23800
211.673 24140
211.679 24480
211.686 24820
211.692 25160
211.698 25500
211.705 25840
211.711 26180
211.717 26520
211.724 26860
211.73 27200
211.736 27540
211.742 27880
211.749 28220
211.755 28560
211.761 28900
211.768 29240
211.774 29580
211.78 29920
211.787 30260
211.793 30600
211.799 30940
211.805 31280
211.812 31620
211.938 31960
211.963 22100
213.277 22440
213.296 22780
213.321 23120
213.334 23460
213.359 23800
213.372 24140
213.397 24480
213.422 24820
213.447 25160
213.473 25500
213.498 25840
213.536 26180
213.561 26520
213.599 26860
213.637 27200
213.693 27540
213.794 27880
213.895 28220
214.008 28560
214.122 28900
214.248 29240
214.362 29580
214.494 29920
214.645 30260
214.828 30600
215.093 30940
215.452 31280
215.925 31620
216.965 31960
217.488 32300
217.923 32640
218.207 32980
218.465 33320
218.68 33660
218.875 34000
219.02 34340
219.146 34680
219.26 35020
219.373 35360
219.474 35700
219.575 36040
219.676 36380
219.758 36720
219.852 37060
219.941 37400
220.016 37740
220.098 38080
220.167 38420
220.249 38760
220.312 39100
220.382 39440
220.432 39780
220.502 40120
220.558 40460
220.602 40800
220.666 41140
220.703 41480
220.754 41820
220.804 42160
220.848 42500
220.911 42840
220.955 43180
221.019 43520
221.069 43860
221.119 44200
221.17 44540
221.201 44880
221.245 45220
221.296 45560
221.327 45900
221.384 46240
221.422 46580
221.472 46920
221.51 47260
221.561 47600
221.598 47940
221.63 48280
221.68 48620
221.718 48960
221.762 49300
221.788 49640
221.838 49980
221.882 50320
221.933 50660
221.964 51000
222.021 51340
222.065 51680
222.122 52020
222.141 52360
222.178 52700
222.229 53040
222.273 53380
222.317 53720
222.349 54060
222.405 54400
222.437 54740
222.475 55080
222.531 55420
222.576 55760
222.607 56100
222.626 56440
222.658 56780
222.676 57120
222.721 57460
222.752 57800
222.771 58140
222.809 58480
222.834 58820
222.878 59160
222.91 59500
222.935 59840
222.979 60180
223.011 60520
223.036 60860
223.08 61200
223.105 61540
223.13 61880
223.156 62220
223.193 62560
223.219 62900
223.25 63240
223.263 63580
223.288 63920
223.301 64260
223.332 64600
223.364 64940
223.376 65280
223.408 65620
223.42 65960
223.446 66300
223.458 66640
223.49 66980
223.515 67320
223.528 67660
223.559 68000
223.584 68340
223.609 68680
223.622 69020
223.647 69360
223.66 69700
223.685 70040
223.717 70380
223.748 70720
223.761 71060
223.792 71400
223.805 71740
223.849 72080
223.862 72420
223.874 72760
223.899 73100
223.912 73440
223.925 73780
223.956 74120
223.969 74460
223.981 74800
224.013 75140
224.026 75480
224.051 75820
224.063 76160
224.076 76500
224.095 76840
224.107 77180
224.12 77520
224.133 77860
224.158 78200
224.171 78540
224.196 78880
224.208 79220
224.221 79560
224.234 79900
224.246 80240
224.271 80580
224.29 80920
224.316 81260
224.334 81600
224.347 81940
224.366 82280
224.379 82620
224.397 82960
224.41 83300
224.423 83640
224.454 83980
224.473 84320
224.486 84660
224.505 85000
224.517 85340
224.53 85680
224.542 86020
224.555 86360
224.568 86700
224.58 87040
224.593 87380
224.606 87720
224.631 88060
224.65 88400
224.662 88740
224.675 89080
224.687 89420
224.7 89760
224.713 90100
224.725 90440
224.738 90780
224.763 91120
224.776 91460
224.788 91800
224.801 92140
224.814 92480
224.826 92820
224.851 93160
224.864 93500
224.877 93840
224.889 94180
224.902 94520
224.914 94860
224.927 95200
224.94 95540
224.965 95880
224.977 96220
224.99 96560
225.003 96900
225.015 97240
225.028 97580
225.04 97920
225.059 98260
225.078 98600
225.091 98940
225.104 99280
225.116 99620
225.129 99960
225.141 100300
225.154 100640
225.167 100980
225.179 101320
225.192 101660
225.204 102000
225.217 102340
225.242 102680
225.255 103020
225.267 103360
225.28 103700
225.293 104040
225.305 104380
225.318 104720
225.33 105060
225.343 105400
225.356 105740
225.387 106080
225.4 106420
225.412 106760
225.425 107100
225.438 107440
225.45 107780
225.463 108120
225.475 108460
225.488 108800
225.501 109140
225.526 109480
225.538 109820
225.551 110160
225.564 110500
225.576 110840
225.608 111180
225.62 111520
225.633 111860
225.646 112200
225.658 112540
225.671 112880
225.683 113220
225.696 113560
225.709 113900
225.721 114240
225.734 114580
225.747 114920
225.759 115260
225.772 115600
225.784 115940
225.797 116280
225.81 116620
225.822 116960
225.835 117300
225.847 117640
225.86 117980
225.873 118320
225.885 118660
225.898 119000
225.91 119340
225.923 119680
225.936 120020
225.948 120360
225.961 120700
225.973 121040
225.986 121380
226.011 121720
226.024 122060
226.037 122400
226.049 122740
226.062 123080
226.074 123420
226.087 123760
226.1 124100
226.112 124440
226.125 124780
226.144 125120
226.156 125460
226.169 125800
226.182 126140
226.194 126480
226.232 88400
229.67 340
229.92 1360
230.695 2380
230.714 3400
231.253 4420
231.272 5440
231.291 8840
231.836 9860
231.855 10880
231.874 11900
231.892 12920
231.911 13940
231.93 14960
231.949 16660
231.981 17680
232.381 18700
232.4 20400
232.431 21420
232.45 23120
232.482 24140
232.501 25160
232.519 26180
232.538 27200
232.557 28220
232.576 29240
232.595 30260
232.614 32640
232.658 33660
232.677 34680
232.696 35700
232.932 36720
232.951 37740
232.97 40800
233.027 41820
233.046 42840
233.065 43860
233.083 44880
233.102 45900
233.121 46920
233.14 47940
233.159 48960
233.178 49980
233.197 51000
233.216 54060
233.273 55080
233.291 56100
233.31 57120
233.329 58140
233.348 59160
233.367 60180
233.386 61200
233.405 62560
233.537 62900
233.67 63240
233.79 63580
233.922 63920
234.035 64260
234.168 64600
234.275 64940
234.426 65280
234.54 65620
234.578 45900
237.542 340
237.597 680
238.896 1020
238.902 1360
239.441 1700
239.447 2040
239.453 2380
239.46 2720
239.986 3060
239.992 3400
239.998 3740
240.005 4080
240.011 4420
240.017 4760
240.024 5100
240.03 5440
240.531 5780
240.537 6120
240.544 6460
240.55 6800
240.556 7140
240.562 7480
240.569 7820
240.575 8160
240.581 8500
240.588 8840
240.594 9180
240.6 9520
240.607 9860
240.613 10200
240.619 10540
240.625 10880
241.076 11220
241.082 11560
241.089 11900
241.095 12240
241.101 12580
241.108 12920
241.114 13260
241.12 13600
241.126 13940
241.133 14280
241.139 14620
241.145 14960
241.152 15300
241.158 15640
241.164 15980
241.171 16320
241.177 16660
241.183 17000
241.189 17340
241.196 17680
241.202 18020
241.208 18360
241.215 18700
241.221 19040
241.227 19380
241.234 19720
241.24 20060
241.246 20400
241.253 20740
241.259 21080
241.265 21420
241.271 21760
241.621 22100
241.627 22440
241.634 22780
241.64 23120
241.646 23460
241.653 23800
241.659 24140
241.665 24480
241.671 24820
241.678 25160
241.684 25500
241.69 25840
241.697 26180
241.703 26520
241.709 26860
241.716 27200
241.722 27540
241.728 27880
241.735 28220
241.741 28560
241.747 28900
241.753 29240
241.76 29580
241.766 29920
241.772 30260
241.779 30600
241.785 30940
241.791 31280
241.798 31620
241.804 31960
241.93 32300
241.961 22440
243.295 22780
243.307 23120
243.332 23460
243.345 23800
243.37 24140
243.383 24480
243.408 24820
243.433 25160
243.458 25500
243.484 25840
243.521 26180
243.547 26520
243.585 26860
243.622 27200
243.66 27540
243.723 27880
243.824 28220
243.912 28560
244.026 28900
244.139 29240
244.265 29580
244.385 29920
244.518 30260
244.669 30600
244.871 30940
245.135 31280
245.488 31620
245.961 31960
247.014 32300
247.543 32640
247.928 32980
248.249 33320
248.413 33660
248.64 34000
248.823 34340
248.993 34680
249.119 35020
249.252 35360
249.365 35700
249.466 36040
249.561 36380
249.662 36720
249.756 37060
249.851 37400
249.952 37740
250.021 38080
250.103 38420
250.185 38760
250.254 39100
250.311 39440
250.38 39780
250.437 40120
250.506 40460
250.563 40800
250.613 41140
250.677 41480
250.714 41820
250.765 42160
250.822 42500
250.859 42840
250.929 43180
250.979 43520
251.042 43860
251.093 44200
251.143 44540
251.187 44880
251.225 45220
251.263 45560
251.313 45900
251.357 46240
251.401 46580
251.433 46920
251.49 47260
251.534 47600
251.578 47940
251.616 48280
251.654 48620
251.704 48960
251.736 49300
251.78 49640
251.824 49980
251.836 50320
251.881 50660
251.899 51000
251.944 51340
251.975 51680
252.032 52020
252.07 52360
252.114 52700
252.177 53040
252.208 53380
252.253 53720
252.303 54060
252.347 54400
252.385 54740
252.429 55080
252.473 55420
252.511 55760
252.568 56100
252.599 56440
252.637 56780
252.662 57120
252.706 57460
252.738 57800
252.763 58140
252.801 58480
252.832 58820
252.864 59160
252.883 59500
252.914 59840
252.952 60180
252.984 60520
253.015 60860
253.047 61200
253.066 61540
253.11 61880
253.141 62220
253.173 62560
253.211 62900
253.23 63240
253.261 63580
253.299 63920
253.331 64260
253.349 64600
253.381 64940
253.406 65280
253.431 65620
253.444 65960
253.469 66300
253.482 66640
253.507 66980
253.52 67320
253.545 67660
253.57 68000
253.583 68340
253.608 68680
253.62 69020
253.652 69360
253.677 69700
253.696 70040
253.728 70380
253.74 70720
253.765 71060
253.778 71400
253.803 71740
253.816 72080
253.841 72420
253.854 72760
253.885 73100
253.898 73440
253.917 73780
253.942 74120
253.961 74460
253.974 74800
253.986 75140
254.018 75480
254.03 75820
254.043 76160
254.062 76500
254.087 76840
254.106 77180
254.125 77520
254.137 77860
254.156 78200
254.169 78540
254.182 78880
254.2 79220
254.213 79560
254.232 79900
254.245 80240
254.257 80580
254.289 80920
254.301 81260
254.314 81600
254.327 81940
254.352 82280
254.364 82620
254.377 82960
254.39 83300
254.402 83640
254.415 83980
254.427 84320
254.459 84660
254.472 85000
254.49 85340
254.503 85680
254.516 86020
254.541 86360
254.553 86700
254.566 87040
254.598 87380
254.61 87720
254.629 88060
254.648 88400
254.661 88740
254.673 89080
254.686 89420
254.698 89760
254.711 90100
254.724 90440
254.736 90780
254.749 91120
254.768 91460
254.78 91800
254.793 92140
254.806 92480
254.818 92820
254.843 93160
254.856 93500
254.869 93840
254.881 94180
254.894 94520
254.907 94860
254.919 95200
254.932 95540
254.944 95880
254.957 96220
254.982 96560
254.995 96900
255.007 97240
255.02 97580
255.033 97920
255.045 98260
255.058 98600
255.07 98940
255.083 99280
255.096 99620
255.108 99960
255.133 100300
255.146 100640
255.159 100980
255.171 101320
255.184 101660
255.196 102000
255.209 102340
255.222 102680
255.234 103020
255.247 103360
255.26 103700
255.272 104040
255.285 104380
255.297 104720
255.31 105060
255.335 105400
255.348 105740
255.36 106080
255.373 106420
255.386 106760
255.398 107100
255.411 107440
255.423 107780
255.436 108120
255.449 108460
255.461 108800
255.474 109140
255.486 109480
255.499 109820
255.518 110160
255.531 110500
255.543 110840
255.556 111180
255.587 111520
255.6 111860
255.613 112200
255.625 112540
255.638 112880
255.65 113220
255.663 113560
255.676 113900
255.688 114240
255.701 114580
255.713 114920
255.726 115260
255.739 115600
255.751 115940
255.764 116280
255.776 116620
255.789 116960
255.808 117300
255.821 117640
255.833 117980
255.846 118320
255.858 118660
255.871 119000
255.884 119340
255.896 119680
255.909 120020
255.921 120360
255.934 120700
255.947 121040
255.959 121380
255.972 121720
255.984 122060
255.997 122400
256.01 122740
256.022 123080
256.035 123420
256.048 123760
256.06 124100
256.073 124440
256.085 124780
256.098 125120
256.111 125460
256.123 125800
256.136 126140
256.148 126480
256.161 126820
256.174 127160
256.186 127500
256.199 127840
256.211 128180
256.224 128520
256.237 128860
256.249 129200
256.262 129540
256.274 129880
256.293 130220
256.306 130560
256.338 91120
259.803 340
259.981 1360
260.794 2380
260.813 3400
261.352 4420
261.371 5440
261.39 6460
261.409 8500
261.929 9520
261.948 10540
261.967 11560
261.985 13260
262.017 14280
262.036 15300
262.055 16320
262.074 17340
262.48 18360
262.499 19380
262.518 20400
262.537 21420
262.556 22440
262.575 24140
262.606 25160
262.625 26180
262.644 27200
262.663 28220
262.682 29240
262.701 30260
262.72 31280
262.739 32300
262.757 33320
262.776 34340
262.795 36040
263.05 37060
263.069 38080
263.088 39100
263.107 40120
263.126 41140
263.145 42160
263.164 43860
263.195 44880
263.214 45900
263.233 46920
263.252 47940
263.271 48960
263.29 49980
263.309 51680
263.34 52700
263.359 53720
263.378 54740
263.397 55760
263.416 56780
263.435 59160
263.479 60180
263.498 61200
263.517 62220
263.536 63240
263.555 64260
263.649 64600
263.807 64940
263.933 65280
264.065 65620
264.179 65960
264.311 66300
264.444 66640
264.557 66980
264.689 67320
264.746 46920
267.751 340
267.759 680
269.09 1020
269.096 1360
269.635 1700
269.641 2040
269.647 2380
269.654 2720
270.18 3060
270.186 3400
270.192 3740
270.199 4080
270.205 4420
270.211 4760
270.218 5100
270.224 5440
270.725 5780
270.731 6120
270.737 6460
270.744 6800
270.75 7140
270.756 7480
270.763 7820
270.769 8160
270.775 8500
270.781 8840
270.788 9180
270.794 9520
270.8 9860
270.807 10200
270.813 10540
270.819 10880
271.27 11220
271.276 11560
271.282 11900
271.289 12240
271.295 12580
271.301 12920
271.308 13260
271.314 13600
271.32 13940
271.327 14280
271.333 14620
271.339 14960
271.345 15300
271.352 15640
271.358 15980
271.364 16320
271.371 16660
271.377 17000
271.383 17340
271.39 17680
271.396 18020
271.402 18360
271.409 18700
271.415 19040
271.421 19380
271.427 19720
271.434 20060
271.44 20400
271.446 20740
271.453 21080
271.459 21420
271.465 21760
271.815 22100
271.821 22440
271.827 22780
271.834 23120
271.84 23460
271.846 23800
271.853 24140
271.859 24480
271.865 24820
271.872 25160
271.878 25500
271.884 25840
271.891 26180
271.897 26520
271.903 26860
271.909 27200
271.916 27540
271.922 27880
271.928 28220
271.935 28560
271.941 28900
271.947 29240
271.954 29580
271.96 29920
271.966 30260
271.972 30600
271.979 30940
271.985 31280
271.991 31620
271.998 31960
272.004 32300
272.01 32640
272.111 32980
272.36 22780
273.577 23120
273.589 23460
273.602 23800
273.614 24140
273.627 24480
273.64 24820
273.652 25160
273.665 25500
273.677 25840
273.69 26180
273.715 26520
273.753 26860
273.791 27200
273.816 27540
273.854 27880
273.904 28220
273.955 28560
274.012 28900
274.125 29240
274.239 29580
274.365 29920
274.503 30260
274.636 30600
274.749 30940
274.907 31280
275.115 31620
275.386 31960
275.758 32300
276.237 32640
277.315 32980
277.851 33320
278.267 33660
278.569 34000
278.765 34340
278.992 34680
279.187 35020
279.345 35360
279.502 35700
279.597 36040
279.723 36380
279.811 36720
279.918 37060
280.013 37400
280.114 37740
280.208 38080
280.303 38420
280.372 38760
280.448 39100
280.536 39440
280.612 39780
280.675 40120
280.744 40460
280.801 40800
280.858 41140
280.914 41480
280.965 41820
281.009 42160
281.072 42500
281.116 42840
281.173 43180
281.217 43520
281.286 43860
281.337 44200
281.381 44540
281.444 44880
281.482 45220
281.526 45560
281.57 45900
281.614 46240
281.652 46580
281.69 46920
281.734 47260
281.784 47600
281.81 47940
281.866 48280
281.911 48620
281.961 48960
282.005 49300
282.049 49640
282.093 49980
282.119 50320
282.156 50660
282.194 51000
282.213 51340
282.232 51680
282.282 52020
282.295 52360
282.333 52700
282.352 53040
282.39 53380
282.415 53720
282.459 54060
282.484 54400
282.522 54740
282.572 55080
282.61 55420
282.648 55760
282.699 56100
282.73 56440
282.768 56780
282.818 57120
282.856 57460
282.888 57800
282.932 58140
282.982 58480
283.02 58820
283.058 59160
283.083 59500
283.115 59840
283.14 60180
283.171 60520
283.19 60860
283.222 61200
283.266 61540
283.297 61880
283.323 62220
283.36 62560
283.392 62900
283.423 63240
283.455 63580
283.48 63920
283.518 64260
283.55 64600
283.581 64940
283.6 65280
283.631 65620
283.663 65960
283.707 66300
283.739 66640
283.764 66980
283.789 67320
283.821 67660
283.858 68000
283.877 68340
283.89 68680
283.921 69020
283.934 69360
283.947 69700
283.972 70040
283.991 70380
284.022 70720
284.035 71060
284.054 71400
284.079 71740
284.092 72080
284.104 72420
284.117 72760
284.13 73100
284.167 73440
284.18 73780
284.193 74120
284.218 74460
284.23 74800
284.243 75140
284.268 75480
284.281 75820
284.293 76160
284.319 76500
284.331 76840
284.356 77180
284.369 77520
284.382 77860
284.394 78200
284.419 78540
284.432 78880
284.457 79220
284.489 79560
284.501 79900
284.514 80240
284.527 80580
284.539 80920
284.552 81260
284.577 81600
284.59 81940
284.615 82280
284.628 82620
284.64 82960
284.665 83300
284.678 83640
284.691 83980
284.703 84320
284.722 84660
284.754 85000
284.766 85340
284.779 85680
284.791 86020
284.81 86360
284.823 86700
284.836 87040
284.848 87380
284.861 87720
284.886 88060
284.899 88400
284.911 88740
284.924 89080
284.955 89420
284.974 89760
284.987 90100
284.999 90440
285.012 90780
285.025 91120
285.044 91460
285.056 91800
285.069 92140
285.081 92480
285.094 92820
285.113 93160
285.126 93500
285.144 93840
285.157 94180
285.176 94520
285.189 94860
285.201 95200
285.233 95540
285.245 95880
285.258 96220
285.271 96560
285.283 96900
285.296 97240
285.315 97580
285.334 97920
285.346 98260
285.359 98600
285.371 98940
285.384 99280
285.397 99620
285.409 99960
285.422 100300
285.434 100640
285.447 100980
285.46 101320
285.472 101660
285.485 102000
285.497 102340
285.516 102680
285.529 103020
285.542 103360
285.567 103700
285.579 104040
285.592 104380
285.605 104720
285.617 105060
285.63 105400
285.642 105740
285.655 106080
285.668 106420
285.68 106760
285.693 107100
285.706 107440
285.718 107780
285.731 108120
285.743 108460
285.756 108800
285.769 109140
285.781 109480
285.794 109820
285.806 110160
285.819 110500
285.832 110840
285.844 111180
285.857 111520
285.869 111860
285.882 112200
285.895 112540
285.907 112880
285.92 113220
285.932 113560
285.945 113900
285.958 114240
285.97 114580
285.983 114920
285.995 115260
286.008 115600
286.021 115940
286.033 116280
286.046 116620
286.059 116960
286.071 117300
286.084 117640
286.096 117980
286.109 118320
286.122 118660
286.134 119000
286.147 119340
286.159 119680
286.172 120020
286.185 120360
286.197 120700
286.21 121040
286.222 121380
286.235 121720
286.248 122060
286.26 122400
286.273 122740
286.285 123080
286.298 123420
286.311 123760
286.323 124100
286.336 124440
286.349 124780
286.361 125120
286.374 125460
286.386 125800
286.399 126140
286.412 126480
286.424 126820
286.437 127160
286.456 127500
286.475 127840
286.494 89420
289.951 340
290.169 1360
290.969 2380
290.988 3400
291.527 5100
291.559 6800
292.072 7820
292.091 11220
292.154 12240
292.173 13260
292.192 14280
292.63 16320
292.668 17340
292.686 18360
292.705 19380
292.724 21420
292.762 23460
292.8 24480
292.819 26180
292.85 28560
293.175 29580
293.194 30600
293.213 31620
293.232 32640
293.25 34680
293.288 36380
293.32 37400
293.339 38420
293.358 39440
293.377 40460
293.395 41480
293.414 42500
293.433 43520
293.452 44540
293.471 45560
293.49 46580
293.509 47600
293.528 49640
293.566 50660
293.585 53040
293.629 54060
293.648 55080
293.667 56100
293.685 57120
293.72 58140
293.739 59160
293.758 60180
293.777 61200
293.796 62220
293.814 63240
293.947 63580
294.079 63920
294.193 64260
294.325 64600
294.457 64940
294.571 65280
294.703 65620
294.836 65960
294.93 66300
294.987 46240
297.985 340
298 680
299.33 1020
299.337 1360
299.876 1700
299.882 2040
299.888 2380
299.894 2720
300.421 3060
300.427 3400
300.433 3740
300.439 4080
300.446 4420
300.452 4760
300.458 5100
300.465 5440
300.966 5780
300.972 6120
300.978 6460
300.985 6800
300.991 7140
300.997 7480
301.003 7820
301.01 8160
301.016 8500
301.022 8840
301.029 9180
301.035 9520
301.041 9860
301.048 10200
301.054 10540
301.06 10880
301.511 11220
301.517 11560
301.523 11900
301.53 12240
301.536 12580
301.542 12920
301.549 13260
301.555 13600
301.561 13940
301.567 14280
301.574 14620
301.58 14960
301.586 15300
301.593 15640
301.599 15980
301.605 16320
301.612 16660
301.618 17000
301.624 17340
301.63 17680
301.637 18020
301.643 18360
301.649 18700
301.656 19040
301.662 19380
301.668 19720
301.675 20060
301.681 20400
301.687 20740
301.694 21080
301.7 21420
301.706 21760
302.056 22100
302.062 22440
302.068 22780
302.075 23120
302.081 23460
302.087 23800
302.094 24140
302.1 24480
302.106 24820
302.112 25160
302.119 25500
302.125 25840
302.131 26180
302.138 26520
302.144 26860
302.15 27200
302.157 27540
302.163 27880
302.169 28220
302.176 28560
302.182 28900
302.188 29240
302.194 29580
302.201 29920
302.207 30260
302.213 30600
302.22 30940
302.226 31280
302.232 31620
302.239 31960
302.245 32300
302.371 32640
302.421 22780
303.761 23120
303.78 23460
303.792 23800
303.805 24140
303.817 24480
303.83 24820
303.855 25160
303.881 25500
303.906 25840
303.931 26180
303.969 26520
303.994 26860
304.032 27200
304.07 27540
304.107 27880
304.158 28220
304.24 28560
304.341 28900
304.454 29240
304.568 29580
304.694 29920
304.82 30260
304.946 30600
305.097 30940
305.305 31280
305.576 31620
305.948 31960
306.434 32300
307.505 32640
308.054 32980
308.426 33320
308.716 33660
308.943 34000
309.17 34340
309.315 34680
309.485 35020
309.623 35360
309.743 35700
309.844 36040
309.945 36380
310.046 36720
310.134 37060
310.235 37400
310.342 37740
310.43 38080
310.506 38420
310.582 38760
310.664 39100
310.739 39440
310.802 39780
310.872 40120
310.941 40460
310.998 40800
311.036 41140
311.105 41480
311.155 41820
311.212 42160
311.269 42500
311.313 42840
311.363 43180
311.426 43520
311.477 43860
311.534 44200
311.571 44540
311.622 44880
311.66 45220
311.71 45560
311.742 45900
311.792 46240
311.824 46580
311.874 46920
311.906 47260
311.956 47600
311.994 47940
312.051 48280
312.095 48620
312.145 48960
312.189 49300
312.221 49640
312.259 49980
312.296 50320
312.322 50660
312.359 51000
312.391 51340
312.416 51680
312.46 52020
312.498 52360
312.536 52700
312.586 53040
312.618 53380
312.662 53720
312.712 54060
312.738 54400
312.782 54740
312.826 55080
312.87 55420
312.908 55760
312.958 56100
313.002 56440
313.047 56780
313.078 57120
313.103 57460
313.135 57800
313.16 58140
313.198 58480
313.217 58820
313.248 59160
313.286 59500
313.311 59840
313.343 60180
313.362 60520
313.393 60860
313.418 61200
313.456 61540
313.482 61880
313.519 62220
313.545 62560
313.576 62900
313.614 63240
313.652 63580
313.677 63920
313.702 64260
313.74 64600
313.765 64940
313.784 65280
313.828 65620
313.86 65960
313.885 66300
313.904 66640
313.942 66980
313.973 67320
313.986 67660
314.017 68000
314.03 68340
314.068 68680
314.08 69020
314.093 69360
314.125 69700
314.137 70040
314.162 70380
314.175 70720
314.2 71060
314.213 71400
314.225 71740
314.251 72080
314.263 72420
314.276 72760
314.307 73100
314.32 73440
314.333 73780
314.358 74120
314.389 74460
314.402 74800
314.421 75140
314.433 75480
314.446 75820
314.471 76160
314.484 76500
314.509 76840
314.522 77180
314.541 77520
314.566 77860
314.578 78200
314.597 78540
314.616 78880
314.629 79220
314.648 79560
314.66 79900
314.679 80240
314.692 80580
314.704 80920
314.73 81260
314.742 81600
314.761 81940
314.774 82280
314.786 82620
314.799 82960
314.812 83300
314.837 83640
314.849 83980
314.875 84320
314.887 84660
314.9 85000
314.913 85340
314.938 85680
314.95 86020
314.963 86360
314.982 86700
314.994 87040
315.007 87380
315.02 87720
315.045 88060
315.064 88400
315.076 88740
315.089 89080
315.108 89420
315.127 89760
315.139 90100
315.152 90440
315.165 90780
315.177 91120
315.19 91460
315.203 91800
315.215 92140
315.24 92480
315.253 92820
315.266 93160
315.278 93500
315.291 93840
315.316 94180
315.335 94520
315.348 94860
315.36 95200
315.373 95540
315.385 95880
315.398 96220
315.411 96560
315.423 96900
315.442 97240
315.455 97580
315.467 97920
315.48 98260
315.492 98600
315.505 98940
315.518 99280
315.53 99620
315.543 99960
315.556 100300
315.568 100640
315.581 100980
315.606 101320
315.625 101660
315.637 102000
315.65 102340
315.663 102680
315.675 103020
315.688 103360
315.701 103700
315.713 104040
315.726 104380
315.738 104720
315.751 105060
315.764 105400
315.776 105740
315.789 106080
315.801 106420
315.814 106760
315.827 107100
315.839 107440
315.852 107780
315.864 108120
315.877 108460
315.89 108800
315.902 109140
315.915 109480
315.927 109820
315.94 110160
315.953 110500
315.965 110840
315.978 111180
315.991 111520
316.003 111860
316.016 112200
316.028 112540
316.041 112880
316.054 113220
316.066 113560
316.079 113900
316.091 114240
316.104 114580
316.123 114920
316.142 115260
316.154 115600
316.167 115940
316.18 116280
316.192 116620
316.205 116960
316.217 117300
316.23 117640
316.249 117980
316.262 118320
316.274 118660
316.287 119000
316.299 119340
316.312 119680
316.325 120020
316.337 120360
316.35 120700
316.362 121040
316.375 121380
316.388 121720
316.4 122060
316.413 122400
316.425 122740
316.438 123080
316.451 123420
316.463 123760
316.476 124100
316.489 124440
316.501 124780
316.514 125120
316.526 125460
316.539 125800
316.552 126140
316.564 126480
316.577 126820
316.589 127160
316.602 127500
316.615 127840
316.627 128180
316.64 128520
316.652 128860
316.665 129200
316.678 129540
316.69 129880
316.703 130220
316.715 130560
316.734 91120
320.217 340
320.397 2380
321.217 3400
321.235 5440
321.774 7140
321.806 8160
321.825 9180
321.844 10200
321.862 11220
322.326 12240
322.344 13940
322.376 14960
322.395 15980
322.414 19040
322.471 21080
322.508 22100
322.527 23120
322.883 24140
322.902 25160
322.921 26180
322.94 27200
322.959 29240
322.997 30260
323.016 31280
323.035 32300
323.053 33320
323.072 34340
323.091 35360
323.11 37060
323.142 38080
323.161 39100
323.18 40800
323.211 42840
323.249 43860
323.268 44880
323.287 45900
323.306 46920
323.441 47940
323.46 48960
323.479 49980
323.498 51000
323.517 52020
323.535 53040
323.554 54060
323.573 55080
323.592 56100
323.611 57120
323.63 58140
323.649 59160
323.668 60180
323.687 61200
323.706 62220
323.725 63240
323.744 64260
323.87 64600
324.002 64940
324.134 65280
324.229 65620
324.38 65960
324.513 66300
324.626 66640
324.758 66980
324.891 67320
324.948 46920
327.963 340
329.291 680
329.836 1020
329.842 1360
330.381 1700
330.387 2040
330.394 2380
330.4 2720
330.926 3060
330.933 3400
330.939 3740
330.945 4080
330.951 4420
330.958 4760
330.964 5100
330.97 5440
331.471 5780
331.478 6120
331.484 6460
331.49 6800
331.496 7140
331.503 7480
331.509 7820
331.515 8160
331.522 8500
331.528 8840
331.534 9180
331.541 9520
331.547 9860
331.553 10200
331.56 10540
331.566 10880
332.016 11220
332.023 11560
332.029 11900
332.035 12240
332.042 12580
332.048 12920
332.054 13260
332.06 13600
332.067 13940
332.073 14280
332.079 14620
332.086 14960
332.092 15300
332.098 15640
332.105 15980
332.111 16320
332.117 16660
332.124 17000
332.13 17340
332.136 17680
332.142 18020
332.149 18360
332.155 18700
332.161 19040
332.168 19380
332.174 19720
332.18 20060
332.187 20400
332.193 20740
332.199 21080
332.205 21420
332.212 21760
332.561 22100
332.568 22440
332.574 22780
332.58 23120
332.587 23460
332.593 23800
332.599 24140
332.606 24480
332.612 24820
332.618 25160
332.624 25500
332.631 25840
332.637 26180
332.643 26520
332.65 26860
332.656 27200
332.662 27540
332.669 27880
332.675 28220
332.681 28560
332.687 28900
332.694 29240
332.7 29580
332.706 29920
332.713 30260
332.719 30600
332.725 30940
332.732 31280
332.738 31620
332.744 31960
332.751 32300
332.757 32640
332.851 32980
332.959 22780
334.317 23120
334.329 23460
334.342 23800
334.355 24140
334.367 24480
334.38 24820
334.392 25160
334.405 25500
334.418 25840
334.43 26180
334.456 26520
334.493 26860
334.531 27200
334.556 27540
334.594 27880
334.645 28220
334.695 28560
334.752 28900
334.865 29240
334.979 29580
335.105 29920
335.244 30260
335.376 30600
335.489 30940
335.647 31280
335.855 31620
336.126 31960
336.498 32300
336.977 32640
338.055 32980
338.591 33320
339.007 33660
339.322 34000
339.505 34340
339.732 34680
339.927 35020
340.085 35360
340.243 35700
340.337 36040
340.463 36380
340.564 36720
340.671 37060
340.766 37400
340.867 37740
340.961 38080
341.043 38420
341.125 38760
341.207 39100
341.289 39440
341.352 39780
341.415 40120
341.484 40460
341.541 40800
341.598 41140
341.655 41480
341.718 41820
341.749 42160
341.812 42500
341.856 42840
341.913 43180
341.97 43520
342.039 43860
342.09 44200
342.14 44540
342.197 44880
342.235 45220
342.279 45560
342.31 45900
342.367 46240
342.392 46580
342.443 46920
342.487 47260
342.525 47600
342.569 47940
342.619 48280
342.663 48620
342.701 48960
342.758 49300
342.802 49640
342.846 49980
342.871 50320
342.909 50660
342.934 51000
342.953 51340
342.985 51680
343.023 52020
343.054 52360
343.073 52700
343.105 53040
343.13 53380
343.168 53720
343.212 54060
343.25 54400
343.287 54740
343.325 55080
343.376 55420
343.414 55760
343.464 56100
343.502 56440
343.533 56780
343.577 57120
343.622 57460
343.659 57800
343.703 58140
343.735 58480
343.773 58820
343.811 59160
343.836 59500
343.867 59840
343.893 60180
343.924 60520
343.962 60860
343.993 61200
344.019 61540
344.057 61880
344.088 62220
344.126 62560
344.145 62900
344.176 63240
344.22 63580
344.246 63920
344.283 64260
344.302 64600
344.334 64940
344.372 65280
344.403 65620
344.435 65960
344.46 66300
344.491 66640
344.517 66980
344.555 67320
344.586 67660
344.618 68000
344.636 68340
344.649 68680
344.674 69020
344.687 69360
344.718 69700
344.731 70040
344.744 70380
344.756 70720
344.788 71060
344.8 71400
344.813 71740
344.838 72080
344.851 72420
344.863 72760
344.876 73100
344.901 73440
344.914 73780
344.939 74120
344.952 74460
344.977 74800
344.99 75140
345.015 75480
345.027 75820
345.04 76160
345.065 76500
345.078 76840
345.103 77180
345.128 77520
345.141 77860
345.172 78200
345.191 78540
345.204 78880
345.216 79220
345.235 79560
345.248 79900
345.261 80240
345.273 80580
345.286 80920
345.298 81260
345.324 81600
345.336 81940
345.361 82280
345.374 82620
345.387 82960
345.406 83300
345.418 83640
345.431 83980
345.462 84320
345.481 84660
345.5 85000
345.513 85340
345.525 85680
345.538 86020
345.551 86360
345.569 86700
345.588 87040
345.601 87380
345.614 87720
345.626 88060
345.651 88400
345.664 88740
345.683 89080
345.696 89420
345.708 89760
345.721 90100
345.733 90440
345.746 90780
345.771 91120
345.784 91460
345.796 91800
345.809 92140
345.822 92480
345.834 92820
345.847 93160
345.866 93500
345.878 93840
345.897 94180
345.916 94520
345.929 94860
345.948 95200
345.96 95540
345.973 95880
345.986 96220
345.998 96560
346.011 96900
346.036 97240
346.049 97580
346.061 97920
346.074 98260
346.086 98600
346.099 98940
346.112 99280
346.124 99620
346.137 99960
346.149 100300
346.162 100640
346.181 100980
346.194 101320
346.206 101660
346.219 102000
346.231 102340
346.244 102680
346.269 103020
346.282 103360
346.294 103700
346.307 104040
346.32 104380
346.332 104720
346.345 105060
346.357 105400
346.37 105740
346.383 106080
346.395 106420
346.408 106760
346.421 107100
346.433 107440
346.446 107780
346.458 108120
346.471 108460
346.484 108800
346.496 109140
346.509 109480
346.521 109820
346.534 110160
346.547 110500
346.559 110840
346.572 111180
346.584 111520
346.597 111860
346.61 112200
346.622 112540
346.635 112880
346.647 113220
346.66 113560
346.673 113900
346.685 114240
346.698 114580
346.71 114920
346.723 115260
346.736 115600
346.748 115940
346.761 116280
346.774 116620
346.786 116960
346.799 117300
346.811 117640
346.824 117980
346.837 118320
346.849 118660
346.862 119000
346.874 119340
346.887 119680
346.9 120020
346.912 120360
346.925 120700
346.937 121040
346.95 121380
346.963 121720
346.975 122060
346.988 122400
347 122740
347.013 123080
347.026 123420
347.038 123760
347.051 124100
347.064 124440
347.076 124780
347.089 125120
347.101 125460
347.114 125800
347.127 126140
347.139 126480
347.152 126820
347.164 127160
347.177 127500
347.19 127840
347.202 128180
347.215 128520
347.227 128860
347.24 129200
347.253 129540
347.265 129880
347.278 130220
347.29 130560
347.303 130900
347.316 131240
347.335 91800
350.8 340
350.997 1360
351.798 3060
352.343 4080
352.362 5100
352.381 6120
352.888 7820
352.919 9520
352.951 10540
352.97 11560
352.989 12580
353.439 13600
353.458 15640
353.496 18700
353.553 20740
353.591 21760
353.61 22780
353.628 23800
353.647 24820
353.666 27880
354.035 28900
354.054 29920
354.073 30940
354.092 31960
354.11 32980
354.129 34000
354.148 35020
354.167 36040
354.186 38080
354.224 39100
354.243 40120
354.262 41140
354.281 42160
354.3 44540
354.344 45560
354.363 46580
354.382 47600
354.4 48620
354.419 49640
354.438 50660
354.457 51680
354.476 52700
354.495 53720
354.514 54740
354.533 55760
354.58 56780
354.599 57800
354.618 58820
354.637 59840
354.656 60860
354.674 61880
354.693 62900
354.712 63920
354.731 64940
354.864 65280
354.996 65620
355.109 65960
355.242 66300
355.374 66640
355.488 66980
355.62 67320
355.752 67660
355.878 68000
355.935 47600
358.947 340
358.949 680
360.285 1020
360.291 1360
360.83 1700
360.836 2040
360.843 2380
360.849 2720
361.375 3060
361.381 3400
361.388 3740
361.394 4080
361.4 4420
361.407 4760
361.413 5100
361.419 5440
361.92 5780
361.926 6120
361.933 6460
361.939 6800
361.945 7140
361.952 7480
361.958 7820
361.964 8160
361.971 8500
361.977 8840
361.983 9180
361.99 9520
361.996 9860
362.002 10200
362.008 10540
362.015 10880
362.465 11220
362.472 11560
362.478 11900
362.484 12240
362.49 12580
362.497 12920
362.503 13260
362.509 13600
362.516 13940
362.522 14280
362.528 14620
362.535 14960
362.541 15300
362.547 15640
362.553 15980
362.56 16320
362.566 16660
362.572 17000
362.579 17340
362.585 17680
362.591 18020
362.598 18360
362.604 18700
362.61 19040
362.617 19380
362.623 19720
362.629 20060
362.635 20400
362.642 20740
362.648 21080
362.654 21420
362.661 21760
363.01 22100
363.017 22440
363.023 22780
363.029 23120
363.036 23460
363.042 23800
363.048 24140
363.054 24480
363.061 24820
363.067 25160
363.073 25500
363.08 25840
363.086 26180
363.092 26520
363.099 26860
363.105 27200
363.111 27540
363.117 27880
363.124 28220
363.13 28560
363.136 28900
363.143 29240
363.149 29580
363.155 29920
363.162 30260
363.168 30600
363.174 30940
363.181 31280
363.187 31620
363.193 31960
363.199 32300
363.206 32640
363.212 32980
363.218 33320
363.313 33660
363.581 23460
364.822 23800
364.835 24140
364.848 24480
364.86 24820
364.873 25160
364.886 25500
364.898 25840
364.911 26180
364.923 26520
364.936 26860
364.949 27200
364.986 27540
365.024 27880
365.062 28220
365.1 28560
365.138 28900
365.188 29240
365.239 29580
365.358 29920
365.472 30260
365.61 30600
365.749 30940
365.907 31280
366.02 31620
366.184 31960
366.386 32300
366.657 32640
367.041 32980
367.521 33320
368.643 33660
369.21 34000
369.601 34340
369.859 34680
370.08 35020
370.288 35360
370.465 35700
370.628 36040
370.761 36380
370.881 36720
370.988 37060
371.082 37400
371.19 37740
371.29 38080
371.379 38420
371.473 38760
371.568 39100
371.65 39440
371.738 39780
371.801 40120
371.87 40460
371.94 40800
372.009 41140
372.078 41480
372.148 41820
372.186 42160
372.223 42500
372.28 42840
372.331 43180
372.368 43520
372.419 43860
372.469 44200
372.532 44540
372.576 44880
372.639 45220
372.702 45560
372.734 45900
372.791 46240
372.816 46580
372.873 46920
372.917 47260
372.955 47600
373.005 47940
373.049 48280
373.1 48620
373.144 48960
373.188 49300
373.232 49640
373.276 49980
373.32 50320
373.352 50660
373.396 51000
373.415 51340
373.453 51680
373.49 52020
373.509 52360
373.547 52700
373.572 53040
373.591 53380
373.617 53720
373.648 54060
373.68 54400
373.699 54740
373.724 55080
373.755 55420
373.78 55760
373.812 56100
373.837 56440
373.881 56780
373.913 57120
373.963 57460
373.995 57800
374.033 58140
374.083 58480
374.121 58820
374.171 59160
374.209 59500
374.247 59840
374.291 60180
374.316 60520
374.354 60860
374.386 61200
374.417 61540
374.449 61880
374.48 62220
374.518 62560
374.543 62900
374.568 63240
374.613 63580
374.638 63920
374.676 64260
374.707 64600
374.726 64940
374.758 65280
374.795 65620
374.827 65960
374.858 66300
374.877 66640
374.915 66980
374.947 67320
374.966 67660
374.991 68000
375.035 68340
375.06 68680
375.079 69020
375.104 69360
375.148 69700
375.167 70040
375.18 70380
375.205 70720
375.224 71060
375.237 71400
375.262 71740
375.275 72080
375.293 72420
375.312 72760
375.338 73100
375.356 73440
375.369 73780
375.382 74120
375.407 74460
375.426 74800
375.438 75140
375.464 75480
375.476 75820
375.495 76160
375.508 76500
375.533 76840
375.546 77180
375.558 77520
375.571 77860
375.583 78200
375.609 78540
375.621 78880
375.634 79220
375.659 79560
375.672 79900
375.684 80240
375.709 80580
375.722 80920
375.754 81260
375.766 81600
375.791 81940
375.804 82280
375.817 82620
375.829 82960
375.842 83300
375.867 83640
375.886 83980
375.899 84320
375.911 84660
375.924 85000
375.936 85340
375.968 85680
375.981 86020
375.993 86360
376.006 86700
376.031 87040
376.044 87380
376.063 87720
376.081 88060
376.094 88400
376.107 88740
376.119 89080
376.132 89420
376.144 89760
376.17 90100
376.182 90440
376.195 90780
376.207 91120
376.22 91460
376.233 91800
376.258 92140
376.271 92480
376.283 92820
376.296 93160
376.308 93500
376.321 93840
376.346 94180
376.359 94520
376.371 94860
376.384 95200
376.397 95540
376.416 95880
376.428 96220
376.441 96560
376.453 96900
376.466 97240
376.479 97580
376.497 97920
376.51 98260
376.523 98600
376.535 98940
376.548 99280
376.573 99620
376.586 99960
376.598 100300
376.611 100640
376.624 100980
376.636 101320
376.649 101660
376.661 102000
376.687 102340
376.699 102680
376.712 103020
376.731 103360
376.743 103700
376.756 104040
376.769 104380
376.794 104720
376.806 105060
376.819 105400
376.832 105740
376.844 106080
376.857 106420
376.869 106760
376.882 107100
376.895 107440
376.907 107780
376.92 108120
376.932 108460
376.945 108800
376.958 109140
376.97 109480
376.983 109820
377.008 110160
377.021 110500
377.033 110840
377.046 111180
377.059 111520
377.071 111860
377.084 112200
377.096 112540
377.109 112880
377.122 113220
377.134 113560
377.147 113900
377.159 114240
377.172 114580
377.185 114920
377.197 115260
377.21 115600
377.222 115940
377.235 116280
377.248 116620
377.26 116960
377.273 117300
377.285 117640
377.298 117980
377.311 118320
377.323 118660
377.336 119000
377.349 119340
377.361 119680
377.374 120020
377.386 120360
377.399 120700
377.412 121040
377.424 121380
377.443 121720
377.456 122060
377.468 122400
377.481 122740
377.494 123080
377.506 123420
377.519 123760
377.531 124100
377.544 124440
377.557 124780
377.569 125120
377.588 87380
381.067 340
381.314 1360
382.095 2380
382.114 5100
382.678 6120
382.697 9180
382.754 11220
383.242 12920
383.274 13940
383.293 14960
383.312 15980
383.331 19720
383.4 20740
383.419 21760
383.438 24140
383.819 25160
383.838 26180
383.857 27880
383.888 29580
383.92 30600
383.939 32300
383.97 33320
383.989 35360
384.027 36380
384.046 37400
384.065 38420
384.084 39440
384.103 41480
384.14 42500
384.159 43520
384.178 44540
384.197 47600
384.254 48620
384.37 49640
384.389 50660
384.408 51680
384.427 52700
384.446 55760
384.503 57800
384.54 58820
384.559 59840
384.578 62220
384.736 62560
384.862 62900
384.982 63240
385.114 63580
385.246 63920
385.36 64260
385.492 64600
385.618 64940
385.751 45220
388.72 340
388.77 680
390.069 1020
390.075 1360
390.614 1700
390.62 2040
390.627 2380
390.633 2720
391.159 3060
391.165 3400
391.172 3740
391.178 4080
391.184 4420
391.191 4760
391.197 5100
391.203 5440
391.704 5780
391.711 6120
391.717 6460
391.723 6800
391.729 7140
391.736 7480
391.742 7820
391.748 8160
391.755 8500
391.761 8840
391.767 9180
391.774 9520
391.78 9860
391.786 10200
391.793 10540
391.799 10880
392.249 11220
392.256 11560
392.262 11900
392.268 12240
392.275 12580
392.281 12920
392.287 13260
392.293 13600
392.3 13940
392.306 14280
392.312 14620
392.319 14960
392.325 15300
392.331 15640
392.338 15980
392.344 16320
392.35 16660
392.356 17000
392.363 17340
392.369 17680
392.375 18020
392.382 18360
392.388 18700
392.394 19040
392.401 19380
392.407 19720
392.413 20060
392.42 20400
392.426 20740
392.432 21080
392.438 21420
392.445 21760
392.794 22100
392.801 22440
392.807 22780
392.813 23120
392.82 23460
392.826 23800
392.832 24140
392.838 24480
392.845 24820
392.851 25160
392.857 25500
392.864 25840
392.87 26180
392.876 26520
392.883 26860
392.889 27200
392.895 27540
392.902 27880
392.908 28220
392.914 28560
392.92 28900
392.927 29240
392.933 29580
392.939 29920
392.946 30260
392.952 30600
392.958 30940
392.965 31280
392.971 31620
392.996 31960
393.11 22100
394.424 22440
394.443 22780
394.455 23120
394.468 23460
394.48 23800
394.493 24140
394.506 24480
394.518 24820
394.531 25160
394.543 25500
394.569 25840
394.594 26180
394.632 26520
394.67 26860
394.707 27200
394.758 27540
394.808 27880
394.903 28220
395.016 28560
395.142 28900
395.268 29240
395.42 29580
395.552 29920
395.691 30260
395.88 30600
396.138 30940
396.498 31280
396.964 31620
398.004 31960
398.628 32300
399.076 32640
399.234 32980
399.511 33320
399.744 33660
399.933 34000
