0.0 0
0.539751 3400
1.08568 3740
1.09829 4420
1.11089 5100
1.1235 5780
1.13611 6460
1.34241 6800
1.63704 7480
1.64965 8160
1.66226 8840
1.67487 9520
1.68748 10200
1.70008 10880
1.71269 11560
1.7253 12240
1.73791 12920
1.89378 13600
2.18841 14280
2.20102 14960
2.21363 15640
2.22623 16320
2.23884 17000
2.25145 17680
2.26406 18360
2.27667 19040
2.28927 19720
2.30188 20400
2.31449 21080
2.3271 21760
2.33971 22440
2.35231 23120
2.36492 23800
2.37753 24480
2.39014 25160
2.40275 25840
2.44515 26520
2.45775 27200
2.73978 27880
2.75239 28560
2.76499 29240
2.7776 29920
2.79021 30600
2.80282 31280
2.81543 31960
2.82803 32640
2.84064 33320
2.85325 34000
2.86586 34680
2.87847 35360
2.89107 36040
2.90368 36720
2.91629 37400
2.9289 38080
2.94151 38760
2.95411 39440
2.96672 40120
2.97933 40800
2.99194 41480
3.00455 42160
3.01715 42840
3.02976 43520
3.04237 44200
3.05498 44880
3.06759 45560
3.08019 46240
3.0928 46920
3.10541 47600
3.13063 33320
4.62759 33660
4.6402 34000
4.65281 34340
4.66542 34680
4.67802 35020
4.69063 35360
4.70324 35700
4.71585 36040
4.72846 36380
4.74106 36720
4.75367 37060
4.76628 37400
4.77889 37740
4.87975 26180
6.11826 26520
6.20313 18360
7.66332 340
7.75344 9180
8.31742 6120
9.02638 6460
9.03899 6800
9.0516 7140
9.06421 7480
9.07682 7820
9.11464 8160
9.32094 8500
9.55884 8840
9.96521 9180
11.0806 6120
11.6256 6460
11.6887 6800
11.7013 7140
11.7139 7480
11.7265 7820
11.7391 8160
11.903 8500
12.1581 8840
12.6905 9180
14.0643 6120
14.6094 6460
14.6724 6800
14.7779 7140
14.8708 7480
14.8834 7820
14.9023 8160
14.9212 8500
14.9716 5780
15.5041 6120
15.5987 6460
15.6113 6800
15.6239 7140
15.6365 7480
15.6806 7820
15.9609 8160
16.2761 8500
19.0329 8840
19.4267 9180
19.7953 9520
19.8205 9860
20.0033 10200
20.1357 10540
20.3403 10880
20.5484 11220
20.687 11560
20.9106 11900
20.9673 12240
21.1123 12580
21.2195 12920
21.2573 13260
21.462 13600
21.4872 13940
21.525 14280
21.6511 14620
21.6763 14960
21.7772 15300
21.8024 15640
21.9818 15980
22.007 16320
22.0322 16660
22.0701 17000
22.0953 17340
22.1772 17680
22.2277 18020
22.2529 18360
22.3285 18700
22.3537 19040
22.5332 19380
22.5458 19720
22.571 20060
22.5962 20400
22.6214 20740
22.6466 21080
22.6719 21420
22.7223 21760
22.7538 22100
22.779 22440
22.8169 22780
22.8799 23120
22.9051 23460
22.9303 23800
23.0845 24140
23.0972 24480
23.1224 24820
23.1476 25160
23.1728 25500
23.198 25840
23.2232 26180
23.2484 26520
23.2737 26860
23.2989 27200
23.3241 27540
23.3493 27880
23.3745 28220
23.3997 28560
23.4376 19720
24.6159 20060
24.8206 13940
25.3594 14280
25.4917 14620
25.5043 14960
25.517 15300
25.5296 15640
25.5485 15980
25.5611 16320
25.5737 16660
25.6809 17000
25.7061 11900
26.2637 12240
26.5945 12580
26.6071 12920
26.6197 13260
26.6323 13600
26.6449 13940
26.6575 14280
26.6701 14620
26.7458 14960
27.1458 15300
27.1837 15640
27.3224 15980
27.7098 16320
27.8485 16660
28.4125 17000
30.4477 17340
30.9991 17680
31.0243 18020
31.1882 12580
32.291 12920
32.3918 13260
32.4044 13600
32.6406 13940
32.6532 14280
32.6658 14620
32.6784 14960
32.691 15300
32.7036 15640
32.7162 15980
32.7289 16320
32.8423 16660
33.2046 17000
33.4882 17340
33.8064 17680
34.0711 18020
35.9614 12580
37.0515 12920
37.1524 13260
37.1713 13600
37.1839 13940
37.1965 14280
37.2091 14620
37.2217 14960
37.2406 15300
37.2533 15640
37.3352 15980
37.5651 16320
37.7668 16660
38.1101 17000
38.2929 17340
38.6552 17680
39.0082 18020
40.0794 12580
41.1696 12920
41.3759 13260
41.4436 13600
41.4562 13940
41.4688 14280
41.4814 14620
41.5444 14960
41.5633 15300
41.5885 10540
42.1399 10880
42.2282 11220
42.2408 11560
42.2534 11900
42.266 12240
42.4723 12580
42.54 12920
42.5526 13260
42.5652 13600
42.5778 13940
42.6408 9520
43.1859 9860
43.3561 10200
43.375 7140
44.4715 7480
44.6778 7820
44.7518 8160
44.7644 8500
44.777 8840
44.7896 9180
44.8022 9520
45.2228 9860
45.3977 10200
48.1104 10540
48.5987 10880
48.7122 11220
49.0887 11560
49.1501 11900
49.2131 12240
49.4022 12580
49.6401 12920
49.7014 13260
49.7645 13600
49.8527 13940
50.1851 14280
50.2528 14620
50.3032 14960
50.3663 15300
50.4293 15640
50.5239 15980
50.7554 16320
50.8168 16660
50.8546 17000
50.8924 17340
50.9303 17680
50.9681 18020
51.05 12580
52.1402 12920
52.3465 13260
52.4709 13600
52.4835 13940
52.4961 14280
52.5087 14620
52.5213 14960
52.5339 15300
52.5465 15640
52.5717 15980
52.8915 16320
53.0664 16660
53.2177 17000
53.6304 17340
53.7817 17680
54.3456 18020
55.4042 12580
55.9493 12920
56.0565 13260
56.0691 13600
56.1808 13940
56.1934 14280
56.3115 14620
56.3241 14960
56.3368 15300
56.3494 15640
56.362 15980
56.3746 16320
56.4124 11220
57.9953 340
58.0854 21080
58.6494 14620
59.516 14960
59.5349 15300
59.5475 15640
59.5727 15980
59.6357 16320
59.6862 16660
59.7807 17000
59.9068 17340
60.0329 17680
60.1464 18020
60.2283 12580
60.865 12920
60.9121 13260
60.9373 13600
60.9877 13940
61.0381 14280
61.1012 14620
61.1642 14960
61.2525 15300
61.3533 15640
61.5139 10880
62.1001 11220
62.1535 11560
62.1661 11900
62.2102 12240
62.2607 12580
62.3363 12920
62.4119 13260
62.5002 13600
62.6326 13940
62.8624 14280
63.0516 14620
63.2785 14960
63.5307 15300
64.0287 15640
64.1737 10880
65.2546 11220
65.2672 11560
65.2798 11900
65.3521 12240
65.3647 12580
65.3773 12920
65.3899 13260
65.4025 13600
65.5475 13940
65.8312 14280
66.0169 14620
66.0925 10200
66.6376 10540
66.7259 10880
66.7385 11220
66.7574 11560
66.7763 7820
67.334 8160
67.4096 8500
67.4474 8840
67.4853 6120
69.0177 340
69.1078 10200
69.6529 10540
70.198 10880
70.7493 11220
70.7619 11560
70.7746 11900
70.7872 12240
70.7998 12580
70.8124 12920
71.3007 8840
72.3908 9180
72.4791 6120
73.0178 6460
73.0935 6800
73.1061 7140
73.1187 7480
73.1313 7820
73.3502 8160
73.5818 8500
74.026 8840
74.2151 6120
74.7602 6460
74.9917 6800
75.1224 7140
75.1477 7480
75.1603 7820
75.2233 5440
75.7684 5780
76.0566 6120
76.0882 6460
76.2126 6800
76.2252 7140
76.2441 7480
76.7576 7820
79.3522 8160
79.5271 8500
79.8153 8840
80.0469 9180
80.11 6120
80.655 6460
80.9937 6800
81.0189 7140
81.1371 7480
81.1497 7820
81.1623 8160
81.1749 8500
81.419 8840
81.7515 9180
83.9758 6120
84.5209 6460
84.9651 6800
84.9777 7140
84.9903 7480
85.0029 7820
85.0155 8160
85.0281 8500
85.2849 8840
85.5165 9180
86.1561 6120
86.7012 6460
86.9264 6800
87.1327 7140
87.1643 7480
87.1769 7820
87.1895 8160
87.2021 8500
87.4777 8840
87.6777 9180
88.7742 6120
89.8643 6460
89.94 6800
89.9589 7140
89.9715 7480
89.9904 7820
90.003 8160
90.2094 8500
90.4283 8840
90.9607 9180
93.2797 6120
93.8248 6460
94.2374 6800
94.25 7140
94.2626 7480
94.3068 7820
94.3194 8160
94.332 8500
94.5825 8840
94.7888 9180
95.9356 6120
96.4807 6460
96.5437 6800
96.5563 7140
96.5689 7480
96.5816 7820
96.769 8160
96.9753 8500
97.0888 8840
97.5267 9180
99.7132 6120
100.258 6460
100.372 6800
100.384 7140
100.397 7480
100.41 7820
100.422 8160
100.591 8500
100.917 8840
101.348 9180
103.886 9520
104.238 9860
104.751 10200
104.764 10540
104.858 10880
105.002 11220
105.208 11560
105.303 11900
105.353 12240
105.441 8500
106.544 8840
106.75 9180
106.944 9520
106.957 9860
106.982 10200
106.994 10540
107.007 10880
107.02 11220
107.489 11560
107.653 11900
108.085 8160
108.63 8500
108.705 8840
108.731 9180
108.743 9520
108.756 9860
108.768 10200
109.137 10540
109.263 10880
109.482 11220
109.821 11560
110.378 11900
111.913 8160
113.003 8500
113.116 8840
113.135 9180
113.148 9520
113.16 9860
113.173 10200
113.186 10540
113.497 10880
113.516 11220
113.75 7820
114.84 8160
115.152 5440
115.697 5780
115.854 6120
115.867 6460
115.879 6800
115.898 7140
115.955 7480
116.5 7820
116.951 5440
117.496 5780
117.546 6120
117.559 6460
117.571 6800
118.034 7140
118.361 7480
118.668 7820
120.905 8160
121.343 8500
121.65 8840
121.894 9180
121.907 9520
122.007 9860
122.445 10200
122.483 10540
122.559 10880
122.753 11220
122.997 11560
123.035 11900
123.072 12240
123.11 12580
123.285 12920
123.323 13260
123.554 13600
123.58 13940
123.605 14280
123.643 9860
124.752 10200
124.926 10540
124.952 7140
125.503 7480
125.76 7820
125.772 8160
125.785 8500
125.798 8840
125.817 9180
125.836 9520
126.017 6460
126.562 6800
126.869 7140
126.882 7480
126.894 7820
126.907 8160
126.932 8500
127.42 8840
127.483 9180
127.984 9520
129.118 6460
129.664 6800
129.727 7140
129.746 7480
129.758 7820
129.771 8160
129.857 8500
130.19 8840
130.209 6120
130.76 6460
130.855 6800
130.867 7140
130.88 7480
131.261 7820
131.286 8160
131.812 8500
132.001 8840
133.662 6120
134.207 6460
134.582 6800
134.594 7140
134.607 7480
134.689 7820
134.702 8160
134.714 8500
135.133 8840
135.729 6120
136.274 6460
136.375 6800
136.387 7140
136.4 7480
136.412 7820
136.619 8160
136.775 8500
137.17 8840
139.921 9180
140.228 6120
140.773 6460
140.848 6800
141.017 7140
141.03 7480
141.173 7820
141.186 8160
141.198 8500
141.394 8840
141.581 6120
142.126 6460
142.32 4420
143.41 4760
143.574 5100
143.586 5440
143.749 5780
143.761 6120
144.125 6460
145.96 4420
146.505 4760
146.863 5100
146.876 5440
146.888 5780
147.038 6120
147.414 6460
149.788 6800
150.159 7140
150.71 7480
150.729 7820
150.742 8160
150.891 8500
151.123 8840
151.261 9180
151.274 9520
151.411 9860
151.449 10200
151.674 10540
151.813 10880
151.825 11220
151.851 11560
151.975 11900
152.225 12240
152.358 12580
152.37 12920
152.421 8840
152.972 9180
153.09 9520
153.103 9860
153.116 10200
153.128 10540
153.141 10880
153.448 11220
153.635 11560
153.711 11900
154.062 12240
154.269 12580
154.845 12920
156.217 8840
157.308 9180
157.482 9520
157.501 9860
157.514 10200
157.526 10540
157.539 10880
157.552 11220
157.564 11560
157.827 11900
158.065 12240
158.572 12580
158.804 12920
159.174 8840
160.264 9180
160.34 9520
160.353 9860
160.365 10200
160.378 10540
160.445 10880
160.578 11220
160.885 11560
161.003 11900
161.361 12240
161.555 12580
162.207 12920
162.946 8840
164.491 340
164.581 23460
164.593 23800
164.745 24140
165.239 16660
165.828 17000
165.847 11900
166.651 12240
166.664 12580
166.676 12920
166.689 13260
166.701 13600
166.714 13940
166.752 14280
166.853 9860
167.442 10200
167.492 10540
167.505 10880
167.64 11220
167.697 11560
167.754 11900
167.829 12240
167.867 8500
168.945 8840
168.957 9180
168.97 9520
169.027 9860
169.039 10200
169.052 10540
169.165 10880
169.433 11220
169.691 11560
169.991 11900
170.523 12240
171.137 8500
172.202 8840
172.221 6120
173.293 6460
173.305 6800
173.318 7140
173.33 7480
173.444 7820
173.501 8160
173.73 8500
174.077 8840
174.313 6120
174.865 6460
174.921 6800
174.934 7140
174.947 7480
174.972 7820
175.092 8160
175.111 5440
175.662 5780
175.725 6120
175.738 6460
175.75 6800
175.829 7140
175.867 7480
176.093 7820
176.283 5440
176.828 5780
176.931 6120
176.969 4080
178.022 4420
178.053 3060
178.592 3400
178.68 3740
178.693 4080
178.819 4420
181.443 3060
181.988 3400
182.051 2380
182.59 2720
182.628 3060
182.641 3400
185.353 3740
185.684 4080
185.936 4420
186.216 4760
186.336 5100
186.443 5440
186.639 5780
186.761 6120
186.806 6460
186.951 6800
187.001 7140
187.089 7480
187.171 7820
187.307 8160
187.338 8500
187.439 8840
187.508 9180
187.534 9520
187.597 6460
188.148 6800
188.261 7140
188.274 7480
188.287 7820
188.397 8160
188.447 8500
188.668 8840
189.074 9180
189.512 9520
191.755 9860
192.115 10200
192.357 10540
192.622 10880
192.757 11220
192.871 11560
193.167 11900
193.327 12240
193.46 8500
194.005 8840
194.106 9180
194.125 9520
194.137 9860
194.169 6800
195.234 7140
195.246 7480
195.259 7820
195.272 8160
195.417 8500
195.495 8840
195.627 9180
196.147 9520
196.362 9860
197.181 6800
197.726 7140
197.839 7480
197.946 7820
197.959 8160
197.978 8500
198.003 8840
198.142 9180
198.687 9520
199.055 9860
199.645 6800
200.735 7140
200.892 4760
201.983 5100
202.105 5440
202.212 5780
202.357 6120
202.383 6460
202.521 6800
202.764 7140
203.315 4760
203.86 5100
204.03 5440
204.156 5780
204.169 6120
204.182 6460
204.298 6800
204.708 7140
207.307 7480
207.676 7820
207.865 8160
208.12 8500
208.227 8840
208.41 9180
208.671 9520
208.949 9860
208.986 10200
209.112 10540
209.241 10880
209.494 11220
209.519 7820
210.609 8160
210.748 8500
210.76 8840
210.773 9180
210.858 9520
210.87 9860
211.129 10200
211.299 10540
211.674 10880
211.96 11220
213.917 7820
214.462 8160
214.686 8500
214.698 8840
214.711 9180
214.724 9520
214.78 9860
214.793 10200
214.951 10540
215.237 10880
215.502 11220
216.097 7820
216.642 8160
216.91 8500
216.923 8840
216.935 9180
216.948 9520
216.973 9860
216.986 10200
217.143 10540
217.175 7140
217.72 7480
218.038 7820
218.051 8160
218.063 8500
218.076 8840
218.089 9180
218.234 9520
218.589 9860
218.779 10200
219.229 10540
219.387 7140
220.477 7480
220.683 7820
220.839 8160
220.852 8500
220.864 8840
220.877 9180
220.971 9520
221.397 9860
221.529 10200
222.087 10540
223.716 7140
224.261 7480
224.33 7820
224.517 8160
224.686 8500
224.699 8840
224.711 9180
224.724 9520
224.736 9860
225.063 10200
225.275 10540
225.801 7140
226.416 7480
226.428 7820
226.441 8160
226.454 8500
226.466 8840
226.523 9180
226.879 9520
227.036 9860
227.437 10200
227.994 10540
228.139 7140
229.229 7480
229.436 7820
229.611 8160
229.623 8500
229.636 8840
229.699 9180
229.711 9520
229.981 9860
230.25 10200
230.713 10540
231.365 7140
232.456 7480
232.525 7820
232.538 8160
232.725 8500
232.893 8840
232.906 9180
232.919 9520
232.938 9860
233.276 10200
233.634 10540
236.17 7140
236.715 7480
236.785 7820
236.81 8160
236.822 8500
236.835 8840
236.898 9180
237.092 9520
237.26 9860
237.393 6800
237.938 7140
238.194 7480
238.207 7820
238.22 8160
238.357 8500
238.369 8840
238.426 9180
238.689 9520
238.902 9860
239.466 6800
240.556 7140
240.638 7480
240.65 7820
240.669 8160
240.876 8500
240.932 8840
240.945 9180
241.221 9520
241.778 9860
241.978 6800
243.069 7140
243.163 7480
243.269 7820
243.363 8160
243.376 8500
243.414 8840
243.82 9180
243.984 6120
244.529 6460
244.817 6800
244.916 7140
244.998 7480
245.011 7820
245.024 8160
245.287 8500
245.461 8840
245.914 9180
246.383 6120
247.473 6460
247.679 6800
247.743 7140
247.755 7480
247.768 7820
247.78 8160
248.037 8500
248.357 8840
248.915 9180
250.544 6120
251.089 6460
251.308 6800
251.32 7140
251.508 7480
251.571 7820
251.583 8160
251.596 8500
251.84 8840
252.059 9180
252.204 6120
253.294 6460
253.5 6800
253.707 7140
253.757 7480
253.77 7820
253.782 8160
253.795 8500
253.845 5780
254.961 6120
255.167 6460
255.411 6800
255.424 7140
255.436 7480
255.455 7820
255.468 8160
256.051 8500
256.802 5780
257.347 6120
257.636 6460
257.648 6800
257.661 7140
257.673 7480
257.686 7820
258.187 8160
258.263 8500
260.944 8840
261.489 9180
261.502 9520
261.733 9860
262.04 10200
262.053 10540
262.116 10880
262.491 11220
262.604 11560
262.68 11900
262.743 12240
263.036 12580
263.162 12920
263.2 13260
263.225 13600
263.263 13940
263.313 14280
263.587 14620
263.682 14960
263.694 15300
263.72 15640
263.757 15980
263.783 16320
263.833 11220
264.955 11560
265.161 11900
265.229 12240
265.317 12580
265.33 12920
265.342 13260
265.355 13600
265.367 13940
265.437 14280
265.462 9860
266.039 10200
266.42 10540
266.439 10880
266.458 7480
267.009 7820
267.072 8160
267.085 8500
267.097 8840
267.11 9180
267.122 9520
267.516 9860
267.661 10200
268.093 10540
268.619 7140
269.164 7480
269.271 7820
269.29 5440
269.841 5780
269.885 6120
269.898 6460
270.073 6800
270.254 7140
270.267 7480
270.618 7820
273.35 8160
273.644 8500
273.895 8840
274.082 9180
274.208 9520
274.44 9860
274.633 10200
274.741 10540
274.816 10880
275.029 11220
275.216 7820
275.761 8160
275.9 8500
275.913 8840
276.081 9180
276.094 9520
276.106 9860
276.294 10200
276.645 10540
276.852 10880
277.365 7480
278.91 340
279 23460
279.013 23800
279.552 16660
280.678 340
280.806 8840
281.351 18700
281.896 19040
282.46 13260
283.718 340
283.815 3060
284.36 5100
284.905 3400
285.281 3740
285.488 4080
285.5 4420
285.513 4760
285.826 5100
288.552 5440
288.783 5780
288.878 3740
289.429 4080
289.661 4420
289.673 4760
289.848 5100
289.88 5440
289.987 5780
292.706 6120
293.144 6460
293.457 6800
293.527 7140
293.695 7480
294.002 7820
294.015 8160
294.078 8500
294.24 8840
294.297 9180
294.579 9520
294.785 9860
294.81 10200
294.867 10540
295.099 10880
295.137 11220
295.181 11560
295.349 7820
295.894 8160
295.989 8500
296.189 8840
296.201 9180
296.214 9520
296.227 9860
296.239 10200
296.458 10540
296.81 10880
297.085 11220
297.561 7820
298.106 8160
298.413 8500
298.426 8840
298.438 9180
298.451 9520
298.464 9860
298.476 10200
298.965 10540
299.034 7140
300.137 7480
300.187 7820
300.261 8160
300.286 8500
300.619 5780
301.709 6120
301.772 6460
301.784 6800
301.822 7140
301.835 7480
302.248 7820
302.448 8160
303.005 8500
303.35 5780
303.895 6120
304.003 6460
304.015 6800
304.028 7140
304.108 7480
304.434 7820
304.986 8160
305.186 8500
307.286 5780
307.831 6120
307.911 6460
307.923 6800
307.936 7140
307.949 7480
308.275 7820
308.287 8160
308.826 8500
309.058 5780
310.603 340
310.693 13940
310.706 14280
310.75 14620
311.251 10200
312.238 10540
312.328 10880
312.341 11220
312.416 11560
312.442 11900
312.461 12240
312.536 12580
312.65 12920
312.974 13260
313.138 13600
313.418 13940
313.563 9520
314.108 9860
314.222 10200
314.234 10540
314.247 10880
314.26 11220
314.272 11560
314.31 11900
314.597 12240
314.798 12580
314.937 12920
315.325 13260
315.488 13600
316.06 13940
316.162 9520
316.708 9860
316.985 10200
316.998 10540
317.01 10880
317.023 11220
317.035 11560
317.048 11900
317.111 12240
317.459 12580
317.637 12920
317.785 13260
318.157 13600
318.715 13940
319.203 9520
319.748 9860
319.836 10200
319.855 10540
319.868 10880
319.88 11220
319.893 11560
319.918 11900
320.274 12240
320.432 12580
320.536 12920
320.983 13260
321.097 13600
321.661 13940
323.746 14280
324.102 14620
324.354 14960
324.57 15300
324.773 15640
324.988 15980
325.224 16320
325.4 16660
325.501 17000
325.666 17340
325.788 17680
325.857 12240
326.402 12580
326.528 12920
326.541 13260
326.554 13600
326.566 13940
326.585 14280
326.598 14620
326.756 14960
326.865 15300
327.111 15640
327.212 15980
327.417 16320
327.669 16660
327.872 17000
328.233 17340
328.784 17680
329.698 12240
330.788 12580
330.994 12920
331.015 13260
331.034 13600
331.046 13940
331.059 14280
331.072 14620
331.084 14960
331.097 15300
331.109 15640
331.245 15980
331.629 10880
333.174 340
333.265 17000
333.81 17340
333.885 11900
334.55 12240
334.594 12580
334.657 12920
334.944 13260
334.994 13600
335.051 13940
335.108 14280
335.171 14620
335.265 14960
335.502 15300
335.571 10540
336.642 10880
336.655 11220
336.667 11560
336.749 11900
336.762 12240
336.774 12580
336.787 12920
336.894 13260
337.099 13600
337.2 13940
337.471 14280
337.764 14620
338.016 14960
338.574 15300
339.018 10540
340.108 10880
340.215 7480
340.754 7820
340.99 8160
341.009 8500
341.034 8840
341.047 9180
341.059 9520
341.16 9860
341.56 10200
341.768 10540
342.276 10880
343.246 7480
343.791 7820
343.904 8160
343.917 8500
343.93 8840
343.942 9180
343.955 9520
344.037 9860
344.462 10200
344.824 10540
345.14 10880
346.129 7480
347.219 7820
347.282 8160
347.332 8500
347.539 8840
347.569 9180
347.587 9520
347.613 9860
347.833 10200
348.278 10540
348.728 10880
348.923 7480
349.469 7820
349.768 8160
349.78 8500
349.793 8840
349.824 9180
349.919 9520
349.932 9860
350.226 10200
350.483 10540
350.946 10880
353.12 7480
354.21 7820
354.336 8160
354.355 8500
354.612 5780
355.702 6120
355.845 4080
356.378 4420
356.535 4760
356.548 5100
356.754 5440
356.805 5780
356.942 6120
359.505 4080
360.05 4420
360.119 4760
360.218 5100
360.231 5440
360.382 5780
360.664 6120
363.001 4080
363.546 4420
363.954 4760
363.973 5100
363.985 5440
364.078 5780
364.103 6120
366.829 6460
367.262 6800
367.605 7140
367.807 7480
367.819 7820
367.931 8160
368.157 8500
368.352 8840
368.365 9180
368.39 9520
368.489 9860
368.708 10200
368.897 10540
368.91 10880
368.922 11220
368.935 11560
368.96 11900
369.028 12240
369.253 12580
369.448 12920
369.461 13260
369.499 13600
369.549 13940
369.6 14280
369.804 14620
369.817 14960
370.006 15300
370.044 10540
371.134 10880
371.235 7480
371.774 7820
371.849 8160
371.985 8500
372.003 8840
372.016 9180
372.18 9520
372.193 9860
372.536 10200
372.788 10540
373.339 10880
374.19 7480
375.28 7820
375.494 5440
376.37 5780
376.383 6120
376.395 6460
376.585 6800
376.648 7140
376.903 7480
377.13 7820
377.498 5440
378.043 5780
378.289 6120
378.327 6460
378.34 6800
378.538 7140
378.551 7480
378.801 7820
381.526 8160
381.808 8500
382.071 8840
382.353 9180
382.372 6120
382.924 6460
383.161 6800
383.174 7140
383.207 7480
383.239 7820
383.251 8160
383.443 8500
383.688 8840
383.989 9180
386.72 9520
386.964 9860
387.265 10200
387.516 10540
387.535 10880
387.81 11220
387.88 11560
388.132 11900
388.362 12240
388.412 12580
388.618 12920
388.631 13260
388.708 9180
390.253 340
390.344 12240
390.908 8500
391.667 8840
391.686 9180
391.724 9520
391.774 9860
391.998 10200
392.124 10540
392.237 10880
392.53 11220
392.675 11560
392.871 11900
393.157 8160
394.222 8500
394.241 5780
395.312 6120
395.325 6460
395.337 6800
395.35 7140
395.445 7480
395.482 5100
396.034 5440
396.084 5780
396.097 6120
396.109 6460
396.128 6800
396.204 4760
397.288 5100
397.3 5440
397.313 5780
397.436 6120
397.486 6460
397.719 4420
398.264 4760
398.315 5100
398.327 5440
398.34 5780
398.532 6120
398.822 6460
