0.0 0
0.569875 3400
1.14284 3740
1.14914 4420
1.15545 5100
1.16175 5780
1.16805 6460
1.37121 6800
1.71852 7480
1.72483 8160
1.73113 8840
1.73743 9520
1.74374 10200
1.75004 10880
1.75635 11560
1.76265 12240
1.76895 12920
1.94689 13600
2.29421 14280
2.30051 14960
2.30681 15640
2.31312 16320
2.31942 17000
2.32573 17680
2.33203 18360
2.33833 19040
2.34464 19720
2.35094 20400
2.35725 21080
2.36355 21760
2.36985 22440
2.37616 23120
2.38246 23800
2.38877 24480
2.39507 25160
2.40137 25840
2.52257 26520
2.52888 27200
2.86989 27880
2.87619 28560
2.88565 28900
2.8951 20060
4.48024 340
4.62531 20400
5.2199 14280
5.9721 14620
5.99416 14960
6.01307 15300
6.02568 10540
7.16444 10880
7.17074 11220
7.17705 11560
7.18335 11900
7.21802 12240
7.49427 12580
7.50372 12920
7.51003 13260
7.51633 13600
7.58252 13940
7.71176 14280
8.12984 14620
8.34418 14960
8.86943 15300
9.83483 10540
10.4074 10880
10.4546 11220
10.4609 11560
10.4672 11900
10.4735 12240
10.4862 12580
10.4925 12920
10.5492 13260
10.8627 13600
10.9515 13940
11.0366 9520
11.6123 9860
11.6533 10200
11.6722 10540
11.6911 10880
11.7226 11220
11.7605 11560
12.0077 11900
12.0934 12240
12.2416 12580
12.3456 12920
12.7006 13260
12.8771 13600
13.4119 13940
13.8142 9520
14.3867 9860
14.4624 10200
14.4718 10540
14.4813 10880
14.5159 11220
14.538 11560
14.5916 11900
14.6609 12240
14.8798 12580
15.1263 12920
15.1925 8840
16.7524 340
16.8975 2380
17.47 5440
18.0425 25160
18.6245 17340
19.8736 17680
19.8831 12240
21.4461 340
21.5912 34680
22.1732 24140
23.0609 24480
23.0704 24820
23.083 25160
23.0893 25500
23.0956 25840
23.1019 26180
23.1082 26520
23.1145 26860
23.1208 27200
23.1523 27540
23.2154 27880
23.3119 28220
23.3939 28560
23.4948 28900
23.5137 20060
24.1776 20400
24.1902 20740
24.2091 21080
24.228 21420
24.247 21760
24.2722 22100
24.3037 22440
24.3289 22780
24.3667 23120
24.4077 23460
24.457 23800
24.4885 16660
26.0748 340
26.2199 15640
26.7924 15980
27.3744 10880
28.0919 11220
28.0982 11560
28.1045 11900
28.1108 12240
28.1171 12580
28.1297 8500
28.7149 8840
28.7432 9180
28.7495 9520
28.7558 9860
29.0888 10200
29.0951 10540
29.1046 10880
29.1109 11220
29.1928 11560
29.2244 7820
29.8095 8160
29.8347 8500
29.8473 8840
29.8883 9180
30.237 9520
30.2591 9860
30.2843 10200
30.3379 10540
30.6923 10880
30.8758 11220
31.046 11560
33.6785 11900
33.8078 8160
34.3803 8500
34.4402 8840
34.4496 9180
34.4591 9520
34.4906 9860
34.4969 10200
34.7001 10540
34.7095 7140
35.2852 7480
35.4276 7820
35.4339 8160
35.4403 8500
35.4529 8840
35.4592 9180
35.4655 9520
35.8451 9860
36.0002 10200
36.4177 10540
36.4303 7140
37.0028 7480
37.1641 7820
37.1705 8160
37.1768 8500
37.1862 8840
37.224 9180
37.569 9520
37.7367 9860
37.7745 6800
38.3502 7140
38.3786 7480
38.3912 7820
38.4227 8160
38.5046 8500
38.733 8840
38.9133 6120
39.4858 6460
39.5331 6800
39.5457 7140
39.5772 7480
39.6497 7820
40.0331 8160
40.1813 8500
40.7034 5780
41.279 6120
41.3043 6460
41.3106 6800
41.3263 7140
41.3358 7480
41.3452 5100
41.9209 5440
41.9619 5780
42.1524 6120
42.1587 6460
42.3327 6800
42.4556 7140
42.9115 7480
45.2836 7820
45.7679 8160
45.8845 8500
46.1665 8840
46.3467 9180
46.4066 9520
46.5421 9860
46.9129 10200
46.9854 10540
47.0737 10880
47.3052 11220
47.4855 11560
47.4918 11900
47.558 12240
47.6084 8500
48.7535 8840
48.7881 9180
48.7944 9520
48.807 9860
48.8323 10200
48.8417 10540
49.0543 10880
49.2819 11220
49.6016 11560
49.8702 11900
50.4458 12240
50.7467 8500
51.3192 8840
51.5121 9180
51.5594 9520
51.5688 9860
51.5814 10200
51.5941 10540
51.613 10880
51.6508 7480
52.2233 7820
52.4611 8160
52.4675 8500
52.6572 8840
52.6635 9180
52.7076 9520
52.7139 9860
53.04 10200
53.2864 7140
53.859 7480
53.9094 7820
53.9157 8160
53.9409 8500
54.1472 8840
54.185 9180
54.4252 9520
54.7607 9860
55.2986 6800
55.8711 7140
56.1428 7480
56.1491 7820
56.1554 8160
56.1617 8500
56.2027 8840
56.209 9180
56.7784 9520
57.3036 6460
58.8761 340
59.0212 15640
59.0275 15980
59.5969 10880
60.2703 11220
60.2766 11560
60.2829 11900
60.2892 12240
60.2955 12580
60.3018 12920
60.327 13260
60.742 13600
60.8113 9520
61.9564 9860
61.9973 10200
62.0036 10540
62.0099 10880
62.0162 11220
62.0225 11560
62.1753 11900
62.5226 12240
62.614 12580
62.8839 12920
63.1897 13260
63.6803 9180
64.8253 9520
64.9104 9860
64.9199 10200
64.9388 7140
65.5113 7480
65.6199 7820
65.7528 8160
65.901 8500
65.9641 8840
65.9704 9180
65.9767 9520
66.0586 9860
66.1924 6800
66.765 7140
67.1123 7480
67.1186 7820
67.1249 8160
67.1312 8500
67.2037 8840
67.21 9180
67.688 9520
67.7983 6460
68.3708 6800
68.8425 7140
68.8519 7480
68.8583 7820
68.8646 8160
68.8709 8500
68.9244 8840
69.4182 9180
69.5096 9520
69.5253 6460
70.1042 6800
70.5885 7140
70.5948 7480
70.6011 7820
70.6074 8160
70.6452 8500
70.6578 8840
71.1704 9180
71.7524 9520
73.7614 9860
74.0615 10200
74.3371 10540
74.5403 10880
74.675 11220
75.116 11560
75.2065 11900
75.2696 12240
75.6885 12580
75.7696 12920
75.7822 13260
75.8137 13600
75.8421 13940
76.0547 14280
76.0642 9860
77.2124 10200
77.4155 10540
77.5156 10880
77.5282 11220
77.5345 11560
77.5408 11900
77.5471 12240
77.5534 12580
77.7755 12920
78.0881 13260
78.1543 13600
78.6701 13940
79.2458 14280
81.2233 14620
81.539 14960
81.7989 15300
82.0115 15640
82.1557 15980
82.5841 16320
82.6873 16660
82.7566 17000
82.9472 17340
83.1566 17680
83.2629 18020
83.2913 18360
83.3008 12580
84.449 12920
84.5026 13260
84.5089 13600
84.5152 13940
84.6647 14280
84.671 14620
84.6774 14960
84.6868 15300
84.89 15640
85.0184 15980
85.2373 16320
85.4467 16660
85.5751 17000
85.6634 17340
86.0224 17680
86.1792 18020
86.7612 18360
88.3251 12580
88.8977 12920
89.0324 13260
89.0418 13600
89.0481 13940
89.0545 14280
89.0954 14620
89.1017 14960
89.108 15300
89.1143 15640
89.1206 15980
89.2513 16320
89.4765 16660
89.6837 11560
90.2563 11900
90.4184 12240
90.4247 12580
90.431 12920
90.4373 13260
90.6121 13600
90.6184 13940
90.6247 14280
90.7531 14620
90.8162 14960
91.1847 15300
91.3288 15640
91.5666 15980
91.7666 10880
92.3392 11220
92.5054 11560
92.5117 11900
92.5338 12240
92.5401 12580
92.5464 12920
92.5527 13260
92.559 13600
92.9054 13940
93.0779 14280
93.1504 14620
93.4811 14960
93.7135 10200
94.286 10540
94.4608 10880
94.6356 11220
94.6419 11560
94.6482 11900
94.7955 12240
94.8018 12580
94.8081 12920
94.8144 13260
94.8397 13600
95.2365 13940
95.4248 14280
95.609 9860
96.1816 10200
96.5131 10540
96.5194 10880
96.5257 11220
96.532 11560
96.5383 11900
96.5446 12240
96.5509 12580
96.7604 12920
97.1203 13260
97.1771 9180
97.7527 9520
98.2465 9860
98.2528 10200
98.2591 10540
98.2654 10880
98.2717 11220
98.278 11560
98.2843 11900
98.3284 12240
98.8474 12580
98.9293 12920
99.4861 13260
101.697 13600
102.276 9520
102.811 340
102.849 14620
102.89 14960
102.896 15300
102.902 15640
102.909 15980
102.915 16320
102.921 16660
102.94 17000
103.428 11900
104 12240
104.057 12580
104.082 12920
104.107 8840
104.68 9180
104.721 9520
104.727 9860
104.733 10200
104.74 10540
104.759 10880
105.142 11220
105.215 11560
105.328 11900
105.787 12240
105.901 12580
106.483 12920
107.517 8840
108.09 9180
108.188 9520
108.197 9860
108.203 10200
108.21 10540
108.216 10880
108.222 11220
108.584 11560
108.76 11900
109.026 12240
109.333 12580
109.741 12920
111.135 8840
112.28 9180
112.78 6120
113.353 6460
113.391 6800
113.397 7140
113.403 7480
113.41 7820
113.838 8160
113.929 8500
113.966 8840
114.407 9180
115.734 6120
116.88 6460
117.083 6800
117.408 7140
117.414 7480
117.421 7820
117.427 8160
117.433 8500
117.443 8840
117.984 9180
120.53 9520
120.856 9860
121.103 10200
121.431 10540
121.45 10880
121.676 11220
122.007 11560
122.013 11900
122.02 12240
122.07 12580
122.467 12920
122.595 13260
122.621 13600
122.646 13940
122.833 14280
122.84 14620
123.158 14960
123.171 15300
123.19 15640
123.203 15980
123.221 16320
123.247 16660
123.412 17000
123.615 17340
123.731 17680
123.737 18020
123.744 18360
123.756 18700
123.769 19040
123.788 19380
123.8 19720
123.819 20060
123.838 20400
123.978 20740
123.997 21080
124.191 21420
124.304 21760
124.31 22100
124.322 22440
124.329 22780
124.341 23120
124.354 23460
124.367 23800
124.385 24140
124.398 24480
124.411 24820
124.43 25160
124.442 25500
124.56 25840
124.573 26180
124.585 26520
124.876 26860
124.882 27200
124.895 27540
124.901 27880
124.914 28220
124.92 28560
124.933 28900
124.952 20060
125.546 20400
125.609 20740
125.616 21080
125.622 21420
125.628 21760
125.635 22100
125.702 22440
125.708 22780
125.715 23120
125.721 23460
125.912 23800
126.053 24140
126.1 24480
126.198 24820
126.275 17340
126.847 17680
127.172 18020
127.179 18360
127.185 18700
127.191 19040
127.198 19380
127.204 19720
127.21 20060
127.217 20400
127.223 20740
127.229 21080
127.273 21420
127.748 21760
127.761 22100
127.811 22440
127.881 22780
128.202 23120
128.368 23460
128.431 23800
128.777 24140
128.975 24480
129.554 24820
130.237 17340
130.809 17680
131.227 18020
131.234 18360
131.24 18700
131.246 19040
131.256 19380
131.262 19720
131.268 20060
131.275 20400
131.281 20740
131.287 21080
131.294 21420
131.3 21760
131.306 22100
131.803 22440
131.809 22780
131.885 23120
131.986 23460
132.398 16320
133.543 16660
133.615 11560
134.688 11900
134.697 8160
135.273 8500
135.418 8840
135.427 9180
135.434 9520
135.44 9860
135.446 10200
135.637 10540
135.817 10880
135.823 11220
136.009 11560
136.39 11900
136.601 8160
137.173 8500
137.551 8840
137.557 9180
137.563 9520
137.569 9860
137.576 10200
137.582 10540
137.711 10880
137.952 11220
138.287 11560
138.711 11900
141.005 12240
141.024 8500
141.612 8840
141.728 9180
141.735 9520
141.744 9860
141.751 10200
141.757 10540
141.763 10880
142.153 11220
142.159 11560
142.348 11900
142.76 12240
144.06 8500
144.632 8840
145.028 9180
145.034 9520
145.041 9860
145.047 10200
145.053 10540
145.06 10880
145.066 11220
145.176 11560
145.604 11900
145.749 8160
146.321 8500
146.752 8840
146.758 9180
146.765 9520
146.771 9860
146.777 10200
146.784 10540
146.809 10880
147.1 11220
147.41 11560
147.948 11900
148.818 8160
149.39 8500
149.649 8840
149.656 9180
149.662 9520
149.668 9860
149.675 10200
149.681 10540
149.687 10880
150.169 11220
150.539 11560
150.842 11900
152.581 8160
153.154 8500
153.407 8840
153.607 9180
153.663 9520
153.676 9860
153.682 10200
153.689 10540
153.695 10880
153.701 11220
153.93 11560
154.249 11900
155.397 8160
155.969 8500
156.007 8840
156.013 9180
156.02 9520
156.026 9860
156.032 10200
156.223 10540
156.276 10880
156.611 11220
157.055 11560
157.193 7820
158.769 340
158.914 17680
159.493 12240
160.059 12580
160.081 8500
160.805 8840
160.811 9180
160.817 9520
160.824 9860
160.83 10200
161.052 10540
161.204 10880
161.308 11220
161.384 11560
161.625 11900
161.922 8160
162.494 8500
162.535 8840
162.541 9180
162.56 9520
162.782 9860
163.004 10200
163.045 10540
163.342 10880
163.576 11220
163.649 11560
164.227 11900
164.844 8160
165.989 8500
166.192 8840
166.445 9180
166.464 9520
166.47 9860
166.477 10200
166.486 10540
166.492 10880
166.499 11220
167.036 11560
167.612 11900
169.85 12240
170.206 12580
170.425 12920
170.494 8840
171.066 9180
171.107 9520
171.114 9860
171.12 10200
171.126 10540
171.148 10880
171.351 11220
171.358 11560
171.639 11900
171.927 12240
172.252 12580
172.725 12920
174.005 8840
174.577 9180
174.805 9520
174.812 9860
174.818 10200
174.824 10540
175.018 10880
175.024 11220
175.065 11560
175.08 11900
175.353 12240
175.4 12580
175.976 12920
176.536 8840
177.108 9180
177.318 9520
177.324 9860
177.358 10200
177.377 7140
177.949 7480
178.015 7820
178.219 8160
178.247 8500
178.253 8840
178.456 9180
178.466 9520
178.506 9860
179.038 10200
179.601 7140
180.747 7480
180.781 5100
181.351 5440
181.46 5780
181.682 6120
181.692 6460
181.698 6800
181.898 7140
182.264 7480
184.764 7820
185.117 8160
185.339 8500
185.69 8840
185.696 9180
186.053 9520
186.262 9860
186.275 10200
186.488 10540
186.625 10880
186.638 7480
187.989 7820
188.012 8160
188.018 8500
188.024 8840
188.205 9180
188.249 9520
188.603 9860
188.828 10200
189.353 10540
189.929 10880
189.961 7480
190.533 7820
190.655 8160
190.865 8500
190.884 8840
190.89 9180
190.896 9520
191.084 9860
191.456 10200
191.666 10540
192.244 10880
192.817 7480
193.39 7820
193.731 8160
193.737 8500
193.753 8840
193.759 9180
193.765 9520
193.771 9860
194.306 10200
194.519 10540
194.923 10880
197.181 11220
197.757 11560
197.763 11900
197.967 12240
198.195 12580
198.339 12920
198.542 13260
198.555 9180
199.131 9520
199.494 9860
199.5 10200
199.506 10540
199.513 10880
199.519 11220
199.525 11560
199.531 11900
199.706 12240
200.101 12580
200.645 12920
200.845 13260
202.372 9180
203.945 340
204.09 19040
204.096 19380
204.669 19720
204.716 13600
205.741 340
205.883 13260
205.889 13600
205.896 13940
205.902 14280
205.965 14620
206.462 10200
207.034 10540
207.078 10880
207.085 11220
207.091 11560
207.129 11900
207.154 8160
207.739 8500
207.774 8840
207.793 9180
207.834 9520
207.859 9860
208.179 6800
208.818 7140
208.831 7480
208.843 7820
208.868 8160
208.925 8500
209.004 8840
209.422 9180
209.583 9520
210.105 9860
210.718 6800
211.291 7140
211.621 7480
211.684 7820
211.693 8160
211.703 8500
211.709 8840
211.741 9180
211.848 6120
212.423 6460
212.772 6800
212.832 7140
212.838 7480
212.845 7820
212.851 8160
212.914 8500
213.405 8840
213.493 9180
215.239 6120
215.811 6460
215.849 6800
215.855 7140
215.862 7480
215.868 7820
216.068 8160
216.267 8500
216.34 8840
216.846 9180
217.45 6120
218.023 6460
218.054 6800
218.061 7140
218.067 7480
218.073 7820
218.139 8160
218.561 8500
218.712 8840
219.25 9180
219.788 6120
220.36 6460
220.392 6800
220.398 7140
220.404 7480
220.448 7820
220.857 8160
220.895 8500
221.423 8840
221.559 9180
224.115 9520
224.317 9860
224.691 10200
224.868 10540
224.943 10880
225.263 11220
225.444 11560
225.516 11900
225.636 8160
226.781 8500
226.984 8840
227.186 9180
227.193 9520
227.208 9860
227.24 10200
227.246 10540
227.278 10880
227.762 11220
227.866 11560
228.439 11900
229.489 8160
231.062 340
231.207 11220
231.779 11560
231.864 11900
232.352 8160
232.728 8500
232.965 8840
232.972 9180
232.978 9520
232.984 9860
232.997 10200
233.022 10540
233.307 10880
233.61 11220
234.083 11560
234.658 11900
235.916 8160
236.489 8500
236.545 8840
236.742 9180
236.752 9520
236.958 9860
236.989 10200
236.995 10540
237.001 10880
237.014 11220
237.318 11560
237.577 11900
239.295 8160
240.908 340
241.053 8160
241.626 8500
241.695 5780
242.346 6120
242.793 6460
242.799 6800
242.805 7140
242.812 7480
242.818 7820
242.824 8160
243.372 8500
243.976 5780
244.551 6120
244.58 6460
244.586 6800
244.592 7140
244.599 7480
244.865 7820
245.092 8160
245.437 8500
245.75 5780
246.323 6120
246.351 6460
246.357 6800
246.364 7140
246.37 7480
246.795 7820
246.889 8160
247.449 8500
248.015 5780
248.587 6120
248.616 6460
248.622 6800
248.641 7140
248.688 4760
249.827 5100
249.837 3400
250.972 3740
250.978 4080
250.985 4420
250.991 4760
251.397 5100
254.073 3400
254.645 3740
254.86 4080
254.885 4420
254.917 4760
254.945 3060
255.515 3400
255.543 3740
255.556 4080
255.562 4420
255.997 4760
258.859 5100
258.956 5440
259.01 3740
259.582 4080
259.607 4420
259.801 4760
260.007 5100
260.014 5440
260.048 3740
260.62 4080
260.68 4420
260.705 4760
260.712 5100
261.152 5440
263.812 5780
264.055 6120
264.391 6460
264.594 6800
264.688 7140
264.957 7480
264.97 7820
265.176 5440
266.115 5780
266.121 6120
266.312 6460
266.321 6800
266.352 7140
266.405 7480
266.894 5100
267.466 5440
267.557 5780
267.563 6120
267.569 6460
267.585 6800
267.826 7140
268.136 7480
270.895 7820
271.277 8160
271.471 8500
271.646 8840
271.849 9180
271.862 6120
272.435 6460
272.735 6800
272.744 7140
272.776 4760
273.921 5100
274.124 5440
274.149 5780
274.155 6120
274.455 6460
274.462 6800
274.7 7140
275.626 4760
276.198 5100
276.446 5440
276.452 5780
276.458 6120
276.752 6460
276.761 6800
276.977 7140
279.624 7480
279.906 5100
280.478 5440
280.782 5780
280.791 6120
280.797 6460
280.994 6800
281.042 7140
281.357 7480
282.772 5100
283.344 5440
283.657 5780
283.663 6120
283.676 6460
283.86 6800
283.907 7140
284.233 7480
285.062 5100
285.634 5440
285.956 5780
285.963 6120
285.969 6460
285.975 6800
286.153 7140
286.532 7480
287.114 5100
287.687 5440
287.712 5780
287.874 6120
287.88 6460
287.921 6800
288.131 7140
288.447 7480
291.138 7820
291.585 8160
291.713 8500
291.894 8840
292.157 9180
292.295 9520
292.308 9860
292.467 10200
292.492 7140
293.065 7480
293.309 7820
293.315 8160
293.444 8500
293.45 8840
293.456 9180
293.462 9520
293.615 9860
293.888 6800
295.46 340
295.605 14620
295.749 14960
295.756 15300
295.762 15640
295.768 15980
295.912 16320
295.921 16660
295.93 17000
296.187 11900
296.753 12240
296.807 8500
297.38 8840
297.411 6120
297.984 6460
298.049 6800
298.055 7140
298.062 7480
298.071 7820
298.211 8160
298.236 5440
299.369 5780
299.381 3740
300.941 340
301.086 29240
301.093 29580
301.099 29920
301.105 30260
301.487 30600
301.662 21080
302.738 340
302.883 32980
303.455 33320
303.506 33660
303.578 23460
304.786 23800
304.793 24140
304.799 24480
304.805 24820
304.812 25160
304.818 25500
304.824 25840
304.834 26180
304.843 18020
305.998 18360
306.004 18700
306.01 19040
306.017 19380
306.067 19720
306.073 20060
306.08 20400
306.086 20740
306.092 21080
306.098 21420
306.105 21760
306.111 22100
306.318 22440
306.403 22780
306.51 23120
306.674 23460
306.928 23800
307.077 24140
307.234 24480
307.485 24820
307.649 25160
307.728 17340
308.86 17680
308.867 18020
308.873 18360
308.977 18700
308.983 19040
308.99 19380
308.996 19720
309.005 20060
309.012 20400
309.021 20740
309.209 21080
309.259 21420
309.335 21760
309.43 22100
309.622 22440
309.826 15640
310.971 15980
311.04 10880
312.116 11220
312.122 11560
312.128 11900
312.185 12240
312.264 12580
312.27 12920
312.277 13260
312.283 13600
312.295 13940
312.422 14280
312.764 14620
312.985 14960
313.21 15300
313.557 15640
314 15980
315.35 10880
316.495 11220
316.699 11560
316.718 11900
316.728 12240
316.778 12580
316.851 12920
316.86 13260
316.869 13600
316.876 13940
316.882 14280
317.002 14620
317.274 14960
317.436 10200
318.008 10540
318.055 10880
318.147 11220
318.153 11560
318.166 11900
318.175 12240
318.2 12580
318.423 12920
318.445 8840
319.018 9180
319.207 9520
319.295 9860
319.301 10200
319.308 10540
319.314 10880
319.32 11220
319.568 11560
319.593 11900
319.896 12240
320.352 12580
320.745 12920
321.864 8840
322.437 9180
322.655 9520
322.737 9860
322.743 10200
322.749 10540
322.759 10880
322.765 11220
322.771 11560
322.803 7820
323.375 8160
323.885 8500
323.891 8840
323.897 9180
323.904 9520
323.91 9860
323.916 10200
323.923 10540
323.929 10880
324.46 11220
325.036 11560
325.112 7820
325.687 8160
326.194 8500
326.2 8840
326.206 9180
326.213 9520
326.219 9860
326.225 10200
326.232 10540
326.263 10880
326.795 7480
327.367 7820
327.402 8160
327.408 8500
327.415 8840
327.421 9180
327.637 9520
327.94 6460
328.512 6800
328.569 7140
328.575 7480
328.582 7820
328.785 8160
329.066 8500
329.088 8840
329.642 9180
329.939 6120
330.512 6460
330.815 6800
330.865 7140
330.878 7480
330.884 7820
330.891 8160
330.897 8500
331.438 8840
331.654 9180
332.643 6120
333.216 6460
333.731 6800
333.738 7140
333.744 7480
333.757 7820
333.763 8160
333.769 8500
333.779 8840
334.307 9180
334.886 6120
335.376 340
335.458 680
336.031 8840
336.613 6120
337.236 6460
337.248 4420
338.381 4760
338.39 3060
339.526 3400
339.532 3740
339.539 4080
339.57 4420
340.045 4760
341.469 3060
342.041 3400
342.351 3740
342.36 4080
342.37 4420
342.417 4760
345.22 5100
345.686 5440
345.799 5780
346.049 6120
346.265 6460
346.371 6800
346.377 7140
346.622 7480
346.628 7820
346.831 8160
346.844 8500
346.95 8840
346.969 9180
347.194 9520
347.2 9860
347.207 10200
347.41 7140
347.982 7480
348.117 7820
348.127 8160
348.133 8500
348.139 8840
348.342 9180
348.702 9520
348.924 9860
349.494 6800
350.066 7140
350.276 7480
350.407 7820
350.42 8160
350.426 8500
350.432 8840
350.439 9180
350.98 9520
351.552 9860
352.751 6800
353.323 7140
353.517 7480
353.72 7820
353.849 8160
353.855 8500
353.864 8840
353.871 9180
353.877 9520
354.296 9860
356.959 10200
357.287 10540
357.531 10880
357.741 11220
357.888 11560
358.104 11900
358.316 12240
358.435 12580
358.492 12920
358.686 13260
359.011 13600
359.03 9520
360.606 340
360.751 17680
361.339 12240
361.949 12580
361.959 8500
362.56 8840
362.572 6120
363.145 6460
363.201 4420
363.765 4760
363.79 3060
364.787 3400
364.796 3740
364.809 4080
364.847 4420
365.375 4760
367.656 5100
368.001 5440
368.204 5780
368.25 6120
368.573 6460
368.579 6800
368.783 7140
368.813 7480
368.936 7820
369.355 8160
369.392 8500
369.427 8840
369.49 9180
369.718 9520
369.934 9860
369.952 10200
369.98 10540
370.009 10880
370.034 11220
370.081 11560
370.297 11900
370.5 12240
370.513 12580
370.525 12920
370.537 13260
370.553 13600
370.575 13940
370.591 14280
370.619 14620
370.66 14960
370.87 15300
370.876 15640
371.079 15980
371.089 16320
371.1 16660
371.107 17000
371.113 17340
371.126 17680
371.138 18020
371.157 18360
371.173 18700
371.195 19040
371.233 19380
371.442 19720
371.448 20060
371.461 13940
373.04 340
373.185 19040
373.767 13260
374.51 13600
374.532 13940
374.551 14280
374.576 14620
374.595 14960
374.823 15300
374.937 15640
374.994 15980
375.063 16320
375.129 16660
375.396 17000
375.516 17340
375.623 17680
375.721 18020
375.981 12580
377.113 12920
377.123 8840
378.261 9180
378.268 9520
378.274 9860
378.429 10200
378.435 10540
378.442 10880
378.451 11220
378.461 11560
378.593 7820
379.169 8160
379.207 8500
379.213 8840
379.219 9180
379.225 9520
379.41 9860
379.416 10200
379.432 10540
379.634 10880
379.748 7480
380.323 7820
380.383 8160
380.555 8500
380.561 8840
380.567 9180
380.58 9520
380.586 9860
380.726 10200
380.962 10540
381.304 10880
381.915 7480
382.487 7820
382.531 8160
382.541 8500
382.547 8840
382.553 9180
382.56 9520
382.61 6460
383.186 6800
383.424 7140
383.43 7480
383.436 7820
383.443 8160
383.449 8500
383.455 8840
383.676 6120
384.777 6460
384.784 6800
384.847 4760
385.394 5100
385.441 5440
385.448 5780
385.457 6120
385.682 6460
385.904 6800
386.312 4760
386.887 5100
386.906 5440
386.912 5780
386.919 6120
387.042 6460
387.4 6800
389.199 4760
389.772 5100
389.797 5440
389.889 5780
389.899 6120
389.93 6460
390.297 6800
390.898 4760
392.021 5100
392.027 5440
392.04 5780
392.072 6120
392.186 6460
392.553 6800
393.331 4760
393.903 5100
393.928 5440
393.935 5780
393.941 6120
394.064 6460
394.336 4420
395.478 4760
395.485 5100
395.646 5440
395.652 5780
395.659 6120
395.988 6460
398.851 6800
399.081 7140
399.423 7480
399.499 7820
399.67 8160
399.996 8500
400.002 8840
400.059 9180
