0.0 0
0.105014 3400
0.216204 3740
0.228812 4420
0.24142 5100
0.254028 5780
0.266636 6460
0.32653 7140
0.339138 7820
0.351746 8500
0.364354 9180
0.376962 9860
0.38957 10540
0.402178 11220
0.414786 11900
0.427394 12580
0.440002 13260
0.45261 13940
0.465218 14620
0.477826 15300
0.490434 15980
0.503042 16660
0.51565 17340
0.528258 18020
0.540866 18700
0.553474 19380
0.566082 20060
0.57869 20740
0.591298 21420
0.603906 22100
0.616514 22780
0.629122 23460
0.64173 24140
0.654338 24820
0.666946 25500
0.679554 26180
0.70477 27540
0.717378 28220
0.729986 28900
0.742594 29580
0.755202 30260
0.76781 30940
0.780418 31620
0.793026 32300
0.805634 32980
0.818242 33660
0.83085 34340
0.843458 35020
0.856066 35700
0.868674 36380
0.881282 37060
0.89389 37740
0.906498 38420
0.919106 39100
0.931714 39780
0.944322 40460
0.95693 41140
0.969538 41820
0.982146 42500
0.994754 43180
1.00736 43860
1.03258 30600
2.83949 340
2.89856 14960
3.35875 22440
3.51005 22780
3.92611 23120
4.0585 23460
4.39891 23800
4.65738 16660
5.24365 17000
5.26256 17340
5.27517 17680
5.28778 18020
5.30039 18360
5.31299 18700
5.3256 19040
5.38864 13260
6.85747 13600
6.87639 9520
8.29875 340
8.45869 61540
8.72346 42840
10.0639 340
10.2679 680
10.5642 1020
10.5705 1360
10.6746 1700
10.6809 2040
10.6872 2380
10.6935 2720
10.7849 3060
10.7912 3400
10.7975 3740
10.8038 4080
10.8101 4420
10.8164 4760
10.8227 5100
10.829 5440
10.8952 5780
10.9015 6120
10.9078 6460
10.9141 6800
10.9204 7140
10.9267 7480
10.933 7820
10.9393 8160
10.9456 8500
10.9519 8840
11.9519 340
12.0623 2040
12.1726 4080
12.2829 9180
12.3932 9520
12.3995 9860
12.4059 10200
12.4122 10540
12.5256 10880
12.6013 11220
12.803 11560
12.8534 11900
12.9039 12240
13.1245 12580
13.2254 12920
13.3262 8840
14.0386 9180
14.0575 6120
14.6753 6460
14.6942 4420
14.9968 4760
15.022 5100
15.0409 3400
15.3246 3740
15.3435 4080
15.3561 4420
15.4759 3060
15.7407 3400
15.7533 3740
15.8163 4080
16.1693 4420
16.2639 3060
16.5224 3400
16.535 3740
16.598 4080
16.9447 4420
19.6807 3060
19.9139 3400
19.9265 3740
19.9896 4080
20.3489 4420
22.7066 3060
22.902 3400
22.9146 3740
22.9777 4080
23.1794 2720
23.3874 3060
23.4 3400
23.4631 3740
23.8098 4080
23.917 2720
24.0935 3060
24.1061 3400
24.1691 3740
24.5158 4080
27.2329 4420
27.5859 4760
27.8317 5100
28.0272 3400
28.1911 3740
28.2037 4080
28.2163 4420
28.4054 3060
28.563 3400
28.5756 3740
28.6387 4080
28.8845 2720
29.0295 3060
29.0421 3400
29.1051 3740
29.1304 2380
29.2627 2720
29.2817 3060
29.2943 3400
29.6851 3740
30.0444 2380
30.1705 2720
30.1926 3060
30.243 3400
30.5992 3740
30.637 2380
30.8482 2720
30.8608 3060
30.9239 3400
31.2737 3740
31.9168 2380
32.0428 2720
32.0775 3060
32.1153 3400
32.544 2380
32.6544 2720
32.7584 3060
33.1461 3400
34.4227 2380
34.533 2720
34.6812 3060
35.0185 3400
35.2076 2380
35.3179 2720
35.5008 3060
35.838 3400
36.128 2380
36.2384 2720
36.4212 3060
36.7585 3400
37.2628 2380
37.3731 2720
37.5623 3060
37.8996 3400
38.593 2380
38.7034 2720
38.8452 3060
38.924 2040
39.0343 2380
39.1825 2720
39.5261 3060
41.5435 2040
41.6538 2380
41.7452 2720
41.9658 1700
42.1865 2040
42.322 2380
42.6719 2720
43.7153 1700
43.8256 2040
43.9801 2380
44.3174 2720
45.1401 1700
45.2504 2040
45.4332 2380
45.6003 1360
45.8209 1700
46.0353 2040
46.3789 2380
49.033 2720
49.3766 3060
49.6351 3400
49.7139 2380
49.8242 2720
49.9723 3060
50.3096 3400
51.6115 2380
51.7218 2720
51.892 3060
52.2293 3400
52.3522 2380
52.4626 2720
52.6233 3060
52.9606 3400
53.7203 2380
53.8306 2720
53.9977 3060
54.3349 3400
56.1159 2380
56.2262 2720
56.3712 3060
56.7716 3400
58.4233 2380
58.5336 2720
58.5588 3060
59.0726 3400
59.7062 2380
59.8165 2720
60.012 3060
60.3493 3400
60.9639 2380
61.0743 2720
61.2697 3060
61.607 3400
62.5337 2380
62.7544 2720
62.8899 3060
63.2461 3400
65.5787 2380
65.7993 2720
65.9822 3060
66.3195 3400
66.7198 2380
66.8301 2720
67.0192 3060
67.3565 3400
67.5047 2380
67.7253 2720
67.9144 3060
68.2517 3400
68.5165 2380
68.7372 2720
68.9326 3060
68.9767 2040
69.087 2380
69.1848 2720
69.6576 1700
69.7679 2040
69.9823 2380
70.3195 2720
72.9957 3060
73.333 3400
73.5726 3740
73.7995 4080
73.9351 4420
74.0769 4760
74.2534 5100
74.3039 3400
74.4142 3740
74.4804 4080
74.7074 4420
74.9343 4760
75.2779 5100
75.3031 3400
75.4197 3740
75.5049 4080
75.6782 4420
75.9178 4760
76.274 5100
76.7437 3400
76.854 3740
76.917 4080
77.1188 4420
77.3646 4760
77.7082 5100
78.5246 3400
78.7453 3740
78.8052 4080
78.8619 2720
78.9722 3060
79.0573 3400
79.3158 3740
79.6594 4080
82.3734 4420
82.7233 4760
82.9376 3060
83.048 3400
83.1016 3740
83.3285 4080
83.4641 2720
83.5744 3060
83.6059 3400
83.9054 3740
84.2426 2380
84.353 2720
84.457 3060
84.6902 3400
84.7407 2380
84.851 2720
85.0338 3060
85.3711 3400
86.1875 2380
86.4082 2720
86.5563 3060
86.7959 2040
86.9062 2380
87.0827 2720
87.4263 3060
88.2238 2040
88.3342 2380
88.476 2720
88.8196 3060
89.6108 2040
89.7211 2380
89.9102 2720
90.2538 3060
91.8047 2040
91.915 2380
92.0632 2720
92.4067 3060
95.1334 3400
95.477 3740
95.7165 4080
95.9309 2720
96.0412 3060
96.1452 3400
96.3722 3740
96.7221 4080
97.0058 2720
97.2264 3060
97.3178 3400
97.5574 3740
97.9609 4080
99.1209 2720
99.2312 3060
99.2627 3400
99.5748 3740
99.9121 4080
100.312 2720
100.423 3060
100.508 3400
100.76 3740
101.116 4080
101.182 2720
101.293 3060
101.409 3400
101.636 3740
101.974 4080
102.226 2720
102.336 3060
102.421 3400
102.673 3740
103.023 4080
103.691 2720
103.802 3060
103.9 3400
104.139 3740
104.423 2380
104.533 2720
104.618 3060
104.87 3400
105.214 3740
106.409 2380
106.629 2720
106.74 3060
106.967 3400
107.31 3740
110.075 4080
110.418 4420
110.645 4760
110.831 5100
110.995 5440
111.143 5780
111.272 6120
111.383 6460
111.499 6800
111.6 7140
111.689 7480
111.78 7820
111.868 8160
111.944 8500
112.019 8840
112.095 9180
112.158 9520
112.234 9860
112.297 10200
112.36 10540
112.423 10880
112.473 11220
112.499 7820
112.7 8160
112.719 8500
112.738 5780
112.883 6120
112.905 6460
113.022 6800
113.161 7140
113.337 7480
113.526 7820
113.778 8160
114.131 8500
115.695 5780
115.846 6120
115.862 6460
115.978 6800
116.13 7140
116.294 7480
116.495 7820
116.735 8160
117.088 8500
117.151 5780
117.413 6120
117.428 6460
117.545 6800
117.696 7140
117.734 4760
117.86 5100
117.901 5440
117.92 3740
118.147 4080
118.197 4420
118.38 3060
118.491 3400
118.576 3740
118.692 2380
118.803 2720
118.834 3060
119.134 3400
119.49 3740
122.207 4080
122.563 4420
122.812 4760
123.005 5100
123.039 3400
124.005 340
124.115 3060
124.225 3400
124.354 2380
124.496 2720
124.666 3060
124.938 2040
125.048 2380
125.243 2720
125.574 3060
126.255 2040
126.365 2380
126.52 2720
126.864 3060
128.585 2040
128.695 2380
128.745 2720
129.206 3060
130.977 2040
131.087 2380
131.223 2720
131.579 3060
134.306 3400
134.649 3740
134.889 4080
135.103 4420
135.233 3060
135.343 3400
135.434 3740
135.459 2380
135.686 2720
135.765 3060
136.017 3400
136.153 2380
136.263 2720
136.459 3060
136.796 3400
137.644 2380
137.754 2720
137.896 3060
138.293 3400
139.62 2380
139.731 2720
139.828 1700
139.939 2040
139.964 2380
140.484 2720
141.54 1700
141.65 2040
141.865 2380
142.202 2720
143.516 1700
143.627 2040
143.841 2380
144.178 2720
145.272 1700
145.382 2040
145.597 2380
145.934 2720
148.494 1700
148.604 2040
148.752 2380
149.089 2720
151.662 1700
151.772 2040
151.851 2380
151.889 1360
151.999 1700
152.207 2040
152.551 2380
155.205 2720
155.561 3060
155.8 3400
156.015 3740
156.169 4080
156.358 4420
156.475 4760
156.585 5100
156.702 5440
156.765 5780
156.837 3740
157.058 4080
157.102 2720
157.206 3060
157.291 3400
157.537 3740
157.887 4080
157.985 2720
158.095 3060
158.187 3400
158.426 3740
158.776 4080
159.599 2720
159.709 3060
159.8 3400
159.819 2380
159.936 2720
160.138 3060
160.365 2040
160.475 2380
160.617 2720
160.967 3060
160.986 2040
161.102 2380
161.304 2720
161.55 1700
161.771 2040
161.979 2380
162.316 2720
162.451 1700
162.562 2040
162.77 2380
163.107 2720
165.783 3060
166.121 3400
166.373 3740
166.574 4080
166.735 4420
166.912 4760
167.022 5100
167.139 5440
167.249 5780
167.337 6120
167.429 6460
167.52 6800
167.596 7140
167.684 7480
167.76 7820
167.823 8160
167.848 5440
168.103 5780
168.119 6120
168.242 6460
168.384 6800
168.548 7140
168.749 7480
169.002 7820
169.355 8160
169.468 5440
169.723 5780
169.739 6120
169.862 6460
170.004 6800
170.168 4760
170.392 5100
170.433 5440
170.593 5780
170.795 6120
171.038 6460
171.079 4420
171.192 4760
171.233 5100
171.388 5440
171.589 5780
171.744 3740
171.854 4080
171.898 4420
172.056 4760
172.258 5100
172.497 5440
172.853 5780
173.178 3740
173.288 4080
173.333 4420
173.487 4760
173.635 3060
173.746 3400
173.812 3740
174.039 4080
174.266 4420
174.603 4760
175.303 3060
175.523 3400
175.555 3740
175.782 2380
175.892 2720
175.977 3060
176.223 3400
176.359 2380
176.469 2720
176.658 3060
176.995 3400
177.869 2380
177.979 2720
178.162 3060
178.499 3400
181.178 3740
181.478 2380
181.588 2720
181.705 3060
181.932 2040
182.042 2380
182.196 2720
182.54 3060
183.344 2040
183.454 2380
183.65 2720
183.773 1700
183.883 2040
183.908 2380
184.11 1360
184.22 1700
184.435 2040
184.778 2380
185.569 1360
185.68 1700
185.888 2040
186.231 2380
187.807 1360
187.918 1700
188.132 2040
188.476 2380
188.851 1360
188.961 1700
189.175 2040
189.519 2380
190.31 1360
190.42 1700
190.629 2040
190.972 2380
192.217 1360
192.328 1700
192.542 2040
192.885 2380
195.344 1360
195.454 1700
195.559 2040
195.798 1360
195.908 1700
196.227 2040
197.049 1360
197.16 1700
197.478 2040
200.154 2380
200.492 2720
200.719 3060
200.946 3400
201.081 3740
201.173 2380
201.283 2720
201.387 3060
201.614 3400
201.97 3740
203.436 2380
203.546 2720
203.644 3060
203.883 3400
204.006 2380
204.117 2720
204.271 3060
204.46 2040
204.577 2380
204.779 2720
205.122 3060
205.901 2040
206.011 2380
206.153 2720
206.497 3060
207.729 2040
207.839 2380
208.022 2720
208.366 3060
211.045 3400
211.401 3740
211.622 2380
211.732 2720
211.817 3060
212.07 3400
212.413 3740
212.653 2380
212.873 2720
212.886 3060
213.211 3400
213.346 2380
213.457 2720
213.665 3060
213.683 2040
213.8 2380
214.002 2720
214.345 3060
217 3400
217.362 3740
217.381 2380
217.498 2720
217.589 3060
217.608 2040
217.725 2380
217.926 2720
218.27 3060
219.171 2040
219.282 2380
219.417 2720
219.773 3060
220.845 2040
220.956 2380
221.104 2720
221.447 3060
222.9 2040
223.011 2380
223.168 2720
223.421 1700
223.531 2040
223.622 2380
224.07 2720
224.413 1700
224.524 2040
224.672 2380
225.009 2720
225.132 1700
225.242 2040
225.457 2380
225.592 1360
225.813 1700
226.027 2040
226.371 2380
229.025 2720
229.369 3060
229.621 3400
229.823 3740
229.848 2380
229.964 2720
230.068 3060
230.295 3400
230.497 2380
230.607 2720
230.724 1700
230.834 2040
231.049 2380
231.178 1360
231.288 1700
231.503 2040
231.846 2380
233.618 1360
233.728 1700
233.876 2040
234.103 1360
234.214 1700
234.538 2040
235.931 1360
236.042 1700
236.061 2040
237.117 1360
237.227 1700
237.558 2040
237.668 1360
237.779 1700
238.018 2040
238.478 1360
238.589 1700
238.907 2040
240.222 1360
240.332 1700
240.65 2040
243.326 2380
243.676 2720
243.903 3060
244.13 3400
244.253 3740
244.395 4080
244.531 4420
244.647 4760
244.757 5100
244.862 5440
244.947 5780
245.038 6120
245.088 4080
245.199 4420
245.243 4760
245.394 5100
245.593 5440
245.845 5780
246.059 3740
246.17 4080
246.214 4420
246.371 4760
246.57 5100
246.81 5440
247.166 5780
247.632 3740
247.853 4080
247.891 4420
248.023 3060
248.133 3400
248.228 3740
248.468 4080
248.824 4420
250.854 3060
251.074 3400
251.16 3740
251.412 4080
251.711 2720
251.821 3060
251.926 3400
252.152 3740
252.515 2380
252.625 2720
252.682 3060
252.956 3400
253.208 2380
253.319 2720
253.514 3060
253.851 3400
254.662 2380
254.772 2720
254.914 3060
255.103 2040
255.342 2380
255.484 2720
255.828 3060
256.386 2040
256.606 2380
256.802 2720
256.833 1700
256.944 2040
257.164 2380
257.502 2720
260.19 3060
260.528 3400
260.663 2380
260.774 2720
260.915 3060
261.265 3400
262.296 2380
262.517 2720
262.659 3060
262.964 2040
263.075 2380
263.217 2720
263.339 1700
263.45 2040
263.522 2380
263.97 2720
266.678 3060
267.015 3400
267.254 3740
267.469 4080
267.617 4420
267.775 4760
267.844 3060
267.954 3400
268.008 3740
268.194 2380
268.304 2720
268.402 3060
268.654 2040
268.764 2380
268.96 2720
269.303 3060
269.641 2040
269.751 2380
269.893 2720
270.236 3060
270.93 2040
271.04 2380
271.242 2720
271.586 3060
274.24 3400
274.596 3740
274.835 2380
274.946 2720
275.043 3060
275.173 2040
275.283 2380
275.485 2720
275.62 1700
275.731 2040
275.828 2380
276.276 2720
278.952 3060
279.289 3400
279.542 3740
279.743 4080
279.917 2720
280.027 3060
280.112 3400
280.364 3740
280.714 4080
281.543 2720
281.654 3060
281.758 3400
281.985 3740
282.334 4080
282.574 2720
282.684 3060
282.776 3400
283.015 3740
283.378 4080
284.071 2720
284.182 3060
284.286 3400
284.513 3740
284.862 4080
285.452 2720
285.562 3060
285.654 3400
285.893 3740
286.022 2380
286.133 2720
286.224 3060
286.464 3400
286.82 3740
287.034 2380
287.145 2720
287.249 3060
287.476 3400
287.832 3740
288.844 2380
288.954 2720
289.017 3060
289.291 3400
289.471 2380
289.581 2720
289.733 3060
290.07 3400
290.297 2380
290.407 2720
290.549 3060
290.93 3400
291.649 2380
291.759 2720
291.904 3060
291.98 2040
292.09 2380
292.242 2720
292.585 3060
295.296 3400
295.665 3740
295.892 4080
296.094 4420
296.254 4760
296.403 5100
296.548 5440
296.658 5780
296.774 6120
296.863 6460
296.96 6800
297.049 7140
297.112 4760
297.241 5100
297.276 5440
297.411 5780
297.578 6120
297.767 6460
298.023 6800
298.098 4760
298.218 5100
298.253 5440
298.414 5780
298.615 3740
298.726 4080
298.77 4420
298.849 3060
298.959 3400
299.057 3740
299.296 4080
299.64 4420
301.027 3060
301.247 3400
301.358 3740
301.585 4080
301.928 4420
302.439 3060
302.549 3400
302.647 3740
302.886 4080
303.23 4420
303.303 3060
303.413 3400
303.523 3740
303.75 4080
303.93 2720
304.04 3060
304.132 3400
304.371 3740
304.721 4080
304.948 2720
305.058 3060
305.15 3400
305.389 3740
305.629 2380
305.739 2720
305.799 3060
305.916 2040
306.026 2380
306.181 2720
306.518 3060
306.537 2040
306.653 2380
306.855 2720
307.199 3060
307.763 2040
307.984 2380
308.132 2720
308.475 3060
310.215 2040
310.326 2380
310.436 1360
310.657 1700
310.83 2040
311.174 2380
311.511 1360
311.621 1700
311.779 2040
312.122 2380
313.087 1360
313.308 1700
313.522 2040
313.865 2380
314.092 1360
314.203 1700
314.345 2040
314.688 2380
317.427 2720
317.771 3060
318.011 3400
318.238 2380
318.348 2720
318.496 3060
318.833 3400
319.379 2380
319.489 2720
319.606 1700
319.716 2040
319.773 2380
320.22 2720
321.147 1700
321.257 2040
321.421 2380
321.758 2720
322.521 1700
322.632 2040
322.808 2380
323.086 1360
323.196 1700
323.41 2040
323.754 2380
323.883 1360
323.993 1700
324.214 2040
324.558 2380
326.893 1360
327.004 1700
327.218 2040
327.562 2380
329.885 1360
329.995 1700
330.02 2040
330.131 1360
330.241 1700
330.547 2040
330.786 1360
331.897 340
332.323 680
332.439 1020
332.556 1360
332.666 1700
332.679 2040
333.042 1360
333.152 1700
333.47 2040
334.747 1360
334.857 1700
335.182 2040
335.901 1360
336.011 1700
336.329 2040
338.791 1360
338.901 1700
339.226 2040
341.915 2380
342.252 2720
342.479 3060
342.634 2040
342.744 2380
342.939 2720
343.283 3060
343.964 2040
344.074 2380
344.21 2720
344.566 3060
345.565 2040
345.675 2380
345.858 2720
345.969 1700
346.079 2040
346.202 2380
346.564 2720
348.216 1700
349.197 340
349.618 680
349.734 1360
349.851 1700
349.864 2040
349.968 2380
349.98 2720
349.993 3060
350.084 3400
350.195 3740
350.434 4080
350.649 4420
350.828 3060
350.939 3400
351.017 3740
351.269 4080
351.509 2720
351.619 3060
351.711 3400
351.95 3740
352.073 2380
352.184 2720
352.275 3060
352.515 3400
352.593 2380
352.704 2720
352.852 3060
353.189 3400
355.295 2380
355.43 2720
355.566 3060
355.95 3400
356.493 2380
356.603 2720
356.798 3060
357.136 3400
358.192 2380
358.412 2720
358.56 3060
358.898 3400
360.083 2380
360.193 2720
360.363 3060
360.701 3400
361.58 2380
361.691 2720
361.867 3060
362.204 3400
362.898 2380
363.008 2720
363.163 3060
363.304 2040
363.415 2380
363.468 2720
363.695 1700
363.806 2040
363.979 2380
364.143 1360
364.253 1700
364.474 2040
364.817 2380
365.732 1360
365.842 1700
366.056 2040
366.4 2380
368.736 1360
368.846 1700
369.073 1020
369.183 1360
369.521 1700
370.085 1020
370.195 1360
370.435 1700
371.979 1020
372.09 1360
372.329 1700
374.885 1020
374.996 1360
375.1 1700
377.975 2040
378.227 1360
378.337 1700
378.655 1020
378.766 1360
379.018 1700
381.764 2040
382.12 2380
382.347 2720
382.574 3060
382.69 3400
382.826 3740
382.968 4080
383.078 4420
383.195 4760
383.292 5100
383.384 5440
383.481 5780
383.557 6120
383.636 6460
383.715 6800
383.79 7140
383.853 7480
383.91 5100
384.14 5440
384.175 5780
384.304 6120
384.478 6460
384.67 6800
384.922 7140
385.275 7480
385.968 5100
386.211 5440
386.24 5780
386.381 6120
386.542 6460
386.734 6800
386.987 7140
387.213 4760
387.333 5100
387.374 5440
387.497 5780
387.664 3740
387.775 4080
387.828 4420
387.97 4760
388.172 5100
388.424 5440
388.714 3740
388.824 4080
388.878 4420
388.903 3060
389.02 3400
389.111 3740
389.325 2380
389.436 2720
389.552 3060
389.779 3400
390.123 3740
390.7 2380
390.81 2720
390.908 3060
391.147 3400
391.491 3740
394.208 4080
394.564 4420
394.813 4760
395.006 5100
395.176 5440
395.324 5780
395.453 6120
395.564 6460
395.68 6800
395.781 7140
395.869 7480
395.958 7820
396.046 8160
396.121 8500
396.197 8840
396.273 9180
396.323 6120
396.597 6460
396.61 6800
396.714 7140
396.84 7480
397.004 5100
397.357 5440
397.392 5780
397.521 6120
397.707 4080
397.817 4420
397.865 4760
397.928 3060
398.038 3400
398.11 3740
398.337 4080
398.564 4420
398.902 4760
