0.0 0
0.322382 3400
0.650941 3740
0.663549 4420
0.676157 5100
0.688765 5780
0.701373 6460
0.907677 6800
0.984939 7480
0.997547 8160
1.01015 8840
1.02276 9520
1.03537 10200
1.04798 10880
1.06059 11560
1.07319 12240
1.0858 12920
1.24167 13600
1.31894 14280
1.33155 14960
1.34415 15640
1.35676 16320
1.36937 17000
1.38198 17680
1.39459 18360
1.40719 19040
1.4198 19720
1.43241 20400
1.44502 21080
1.45763 21760
1.47023 22440
1.48284 23120
1.49545 23800
1.50806 24480
1.52067 25160
1.53327 25840
1.57567 26520
1.58828 27200
1.65294 27880
1.66554 28560
1.67815 29240
1.69076 29920
1.70337 30600
1.71598 31280
1.72858 31960
1.74119 32640
1.7538 33320
1.76641 34000
1.77902 34680
1.79162 35360
1.80423 36040
1.81684 36720
1.82945 37400
1.84206 38080
1.85466 38760
1.86727 39440
1.87988 40120
1.89249 40800
1.9051 41480
1.9177 42160
1.93031 42840
1.94292 43520
1.95553 44200
1.96814 44880
1.98074 45560
1.99335 46240
2.00596 46920
2.01857 47600
2.03118 48280
2.04378 48960
2.05639 49640
2.069 50320
2.08161 51000
2.09422 51680
2.10682 52360
2.11943 53040
2.13204 53720
2.14465 54400
2.15726 55080
2.16986 55760
2.18247 56440
2.19508 57120
2.20769 57800
2.2203 58480
2.2329 59160
2.24551 59840
2.25812 60520
2.27073 61200
2.28334 61880
2.29594 62560
2.30855 63240
2.32116 63920
2.33377 64600
2.34638 65280
2.35898 65960
2.37159 66640
2.3842 67320
2.39681 68000
2.40942 68680
2.42202 69360
2.43463 70040
2.44724 70720
2.45985 71400
2.47246 72080
2.48506 72760
2.49767 73440
2.51028 74120
2.52289 74800
2.5355 75480
2.5481 76160
2.56071 76840
2.57332 77520
2.58593 78200
2.59854 78880
2.61114 79560
2.62375 80240
2.63636 80920
2.64897 81600
2.66158 82280
2.67418 82960
2.68679 83640
2.6994 84320
2.71201 85000
2.72462 85680
2.73722 86360
2.74983 87040
2.76244 87720
2.77505 88400
2.78766 89080
2.80026 89760
2.81287 90440
2.82548 91120
2.83809 91800
2.8507 92480
2.8633 93160
2.87591 93840
2.88852 94520
2.90113 95200
2.91374 95880
2.92634 96560
2.93895 97240
2.95156 97920
2.96417 98600
2.97678 99280
2.98938 99960
3.00199 100640
3.0146 101320
3.02721 102000
3.03982 102680
3.05242 103360
3.06503 104040
3.07764 104720
3.09025 105400
3.10286 106080
3.11546 106760
3.12807 107440
3.14068 108120
3.15329 108800
3.1659 109480
3.1785 110160
3.19111 110840
3.20372 111520
3.21633 112200
3.22894 112880
3.24154 113560
3.25415 114240
3.26676 114920
3.27937 115600
3.29198 116280
3.30458 116960
3.31719 117640
3.3298 118320
3.34241 119000
3.35502 119680
3.36762 120360
3.38023 121040
3.39284 121720
3.40545 122400
3.41806 123080
3.43066 123760
3.44327 124440
3.45588 125120
3.46849 125800
3.4811 126480
3.4937 127160
3.50631 127840
3.51892 128520
3.53153 129200
3.54414 129880
3.55674 130560
3.56935 131240
3.58196 131920
3.59457 132600
3.60718 133280
3.61978 133960
3.63239 134640
3.645 135320
3.65761 136000
3.67022 136680
3.68282 137020
3.70174 95880
6.39841 340
6.51962 680
6.93569 1700
7.26338 2040
7.26969 3060
7.2886 3400
7.59108 4420
7.60999 4760
7.61629 5780
7.6352 6120
7.64151 7140
7.92507 7480
7.93138 8500
7.95029 8840
7.95659 9860
7.97551 10200
7.98181 11220
8.00072 11560
8.00703 12580
8.02594 12920
8.03224 13940
8.05115 14280
8.25277 15300
8.27168 15640
8.27798 16660
8.2969 17000
8.3032 18020
8.32211 18360
8.32842 19380
8.34733 19720
8.35363 20740
8.37254 21080
8.37885 22100
8.39776 22440
8.40406 23460
8.42298 23800
8.42928 24820
8.44819 25160
8.4545 26180
8.47341 26520
8.47971 27540
8.49862 27880
8.50493 28900
8.58677 29240
8.59307 30260
8.61198 30600
8.61829 31620
8.6372 31960
8.6435 32980
8.66242 33320
8.66872 34340
8.68763 34680
8.69394 35700
8.71285 36040
8.71915 37060
8.73806 37400
8.74437 38420
8.76328 38760
8.76958 39780
8.7885 40120
8.7948 41140
8.81371 41480
8.82002 42500
8.83893 42840
8.84523 43860
8.86414 44200
8.87045 45220
8.88936 45560
8.89566 46580
8.91458 46920
8.92088 47940
8.93979 48280
8.9461 49300
8.96501 49640
8.97131 50660
8.99022 51000
8.99653 52020
9.01544 52360
9.02174 53380
9.04066 53720
9.04696 54740
9.06587 55080
9.07218 56100
9.09109 56440
9.09739 57460
9.1163 57800
9.12261 58820
9.14152 59160
9.14782 60180
9.16674 60520
9.17304 61540
9.19195 61880
9.19826 62900
9.21717 63240
9.22347 64260
9.24238 64600
9.24869 65620
9.2676 65960
9.2739 66980
9.39998 67320
9.52606 67660
9.65214 68000
9.77822 68340
9.9043 68680
10.0304 69020
10.1565 69360
10.2825 69700
10.4086 70040
10.5536 48960
13.2251 340
13.5669 680
14.1217 1020
14.128 1360
14.4494 1700
14.4557 2040
14.462 2380
14.4683 2720
14.7771 3060
14.7834 3400
14.7897 3740
14.796 4080
14.8023 4420
14.8086 4760
14.8149 5100
14.8212 5440
15.1048 5780
15.1111 6120
15.1174 6460
15.1237 6800
15.13 7140
15.1363 7480
15.1426 7820
15.1489 8160
15.1552 8500
15.1615 8840
15.1678 9180
15.1741 9520
15.1804 9860
15.1867 10200
15.193 10540
15.1993 10880
15.4325 11220
15.4388 11560
15.4451 11900
15.4514 12240
15.4577 12580
15.464 12920
15.4703 13260
15.4766 13600
15.4829 13940
15.4892 14280
15.4955 14620
15.5018 14960
15.5081 15300
15.5144 15640
15.5207 15980
15.527 16320
15.5333 16660
15.5396 17000
15.5459 17340
15.5522 17680
15.5585 18020
15.5648 18360
15.5711 18700
15.5774 19040
15.5838 19380
15.5901 19720
15.5964 20060
15.6027 20400
15.609 20740
15.6153 21080
15.6216 21420
15.6279 21760
15.7602 22100
15.7665 22440
15.7728 22780
15.7791 23120
15.7854 23460
15.7917 23800
15.798 24140
15.8043 24480
15.8106 24820
15.8169 25160
15.8232 25500
15.8295 25840
15.8358 26180
15.8421 26520
15.8484 26860
15.8547 27200
15.861 27540
15.8673 27880
15.8736 28220
15.8799 28560
15.8862 28900
15.8925 29240
15.8988 29580
15.9051 29920
15.9114 30260
15.9178 30600
15.9241 30940
15.9304 31280
15.9367 31620
15.943 31960
15.9493 32300
15.9556 32640
15.9619 32980
15.9682 33320
15.9745 33660
15.9808 34000
15.9997 34340
16.1258 34680
16.2519 35020
16.3779 35360
16.504 35700
16.649 24820
18.7279 340
18.9689 680
19.8073 1020
19.8136 1360
20.135 1700
20.1413 2040
20.1476 2380
20.1539 2720
20.4816 1700
20.8471 2040
20.866 2380
21.137 2720
23.0637 3060
23.404 3400
23.7191 3740
24.0468 4080
24.0594 4420
24.1729 4760
24.3871 5100
24.406 5440
24.5258 5780
24.7022 6120
24.7274 6460
25.0299 6800
25.0425 7140
25.0551 7480
25.7546 7820
25.8618 8160
26.0256 8500
26.0949 8840
26.2021 9180
26.3596 9520
26.3911 9860
26.4478 10200
26.5046 10540
26.6873 10880
26.6999 11220
26.7377 11560
26.7629 11900
26.8197 12240
26.8512 12580
27.015 12920
27.0402 13260
27.0654 13600
27.0906 13940
27.1285 14280
27.1663 14620
27.2041 14960
27.3427 15300
27.3553 15640
27.3931 15980
27.4183 16320
27.4561 16660
27.4814 17000
27.5192 17340
27.5444 17680
27.5822 18020
27.6074 18360
27.6893 18700
27.7271 19040
27.7523 19380
27.7901 19720
27.8154 20060
27.8532 20400
27.8784 20740
27.9162 21080
27.9414 21420
27.9793 21760
28.0045 22100
28.0423 22440
28.0675 22780
28.1053 23120
28.1306 23460
28.1684 23800
28.1936 24140
28.2314 24480
28.2566 24820
28.2945 25160
28.3197 25500
28.3575 25840
28.3827 26180
28.4205 26520
28.4458 26860
28.4836 27200
28.5088 27540
28.534 27880
28.5718 28220
28.5971 28560
28.6223 28900
28.6475 29240
28.6727 29580
28.7105 29920
28.7231 30260
28.7484 30600
28.7862 30940
28.8114 31280
28.8366 31620
28.8492 31960
28.8744 32300
28.9123 32640
28.9375 32980
28.9501 33320
28.9753 33660
29.0005 34000
29.0383 34340
29.0509 34680
29.0762 35020
29.1014 35360
29.1266 35700
29.1518 36040
29.177 36380
29.2022 36720
29.2275 37060
29.2527 37400
29.2779 37740
29.3031 38080
29.3283 38420
29.3535 38760
29.3788 39100
29.404 39440
29.4292 39780
29.4544 40120
29.4796 40460
29.5048 40800
29.53 41140
29.5553 41480
29.5805 41820
29.6057 42160
29.6309 42500
29.6561 42840
29.6813 43180
29.694 43520
29.7192 43860
29.7444 44200
29.757 44540
29.7822 44880
29.8074 45220
29.82 45560
29.8452 45900
29.8579 46240
29.8831 46580
29.8957 46920
29.9209 47260
29.9335 47600
29.9587 47940
29.9713 48280
29.9839 48620
30.0092 48960
30.0344 49300
30.047 49640
30.0596 49980
30.0848 50320
30.11 50660
30.1226 51000
30.1352 51340
30.1604 51680
30.1731 52020
30.1983 52360
30.2109 52700
30.2361 53040
30.2487 53380
30.2739 53720
30.2865 54060
30.3117 54400
30.3244 54740
30.3496 55080
30.3622 55420
30.3874 55760
30.4 56100
30.4252 56440
30.4378 56780
30.463 57120
30.4756 57460
30.5009 57800
30.5135 58140
30.5387 58480
30.5513 58820
30.5765 59160
30.5891 59500
30.6143 59840
30.6269 60180
30.6522 60520
30.6648 60860
30.69 61200
30.7026 61540
30.7278 61880
30.7404 62220
30.7656 62560
30.7782 62900
30.8035 63240
30.8161 63580
30.8413 63920
30.8539 64260
30.8791 64600
30.8917 64940
30.9169 65280
30.9295 65620
30.9548 65960
30.9674 66300
30.9926 66640
31.0052 66980
31.0304 67320
31.043 67660
31.0682 68000
31.0808 68340
31.106 68680
31.1187 69020
31.1439 69360
31.1565 69700
31.1817 70040
31.1943 70380
31.2195 70720
31.2321 71060
31.2573 71400
31.27 71740
31.2826 72080
31.2952 72420
31.3078 72760
31.3204 73100
31.3456 73440
31.3582 73780
31.3708 74120
31.3834 74460
31.396 74800
31.4086 75140
31.4212 75480
31.4339 75820
31.4591 76160
31.4717 76500
31.4843 76840
31.4969 77180
31.5095 77520
31.5221 77860
31.5347 78200
31.5473 78540
31.5599 78880
31.5725 79220
31.5852 79560
31.5978 79900
31.623 80240
31.6356 80580
31.6482 80920
31.6608 81260
31.6734 81600
31.686 81940
31.6986 82280
31.7112 82620
31.7238 82960
31.7364 83300
31.7491 83640
31.7617 83980
31.7743 84320
31.7869 84660
31.7995 85000
31.8121 85340
31.8247 85680
31.8373 86020
31.8499 86360
31.8625 86700
31.8751 87040
31.8877 87380
31.9004 87720
31.913 88060
31.9256 88400
31.9382 88740
31.9508 89080
31.9634 89420
31.976 89760
31.9886 90100
32.0012 90440
32.0138 90780
32.0264 91120
32.039 91460
32.0516 91800
32.0643 92140
32.0769 92480
32.0895 92820
32.1021 93160
32.1147 93500
32.1273 93840
32.1399 94180
32.1525 94520
32.1651 94860
32.1777 95200
32.1903 95540
32.2029 95880
32.2156 96220
32.2282 96560
32.2408 96900
32.2534 97240
32.266 97580
32.2786 97920
32.2912 98260
32.3038 98600
32.3164 98940
32.329 99280
32.3416 99620
32.3542 99960
32.3668 100300
32.3795 100640
32.3984 70380
35.0192 340
35.0965 1360
35.7521 3060
36.0798 4080
36.0987 5780
36.1302 6800
36.4201 8500
36.4516 9520
36.4705 10540
36.4894 11560
36.5083 12580
36.5273 13600
36.7478 15300
36.7793 16320
36.7982 17340
36.8171 18360
36.836 19380
36.855 20400
36.8739 21420
36.8928 22440
36.9117 24140
36.9432 25160
36.9621 26180
36.981 27200
37.0755 28220
37.0944 29240
37.1133 30260
37.1322 31280
37.1511 32300
37.17 33320
37.189 34340
37.2079 35360
37.2268 37060
37.2583 38080
37.2772 39100
37.2961 40120
37.315 41140
37.3339 42160
37.3529 43180
37.3718 44200
37.3907 45220
37.4096 46240
37.4285 47260
37.4474 48280
37.4663 49300
37.5987 49640
37.7122 49980
37.8446 50320
37.977 50660
38.0904 51000
38.2228 51340
38.3552 51680
38.393 36040
40.6924 340
41.6018 680
41.9294 1020
41.9358 1360
42.2571 1700
42.2634 2040
42.2697 2380
42.2761 2720
42.5848 3060
42.5911 3400
42.5974 3740
42.6037 4080
42.6101 4420
42.6164 4760
42.6227 5100
42.629 5440
42.9125 5780
42.9188 6120
42.9251 6460
42.9314 6800
42.9377 7140
42.9441 7480
42.9504 7820
42.9567 8160
42.963 8500
42.9693 8840
42.9756 9180
42.9819 9520
42.9882 9860
42.9945 10200
43.0008 10540
43.0071 10880
43.2402 11220
43.2465 11560
43.2528 11900
43.2591 12240
43.2654 12580
43.2717 12920
43.278 13260
43.2844 13600
43.2907 13940
43.297 14280
43.3033 14620
43.3096 14960
43.3159 15300
43.3222 15640
43.3285 15980
43.3348 16320
43.3411 16660
43.3474 17000
43.3537 17340
43.36 17680
43.3663 18020
43.3726 18360
43.3789 18700
43.3852 19040
43.3915 19380
43.3978 19720
43.4041 20060
43.4104 20400
43.4167 20740
43.423 21080
43.4293 21420
43.4356 21760
43.5679 22100
43.5742 22440
43.5805 22780
43.5868 23120
43.5931 23460
43.5994 23800
43.6057 24140
43.612 24480
43.6184 24820
43.6247 25160
43.7381 25500
43.8201 17680
44.7594 18020
44.772 18360
44.7846 18700
44.7972 19040
44.8098 19380
44.8224 19720
44.8602 20060
44.8855 20400
44.9233 20740
44.9611 21080
45.0115 21420
45.0494 21760
45.1502 22100
45.2637 22440
45.4024 22780
45.5411 23120
45.6608 23460
45.7806 23800
45.9824 24140
46.1841 24480
46.4741 24820
46.846 25160
47.6844 25500
48.7246 25840
49.3298 26180
49.5315 26520
49.8341 26860
50.0106 27200
50.2502 27540
50.4204 27880
50.5654 28220
50.7167 28560
50.8238 28900
50.9436 29240
51.0571 29580
51.1516 29920
51.2336 30260
51.3218 30600
51.4101 30940
51.492 31280
51.5614 31620
51.6496 31960
51.719 32300
51.7946 32640
51.8514 32980
51.927 33320
51.9838 33660
52.0531 34000
52.0972 34340
52.154 34680
52.2107 35020
52.2674 35360
52.3179 35700
52.362 36040
52.4187 36380
52.4755 36720
52.5322 37060
52.57 37400
52.6205 37740
52.6583 38080
52.715 38420
52.7655 38760
52.8159 39100
52.8726 39440
52.9168 39780
52.9672 40120
53.0176 40460
53.068 40800
53.1122 41140
53.1563 41480
53.2067 41820
53.2446 42160
53.2887 42500
53.3328 42840
53.3769 43180
53.4148 43520
53.4526 43860
53.503 44200
53.5345 44540
53.585 44880
53.6291 45220
53.6606 45560
53.6921 45900
53.7237 46240
53.7552 46580
53.7804 46920
53.8056 47260
53.8182 47600
53.856 47940
53.8687 48280
53.8939 48620
53.9191 48960
53.9317 49300
53.9758 49640
54.001 49980
54.0136 50320
54.0389 50660
54.0704 51000
54.1019 51340
54.1271 51680
54.1523 52020
54.1649 52360
54.1902 52700
54.2154 53040
54.2469 53380
54.2595 53720
54.291 54060
54.3036 54400
54.3288 54740
54.3541 55080
54.3793 55420
54.3982 55760
54.4297 56100
54.4549 56440
54.4675 56780
54.5054 57120
54.5306 57460
54.5495 57800
54.5747 58140
54.5936 58480
54.6251 58820
54.6504 59160
54.6693 59500
54.6945 59840
54.7134 60180
54.7449 60520
54.7575 60860
54.789 61200
54.8206 61540
54.8395 61880
54.8647 62220
54.8773 62560
54.9025 62900
54.9151 63240
54.9403 63580
54.9529 63920
54.9782 64260
54.9908 64600
55.016 64940
55.0286 65280
55.0538 65620
55.0853 65960
55.0979 66300
55.1232 66640
55.1358 66980
55.161 67320
55.1736 67660
55.1988 68000
55.2303 68340
55.2492 68680
55.2744 69020
55.2871 69360
55.3123 69700
55.3249 70040
55.3501 70380
55.3627 70720
55.3879 71060
55.4131 71400
55.4257 71740
55.451 72080
55.4636 72420
55.4888 72760
55.5014 73100
55.5266 73440
55.5392 73780
55.5644 74120
55.577 74460
55.6086 74800
55.6212 75140
55.6464 75480
55.659 75820
55.6905 76160
55.7031 76500
55.7283 76840
55.7409 77180
55.7662 77520
55.7788 77860
55.804 78200
55.8166 78540
55.8418 78880
55.8544 79220
55.8796 79560
55.8922 79900
55.9175 80240
55.9301 80580
55.9553 80920
55.9679 81260
55.9994 81600
56.012 81940
56.0372 82280
56.0498 82620
56.0751 82960
56.0877 83300
56.1129 83640
56.1255 83980
56.1507 84320
56.1633 84660
56.1885 85000
56.2011 85340
56.2264 85680
56.239 86020
56.2516 86360
56.2642 86700
56.2768 87040
56.2894 87380
56.302 87720
56.3272 88060
56.3461 61540
58.96 340
59.1829 1360
59.7629 3060
60.0906 4080
60.1095 9860
60.4561 10880
60.475 12580
60.5065 13600
60.5255 15300
60.557 16320
60.5759 19380
60.6326 20400
60.7964 22100
60.8279 23120
60.8468 24820
60.8784 25840
60.8973 27540
60.9288 28560
60.9477 30260
60.9792 31280
60.9981 34000
61.0486 35700
61.0801 36720
61.099 39440
61.1494 41140
61.181 42160
61.1999 43860
61.3323 44200
61.452 44540
61.5844 44880
61.7042 45220
61.8366 45560
61.969 31620
64.1478 340
64.2258 680
65.1651 1020
65.1714 1360
65.4928 1700
65.4991 2040
65.5054 2380
65.5117 2720
65.8205 3060
65.8268 3400
65.8331 3740
65.8394 4080
65.8457 4420
65.852 4760
65.8583 5100
65.8646 5440
66.1482 5780
66.1545 6120
66.1608 6460
66.1671 6800
66.1734 7140
66.1797 7480
66.186 7820
66.1923 8160
66.1986 8500
66.2049 8840
66.2112 9180
66.2175 9520
66.2238 9860
66.2301 10200
66.2364 10540
66.2427 10880
66.4759 11220
66.4822 11560
66.4885 11900
66.4948 12240
66.5011 12580
66.5074 12920
66.5137 13260
66.52 13600
66.5263 13940
66.5326 14280
66.5389 14620
66.5452 14960
66.5515 15300
66.5578 15640
66.5641 15980
66.5704 16320
66.5767 16660
66.583 17000
66.5893 17340
66.5956 17680
66.6019 18020
66.6082 18360
66.6145 18700
66.6209 19040
66.6272 19380
66.6335 19720
66.6398 20060
66.6461 20400
66.6524 20740
66.6587 21080
66.665 21420
66.6713 21760
66.8036 22100
66.8162 22440
67.207 15640
68.0265 15980
68.0454 16320
68.058 16660
68.0707 17000
68.0833 17340
68.0959 17680
68.1085 18020
68.1211 18360
68.1337 18700
68.1463 19040
68.1589 19380
68.1715 19720
68.1841 20060
68.3102 20400
68.4993 20740
68.6884 21080
68.8776 21420
69.1045 21760
69.4954 22100
70.2203 22440
71.8152 22780
72.1809 23120
72.5087 23460
72.9184 23800
73.1328 24140
73.3471 24480
73.511 24820
73.6497 25160
73.7947 25500
73.8892 25840
73.9964 26180
74.091 26520
74.2044 26860
74.2801 27200
74.3684 27540
74.4629 27880
74.5323 28220
74.6268 28560
74.6836 28900
74.7466 29240
74.8159 29580
74.879 29920
74.9294 30260
74.9988 30600
75.0807 30940
75.1374 31280
75.1879 31620
75.2446 31960
75.295 32300
75.3581 32640
75.4148 32980
75.4716 33320
75.522 33660
75.5724 34000
75.6165 34340
75.667 34680
75.73 35020
75.7804 35360
75.8498 35700
75.9065 36040
75.9696 36380
76.0074 36720
76.0704 37060
76.1146 37400
76.1587 37740
76.2091 38080
76.2722 38420
76.3289 38760
76.3667 39100
76.4108 39440
76.4424 39780
76.4928 40120
76.5369 40460
76.5811 40800
76.6189 41140
76.6504 41480
76.6756 41820
76.7071 42160
76.7324 42500
76.7576 42840
76.7891 43180
76.8206 43520
76.8458 43860
76.871 44200
76.9089 44540
76.9341 44880
76.9593 45220
76.9845 45560
77.0097 45900
77.0412 46240
77.0665 46580
77.0917 46920
77.1232 47260
77.1484 47600
77.1925 47940
77.2367 48280
77.2619 48620
77.306 48960
77.3501 49300
77.3754 49640
77.4006 49980
77.4258 50320
77.4573 50660
77.5014 51000
77.5204 51340
77.5456 51680
77.5645 52020
77.5897 52360
77.6149 52700
77.6275 53040
77.6527 53380
77.678 53720
77.6906 54060
77.7158 54400
77.741 54740
77.7662 55080
77.7788 55420
77.804 55760
77.8292 56100
77.8545 56440
77.8671 56780
77.8923 57120
77.9049 57460
77.9301 57800
77.9553 58140
77.9679 58480
77.9932 58820
78.0247 59160
78.0373 59500
78.0625 59840
78.0751 60180
78.1003 60520
78.1129 60860
78.1381 61200
78.1697 61540
78.1823 61880
78.1949 62220
78.2201 62560
78.2453 62900
78.2579 63240
78.2894 63580
78.3147 63920
78.3336 64260
78.3588 64600
78.3714 64940
78.3966 65280
78.4092 65620
78.4344 65960
78.4596 66300
78.4723 66640
78.4975 66980
78.5101 67320
78.5353 67660
78.5479 68000
78.5731 68340
78.5857 68680
78.6109 69020
78.6236 69360
78.6488 69700
78.6614 70040
78.6866 70380
78.6992 70720
78.7244 71060
78.737 71400
78.7622 71740
78.7748 72080
78.8001 72420
78.8127 72760
78.8379 73100
78.8505 73440
78.8757 73780
78.8883 74120
78.9135 74460
78.9261 74800
78.9514 75140
78.964 75480
78.9892 75820
79.0018 76160
79.027 76500
79.0396 76840
79.0648 77180
79.0774 77520
79.1027 77860
79.1153 78200
79.1405 78540
79.1531 78880
79.1783 79220
79.1909 79560
79.2161 79900
79.2287 80240
79.254 80580
79.2666 80920
79.2918 81260
79.3044 81600
79.3296 81940
79.3422 82280
79.3674 82620
79.38 82960
79.4052 83300
79.4179 83640
79.4431 83980
79.4557 84320
79.4809 84660
79.5061 85000
79.5187 85340
79.5439 85680
79.5565 86020
79.5818 86360
79.5944 86700
79.607 87040
79.6196 87380
79.6322 87720
79.6574 88060
79.67 88400
79.6826 88740
79.6952 89080
79.7078 89420
79.7204 89760
79.7331 90100
79.7457 90440
79.7583 90780
79.7835 91120
79.7961 91460
79.8087 91800
79.8213 92140
79.8339 92480
79.8465 92820
79.8654 64940
82.477 340
82.6518 1360
83.257 3060
83.5847 4080
83.6036 5780
83.6351 6800
83.925 8500
83.9565 9520
83.9754 11220
84.0069 12240
84.0259 13940
84.259 14960
84.2779 16660
84.3094 17680
84.3283 19380
84.3599 20400
84.3788 22100
84.4103 23120
84.4292 24820
84.4607 25840
84.4796 27540
84.5111 28560
84.5993 30260
84.6308 31280
84.6497 32980
84.6812 34000
84.7002 35700
84.7317 36720
84.7506 38420
84.7821 39440
84.801 41140
84.8325 42160
84.8515 43860
84.883 44880
84.9019 46580
85.0343 46920
85.154 47260
85.2801 47600
85.4188 47940
85.5449 48280
85.671 48620
85.7466 34000
87.9799 340
87.9971 680
88.9932 1020
88.9995 1360
89.3209 1700
89.3272 2040
89.3335 2380
89.3398 2720
89.6486 3060
89.6549 3400
89.6612 3740
89.6675 4080
89.6738 4420
89.6801 4760
89.6864 5100
89.6927 5440
89.9763 5780
89.9826 6120
89.9889 6460
89.9952 6800
90.0015 7140
90.0078 7480
90.0141 7820
90.0204 8160
90.0267 8500
90.033 8840
90.0393 9180
90.0456 9520
90.0519 9860
90.0582 10200
90.0645 10540
90.0708 10880
90.304 11220
90.3103 11560
90.3166 11900
90.3229 12240
90.3292 12580
90.3355 12920
90.3418 13260
90.3481 13600
90.3544 13940
90.3607 14280
90.367 14620
90.3733 14960
90.3796 15300
90.3859 15640
90.3922 15980
90.3985 16320
90.4048 16660
90.4111 17000
90.4174 17340
90.4237 17680
90.43 18020
90.4363 18360
90.4426 18700
90.4489 19040
90.4553 19380
90.4616 19720
90.4679 20060
90.4742 20400
90.4805 20740
90.4868 21080
90.4931 21420
90.4994 21760
90.6317 22100
90.638 22440
90.6443 22780
90.6506 23120
90.6569 23460
90.6632 23800
90.7451 24140
90.7766 16660
91.6781 17000
91.6907 17340
91.7159 17680
91.7412 18020
91.7664 18360
91.7916 18700
91.8168 19040
91.8546 19380
91.8925 19720
91.9303 20060
91.987 20400
92.0753 20740
92.1761 21080
92.277 21420
92.4031 21760
92.5102 22100
92.6489 22440
92.8128 22780
93.0146 23120
93.273 23460
93.6197 23800
94.4014 24140
95.5803 24480
96.0216 24820
96.4187 25160
96.7087 25500
96.9293 25840
97.0996 26180
97.2635 26520
97.4274 26860
97.5661 27200
97.6921 27540
97.8056 27880
97.9002 28220
97.9821 28560
98.0767 28900
98.1523 29240
98.2406 29580
98.3099 29920
98.3919 30260
98.4801 30600
98.5369 30940
98.6125 31280
98.6819 31620
98.7512 31960
98.8079 32300
98.871 32640
98.9151 32980
98.9718 33320
99.016 33660
99.0601 34000
99.1105 34340
99.1736 34680
99.2366 35020
99.3123 35360
99.3816 35700
99.432 36040
99.4825 36380
99.5392 36720
99.5896 37060
99.6401 37400
99.7031 37740
99.7598 38080
99.804 38420
99.8544 38760
99.9048 39100
99.9427 39440
99.9931 39780
100.025 40120
100.069 40460
100.1 40800
100.138 41140
100.182 41480
100.214 41820
100.252 42160
100.308 42500
100.34 42840
100.378 43180
100.409 43520
100.447 43860
100.472 44200
100.523 44540
100.56 44880
100.605 45220
100.63 45560
100.661 45900
100.68 46240
100.718 46580
100.737 46920
100.762 47260
100.787 47600
100.819 47940
100.844 48280
100.869 48620
100.882 48960
100.907 49300
100.932 49640
100.958 49980
100.983 50320
100.995 50660
101.021 51000
101.058 51340
101.09 51680
101.115 52020
101.14 52360
101.166 52700
101.191 53040
101.216 53380
101.241 53720
101.266 54060
101.311 54400
101.336 54740
101.355 55080
101.367 55420
101.393 55760
101.424 56100
101.443 56440
101.468 56780
101.481 57120
101.506 57460
101.531 57800
101.563 58140
101.588 58480
101.601 58820
101.632 59160
101.645 59500
101.67 59840
101.695 60180
101.714 60520
101.746 60860
101.758 61200
101.79 61540
101.802 61880
101.828 62220
101.853 62560
101.878 62900
101.891 63240
101.916 63580
101.928 63920
101.954 64260
101.966 64600
101.991 64940
102.004 65280
102.029 65620
102.042 65960
102.067 66300
102.08 66640
102.105 66980
102.118 67320
102.143 67660
102.155 68000
102.181 68340
102.193 68680
102.218 69020
102.231 69360
102.256 69700
102.269 70040
102.294 70380
102.307 70720
102.332 71060
102.344 71400
102.37 71740
102.382 72080
102.42 72420
102.433 72760
102.458 73100
102.471 73440
102.496 73780
102.508 74120
102.534 74460
102.546 74800
102.571 75140
102.597 75480
102.609 75820
102.634 76160
102.647 76500
102.672 76840
102.685 77180
102.716 77520
102.729 77860
102.754 78200
102.767 78540
102.792 78880
102.805 79220
102.83 79560
102.842 79900
102.868 80240
102.88 80580
102.906 80920
102.918 81260
102.943 81600
102.956 81940
102.981 82280
102.994 82620
103.019 82960
103.032 83300
103.057 83640
103.069 83980
103.095 84320
103.107 84660
103.132 85000
103.145 85340
103.17 85680
103.183 86020
103.196 86360
103.208 86700
103.221 87040
103.233 87380
103.259 87720
103.271 88060
103.284 88400
103.296 88740
103.309 89080
103.322 89420
103.334 89760
103.347 90100
103.372 90440
103.385 90780
103.404 63240
106.013 340
106.203 2040
106.801 3060
106.82 4760
107.142 5780
107.161 7480
107.192 8500
107.211 10200
107.482 11220
107.501 12920
107.532 13940
107.551 15640
107.583 16660
107.602 21080
107.822 22100
107.841 23800
107.873 24820
107.892 26520
107.923 27540
107.942 30600
107.999 31620
108.018 33320
108.049 34340
108.068 36040
108.1 37060
108.119 39780
108.169 41480
108.201 42500
108.219 44200
108.352 44540
108.472 44880
108.604 45220
108.724 45560
108.85 45900
108.976 46240
109.083 32300
111.271 340
111.34 680
112.298 1020
112.304 1360
112.626 1700
112.632 2040
112.638 2380
112.645 2720
112.954 3060
112.96 3400
112.966 3740
112.972 4080
112.979 4420
112.985 4760
112.991 5100
112.998 5440
113.281 5780
113.288 6120
113.294 6460
113.3 6800
113.306 7140
113.313 7480
113.319 7820
113.325 8160
113.332 8500
113.338 8840
113.344 9180
113.351 9520
113.357 9860
113.363 10200
113.369 10540
113.376 10880
113.609 11220
113.615 11560
113.622 11900
113.628 12240
113.634 12580
113.64 12920
113.647 13260
113.653 13600
113.659 13940
113.666 14280
113.672 14620
113.678 14960
113.685 15300
113.691 15640
113.697 15980
113.703 16320
113.71 16660
113.716 17000
113.722 17340
113.729 17680
113.735 18020
113.741 18360
113.748 18700
113.754 19040
113.76 19380
113.767 19720
113.773 20060
113.779 20400
113.785 20740
113.792 21080
113.798 21420
113.804 21760
113.937 22100
113.943 22440
113.993 15640
114.813 15980
114.832 16320
114.844 16660
114.857 17000
114.87 17340
114.882 17680
114.895 18020
114.92 18360
114.958 18700
115.008 19040
115.059 19380
115.147 19720
115.286 20060
115.424 20400
115.55 20740
115.708 21080
115.891 21420
116.13 21760
116.483 22100
117.221 22440
118.608 22780
118.974 23120
119.402 23460
119.579 23800
119.85 24140
120.007 24480
120.228 24820
120.379 25160
120.531 25500
120.644 25840
120.745 26180
120.877 26520
120.94 26860
121.054 27200
121.136 27540
121.224 27880
121.306 28220
121.394 28560
121.476 28900
121.539 29240
121.602 29580
121.659 29920
121.728 30260
121.785 30600
121.854 30940
121.924 31280
121.974 31620
122.031 31960
122.094 32300
122.138 32640
122.201 32980
122.245 33320
122.302 33660
122.359 34000
122.416 34340
122.479 34680
122.529 35020
122.586 35360
122.649 35700
122.718 36040
122.769 36380
122.819 36720
122.876 37060
122.92 37400
122.977 37740
123.04 38080
123.077 38420
123.109 38760
123.159 39100
123.185 39440
123.229 39780
123.279 40120
123.311 40460
123.355 40800
123.393 41140
123.424 41480
123.462 41820
123.487 42160
123.512 42500
123.544 42840
123.569 43180
123.594 43520
123.632 43860
123.664 44200
123.702 44540
123.727 44880
123.752 45220
123.777 45560
123.802 45900
123.847 46240
123.872 46580
123.916 46920
123.941 47260
123.966 47600
123.992 47940
124.023 48280
124.055 48620
124.08 48960
124.105 49300
124.137 49640
124.162 49980
124.187 50320
124.212 50660
124.25 51000
124.275 51340
124.3 51680
124.338 52020
124.363 52360
124.389 52700
124.414 53040
124.439 53380
124.464 53720
124.49 54060
124.515 54400
124.54 54740
124.565 55080
124.603 55420
124.616 55760
124.641 56100
124.666 56440
124.679 56780
124.704 57120
124.716 57460
124.742 57800
124.767 58140
124.78 58480
124.805 58820
124.836 59160
124.861 59500
124.874 59840
124.899 60180
124.912 60520
124.937 60860
124.95 61200
124.975 61540
124.988 61880
125.013 62220
125.025 62560
125.051 62900
125.063 63240
125.088 63580
125.114 63920
125.126 64260
125.151 64600
125.164 64940
125.189 65280
125.202 65620
125.227 65960
125.24 66300
125.265 66640
125.278 66980
125.303 67320
125.315 67660
125.341 68000
125.353 68340
125.378 68680
125.391 69020
125.416 69360
125.429 69700
125.454 70040
125.467 70380
125.492 70720
125.504 71060
125.53 71400
125.542 71740
125.568 72080
125.58 72420
125.605 72760
125.618 73100
125.643 73440
125.656 73780
125.681 74120
125.694 74460
125.719 74800
125.731 75140
125.757 75480
125.769 75820
125.794 76160
125.807 76500
125.832 76840
125.845 77180
125.87 77520
125.883 77860
125.908 78200
125.921 78540
125.952 78880
125.965 79220
125.99 79560
126.002 79900
126.028 80240
126.04 80580
126.066 80920
126.078 81260
126.103 81600
126.116 81940
126.141 82280
126.154 82620
126.179 82960
126.192 83300
126.217 83640
126.229 83980
126.255 84320
126.267 84660
126.292 85000
126.305 85340
126.33 85680
126.343 86020
126.368 86360
126.381 86700
126.406 87040
126.419 87380
126.444 87720
126.456 88060
126.482 88400
126.494 88740
126.507 89080
126.519 89420
126.532 89760
126.545 90100
126.57 90440
126.582 90780
126.595 91120
126.608 91460
126.62 91800
126.639 64260
129.251 340
129.438 2040
130.037 3060
130.056 4760
130.377 5780
130.396 7480
130.428 8500
130.447 10200
130.718 11220
130.737 12920
130.768 13940
130.787 15640
130.819 16660
130.837 18360
130.869 19380
130.888 21080
131.058 22100
131.077 23800
131.108 24820
131.127 26520
131.159 27540
131.178 29240
131.209 30260
131.228 31960
131.26 32980
131.279 34680
131.31 35700
131.329 37400
131.361 38420
131.379 41140
131.43 42840
131.461 43860
131.48 45560
131.613 45900
131.732 46240
131.865 46580
131.985 46920
132.117 47260
132.243 47600
132.338 33320
134.552 340
134.588 680
135.572 1020
135.578 1360
135.899 1700
135.906 2040
135.912 2380
135.918 2720
136.227 3060
136.233 3400
136.24 3740
136.246 4080
136.252 4420
136.259 4760
136.265 5100
136.271 5440
136.555 5780
136.561 6120
136.567 6460
136.574 6800
136.58 7140
136.586 7480
136.593 7820
136.599 8160
136.605 8500
136.611 8840
136.618 9180
136.624 9520
136.63 9860
136.637 10200
136.643 10540
136.649 10880
136.882 11220
136.889 11560
136.895 11900
136.901 12240
136.908 12580
136.914 12920
136.92 13260
136.927 13600
136.933 13940
136.939 14280
136.945 14620
136.952 14960
136.958 15300
136.964 15640
136.971 15980
136.977 16320
136.983 16660
136.99 17000
136.996 17340
137.002 17680
137.008 18020
137.015 18360
137.021 18700
137.027 19040
137.034 19380
137.04 19720
137.046 20060
137.053 20400
137.059 20740
137.065 21080
137.072 21420
137.078 21760
137.21 22100
137.216 22440
137.223 22780
137.229 23120
137.292 23460
137.317 16320
138.194 16660
138.219 17000
138.231 17340
138.257 17680
138.282 18020
138.307 18360
138.332 18700
138.37 19040
138.408 19380
138.446 19720
138.534 20060
138.622 20400
138.723 20740
138.849 21080
138.969 21420
139.082 21760
139.265 22100
139.454 22440
139.719 22780
140.066 23120
140.841 23460
142.052 23800
142.411 24140
142.833 24480
143.148 24820
143.325 25160
143.527 25500
143.703 25840
143.861 26180
144.006 26520
144.126 26860
144.239 27200
144.327 27540
144.434 27880
144.516 28220
144.605 28560
144.687 28900
144.769 29240
144.851 29580
144.932 29920
144.996 30260
145.059 30600
145.122 30940
145.178 31280
145.241 31620
145.317 31960
145.367 32300
145.412 32640
145.475 32980
145.519 33320
145.569 33660
145.613 34000
145.676 34340
145.733 34680
145.784 35020
145.834 35360
145.884 35700
145.935 36040
145.973 36380
146.004 36720
146.042 37060
146.099 37400
146.149 37740
146.193 38080
146.25 38420
146.3 38760
146.345 39100
146.401 39440
146.452 39780
146.49 40120
146.553 40460
146.59 40800
146.641 41140
146.679 41480
146.717 41820
146.748 42160
146.798 42500
146.83 42840
146.868 43180
146.925 43520
146.969 43860
147.013 44200
147.057 44540
147.082 44880
147.12 45220
147.151 45560
147.164 45900
147.189 46240
147.202 46580
147.227 46920
147.265 47260
147.29 47600
147.315 47940
147.347 48280
147.36 48620
147.397 48960
147.423 49300
147.448 49640
147.473 49980
147.486 50320
147.511 50660
147.536 51000
147.561 51340
147.586 51680
147.612 52020
147.65 52360
147.662 52700
147.687 53040
147.713 53380
147.725 53720
147.75 54060
147.763 54400
147.801 54740
147.826 55080
147.851 55420
147.876 55760
147.908 56100
147.933 56440
147.952 56780
147.977 57120
148.009 57460
148.04 57800
148.066 58140
148.084 58480
148.11 58820
148.122 59160
148.148 59500
148.173 59840
148.185 60180
148.211 60520
148.223 60860
148.248 61200
148.261 61540
148.286 61880
148.299 62220
148.324 62560
148.337 62900
148.362 63240
148.374 63580
148.4 63920
148.412 64260
148.438 64600
148.45 64940
148.475 65280
148.488 65620
148.513 65960
148.526 66300
148.551 66640
148.564 66980
148.589 67320
148.601 67660
148.627 68000
148.639 68340
148.664 68680
148.677 69020
148.702 69360
148.721 69700
148.746 70040
148.759 70380
148.784 70720
148.797 71060
148.822 71400
148.835 71740
148.86 72080
148.872 72420
148.898 72760
148.91 73100
148.936 73440
148.948 73780
148.973 74120
148.986 74460
149.017 74800
149.043 75140
149.055 75480
149.081 75820
149.112 76160
149.125 76500
149.156 76840
149.169 77180
149.194 77520
149.207 77860
149.232 78200
149.244 78540
149.27 78880
149.282 79220
149.307 79560
149.32 79900
149.345 80240
149.358 80580
149.383 80920
149.396 81260
149.421 81600
149.434 81940
149.459 82280
149.471 82620
149.497 82960
149.509 83300
149.534 83640
149.547 83980
149.572 84320
149.585 84660
149.61 85000
149.623 85340
149.648 85680
149.66 86020
149.673 86360
149.698 86700
149.711 87040
149.724 87380
149.736 87720
149.749 88060
149.761 88400
149.774 88740
149.799 89080
149.812 89420
149.824 89760
149.843 62560
152.465 340
152.655 1360
153.254 3060
153.581 4080
153.6 5780
153.632 6800
153.922 8500
153.953 11220
154.004 12240
154.023 13940
154.256 14960
154.275 16660
154.306 17680
154.325 19380
154.357 20400
154.376 22100
154.407 23120
154.426 24820
154.457 25840
154.476 27540
154.508 28560
154.596 30260
154.628 32640
154.672 36720
154.747 39440
154.798 41140
154.829 42160
154.848 43860
154.981 44200
155.1 44540
155.233 44880
155.353 45220
155.472 45560
155.617 45900
155.687 31960
157.879 340
157.95 680
158.902 1020
158.908 1360
159.229 1700
159.236 2040
159.242 2380
159.248 2720
159.557 3060
159.563 3400
159.57 3740
159.576 4080
159.582 4420
159.589 4760
159.595 5100
159.601 5440
159.885 5780
159.891 6120
159.897 6460
159.904 6800
159.91 7140
159.916 7480
159.923 7820
159.929 8160
159.935 8500
159.942 8840
159.948 9180
159.954 9520
159.96 9860
159.967 10200
159.973 10540
159.979 10880
160.212 11220
160.219 11560
160.225 11900
160.231 12240
160.238 12580
160.244 12920
160.25 13260
160.257 13600
160.263 13940
160.269 14280
160.276 14620
160.282 14960
160.288 15300
160.294 15640
160.301 15980
160.307 16320
160.313 16660
160.32 17000
160.326 17340
160.332 17680
160.339 18020
160.345 18360
160.351 18700
160.357 19040
160.364 19380
160.37 19720
160.376 20060
160.383 20400
160.389 20740
160.395 21080
160.402 21420
160.408 21760
160.54 22100
160.584 15300
161.398 15640
161.41 15980
161.423 16320
161.435 16660
161.448 17000
161.473 17340
161.511 17680
161.536 18020
161.574 18360
161.624 18700
161.681 19040
161.782 19380
161.896 19720
162.034 20060
162.154 20400
162.312 20740
162.475 21080
162.715 21420
163.043 21760
163.768 22100
165.186 22440
165.546 22780
165.968 23120
166.296 23460
166.453 23800
166.655 24140
166.838 24480
166.995 24820
167.109 25160
167.254 25500
167.336 25840
167.443 26180
167.531 26520
167.638 26860
167.714 27200
167.809 27540
167.897 27880
167.966 28220
168.036 28560
168.124 28900
168.193 29240
168.244 29580
168.307 29920
168.363 30260
168.433 30600
168.483 30940
168.546 31280
168.584 31620
168.647 31960
168.704 32300
168.748 32640
168.811 32980
168.849 33320
168.899 33660
168.962 34000
169.006 34340
169.069 34680
169.107 35020
169.17 35360
169.227 35700
169.284 36040
169.353 36380
169.41 36720
169.467 37060
169.536 37400
169.58 37740
169.631 38080
169.675 38420
169.731 38760
169.763 39100
169.801 39440
169.832 39780
169.876 40120
169.921 40460
169.965 40800
170.002 41140
170.047 41480
170.091 41820
170.116 42160
170.141 42500
170.166 42840
170.192 43180
170.217 43520
170.242 43860
170.267 44200
170.292 44540
170.33 44880
170.362 45220
170.387 45560
170.431 45900
170.475 46240
170.513 46580
170.538 46920
170.564 47260
170.589 47600
170.614 47940
170.639 48280
170.664 48620
170.69 48960
170.715 49300
170.74 49640
170.784 49980
170.809 50320
170.835 50660
170.879 51000
170.91 51340
170.935 51680
170.954 52020
170.986 52360
171.011 52700
171.036 53040
171.062 53380
171.074 53720
171.099 54060
171.112 54400
171.137 54740
171.162 55080
171.175 55420
171.2 55760
171.213 56100
171.238 56440
171.263 56780
171.276 57120
171.301 57460
171.333 57800
171.345 58140
171.37 58480
171.396 58820
171.421 59160
171.452 59500
171.471 59840
171.497 60180
171.509 60520
171.534 60860
171.547 61200
171.572 61540
171.585 61880
171.61 62220
171.623 62560
171.648 62900
171.66 63240
171.686 63580
171.698 63920
171.723 64260
171.736 64600
171.761 64940
171.774 65280
171.805 65620
171.818 65960
171.843 66300
171.856 66640
171.881 66980
171.906 67320
171.919 67660
171.95 68000
171.963 68340
171.988 68680
172.001 69020
172.032 69360
172.051 69700
172.076 70040
172.089 70380
172.114 70720
172.127 71060
172.152 71400
172.165 71740
172.19 72080
172.203 72420
172.228 72760
172.24 73100
172.266 73440
172.278 73780
172.303 74120
172.316 74460
172.341 74800
172.354 75140
172.379 75480
172.392 75820
172.417 76160
172.43 76500
172.455 76840
172.467 77180
172.493 77520
172.505 77860
172.53 78200
172.543 78540
172.568 78880
172.593 79220
172.606 79560
172.631 79900
172.644 80240
172.669 80580
172.682 80920
172.707 81260
172.719 81600
172.745 81940
172.757 82280
172.783 82620
172.795 82960
172.82 83300
172.833 83640
172.858 83980
172.871 84320
172.896 84660
172.909 85000
172.921 85340
172.934 85680
172.959 86020
172.972 86360
172.984 86700
172.997 87040
173.009 87380
173.022 87720
173.035 88060
173.06 88400
173.073 88740
173.085 89080
173.098 89420
173.11 89760
173.123 90100
173.136 90440
173.148 90780
173.167 63240
175.768 340
175.953 2040
176.546 3060
176.565 7480
176.912 8500
176.93 10200
176.962 11220
176.981 12920
177.012 13940
177.031 15640
177.252 16660
177.271 18360
177.302 19380
177.321 21080
177.353 22100
177.372 23800
177.403 24820
177.422 26520
177.454 27540
177.472 29240
177.504 30260
177.523 31960
177.592 32980
177.611 34680
177.643 35700
177.661 37400
177.693 38420
177.712 40120
177.743 41140
177.762 42840
177.794 45220
177.939 45560
178.071 45900
178.191 46240
178.33 46580
178.456 46920
178.569 47260
178.607 32980
180.805 340
180.864 680
181.822 1020
181.828 1360
182.15 1700
182.156 2040
182.162 2380
182.169 2720
182.478 3060
182.484 3400
182.49 3740
182.496 4080
182.503 4420
182.509 4760
182.515 5100
182.522 5440
182.805 5780
182.812 6120
182.818 6460
182.824 6800
182.83 7140
182.837 7480
182.843 7820
182.849 8160
182.856 8500
182.862 8840
182.868 9180
182.875 9520
182.881 9860
182.887 10200
182.893 10540
182.9 10880
183.133 11220
183.139 11560
183.146 11900
183.152 12240
183.158 12580
183.164 12920
183.171 13260
183.177 13600
183.183 13940
183.19 14280
183.196 14620
183.202 14960
183.209 15300
183.215 15640
183.221 15980
183.227 16320
183.234 16660
183.24 17000
183.246 17340
183.253 17680
183.259 18020
183.265 18360
183.272 18700
183.278 19040
183.284 19380
183.291 19720
183.297 20060
183.303 20400
183.309 20740
183.316 21080
183.322 21420
183.328 21760
183.461 22100
183.467 22440
183.473 22780
183.555 15640
184.394 15980
184.406 16320
184.419 16660
184.431 17000
184.444 17340
184.457 17680
184.494 18020
184.52 18360
184.557 18700
184.595 19040
184.646 19380
184.734 19720
184.847 20060
184.961 20400
185.112 20740
185.226 21080
185.39 21420
185.566 21760
185.818 22100
186.146 22440
186.896 22780
188.252 23120
188.611 23460
189.052 23800
189.222 24140
189.494 24480
189.683 24820
189.884 25160
190.048 25500
190.187 25840
190.307 26180
190.389 26520
190.521 26860
190.597 27200
190.691 27540
190.786 27880
190.868 28220
190.962 28560
191.025 28900
191.107 29240
191.177 29580
191.24 29920
191.284 30260
191.353 30600
191.423 30940
191.473 31280
191.542 31620
191.612 31960
191.649 32300
191.713 32640
191.757 32980
191.813 33320
191.864 33660
191.914 34000
191.971 34340
192.028 34680
192.072 35020
192.11 35360
192.148 35700
192.204 36040
192.229 36380
192.267 36720
192.33 37060
192.4 37400
192.444 37740
192.501 38080
192.532 38420
192.595 38760
192.646 39100
192.702 39440
192.759 39780
192.803 40120
192.854 40460
192.898 40800
192.936 41140
192.967 41480
193.011 41820
193.049 42160
193.093 42500
193.125 42840
193.169 43180
193.2 43520
193.232 43860
193.282 44200
193.326 44540
193.345 44880
193.37 45220
193.396 45560
193.421 45900
193.465 46240
193.49 46580
193.515 46920
193.534 47260
193.56 47600
193.585 47940
193.61 48280
193.642 48620
193.654 48960
193.698 49300
193.717 49640
193.742 49980
193.774 50320
193.799 50660
193.812 51000
193.843 51340
193.856 51680
193.881 52020
193.906 52360
193.932 52700
193.957 53040
193.969 53380
193.995 53720
194.007 54060
194.032 54400
194.058 54740
194.083 55080
194.108 55420
194.127 55760
194.152 56100
194.177 56440
194.19 56780
194.215 57120
194.228 57460
194.266 57800
194.291 58140
194.31 58480
194.341 58820
194.354 59160
194.367 59500
194.392 59840
194.417 60180
194.43 60520
194.455 60860
194.48 61200
194.493 61540
194.518 61880
194.53 62220
194.556 62560
194.568 62900
194.593 63240
194.606 63580
194.631 63920
194.644 64260
194.669 64600
194.694 64940
194.707 65280
194.732 65620
194.745 65960
194.77 66300
194.783 66640
194.808 66980
194.833 67320
194.846 67660
194.871 68000
194.883 68340
194.909 68680
194.921 69020
194.946 69360
194.959 69700
194.984 70040
194.997 70380
195.022 70720
195.035 71060
195.06 71400
195.073 71740
195.098 72080
195.11 72420
195.136 72760
195.148 73100
195.173 73440
195.186 73780
195.211 74120
195.224 74460
195.249 74800
195.262 75140
195.287 75480
195.3 75820
195.325 76160
195.337 76500
195.363 76840
195.375 77180
195.4 77520
195.413 77860
195.438 78200
195.451 78540
195.476 78880
195.489 79220
195.514 79560
195.526 79900
195.552 80240
195.564 80580
195.589 80920
195.602 81260
195.627 81600
195.64 81940
195.665 82280
195.678 82620
195.703 82960
195.716 83300
195.741 83640
195.753 83980
195.779 84320
195.791 84660
195.816 85000
195.829 85340
195.854 85680
195.867 86020
195.892 86360
195.905 86700
195.93 87040
195.943 87380
195.968 87720
195.98 88060
196.006 88400
196.018 88740
196.031 89080
196.056 89420
196.069 89760
196.081 90100
196.094 90440
196.106 90780
196.119 91120
196.132 91460
196.144 91800
196.169 92140
196.182 92480
196.201 64600
198.813 340
198.987 1360
199.593 3060
199.92 4080
199.939 5780
199.971 6800
200.261 8500
200.292 9520
200.311 11220
200.342 12240
200.361 13940
200.595 14960
200.613 16660
200.645 17680
200.664 19380
200.695 20400
200.714 22100
200.746 23120
200.765 24820
200.796 25840
200.815 27540
200.847 28560
200.935 30260
200.966 31280
200.985 32980
201.017 34000
201.036 35700
201.067 36720
201.086 38420
201.118 39440
201.137 41140
201.168 42160
201.187 43860
201.219 44880
201.237 46580
201.37 46920
201.49 47260
201.622 47600
201.742 47940
201.862 48280
202.007 48620
202.076 34000
204.31 340
204.326 680
205.322 1020
205.329 1360
205.65 1700
205.656 2040
205.663 2380
205.669 2720
205.978 3060
205.984 3400
205.99 3740
205.997 4080
206.003 4420
206.009 4760
206.016 5100
206.022 5440
206.306 5780
206.312 6120
206.318 6460
206.324 6800
206.331 7140
206.337 7480
206.343 7820
206.35 8160
206.356 8500
206.362 8840
206.369 9180
206.375 9520
206.381 9860
206.387 10200
206.394 10540
206.4 10880
206.633 11220
206.64 11560
206.646 11900
206.652 12240
206.658 12580
206.665 12920
206.671 13260
206.677 13600
206.684 13940
206.69 14280
206.696 14620
206.703 14960
206.709 15300
206.715 15640
206.721 15980
206.728 16320
206.734 16660
206.74 17000
206.747 17340
206.753 17680
206.759 18020
206.766 18360
206.772 18700
206.778 19040
206.784 19380
206.791 19720
206.797 20060
206.803 20400
206.81 20740
206.816 21080
206.822 21420
206.829 21760
206.961 22100
206.967 22440
206.973 22780
206.98 23120
206.986 23460
206.992 23800
207.081 24140
207.106 16660
208.007 17000
208.033 17340
208.045 17680
208.07 18020
208.096 18360
208.121 18700
208.159 19040
208.184 19380
208.222 19720
208.26 20060
208.329 20400
208.417 20740
208.518 21080
208.619 21420
208.745 21760
208.852 22100
208.991 22440
209.155 22780
209.356 23120
209.615 23460
209.968 23800
210.756 24140
211.91 24480
212.395 24820
212.798 25160
213.082 25500
213.271 25840
213.486 26180
213.593 26520
213.75 26860
213.895 27200
214.002 27540
214.129 27880
214.223 28220
214.311 28560
214.419 28900
214.494 29240
214.57 29580
214.645 29920
214.721 30260
214.797 30600
214.866 30940
214.948 31280
214.998 31620
215.074 31960
215.118 32300
215.194 32640
215.244 32980
215.301 33320
215.339 33660
215.402 34000
215.44 34340
215.509 34680
215.566 35020
215.648 35360
215.705 35700
215.774 36040
215.831 36380
215.887 36720
215.944 37060
215.995 37400
216.051 37740
216.114 38080
216.165 38420
216.203 38760
216.247 39100
216.291 39440
216.322 39780
216.366 40120
216.411 40460
216.461 40800
216.499 41140
216.524 41480
216.568 41820
216.593 42160
216.631 42500
216.675 42840
216.713 43180
216.738 43520
216.77 43860
216.814 44200
216.858 44540
216.896 44880
216.928 45220
216.953 45560
216.997 45900
217.022 46240
217.054 46580
217.073 46920
217.098 47260
217.129 47600
217.167 47940
217.18 48280
217.205 48620
217.217 48960
217.243 49300
217.281 49640
217.293 49980
217.318 50320
217.344 50660
217.381 51000
217.394 51340
217.426 51680
217.451 52020
217.476 52360
217.489 52700
217.52 53040
217.545 53380
217.571 53720
217.596 54060
217.621 54400
217.634 54740
217.659 55080
217.697 55420
217.728 55760
217.741 56100
217.766 56440
217.779 56780
217.804 57120
217.829 57460
217.842 57800
217.873 58140
217.886 58480
217.911 58820
217.93 59160
217.955 59500
217.968 59840
217.993 60180
218.018 60520
218.043 60860
218.056 61200
218.081 61540
218.1 61880
218.125 62220
218.138 62560
218.176 62900
218.201 63240
218.214 63580
218.239 63920
218.251 64260
218.277 64600
218.289 64940
218.314 65280
218.327 65620
218.352 65960
218.365 66300
218.39 66640
218.403 66980
218.428 67320
218.44 67660
218.466 68000
218.491 68340
218.504 68680
218.529 69020
218.541 69360
218.567 69700
218.579 70040
218.604 70380
218.617 70720
218.642 71060
218.655 71400
218.68 71740
218.693 72080
218.718 72420
218.73 72760
218.756 73100
218.768 73440
218.793 73780
218.806 74120
218.838 74460
218.85 74800
218.875 75140
218.888 75480
218.913 75820
218.926 76160
218.951 76500
218.964 76840
218.989 77180
219.002 77520
219.027 77860
219.039 78200
219.065 78540
219.077 78880
219.102 79220
219.115 79560
219.14 79900
219.153 80240
219.178 80580
219.191 80920
219.216 81260
219.228 81600
219.254 81940
219.266 82280
219.292 82620
219.304 82960
219.329 83300
219.342 83640
219.367 83980
219.392 84320
219.405 84660
219.43 85000
219.443 85340
219.468 85680
219.481 86020
219.506 86360
219.518 86700
219.544 87040
219.556 87380
219.581 87720
219.594 88060
219.607 88400
219.619 88740
219.632 89080
219.657 89420
219.67 89760
219.682 90100
219.695 90440
219.708 90780
219.726 63240
222.336 340
222.525 2040
223.118 3060
223.137 4760
223.458 5780
223.477 7480
223.509 8500
223.528 10200
223.799 11220
223.818 12920
223.849 13940
223.868 15640
223.9 16660
223.918 18360
223.95 19380
223.969 21080
224.139 22100
224.158 24820
224.208 26520
224.24 27540
224.259 29240
224.29 30260
224.309 31960
224.341 32980
224.36 34680
224.391 35700
224.41 37400
224.442 38420
224.46 40120
224.492 41140
224.511 42840
224.542 43860
224.561 45560
224.694 45900
224.813 46240
224.94 46580
225.072 46920
225.192 47260
225.318 47600
225.375 33320
227.587 340
227.625 680
228.602 1020
228.608 1360
228.93 1700
228.936 2040
228.942 2380
228.949 2720
229.258 3060
229.264 3400
229.27 3740
229.276 4080
229.283 4420
229.289 4760
229.295 5100
229.302 5440
229.585 5780
229.592 6120
229.598 6460
229.604 6800
229.61 7140
229.617 7480
229.623 7820
229.629 8160
229.636 8500
229.642 8840
229.648 9180
229.655 9520
229.661 9860
229.667 10200
229.674 10540
229.68 10880
229.913 11220
229.919 11560
229.926 11900
229.932 12240
229.938 12580
229.944 12920
229.951 13260
229.957 13600
229.963 13940
229.97 14280
229.976 14620
229.982 14960
229.989 15300
229.995 15640
230.001 15980
230.008 16320
230.014 16660
230.02 17000
230.026 17340
230.033 17680
230.039 18020
230.045 18360
230.052 18700
230.058 19040
230.064 19380
230.071 19720
230.077 20060
230.083 20400
230.089 20740
230.096 21080
230.102 21420
230.108 21760
230.241 22100
230.247 22440
230.253 22780
230.26 23120
230.348 15980
231.193 16320
231.211 16660
231.224 17000
231.237 17340
231.249 17680
231.262 18020
231.275 18360
231.3 18700
231.338 19040
231.388 19380
231.438 19720
231.508 20060
231.621 20400
231.747 20740
231.899 21080
232.006 21420
232.176 21760
232.352 22100
232.605 22440
232.951 22780
233.708 23120
235.051 23460
235.404 23800
235.845 24140
236.072 24480
236.33 24820
236.551 25160
236.709 25500
236.879 25840
236.973 26180
237.106 26520
237.219 26860
237.326 27200
237.446 27540
237.509 27880
237.61 28220
237.692 28560
237.774 28900
237.837 29240
237.919 29580
238.001 29920
238.051 30260
238.108 30600
238.177 30940
238.247 31280
238.316 31620
238.385 31960
238.423 32300
238.467 32640
238.524 32980
238.575 33320
238.638 33660
238.701 34000
238.77 34340
238.846 23800
239.861 24140
239.873 24480
239.886 24820
239.898 25160
239.911 25500
239.924 25840
239.936 26180
239.949 26520
239.961 26860
239.974 27200
239.987 27540
239.999 27880
240.012 28220
240.024 28560
240.037 28900
240.05 29240
240.062 29580
240.1 29920
240.214 30260
240.327 30600
240.441 30940
240.567 31280
240.699 31620
240.907 31960
241.165 32300
241.437 32640
241.657 32980
241.859 33320
242.206 33660
242.615 34000
243.328 34340
244.828 34680
245.181 35020
245.433 35360
245.799 35700
245.988 36040
246.202 36380
246.404 36720
246.543 37060
246.669 37400
246.808 37740
246.921 38080
247.035 38420
247.123 38760
247.224 39100
247.299 39440
247.388 39780
247.476 40120
247.551 40460
247.614 40800
247.69 41140
247.753 41480
247.829 41820
247.879 42160
247.942 42500
248.005 42840
248.056 43180
248.119 43520
248.169 43860
248.232 44200
248.27 44540
248.321 44880
248.371 45220
248.421 45560
248.472 45900
248.522 46240
248.573 46580
248.611 46920
248.648 47260
248.699 47600
248.737 47940
248.787 48280
248.825 48620
248.875 48960
248.913 49300
248.938 49640
248.976 49980
249.014 50320
249.052 50660
249.09 51000
249.127 51340
249.165 51680
249.203 52020
249.241 52360
249.279 52700
249.317 53040
249.354 53380
249.392 53720
249.43 54060
249.455 54400
249.493 54740
249.518 55080
249.556 55420
249.581 55760
249.619 56100
249.644 56440
249.682 56780
249.707 57120
249.745 57460
249.77 57800
249.808 58140
249.833 58480
249.871 58820
249.897 59160
249.934 59500
249.96 59840
249.997 60180
250.023 60520
250.035 60860
250.06 61200
250.098 61540
250.123 61880
250.136 62220
250.161 62560
250.187 62900
250.212 63240
250.237 63580
250.262 63920
250.287 64260
250.313 64600
250.338 64940
250.363 65280
250.388 65620
250.413 65960
250.439 66300
250.464 66640
250.489 66980
250.514 67320
250.54 67660
250.565 68000
250.59 68340
250.615 68680
250.64 69020
250.666 69360
250.691 69700
250.716 70040
250.741 70380
250.766 70720
250.792 71060
250.817 71400
250.842 71740
250.867 72080
250.893 72420
250.918 72760
250.943 73100
250.968 73440
250.993 73780
251.006 74120
251.031 74460
251.044 74800
251.069 75140
251.082 75480
251.107 75820
251.12 76160
251.145 76500
251.157 76840
251.183 77180
251.195 77520
251.22 77860
251.233 78200
251.258 78540
251.271 78880
251.296 79220
251.309 79560
251.334 79900
251.346 80240
251.372 80580
251.384 80920
251.409 81260
251.422 81600
251.447 81940
251.46 82280
251.485 82620
251.498 82960
251.523 83300
251.536 83640
251.561 83980
251.573 84320
251.599 84660
251.611 85000
251.636 85340
251.649 85680
251.674 86020
251.687 86360
251.712 86700
251.725 87040
251.75 87380
251.763 87720
251.788 88060
251.8 88400
251.826 88740
251.838 89080
251.863 89420
251.876 89760
251.908 62560
254.507 340
254.7 2040
255.293 3740
255.324 5440
255.646 7140
255.677 8840
255.709 10540
255.74 12240
255.999 13940
256.03 15640
256.062 17340
256.093 19040
256.125 20740
256.156 22440
256.188 23460
256.207 25160
256.339 26180
256.358 27880
256.389 28900
256.408 30600
256.44 31620
256.459 33320
256.49 34340
256.509 36040
256.541 37060
256.56 38760
256.591 39780
256.61 41480
256.641 42500
256.66 44200
256.793 44540
256.913 44880
257.045 45220
257.165 45560
257.297 45900
257.417 46240
257.486 32300
259.67 340
259.743 680
260.695 1020
260.701 1360
261.023 1700
261.029 2040
261.035 2380
261.042 2720
261.35 3060
261.357 3400
261.363 3740
261.369 4080
261.376 4420
261.382 4760
261.388 5100
261.394 5440
261.678 5780
261.684 6120
261.691 6460
261.697 6800
261.703 7140
261.71 7480
261.716 7820
261.722 8160
261.728 8500
261.735 8840
261.741 9180
261.747 9520
261.754 9860
261.76 10200
261.766 10540
261.773 10880
262.006 11220
262.012 11560
262.018 11900
262.025 12240
262.031 12580
262.037 12920
262.044 13260
262.05 13600
262.056 13940
262.062 14280
262.069 14620
262.075 14960
262.081 15300
262.088 15640
262.094 15980
262.1 16320
262.107 16660
262.113 17000
262.119 17340
262.125 17680
262.132 18020
262.138 18360
262.144 18700
262.151 19040
262.157 19380
262.163 19720
262.17 20060
262.176 20400
262.182 20740
262.189 21080
262.195 21420
262.201 21760
262.333 22100
262.34 22440
262.39 15640
263.21 15980
263.229 16320
263.241 16660
263.254 17000
263.266 17340
263.292 17680
263.329 18020
263.355 18360
263.392 18700
263.443 19040
263.493 19380
263.607 19720
263.72 20060
263.859 20400
263.985 20740
264.143 21080
264.313 21420
264.565 21760
264.918 22100
265.656 22440
266.998 22780
267.364 23120
267.799 23460
267.969 23800
268.24 24140
268.429 24480
268.637 24820
268.801 25160
268.94 25500
269.053 25840
269.167 26180
269.274 26520
269.362 26860
269.444 27200
269.533 27540
269.64 27880
269.715 28220
269.791 28560
269.867 28900
269.93 29240
269.993 29580
270.068 29920
270.125 30260
270.182 30600
270.251 30940
270.314 31280
270.365 31620
270.428 31960
270.472 32300
270.535 32640
270.585 32980
270.642 33320
270.693 33660
270.768 34000
270.819 34340
270.888 34680
270.938 35020
271.014 35360
271.064 35700
271.134 36040
271.178 36380
271.222 36720
271.285 37060
271.342 37400
271.399 37740
271.455 38080
271.487 38420
271.531 38760
271.575 39100
271.613 39440
271.657 39780
271.682 40120
271.707 40460
271.745 40800
271.783 41140
271.808 41480
271.834 41820
271.859 42160
271.884 42500
271.909 42840
271.947 43180
271.985 43520
272.016 43860
272.042 44200
272.079 44540
272.105 44880
272.13 45220
272.155 45560
272.18 45900
272.224 46240
272.269 46580
272.3 46920
272.338 47260
272.382 47600
272.414 47940
272.445 48280
272.489 48620
272.514 48960
272.546 49300
272.577 49640
272.59 49980
272.615 50320
272.64 50660
272.666 51000
272.691 51340
272.703 51680
272.729 52020
272.754 52360
272.779 52700
272.792 53040
272.817 53380
272.842 53720
272.867 54060
272.893 54400
272.905 54740
272.93 55080
272.956 55420
272.981 55760
272.993 56100
273.019 56440
273.044 56780
273.057 57120
273.082 57460
273.107 57800
273.12 58140
273.145 58480
273.17 58820
273.195 59160
273.208 59500
273.233 59840
273.258 60180
273.271 60520
273.283 60860
273.309 61200
273.334 61540
273.346 61880
273.372 62220
273.384 62560
273.41 62900
273.441 63240
273.454 63580
273.479 63920
273.498 64260
273.523 64600
273.536 64940
273.561 65280
273.573 65620
273.599 65960
273.611 66300
273.636 66640
273.649 66980
273.674 67320
273.687 67660
273.712 68000
273.725 68340
273.75 68680
273.763 69020
273.788 69360
273.8 69700
273.826 70040
273.838 70380
273.863 70720
273.876 71060
273.901 71400
273.914 71740
273.939 72080
273.952 72420
273.977 72760
273.99 73100
274.015 73440
274.027 73780
274.053 74120
274.065 74460
274.09 74800
274.103 75140
274.128 75480
274.141 75820
274.166 76160
274.179 76500
274.204 76840
274.216 77180
274.242 77520
274.254 77860
274.279 78200
274.292 78540
274.317 78880
274.33 79220
274.355 79560
274.368 79900
274.393 80240
274.406 80580
274.431 80920
274.443 81260
274.469 81600
274.481 81940
274.506 82280
274.519 82620
274.544 82960
274.557 83300
274.582 83640
274.595 83980
274.62 84320
274.633 84660
274.658 85000
274.67 85340
274.696 85680
274.708 86020
274.733 86360
274.746 86700
274.771 87040
274.784 87380
274.809 87720
274.822 88060
274.834 88400
274.847 88740
274.872 89080
274.885 89420
274.897 89760
274.91 90100
274.922 90440
274.935 90780
274.948 91120
274.96 91460
274.973 91800
274.986 92140
275.011 92480
275.023 92820
275.042 64940
277.662 340
277.829 1360
278.44 3060
278.768 4080
278.787 5780
278.818 6800
279.108 8500
279.14 9520
279.159 11220
279.19 12240
279.209 13940
279.442 14960
279.461 16660
279.493 17680
279.511 19380
279.543 20400
279.562 22100
279.593 23120
279.612 24820
279.644 25840
279.663 27540
279.694 28560
279.782 30260
279.814 31280
279.833 32980
279.864 34000
279.883 35700
279.915 36720
279.934 38420
279.965 39440
279.984 41140
280.016 42160
280.035 43860
280.066 44880
280.085 46580
280.217 46920
280.337 47260
280.47 47600
280.589 47940
280.728 48280
280.86 48620
280.93 34000
283.171 340
283.18 680
284.183 1020
284.189 1360
284.51 1700
284.517 2040
284.523 2380
284.529 2720
284.838 3060
284.844 3400
284.851 3740
284.857 4080
284.863 4420
284.87 4760
284.876 5100
284.882 5440
285.166 5780
285.172 6120
285.178 6460
285.185 6800
285.191 7140
285.197 7480
285.204 7820
285.21 8160
285.216 8500
285.222 8840
285.229 9180
285.235 9520
285.241 9860
285.248 10200
285.254 10540
285.26 10880
285.493 11220
285.5 11560
285.506 11900
285.512 12240
285.519 12580
285.525 12920
285.531 13260
285.538 13600
285.544 13940
285.55 14280
285.556 14620
285.563 14960
285.569 15300
285.575 15640
285.582 15980
285.588 16320
285.594 16660
285.601 17000
285.607 17340
285.613 17680
285.619 18020
285.626 18360
285.632 18700
285.638 19040
285.645 19380
285.651 19720
285.657 20060
285.664 20400
285.67 20740
285.676 21080
285.683 21420
285.689 21760
285.821 22100
285.827 22440
285.834 22780
285.84 23120
285.846 23460
285.853 23800
285.935 24140
285.966 16660
286.868 17000
286.88 17340
286.905 17680
286.931 18020
286.956 18360
286.981 18700
287.006 19040
287.044 19380
287.082 19720
287.12 20060
287.176 20400
287.265 20740
287.366 21080
287.466 21420
287.593 21760
287.7 22100
287.838 22440
288.002 22780
288.204 23120
288.462 23460
288.809 23800
289.591 24140
290.77 24480
291.211 24820
291.608 25160
291.898 25500
292.138 25840
292.289 26180
292.453 26520
292.617 26860
292.755 27200
292.882 27540
292.995 27880
293.09 28220
293.172 28560
293.266 28900
293.342 29240
293.43 29580
293.499 29920
293.581 30260
293.67 30600
293.726 30940
293.802 31280
293.871 31620
293.941 31960
293.997 32300
294.048 32640
294.105 32980
294.161 33320
294.205 33660
294.25 34000
294.3 34340
294.376 34680
294.426 35020
294.502 35360
294.571 35700
294.621 36040
294.672 36380
294.729 36720
294.779 37060
294.83 37400
294.893 37740
294.949 38080
294.993 38420
295.044 38760
295.088 39100
295.145 39440
295.183 39780
295.214 40120
295.258 40460
295.29 40800
295.328 41140
295.372 41480
295.403 41820
295.454 42160
295.498 42500
295.529 42840
295.567 43180
295.599 43520
295.636 43860
295.662 44200
295.712 44540
295.75 44880
295.794 45220
295.819 45560
295.851 45900
295.87 46240
295.907 46580
295.926 46920
295.952 47260
295.977 47600
296.008 47940
296.034 48280
296.059 48620
296.071 48960
296.097 49300
296.122 49640
296.153 49980
296.172 50320
296.197 50660
296.223 51000
296.261 51340
296.273 51680
296.305 52020
296.33 52360
296.342 52700
296.368 53040
296.406 53380
296.418 53720
296.443 54060
296.469 54400
296.506 54740
296.519 55080
296.55 55420
296.563 55760
296.588 56100
296.62 56440
296.651 56780
296.664 57120
296.689 57460
296.714 57800
296.74 58140
296.771 58480
296.784 58820
296.815 59160
296.828 59500
296.853 59840
296.878 60180
296.891 60520
296.929 60860
296.941 61200
296.973 61540
296.985 61880
297.011 62220
297.023 62560
297.061 62900
297.074 63240
297.099 63580
297.112 63920
297.137 64260
297.149 64600
297.175 64940
297.187 65280
297.212 65620
297.225 65960
297.257 66300
297.269 66640
297.294 66980
297.307 67320
297.332 67660
297.345 68000
297.37 68340
297.383 68680
297.408 69020
297.42 69360
297.446 69700
297.458 70040
297.483 70380
297.496 70720
297.521 71060
297.534 71400
297.559 71740
297.572 72080
297.597 72420
297.61 72760
297.635 73100
297.647 73440
297.673 73780
297.685 74120
297.71 74460
297.723 74800
297.748 75140
297.761 75480
297.792 75820
297.805 76160
297.83 76500
297.843 76840
297.868 77180
297.881 77520
297.912 77860
297.925 78200
297.95 78540
297.963 78880
297.988 79220
298 79560
298.026 79900
298.038 80240
298.063 80580
298.076 80920
298.101 81260
298.114 81600
298.139 81940
298.152 82280
298.177 82620
298.19 82960
298.215 83300
298.227 83640
298.253 83980
298.265 84320
298.29 84660
298.303 85000
298.328 85340
298.341 85680
298.366 86020
298.379 86360
298.391 86700
298.404 87040
298.416 87380
298.442 87720
298.454 88060
298.467 88400
298.48 88740
298.492 89080
298.505 89420
298.517 89760
298.53 90100
298.555 90440
298.568 90780
298.58 91120
298.593 91460
298.606 91800
298.618 92140
298.637 64260
301.246 340
301.423 2040
302.022 3060
302.041 4760
302.363 5780
302.382 7480
302.413 8500
302.432 10200
302.703 11220
302.722 12920
302.753 13940
302.772 15640
302.804 16660
302.823 18360
302.854 19380
302.873 21080
303.043 22100
303.062 23800
303.094 24820
303.113 26520
303.144 27540
303.163 30260
303.213 31960
303.245 32980
303.264 34680
303.295 35700
303.314 38420
303.365 40120
303.396 41140
303.415 42840
303.447 43860
303.466 45560
303.617 45900
303.718 46240
303.869 46580
303.989 46920
304.115 47260
304.241 47600
304.317 33320
306.529 340
306.567 680
307.544 1020
307.551 1360
307.872 1700
307.878 2040
307.885 2380
307.891 2720
308.2 3060
308.206 3400
308.212 3740
308.219 4080
308.225 4420
308.231 4760
308.238 5100
308.244 5440
308.527 5780
308.534 6120
308.54 6460
308.546 6800
308.553 7140
308.559 7480
308.565 7820
308.572 8160
308.578 8500
308.584 8840
308.59 9180
308.597 9520
308.603 9860
308.609 10200
308.616 10540
308.622 10880
308.855 11220
308.861 11560
308.868 11900
308.874 12240
308.88 12580
308.887 12920
308.893 13260
308.899 13600
308.906 13940
308.912 14280
308.918 14620
308.924 14960
308.931 15300
308.937 15640
308.943 15980
308.95 16320
308.956 16660
308.962 17000
308.969 17340
308.975 17680
308.981 18020
308.987 18360
308.994 18700
309 19040
309.006 19380
309.013 19720
309.019 20060
309.025 20400
309.032 20740
309.038 21080
309.044 21420
309.051 21760
309.183 22100
309.189 22440
309.195 22780
309.202 23120
309.29 15980
310.135 16320
310.154 16660
310.166 17000
310.179 17340
310.191 17680
310.204 18020
310.217 18360
310.229 18700
310.254 19040
310.305 19380
310.355 19720
310.418 20060
310.532 20400
310.671 20740
310.809 21080
310.923 21420
311.087 21760
311.282 22100
311.522 22440
311.875 22780
312.631 23120
313.986 23460
314.339 23800
314.793 24140
314.989 24480
315.254 24820
315.455 25160
315.651 25500
315.783 25840
315.922 26180
316.054 26520
316.149 26860
316.25 27200
316.363 27540
316.464 27880
316.546 28220
316.64 28560
316.716 28900
316.792 29240
316.867 29580
316.937 29920
316.987 30260
317.057 30600
317.12 30940
317.176 31280
317.252 31620
317.315 31960
317.359 32300
317.403 32640
317.466 32980
317.517 33320
317.573 33660
317.624 34000
317.674 34340
317.725 34680
317.775 35020
317.826 35360
317.87 35700
317.914 36040
317.952 36380
317.983 36720
318.027 37060
318.084 37400
318.128 37740
318.191 38080
318.242 38420
318.292 38760
318.343 39100
318.399 39440
318.443 39780
318.5 40120
318.557 40460
318.582 40800
318.633 41140
318.664 41480
318.702 41820
318.733 42160
318.79 42500
318.828 42840
318.866 43180
318.904 43520
318.954 43860
318.986 44200
319.036 44540
319.074 44880
319.099 45220
319.131 45560
319.156 45900
319.175 46240
319.2 46580
319.225 46920
319.25 47260
319.276 47600
319.301 47940
319.326 48280
319.351 48620
319.376 48960
319.402 49300
319.433 49640
319.458 49980
319.484 50320
319.496 50660
319.547 51000
319.559 51340
319.584 51680
319.61 52020
319.647 52360
319.673 52700
319.704 53040
319.717 53380
319.761 53720
319.774 54060
319.799 54400
319.824 54740
319.855 55080
319.881 55420
319.893 55760
319.925 56100
319.944 56440
319.969 56780
320 57120
320.013 57460
320.038 57800
320.051 58140
320.076 58480
320.101 58820
320.114 59160
320.139 59500
320.152 59840
320.177 60180
320.19 60520
320.215 60860
320.227 61200
320.253 61540
320.278 61880
320.29 62220
320.316 62560
320.341 62900
320.353 63240
320.366 63580
320.391 63920
320.417 64260
320.429 64600
320.442 64940
320.467 65280
320.48 65620
320.505 65960
320.517 66300
320.543 66640
320.555 66980
320.58 67320
320.593 67660
320.618 68000
320.631 68340
320.656 68680
320.669 69020
320.694 69360
320.707 69700
320.732 70040
320.744 70380
320.77 70720
320.795 71060
320.82 71400
320.833 71740
320.858 72080
320.87 72420
320.896 72760
320.908 73100
320.94 73440
320.952 73780
320.978 74120
320.99 74460
321.015 74800
321.028 75140
321.053 75480
321.078 75820
321.091 76160
321.116 76500
321.129 76840
321.154 77180
321.167 77520
321.192 77860
321.205 78200
321.23 78540
321.242 78880
321.268 79220
321.28 79560
321.305 79900
321.318 80240
321.343 80580
321.356 80920
321.381 81260
321.394 81600
321.419 81940
321.431 82280
321.457 82620
321.469 82960
321.495 83300
321.507 83640
321.532 83980
321.545 84320
321.57 84660
321.583 85000
321.608 85340
321.621 85680
321.646 86020
321.658 86360
321.684 86700
321.696 87040
321.721 87380
321.734 87720
321.759 88060
321.772 88400
321.797 88740
321.81 89080
321.822 89420
321.835 89760
321.848 90100
321.866 62900
324.478 340
324.678 1360
325.271 3060
325.598 4080
325.617 5780
325.649 6800
325.939 8500
325.97 9520
325.989 11220
326.021 14960
326.292 16660
326.323 17680
326.342 19380
326.373 20400
326.392 23120
326.443 24820
326.474 25840
326.493 27540
326.525 28560
326.544 30260
326.626 32640
326.67 34340
326.701 35360
326.72 37060
326.752 38080
326.771 39780
326.802 40800
326.821 42500
326.852 43520
326.871 45220
327.004 45560
327.124 45900
327.256 46240
327.376 46580
327.508 46920
327.647 47260
327.704 32980
329.912 340
329.96 680
330.931 1020
330.937 1360
331.259 1700
331.265 2040
331.271 2380
331.278 2720
331.587 3060
331.593 3400
331.599 3740
331.605 4080
331.612 4420
331.618 4760
331.624 5100
331.631 5440
331.914 5780
331.921 6120
331.927 6460
331.933 6800
331.939 7140
331.946 7480
331.952 7820
331.958 8160
331.965 8500
331.971 8840
331.977 9180
331.984 9520
331.99 9860
331.996 10200
332.002 10540
332.009 10880
332.242 11220
332.248 11560
332.255 11900
332.261 12240
332.267 12580
332.273 12920
332.28 13260
332.286 13600
332.292 13940
332.299 14280
332.305 14620
332.311 14960
332.318 15300
332.324 15640
332.33 15980
332.336 16320
332.343 16660
332.349 17000
332.355 17340
332.362 17680
332.368 18020
332.374 18360
332.381 18700
332.387 19040
332.393 19380
332.4 19720
332.406 20060
332.412 20400
332.418 20740
332.425 21080
332.431 21420
332.437 21760
332.57 22100
332.576 22440
332.582 22780
332.664 15640
333.503 15980
333.515 16320
333.528 16660
333.54 17000
333.553 17340
333.566 17680
333.578 18020
333.603 18360
333.641 18700
333.679 19040
333.73 19380
333.793 19720
333.906 20060
334.045 20400
334.171 20740
334.297 21080
334.455 21420
334.65 21760
334.877 22100
335.217 22440
335.961 22780
337.361 23120
337.714 23460
338.161 23800
338.319 24140
338.609 24480
338.748 24820
338.962 25160
339.119 25500
339.277 25840
339.378 26180
339.485 26520
339.617 26860
339.706 27200
339.807 27540
339.907 27880
339.996 28220
340.078 28560
340.147 28900
340.21 29240
340.286 29580
340.342 29920
340.399 30260
340.462 30600
340.538 30940
340.607 31280
340.67 31620
340.727 31960
340.771 32300
340.834 32640
340.885 32980
340.941 33320
340.985 33660
341.03 34000
341.093 34340
341.143 34680
341.187 35020
341.238 35360
341.257 35700
341.301 36040
341.345 36380
341.383 36720
341.433 37060
341.496 37400
341.547 37740
341.61 38080
341.666 38420
341.723 38760
341.761 39100
341.818 39440
341.862 39780
341.918 40120
341.95 40460
341.981 40800
342.032 41140
342.07 41480
342.108 41820
342.152 42160
342.196 42500
342.234 42840
342.278 43180
342.316 43520
342.341 43860
342.391 44200
342.429 44540
342.454 44880
342.467 45220
342.505 45560
342.53 45900
342.561 46240
342.606 46580
342.618 46920
342.643 47260
342.669 47600
342.7 47940
342.725 48280
342.757 48620
342.769 48960
342.795 49300
342.82 49640
342.845 49980
342.858 50320
342.896 50660
342.921 51000
342.933 51340
342.959 51680
342.984 52020
343.009 52360
343.022 52700
343.047 53040
343.072 53380
343.097 53720
343.11 54060
343.141 54400
343.167 54740
343.211 55080
343.223 55420
343.249 55760
343.274 56100
343.286 56440
343.312 56780
343.324 57120
343.356 57460
343.381 57800
343.394 58140
343.419 58480
343.444 58820
343.469 59160
343.482 59500
343.507 59840
343.532 60180
343.551 60520
343.576 60860
343.595 61200
343.621 61540
343.633 61880
343.658 62220
343.671 62560
343.696 62900
343.721 63240
343.753 63580
343.766 63920
343.797 64260
343.81 64600
343.835 64940
343.847 65280
343.873 65620
343.885 65960
343.911 66300
343.923 66640
343.948 66980
343.961 67320
343.986 67660
343.999 68000
344.024 68340
344.037 68680
344.062 69020
344.074 69360
344.1 69700
344.112 70040
344.137 70380
344.15 70720
344.175 71060
344.188 71400
344.213 71740
344.232 72080
344.257 72420
344.282 72760
344.308 73100
344.32 73440
344.345 73780
344.358 74120
344.383 74460
344.396 74800
344.421 75140
344.434 75480
344.459 75820
344.472 76160
344.497 76500
344.509 76840
344.535 77180
344.547 77520
344.572 77860
344.585 78200
344.61 78540
344.623 78880
344.648 79220
344.661 79560
344.686 79900
344.699 80240
344.724 80580
344.749 80920
344.762 81260
344.787 81600
344.799 81940
344.825 82280
344.837 82620
344.862 82960
344.875 83300
344.9 83640
344.913 83980
344.938 84320
344.951 84660
344.976 85000
344.989 85340
345.014 85680
345.026 86020
345.039 86360
345.052 86700
345.077 87040
345.089 87380
345.102 87720
345.115 88060
345.127 88400
345.14 88740
345.152 89080
345.178 89420
345.19 89760
345.203 90100
345.215 90440
345.228 90780
345.247 63240
347.851 340
348.046 2040
348.632 3060
348.651 4760
348.973 5780
348.991 7480
349.023 8500
349.042 10200
349.313 11220
349.332 12920
349.363 13940
349.382 15640
349.414 18360
349.464 22100
349.672 23800
349.704 24820
349.722 26520
349.754 27540
349.773 29240
349.804 30260
349.823 31960
349.855 32980
349.874 34680
349.905 35700
349.924 37400
349.956 38420
349.975 40120
350.006 41140
350.025 42840
350.057 43860
350.075 45560
350.176 45900
350.334 46240
350.454 46580
350.586 46920
350.712 47260
350.838 47600
350.895 47940
351.796 33320
354.363 340
354.961 680
355.352 1020
355.358 1360
355.68 1700
356.007 1020
356.258 1360
356.367 1700
358.224 2040
358.552 2380
358.686 2720
358.892 3060
359.22 3400
359.232 3740
360.203 4080
360.215 4420
360.537 4760
360.549 5100
360.627 5440
360.864 5780
360.877 6120
360.89 6460
360.954 6800
361.198 7140
361.211 7480
361.224 7820
361.236 8160
361.295 8500
361.532 8840
361.545 9180
361.558 9520
361.57 9860
361.595 10200
361.646 10540
361.86 10880
361.873 11220
361.923 11560
361.974 11900
362.024 12240
362.2 12580
362.226 12920
362.263 13260
362.301 13600
362.326 13940
362.364 14280
362.522 14620
362.534 14960
362.56 15300
362.585 15640
362.61 15980
362.648 16320
362.686 16660
362.711 17000
362.749 17340
362.856 17680
362.881 18020
362.906 18360
362.931 18700
362.957 19040
362.994 19380
363.02 19720
363.057 20060
363.083 20400
363.121 20740
363.146 21080
363.196 21420
363.221 21760
363.259 22100
363.284 22440
363.322 22780
363.347 23120
363.385 23460
363.41 23800
363.448 24140
363.473 24480
363.511 24820
363.536 25160
363.574 25500
363.6 25840
363.625 26180
363.663 26520
363.688 26860
363.713 27200
363.738 27540
363.763 27880
363.801 28220
363.814 28560
363.839 28900
363.877 29240
363.902 29580
363.927 29920
363.953 30260
363.978 30600
364.003 30940
364.028 31280
364.053 31620
364.079 31960
364.104 32300
364.129 32640
364.154 32980
364.179 33320
364.205 33660
364.23 34000
364.255 34340
364.28 34680
364.306 35020
364.331 35360
364.356 35700
364.381 36040
364.406 36380
364.432 36720
364.457 37060
364.482 37400
364.507 37740
364.533 38080
364.558 38420
364.583 38760
364.608 39100
364.633 39440
364.659 39780
364.684 40120
364.709 40460
364.734 40800
364.747 41140
364.772 41480
364.797 41820
364.823 42160
364.848 42500
364.86 42840
364.886 43180
364.898 43520
364.923 43860
364.949 44200
364.961 44540
364.986 44880
365.012 45220
365.024 45560
365.037 45900
365.062 46240
365.087 46580
365.1 46920
365.112 47260
365.138 47600
365.163 47940
365.176 48280
365.188 48620
365.213 48960
365.226 49300
365.251 49640
365.264 49980
365.289 50320
365.302 50660
365.327 51000
365.339 51340
365.365 51680
365.377 52020
365.402 52360
365.415 52700
365.44 53040
365.453 53380
365.478 53720
365.491 54060
365.516 54400
365.529 54740
365.554 55080
365.566 55420
365.592 55760
365.604 56100
365.629 56440
365.642 56780
365.667 57120
365.68 57460
365.705 57800
365.718 58140
365.743 58480
365.755 58820
365.781 59160
365.793 59500
365.819 59840
365.831 60180
365.856 60520
365.869 60860
365.894 61200
365.907 61540
365.932 61880
365.945 62220
365.97 62560
365.982 62900
366.008 63240
366.02 63580
366.045 63920
366.058 64260
366.083 64600
366.096 64940
366.121 65280
366.134 65620
366.159 65960
366.172 66300
366.197 66640
366.209 66980
366.235 67320
366.247 67660
366.272 68000
366.285 68340
366.31 68680
366.323 69020
366.348 69360
366.361 69700
366.386 70040
366.399 70380
366.411 70720
366.424 71060
366.436 71400
366.462 71740
366.474 72080
366.487 72420
366.499 72760
366.512 73100
366.525 73440
366.537 73780
366.55 74120
366.562 74460
366.588 74800
366.6 75140
366.613 75480
366.625 75820
366.638 76160
366.651 76500
366.663 76840
366.676 77180
366.688 77520
366.701 77860
366.726 78200
366.739 78540
366.752 78880
366.764 79220
366.777 79560
366.789 79900
366.802 80240
366.815 80580
366.827 80920
366.84 81260
366.852 81600
366.865 81940
366.878 82280
366.89 82620
366.903 82960
366.915 83300
366.928 83640
366.941 83980
366.953 84320
366.966 84660
366.991 85000
367.004 85340
367.016 85680
367.029 86020
367.042 86360
367.054 86700
367.067 87040
367.079 87380
367.092 87720
367.105 88060
367.117 88400
367.13 88740
367.142 89080
367.155 89420
367.168 89760
367.18 90100
367.193 90440
367.205 90780
367.218 91120
367.231 91460
367.243 91800
367.256 92140
367.268 92480
367.281 92820
367.294 93160
367.306 93500
367.319 93840
367.331 94180
367.344 94520
367.357 94860
367.369 95200
367.382 95540
367.395 95880
367.407 96220
367.42 96560
367.432 96900
367.445 97240
367.458 97580
367.47 97920
367.483 98260
367.495 98600
367.508 98940
367.521 99280
367.533 99620
367.546 99960
367.558 100300
367.571 100640
367.584 100980
367.603 70380
370.223 340
370.288 1360
370.95 3060
371.278 4080
371.297 5100
371.316 6120
371.605 7140
371.624 8840
371.656 9860
371.675 10880
371.694 11900
371.713 12920
371.946 13940
371.965 14960
371.984 15980
372.002 17000
372.021 18700
372.053 19720
372.072 20740
372.091 21760
372.11 22780
372.129 23800
372.147 24820
372.166 25840
372.273 26860
372.292 27880
372.311 29580
372.343 30600
372.362 31620
372.381 32640
372.399 33660
372.418 34680
372.437 35700
372.456 36720
372.475 37740
372.494 38760
372.513 39780
372.532 40800
372.551 41820
372.57 42840
372.589 43860
372.607 44880
372.626 45900
372.645 46920
372.664 47940
372.683 48960
372.809 49300
372.942 49640
373.055 49980
373.187 50320
373.32 50660
373.433 51000
373.566 51340
373.622 35700
375.915 340
376.837 680
377.165 1020
377.171 1360
377.493 1700
377.499 2040
377.505 2380
377.512 2720
377.821 3060
377.827 3400
377.833 3740
377.839 4080
377.846 4420
377.852 4760
377.858 5100
377.865 5440
378.148 5780
378.155 6120
378.161 6460
378.167 6800
378.173 7140
378.18 7480
378.186 7820
378.192 8160
378.199 8500
378.205 8840
378.211 9180
378.218 9520
378.224 9860
378.23 10200
378.237 10540
378.243 10880
378.476 11220
378.482 11560
378.489 11900
378.495 12240
378.501 12580
378.507 12920
378.514 13260
378.52 13600
378.526 13940
378.533 14280
378.539 14620
378.545 14960
378.552 15300
378.558 15640
378.564 15980
378.571 16320
378.577 16660
378.583 17000
378.589 17340
378.596 17680
378.602 18020
378.608 18360
378.615 18700
378.621 19040
378.627 19380
378.634 19720
378.64 20060
378.646 20400
378.652 20740
378.659 21080
378.665 21420
378.671 21760
378.804 22100
378.81 22440
378.816 22780
378.823 23120
378.829 23460
378.835 23800
378.841 24140
378.848 24480
378.854 24820
378.955 25160
379.043 17340
379.964 17680
379.982 18020
379.995 18360
380.008 18700
380.02 19040
380.033 19380
380.058 19720
380.083 20060
380.121 20400
380.159 20740
380.197 21080
380.247 21420
380.342 21760
380.455 22100
380.581 22440
380.72 22780
380.84 23120
380.985 23460
381.174 23800
381.376 24140
381.653 24480
382.019 24820
382.845 25160
383.941 25500
384.515 25840
384.9 26180
385.064 26520
385.297 26860
385.498 27200
385.618 27540
385.776 27880
385.902 28220
386.034 28560
386.154 28900
386.261 29240
386.362 29580
386.444 29920
386.52 30260
386.608 30600
386.703 30940
386.759 31280
386.841 31620
386.917 31960
386.993 32300
387.062 32640
387.131 32980
387.194 33320
387.257 33660
387.308 34000
387.364 34340
387.415 34680
387.465 35020
387.516 35360
387.56 35700
387.617 36040
387.661 36380
387.73 36720
387.793 37060
387.856 37400
387.913 37740
387.963 38080
388.02 38420
388.077 38760
388.134 39100
388.184 39440
388.241 39780
388.279 40120
388.31 40460
388.348 40800
388.405 41140
388.436 41480
388.487 41820
388.524 42160
388.569 42500
388.606 42840
388.638 43180
388.688 43520
388.72 43860
388.764 44200
388.789 44540
388.833 44880
388.859 45220
388.884 45560
388.909 45900
388.934 46240
388.959 46580
388.997 46920
389.029 47260
389.054 47600
389.098 47940
389.111 48280
389.142 48620
389.167 48960
389.199 49300
389.224 49640
389.237 49980
389.268 50320
389.3 50660
389.325 51000
389.338 51340
389.363 51680
389.388 52020
389.42 52360
389.451 52700
389.476 53040
389.508 53380
389.52 53720
389.552 54060
389.583 54400
389.609 54740
389.621 55080
389.647 55420
389.672 55760
389.684 56100
389.71 56440
389.722 56780
389.747 57120
389.76 57460
389.785 57800
389.798 58140
389.823 58480
389.848 58820
389.886 59160
389.905 59500
389.93 59840
389.943 60180
389.968 60520
389.981 60860
390.006 61200
390.018 61540
390.044 61880
390.056 62220
390.081 62560
390.113 62900
390.132 63240
390.157 63580
390.189 63920
390.201 64260
390.226 64600
390.252 64940
390.264 65280
390.29 65620
390.302 65960
390.327 66300
390.34 66640
390.371 66980
390.384 67320
390.409 67660
390.422 68000
390.447 68340
390.46 68680
390.485 69020
390.498 69360
390.529 69700
390.542 70040
390.58 70380
390.592 70720
390.617 71060
390.63 71400
390.655 71740
390.668 72080
390.699 72420
390.712 72760
390.737 73100
390.75 73440
390.775 73780
390.788 74120
390.813 74460
390.825 74800
390.851 75140
390.863 75480
390.888 75820
390.901 76160
390.926 76500
390.939 76840
390.964 77180
390.977 77520
391.002 77860
391.014 78200
391.04 78540
391.052 78880
391.078 79220
391.09 79560
391.115 79900
391.128 80240
391.153 80580
391.166 80920
391.191 81260
391.204 81600
391.229 81940
391.241 82280
391.267 82620
391.279 82960
391.304 83300
391.317 83640
391.349 83980
391.361 84320
391.386 84660
391.399 85000
391.431 85340
391.443 85680
391.456 86020
391.481 86360
391.494 86700
391.506 87040
391.519 87380
391.531 87720
391.557 88060
391.569 88400
391.582 88740
391.594 89080
391.613 62220
394.204 340
394.438 2040
394.999 3060
395.018 4760
395.339 5780
395.358 7480
395.389 8500
395.408 11220
395.698 15640
395.78 16660
395.799 18360
395.831 19380
395.849 22100
395.9 23800
396.051 24820
396.07 26520
396.101 27540
396.12 29240
396.152 30260
396.171 31960
396.202 32980
396.221 34680
396.253 35700
396.272 37400
396.303 38420
396.322 40120
396.354 41140
396.373 42840
396.404 43860
396.524 44200
396.656 44540
396.776 44880
396.908 45220
397.028 45560
397.154 45900
397.211 31960
399.373 340
399.474 680
