0.0 0
0.353435 3400
0.713046 3740
0.725654 4420
0.738262 5100
0.75087 5780
0.763478 6460
0.969782 6800
1.0781 7480
1.0907 8160
1.10331 8840
1.11592 9520
1.12853 10200
1.14114 10880
1.15374 11560
1.16635 12240
1.17896 12920
1.33483 13600
1.44315 14280
1.45576 14960
1.46836 15640
1.48097 16320
1.49358 17000
1.50619 17680
1.5188 18360
1.5314 19040
1.54401 19720
1.55662 20400
1.56923 21080
1.58184 21760
1.59444 22440
1.60705 23120
1.61966 23800
1.63227 24480
1.64488 25160
1.65748 25840
1.69988 26520
1.71249 27200
1.8082 27880
1.82081 28560
1.83341 29240
1.84602 29920
1.85863 30600
1.87124 31280
1.88385 31960
1.89645 32640
1.90906 33320
1.92167 34000
1.93428 34680
1.94689 35360
1.95949 36040
1.9721 36720
1.98471 37400
1.99732 38080
2.00993 38760
2.02253 39440
2.03514 40120
2.04775 40800
2.06036 41480
2.07297 42160
2.08557 42840
2.09818 43520
2.11079 44200
2.1234 44880
2.13601 45560
2.14861 46240
2.16122 46920
2.17383 47600
2.18644 48280
2.19905 48960
2.21165 49640
2.22426 50320
2.23687 51000
2.24948 51680
2.26209 52360
2.27469 53040
2.2873 53720
2.29991 54400
2.31252 55080
2.32513 55760
2.33773 56440
2.35034 57120
2.36295 57800
2.37556 58480
2.38817 59160
2.40077 59840
2.41338 60520
2.42599 61200
2.4386 61880
2.45121 62560
2.46381 63240
2.47642 63920
2.48903 64600
2.50164 65280
2.51425 65960
2.52685 66640
2.53946 67320
2.55207 68000
2.56468 68680
2.57729 69360
2.58989 70040
2.6025 70720
2.61511 71400
2.62772 72080
2.64033 72760
2.65293 73440
2.66554 74120
2.67815 74800
2.69076 75480
2.70337 76160
2.71597 76840
2.72858 77520
2.74119 78200
2.7538 78880
2.76641 79560
2.77901 80240
2.79162 80920
2.80423 81600
2.81684 82280
2.82945 82960
2.84205 83640
2.85466 84320
2.86727 85000
2.87988 85680
2.89249 86360
2.90509 87040
2.9177 87720
2.93031 88400
2.94292 89080
2.95553 89760
2.96813 90440
2.98074 91120
2.99335 91800
3.00596 92480
3.01857 93160
3.03117 93840
3.04378 94520
3.05639 95200
3.069 95880
3.08161 96560
3.09421 97240
3.10682 97920
3.11943 98600
3.13204 99280
3.14465 99960
3.15725 100640
3.16986 101320
3.18247 102000
3.19508 102680
3.20769 103360
3.22029 104040
3.2329 104720
3.24551 105400
3.25812 106080
3.27073 106760
3.28333 107440
3.29594 108120
3.30855 108800
3.32116 109480
3.33377 110160
3.34637 110840
3.35898 111520
3.37159 112200
3.3842 112880
3.39681 113560
3.40941 114240
3.42202 114920
3.43463 115600
3.44724 116280
3.45985 116960
3.47245 117640
3.48506 118320
3.49767 119000
3.51028 119680
3.52289 120360
3.53549 121040
3.5481 121720
3.56071 122400
3.57332 123080
3.58593 123760
3.59853 124440
3.61114 125120
3.62375 125800
3.63636 126480
3.64897 127160
3.66157 127840
3.67418 128520
3.68679 129200
3.6994 129880
3.71201 130560
3.72461 131240
3.73722 131920
3.74983 132600
3.76244 133280
3.77505 133960
3.78765 134640
3.80026 135320
3.81287 136000
3.82548 136680
3.83809 137360
3.85069 138040
3.8633 138720
3.87591 139400
3.88852 140080
3.90113 140760
3.91373 141440
3.92634 142120
3.93895 142800
3.95156 143480
3.96417 143820
3.98308 100640
6.80654 340
6.93965 680
7.36833 1700
7.72707 2040
7.73338 3060
7.75229 3400
8.08582 4420
8.10473 4760
8.11104 5780
8.12995 6120
8.13625 7140
8.45087 7480
8.45718 8500
8.47609 8840
8.48239 9860
8.5013 10200
8.50761 11220
8.52652 11560
8.53282 12580
8.55174 12920
8.55804 13940
8.57695 14280
8.80962 15300
8.82853 15640
8.83483 16660
8.85375 17000
8.86005 18020
8.87896 18360
8.88527 19380
8.90418 19720
8.91048 20740
8.92939 21080
8.9357 22100
8.95461 22440
8.96091 23460
8.97983 23800
8.98613 24820
9.00504 25160
9.01135 26180
9.03026 26520
9.03656 27540
9.05547 27880
9.06178 28900
9.17467 29240
9.18097 30260
9.19989 30600
9.20619 31620
9.2251 31960
9.23141 32980
9.25032 33320
9.25662 34340
9.27553 34680
9.28184 35700
9.30075 36040
9.30705 37060
9.32597 37400
9.33227 38420
9.35118 38760
9.35749 39780
9.3764 40120
9.3827 41140
9.40161 41480
9.40792 42500
9.42683 42840
9.43313 43860
9.45205 44200
9.45835 45220
9.47726 45560
9.48357 46580
9.50248 46920
9.50878 47940
9.52769 48280
9.534 49300
9.55291 49640
9.55921 50660
9.57813 51000
9.58443 52020
9.60334 52360
9.60965 53380
9.62856 53720
9.63486 54740
9.65377 55080
9.66008 56100
9.67899 56440
9.68529 57460
9.70421 57800
9.71051 58820
9.72942 59160
9.73573 60180
9.75464 60520
9.76094 61540
9.77985 61880
9.78616 62900
9.80507 63240
9.81137 64260
9.83029 64600
9.83659 65620
9.8555 65960
9.86181 66980
9.88072 67320
9.88702 68340
9.90593 68680
9.91224 69700
9.93115 70040
9.93745 71060
10.0635 71400
10.1896 71740
10.3157 72080
10.4418 72420
10.5679 72760
10.6939 73100
10.82 73440
10.9461 73780
11.0722 74120
11.1983 74460
11.2676 52020
14.0658 340
14.4196 680
14.9996 1020
15.0059 1360
15.3583 1700
15.3646 2040
15.3709 2380
15.3772 2720
15.7171 3060
15.7234 3400
15.7297 3740
15.736 4080
15.7423 4420
15.7486 4760
15.7549 5100
15.7612 5440
16.0758 5780
16.0821 6120
16.0884 6460
16.0947 6800
16.101 7140
16.1073 7480
16.1136 7820
16.1199 8160
16.1262 8500
16.1325 8840
16.1388 9180
16.1452 9520
16.1515 9860
16.1578 10200
16.1641 10540
16.1704 10880
16.4346 11220
16.4409 11560
16.4472 11900
16.4535 12240
16.4598 12580
16.4661 12920
16.4724 13260
16.4787 13600
16.485 13940
16.4913 14280
16.4976 14620
16.5039 14960
16.5102 15300
16.5165 15640
16.5228 15980
16.5291 16320
16.5354 16660
16.5417 17000
16.548 17340
16.5543 17680
16.5606 18020
16.5669 18360
16.5732 18700
16.5795 19040
16.5858 19380
16.5922 19720
16.5985 20060
16.6048 20400
16.6111 20740
16.6174 21080
16.6237 21420
16.63 21760
16.7933 22100
16.7996 22440
16.8059 22780
16.8122 23120
16.8185 23460
16.8248 23800
16.8311 24140
16.8374 24480
16.8437 24820
16.85 25160
16.8563 25500
16.8626 25840
16.8689 26180
16.8753 26520
16.8816 26860
16.8879 27200
16.8942 27540
16.9005 27880
16.9068 28220
16.9131 28560
16.9194 28900
16.9257 29240
16.932 29580
16.9383 29920
16.9446 30260
16.9509 30600
16.9572 30940
16.9635 31280
16.9698 31620
16.9761 31960
16.9824 32300
16.9887 32640
16.995 32980
17.0013 33320
17.0076 33660
17.0139 34000
17.0202 34340
17.0265 34680
17.0329 35020
17.0392 35360
17.0455 35700
17.0518 36040
17.0581 36380
17.1526 36720
17.2787 37060
17.4048 37400
17.5309 37740
17.6569 38080
17.7641 26520
19.9509 340
20.1912 680
21.08 1020
21.0863 1360
21.4388 1700
21.4451 2040
21.4514 2380
21.4577 2720
21.7975 3060
21.8038 3400
21.8101 3740
21.8164 4080
21.8416 2720
22.2886 3060
22.5402 3400
22.5528 3740
22.5844 4080
24.66 4420
25.0188 4760
25.1145 5100
25.3901 5440
25.4858 5780
25.7363 6120
25.7615 6460
26.8251 6800
26.883 7140
26.9902 7480
27.1839 7820
27.1965 8160
27.33 8500
27.5489 8840
27.5994 9180
27.6762 9520
27.9077 9860
27.9203 10200
27.9581 10540
27.9959 10880
28.0475 11220
28.2727 11560
28.2853 11900
28.2979 12240
28.3358 12580
28.3736 12920
28.4114 13260
28.4492 13600
28.6315 13940
28.6567 14280
28.6819 14620
28.7071 14960
28.7449 15300
28.7702 15640
28.808 15980
28.8332 16320
28.871 16660
29.0091 17000
29.047 17340
29.0722 17680
29.0974 18020
29.1226 18360
29.1604 18700
29.1856 19040
29.2235 19380
29.2487 19720
29.2865 20060
29.3679 20400
29.3931 20740
29.4309 21080
29.4561 21420
29.494 21760
29.5192 22100
29.557 22440
29.5822 22780
29.62 23120
29.6453 23460
29.6831 23800
29.7083 24140
29.7461 24480
29.7713 24820
29.8092 25160
29.8344 25500
29.8722 25840
29.8974 26180
29.9352 26520
29.9605 26860
29.9983 27200
30.0235 27540
30.0487 27880
30.0865 28220
30.1117 28560
30.137 28900
30.1622 29240
30.1874 29580
30.2252 29920
30.2504 30260
30.2757 30600
30.3009 30940
30.3261 31280
30.3513 31620
30.3765 31960
30.4017 32300
30.4396 32640
30.4648 32980
30.4774 33320
30.5026 33660
30.5278 34000
30.5656 34340
30.5782 34680
30.6035 35020
30.6287 35360
30.6539 35700
30.6791 36040
30.7043 36380
30.7295 36720
30.7548 37060
30.78 37400
30.8052 37740
30.8304 38080
30.8556 38420
30.8808 38760
30.9061 39100
30.9313 39440
30.9565 39780
30.9817 40120
31.0069 40460
31.0321 40800
31.0573 41140
31.0826 41480
31.1078 41820
31.133 42160
31.1582 42500
31.1834 42840
31.2086 43180
31.2339 43520
31.2591 43860
31.2843 44200
31.3095 44540
31.3221 44880
31.3473 45220
31.3599 45560
31.3852 45900
31.3978 46240
31.423 46580
31.4482 46920
31.4608 47260
31.486 47600
31.5112 47940
31.5238 48280
31.5365 48620
31.5617 48960
31.5869 49300
31.5995 49640
31.6121 49980
31.6373 50320
31.6499 50660
31.6751 51000
31.6877 51340
31.713 51680
31.7256 52020
31.7508 52360
31.7634 52700
31.7886 53040
31.8012 53380
31.8264 53720
31.839 54060
31.8643 54400
31.8769 54740
31.9021 55080
31.9147 55420
31.9399 55760
31.9525 56100
31.9777 56440
31.9903 56780
32.0156 57120
32.0282 57460
32.0534 57800
32.066 58140
32.0912 58480
32.1038 58820
32.129 59160
32.1416 59500
32.1669 59840
32.1795 60180
32.2047 60520
32.2173 60860
32.2425 61200
32.2551 61540
32.2803 61880
32.2929 62220
32.3181 62560
32.3308 62900
32.356 63240
32.3686 63580
32.3938 63920
32.4064 64260
32.4316 64600
32.4442 64940
32.4694 65280
32.4821 65620
32.5073 65960
32.5199 66300
32.5451 66640
32.5577 66980
32.5829 67320
32.5955 67660
32.6207 68000
32.6333 68340
32.6586 68680
32.6712 69020
32.6964 69360
32.709 69700
32.7342 70040
32.7468 70380
32.772 70720
32.7846 71060
32.8099 71400
32.8225 71740
32.8477 72080
32.8603 72420
32.8729 72760
32.8855 73100
32.8981 73440
32.9233 73780
32.9359 74120
32.9485 74460
32.9612 74800
32.9738 75140
32.9864 75480
32.999 75820
33.0116 76160
33.0242 76500
33.0494 76840
33.062 77180
33.0746 77520
33.0872 77860
33.0998 78200
33.1125 78540
33.1251 78880
33.1377 79220
33.1503 79560
33.1629 79900
33.1881 80240
33.2007 80580
33.2133 80920
33.2259 81260
33.2385 81600
33.2511 81940
33.2637 82280
33.2764 82620
33.289 82960
33.3016 83300
33.3142 83640
33.3268 83980
33.3394 84320
33.352 84660
33.3646 85000
33.3772 85340
33.3898 85680
33.4024 86020
33.415 86360
33.4277 86700
33.4403 87040
33.4529 87380
33.4655 87720
33.4781 88060
33.4907 88400
33.5033 88740
33.5159 89080
33.5285 89420
33.5411 89760
33.5537 90100
33.5663 90440
33.5789 90780
33.5916 91120
33.6042 91460
33.6168 91800
33.6294 92140
33.642 92480
33.6546 92820
33.6672 93160
33.6798 93500
33.6924 93840
33.705 94180
33.7176 94520
33.7302 94860
33.7429 95200
33.7555 95540
33.7681 95880
33.7807 96220
33.7933 96560
33.8059 96900
33.8185 97240
33.8311 97580
33.8437 97920
33.8563 98260
33.8689 98600
33.8815 98940
33.8941 99280
33.9068 99620
33.9194 99960
33.932 100300
33.9446 100640
33.9572 100980
33.9698 101320
33.9824 101660
33.995 102000
34.0076 102340
34.0202 102680
34.0328 103020
34.0454 103360
34.0581 103700
34.0707 104040
34.0833 104380
34.0959 104720
34.1085 105060
34.1211 105400
34.1337 105740
34.1463 106080
34.1589 106420
34.1715 106760
34.203 74460
36.944 340
36.9957 1360
37.6955 2380
37.7144 4080
38.0794 5100
38.0983 6120
38.1172 7140
38.1362 8160
38.4382 9180
38.4571 10200
38.476 11220
38.4949 12240
38.5138 13940
38.5453 14960
38.5643 15980
38.5832 17000
38.8095 18020
38.8284 19040
38.8473 20060
38.8663 21080
38.8852 22100
38.9041 23120
38.923 24820
38.9545 25840
38.9734 26860
38.9923 27880
39.0113 28900
39.0302 29920
39.0491 30940
39.068 31960
39.0869 32980
39.1058 34000
39.1683 35020
39.1872 36040
39.2061 37060
39.225 38080
39.2439 39100
39.2628 40120
39.2817 41140
39.3007 42160
39.3196 43180
39.3385 44200
39.3574 45220
39.3763 46240
39.3952 47260
39.4141 48280
39.433 49300
39.452 50320
39.4709 51340
39.4898 52360
39.6222 52700
39.7356 53040
39.868 53380
40.0004 53720
40.1139 54060
40.2463 54400
40.3786 54740
40.4921 38080
42.9115 340
43.8584 680
44.2172 1020
44.2235 1360
44.5759 1700
44.5822 2040
44.5886 2380
44.5949 2720
44.9347 3060
44.941 3400
44.9473 3740
44.9536 4080
44.9599 4420
44.9662 4760
44.9725 5100
44.9788 5440
45.2934 5780
45.2997 6120
45.306 6460
45.3123 6800
45.3187 7140
45.325 7480
45.3313 7820
45.3376 8160
45.3439 8500
45.3502 8840
45.3565 9180
45.3628 9520
45.3691 9860
45.3754 10200
45.3817 10540
45.388 10880
45.6522 11220
45.6585 11560
45.6648 11900
45.6711 12240
45.6774 12580
45.6837 12920
45.69 13260
45.6963 13600
45.7026 13940
45.7089 14280
45.7152 14620
45.7215 14960
45.7278 15300
45.7341 15640
45.7404 15980
45.7467 16320
45.753 16660
45.7594 17000
45.7657 17340
45.772 17680
45.7783 18020
45.7846 18360
45.7909 18700
45.7972 19040
45.8035 19380
45.8098 19720
45.8161 20060
45.8224 20400
45.8287 20740
45.835 21080
45.8413 21420
45.8476 21760
46.0109 22100
46.0172 22440
46.0235 22780
46.0298 23120
46.0361 23460
46.0425 23800
46.0488 24140
46.0551 24480
46.0614 24820
46.0677 25160
46.074 25500
46.0803 25840
46.0866 26180
46.0929 26520
46.1307 26860
46.2568 27200
46.3135 19040
47.3096 19380
47.3285 19720
47.3411 20060
47.3537 20400
47.3789 20740
47.4041 21080
47.4293 21420
47.4672 21760
47.4924 22100
47.5302 22440
47.5806 22780
47.6185 23120
47.6941 23460
47.795 23800
47.921 24140
48.0471 24480
48.1858 24820
48.2993 25160
48.4506 25500
48.6334 25840
48.8603 26180
49.1503 26520
49.5664 26860
50.4679 27200
51.3945 27540
51.8737 27880
52.233 28220
52.4725 28560
52.7121 28900
52.9075 29240
53.0714 29580
53.2227 29920
53.3299 30260
53.456 30600
53.5694 30940
53.664 31280
53.7712 31620
53.8531 31960
53.9414 32300
54.017 32640
54.1053 32980
54.1809 33320
54.2566 33660
54.307 34000
54.3826 34340
54.4394 34680
54.515 35020
54.5844 35360
54.6348 35700
54.6852 36040
54.7294 36380
54.7924 36720
54.8428 37060
54.9059 37400
54.95 37740
55.0193 38080
55.0635 38420
55.1139 38760
55.158 39100
55.2085 39440
55.2463 39780
55.2904 40120
55.3345 40460
55.385 40800
55.4291 41140
55.4669 41480
55.5048 41820
55.5426 42160
55.5867 42500
55.6371 42840
55.6687 43180
55.7191 43520
55.7569 43860
55.801 44200
55.8452 44540
55.8767 44880
55.9208 45220
55.9649 45560
56.0091 45900
56.0469 46240
56.091 46580
56.1225 46920
56.1667 47260
56.2171 47600
56.2486 47940
56.2801 48280
56.3054 48620
56.3369 48960
56.3747 49300
56.3873 49640
56.4314 49980
56.463 50320
56.4882 50660
56.526 51000
56.5575 51340
56.589 51680
56.6206 52020
56.6458 52360
56.6836 52700
56.7151 53040
56.7403 53380
56.7719 53720
56.7971 54060
56.8097 54400
56.8475 54740
56.8601 55080
56.8853 55420
56.8979 55760
56.9295 56100
56.9421 56440
56.9736 56780
57.0051 57120
57.0177 57460
57.0429 57800
57.0681 58140
57.0934 58480
57.1186 58820
57.1438 59160
57.1564 59500
57.1816 59840
57.2068 60180
57.2384 60520
57.2699 60860
57.2825 61200
57.3077 61540
57.3329 61880
57.3581 62220
57.3833 62560
57.396 62900
57.4212 63240
57.4338 63580
57.4653 63920
57.4779 64260
57.5031 64600
57.5157 64940
57.5409 65280
57.5662 65620
57.5851 65960
57.6103 66300
57.6481 66640
57.6607 66980
57.6985 67320
57.7112 67660
57.7364 68000
57.749 68340
57.7742 68680
57.7994 69020
57.8309 69360
57.8498 69700
57.8751 70040
57.8877 70380
57.9192 70720
57.9381 71060
57.9696 71400
57.9822 71740
57.9948 72080
58.0201 72420
58.0327 72760
58.0453 73100
58.0705 73440
58.0831 73780
58.1083 74120
58.1209 74460
58.1461 74800
58.1587 75140
58.184 75480
58.2029 75820
58.2155 76160
58.2281 76500
58.2407 76840
58.2533 77180
58.2785 77520
58.2911 77860
58.3037 78200
58.3289 78540
58.3416 78880
58.3542 79220
58.3794 79560
58.392 79900
58.4046 80240
58.4298 80580
58.4424 80920
58.455 81260
58.4676 81600
58.4802 81940
58.4992 82280
58.5244 82620
58.537 82960
58.5496 83300
58.5622 83640
58.5748 83980
58.5874 84320
58.6126 84660
58.6252 85000
58.6378 85340
58.6505 85680
58.6631 86020
58.6883 86360
58.7009 86700
58.7135 87040
58.7261 87380
58.7387 87720
58.7639 88060
58.7765 88400
58.7891 88740
58.8017 89080
58.8144 89420
58.827 89760
58.8522 90100
58.8648 90440
58.8774 90780
58.89 91120
58.9026 91460
58.9152 91800
58.9278 92140
58.9404 92480
58.9657 92820
58.9783 93160
58.9909 93500
59.0035 93840
59.0161 94180
59.0287 94520
59.0413 94860
59.0539 95200
59.0665 95540
59.0791 95880
59.1043 96220
59.1169 96560
59.1296 96900
59.1422 97240
59.1548 97580
59.1674 97920
59.18 98260
59.1926 98600
59.2052 98940
59.2241 69020
61.9119 340
62.124 1360
62.7165 3060
63.0753 4080
63.0942 5100
63.1131 6800
63.4466 7820
63.4655 9520
63.4971 10540
63.516 12240
63.5475 13260
63.5664 14960
63.8306 17000
63.8684 18020
63.8873 19040
63.9062 20060
63.9252 21760
63.9567 22780
63.9756 23800
63.9945 25500
64.026 26520
64.0449 27540
64.0638 29240
64.0954 30260
64.1956 31280
64.2146 32980
64.2461 34000
64.265 35020
64.2839 36040
64.3028 37060
64.3217 39780
64.3722 40800
64.3911 41820
64.41 42840
64.4289 43860
64.4478 44880
64.4667 46580
64.4982 47600
64.5172 48620
64.6432 48960
64.7693 49300
64.8954 49640
65.0215 49980
65.1539 50320
65.2736 50660
65.3682 35360
67.6525 340
67.7322 680
68.7156 1020
68.7219 1360
69.0744 1700
69.0807 2040
69.087 2380
69.0933 2720
69.4331 3060
69.4394 3400
69.4457 3740
69.452 4080
69.4583 4420
69.4646 4760
69.4709 5100
69.4772 5440
69.7919 5780
69.7982 6120
69.8045 6460
69.8108 6800
69.8171 7140
69.8234 7480
69.8297 7820
69.836 8160
69.8423 8500
69.8486 8840
69.8549 9180
69.8612 9520
69.8675 9860
69.8738 10200
69.8801 10540
69.8864 10880
70.1506 11220
70.1569 11560
70.1632 11900
70.1695 12240
70.1758 12580
70.1821 12920
70.1884 13260
70.1947 13600
70.201 13940
70.2073 14280
70.2136 14620
70.2199 14960
70.2263 15300
70.2326 15640
70.2389 15980
70.2452 16320
70.2515 16660
70.2578 17000
70.2641 17340
70.2704 17680
70.2767 18020
70.283 18360
70.2893 18700
70.2956 19040
70.3019 19380
70.3082 19720
70.3145 20060
70.3208 20400
70.3271 20740
70.3334 21080
70.3397 21420
70.346 21760
70.5093 22100
70.5157 22440
70.522 22780
70.5283 23120
70.5346 23460
70.5409 23800
70.5472 24140
70.5535 24480
70.6165 24820
70.6669 17340
71.581 17680
71.5936 18020
71.6062 18360
71.6315 18700
71.6567 19040
71.6819 19380
71.7071 19720
71.7449 20060
71.7701 20400
71.808 20740
71.8584 21080
71.9151 21420
72.0286 21760
72.1421 22100
72.2682 22440
72.3879 22780
72.5329 23120
72.7094 23460
72.867 23800
73.1444 24140
73.5037 24480
74.3233 24820
75.4265 25160
76.0317 25500
76.2145 25840
76.454 26180
76.744 26520
76.9646 26860
77.1285 27200
77.2672 27540
77.4122 27880
77.5194 28220
77.6392 28560
77.7526 28900
77.8535 29240
77.9355 29580
78.0237 29920
78.0931 30260
78.1876 30600
78.2507 30940
78.3326 31280
78.4083 31620
78.4839 31960
78.5406 32300
78.6163 32640
78.6793 32980
78.7487 33320
78.7928 33660
78.8558 34000
78.9126 34340
78.963 34680
79.0071 35020
79.0639 35360
79.1143 35700
79.1521 36040
79.2152 36380
79.2593 36720
79.3034 37060
79.3476 37400
79.3917 37740
79.4358 38080
79.4736 38420
79.5241 38760
79.5619 39100
79.5997 39440
79.6691 39780
79.7006 40120
79.751 40460
79.8141 40800
79.8645 41140
79.9212 41480
79.9717 41820
80.0095 42160
80.0473 42500
80.0851 42840
80.1166 43180
80.1671 43520
80.1986 43860
80.2364 44200
80.2805 44540
80.3184 44880
80.3625 45220
80.4003 45560
80.4508 45900
80.4886 46240
80.5327 46580
80.5642 46920
80.5894 47260
80.6147 47600
80.6462 47940
80.6777 48280
80.7029 48620
80.7344 48960
80.7597 49300
80.7723 49640
80.8101 49980
80.8479 50320
80.8605 50660
80.8857 51000
80.9109 51340
80.9236 51680
80.9551 52020
80.9803 52360
81.0055 52700
81.0181 53040
81.0496 53380
81.0749 53720
81.1064 54060
81.119 54400
81.1442 54740
81.1568 55080
81.182 55420
81.1946 55760
81.2198 56100
81.2451 56440
81.2577 56780
81.2829 57120
81.2955 57460
81.3207 57800
81.3333 58140
81.3711 58480
81.3837 58820
81.409 59160
81.4342 59500
81.4468 59840
81.472 60180
81.4846 60520
81.5161 60860
81.5287 61200
81.5603 61540
81.5918 61880
81.6044 62220
81.617 62560
81.6422 62900
81.6674 63240
81.6926 63580
81.7053 63920
81.7368 64260
81.7683 64600
81.7872 64940
81.8124 65280
81.825 65620
81.8502 65960
81.8629 66300
81.8881 66640
81.9007 66980
81.9259 67320
81.9385 67660
81.9637 68000
81.9763 68340
82.0015 68680
82.0141 69020
82.052 69360
82.0646 69700
82.0898 70040
82.1024 70380
82.1276 70720
82.1465 71060
82.1781 71400
82.1907 71740
82.2159 72080
82.2285 72420
82.2537 72760
82.2663 73100
82.2915 73440
82.3041 73780
82.3293 74120
82.342 74460
82.3672 74800
82.3798 75140
82.405 75480
82.4176 75820
82.4428 76160
82.4554 76500
82.4806 76840
82.4933 77180
82.5185 77520
82.5311 77860
82.5563 78200
82.5689 78540
82.5941 78880
82.6067 79220
82.6319 79560
82.6445 79900
82.6698 80240
82.6824 80580
82.7076 80920
82.7202 81260
82.7454 81600
82.758 81940
82.7832 82280
82.7958 82620
82.8211 82960
82.8337 83300
82.8589 83640
82.8715 83980
82.8967 84320
82.9093 84660
82.9345 85000
82.9471 85340
82.9787 85680
82.9913 86020
83.0165 86360
83.0291 86700
83.0543 87040
83.0669 87380
83.0921 87720
83.1047 88060
83.13 88400
83.1426 88740
83.1552 89080
83.1678 89420
83.1804 89760
83.2056 90100
83.2182 90440
83.2308 90780
83.2434 91120
83.256 91460
83.2686 91800
83.2813 92140
83.2939 92480
83.3065 92820
83.3317 93160
83.3443 93500
83.3569 93840
83.3695 94180
83.3821 94520
83.3947 94860
83.4073 95200
83.4199 95540
83.4325 95880
83.4452 96220
83.4704 96560
83.483 96900
83.4956 97240
83.5082 97580
83.5208 97920
83.5397 68340
86.2488 340
86.4522 2040
87.0573 3060
87.0763 4760
87.4287 5780
87.4476 7480
87.4791 8500
87.498 10200
87.8001 11220
87.819 12920
87.8505 13940
87.8694 15640
87.9009 16660
87.9198 18360
87.9514 19380
87.9703 21080
88.1714 22100
88.1903 23800
88.2218 24820
88.2408 26520
88.2723 27540
88.2912 29240
88.3227 30260
88.3416 31960
88.3731 32980
88.3921 34680
88.4236 35700
88.4425 37400
88.474 38420
88.4929 40120
88.5244 41140
88.5433 42840
88.5749 43860
88.5938 45560
88.6253 46580
88.6442 48280
88.7451 48620
88.8964 48960
89.0351 49300
89.1611 49640
89.2872 49980
89.4007 50320
89.5268 50660
89.5646 35360
91.8702 340
91.9286 680
92.9309 1020
92.9372 1360
93.2897 1700
93.296 2040
93.3023 2380
93.3086 2720
93.6484 3060
93.6547 3400
93.661 3740
93.6673 4080
93.6736 4420
93.6799 4760
93.6863 5100
93.6926 5440
94.0072 5780
94.0135 6120
94.0198 6460
94.0261 6800
94.0324 7140
94.0387 7480
94.045 7820
94.0513 8160
94.0576 8500
94.0639 8840
94.0702 9180
94.0765 9520
94.0828 9860
94.0891 10200
94.0954 10540
94.1017 10880
94.3659 11220
94.3722 11560
94.3785 11900
94.3848 12240
94.3911 12580
94.3974 12920
94.4037 13260
94.41 13600
94.4164 13940
94.4227 14280
94.429 14620
94.4353 14960
94.4416 15300
94.4479 15640
94.4542 15980
94.4605 16320
94.4668 16660
94.4731 17000
94.4794 17340
94.4857 17680
94.492 18020
94.4983 18360
94.5046 18700
94.5109 19040
94.5172 19380
94.5235 19720
94.5298 20060
94.5361 20400
94.5424 20740
94.5487 21080
94.555 21420
94.5613 21760
94.7247 22100
94.731 22440
94.7373 22780
94.7436 23120
94.7499 23460
94.7562 23800
94.7625 24140
94.7688 24480
94.8823 17000
95.7774 17340
95.7963 17680
95.809 18020
95.8216 18360
95.8342 18700
95.8468 19040
95.8594 19380
95.872 19720
95.9098 20060
95.9476 20400
95.9981 20740
96.0485 21080
96.1115 21420
96.2376 21760
96.3637 22100
96.5276 22440
96.6537 22780
96.8239 23120
97.0193 23460
97.2967 23800
97.6623 24140
98.4755 24480
99.6229 24820
100.121 25160
100.518 25500
100.814 25840
101.041 26180
101.193 26520
101.369 26860
101.47 27200
101.615 27540
101.735 27880
101.848 28220
101.955 28560
102.05 28900
102.138 29240
102.226 29580
102.296 29920
102.378 30260
102.453 30600
102.523 30940
102.598 31280
102.668 31620
102.724 31960
102.8 32300
102.857 32640
102.939 32980
102.989 33320
103.04 33660
103.084 34000
103.134 34340
103.178 34680
103.229 35020
103.292 35360
103.349 35700
103.393 36040
103.462 36380
103.519 36720
103.582 37060
103.632 37400
103.695 37740
103.752 38080
103.796 38420
103.853 38760
103.903 39100
103.954 39440
104.004 39780
104.061 40120
104.118 40460
104.149 40800
104.193 41140
104.225 41480
104.256 41820
104.307 42160
104.351 42500
104.401 42840
104.433 43180
104.471 43520
104.502 43860
104.546 44200
104.584 44540
104.616 44880
104.647 45220
104.685 45560
104.717 45900
104.748 46240
104.786 46580
104.817 46920
104.843 47260
104.855 47600
104.88 47940
104.906 48280
104.937 48620
104.962 48960
104.975 49300
105 49640
105.025 49980
105.051 50320
105.076 50660
105.126 51000
105.158 51340
105.183 51680
105.208 52020
105.24 52360
105.271 52700
105.303 53040
105.334 53380
105.36 53720
105.378 54060
105.404 54400
105.429 54740
105.448 55080
105.479 55420
105.492 55760
105.517 56100
105.542 56440
105.568 56780
105.599 57120
105.612 57460
105.643 57800
105.656 58140
105.681 58480
105.694 58820
105.719 59160
105.731 59500
105.757 59840
105.776 60180
105.801 60520
105.813 60860
105.845 61200
105.858 61540
105.883 61880
105.895 62220
105.921 62560
105.933 62900
105.958 63240
105.971 63580
105.996 63920
106.009 64260
106.034 64600
106.047 64940
106.072 65280
106.084 65620
106.11 65960
106.122 66300
106.148 66640
106.16 66980
106.185 67320
106.198 67660
106.223 68000
106.236 68340
106.261 68680
106.274 69020
106.299 69360
106.311 69700
106.337 70040
106.349 70380
106.374 70720
106.4 71060
106.412 71400
106.438 71740
106.463 72080
106.482 72420
106.507 72760
106.519 73100
106.545 73440
106.557 73780
106.582 74120
106.595 74460
106.62 74800
106.633 75140
106.658 75480
106.671 75820
106.696 76160
106.709 76500
106.734 76840
106.746 77180
106.772 77520
106.784 77860
106.809 78200
106.822 78540
106.847 78880
106.86 79220
106.885 79560
106.898 79900
106.923 80240
106.936 80580
106.961 80920
106.973 81260
106.999 81600
107.011 81940
107.036 82280
107.049 82620
107.074 82960
107.087 83300
107.112 83640
107.125 83980
107.15 84320
107.162 84660
107.188 85000
107.2 85340
107.226 85680
107.238 86020
107.263 86360
107.276 86700
107.301 87040
107.314 87380
107.339 87720
107.352 88060
107.377 88400
107.389 88740
107.415 89080
107.427 89420
107.44 89760
107.452 90100
107.465 90440
107.478 90780
107.503 91120
107.515 91460
107.528 91800
107.541 92140
107.553 92480
107.566 92820
107.579 93160
107.591 93500
107.604 93840
107.616 94180
107.642 94520
107.654 94860
107.667 95200
107.679 95540
107.692 95880
107.705 96220
107.717 96560
107.73 96900
107.742 97240
107.761 68000
110.491 340
110.686 1360
111.304 3060
111.663 4080
111.682 5780
111.713 6800
112.034 8500
112.066 9520
112.085 11220
112.116 12240
112.135 13940
112.399 14960
112.418 16660
112.45 17680
112.469 19380
112.5 20400
112.519 22100
112.551 23120
112.57 24820
112.601 25840
112.62 27540
112.652 28560
112.771 30260
112.802 31280
112.821 32980
112.853 34000
112.872 35700
112.903 36720
112.922 38420
112.954 39440
112.972 41140
113.004 42160
113.023 43860
113.054 44880
113.073 46580
113.105 47600
113.225 47940
113.357 48280
113.477 48620
113.603 48960
113.735 49300
113.861 49640
113.956 34680
116.263 340
116.32 680
117.328 1020
117.335 1360
117.687 1700
117.694 2040
117.7 2380
117.706 2720
118.046 3060
118.052 3400
118.059 3740
118.065 4080
118.071 4420
118.078 4760
118.084 5100
118.09 5440
118.405 5780
118.411 6120
118.417 6460
118.424 6800
118.43 7140
118.436 7480
118.443 7820
118.449 8160
118.455 8500
118.461 8840
118.468 9180
118.474 9520
118.48 9860
118.487 10200
118.493 10540
118.499 10880
118.763 11220
118.77 11560
118.776 11900
118.782 12240
118.789 12580
118.795 12920
118.801 13260
118.808 13600
118.814 13940
118.82 14280
118.827 14620
118.833 14960
118.839 15300
118.845 15640
118.852 15980
118.858 16320
118.864 16660
118.871 17000
118.877 17340
118.883 17680
118.89 18020
118.896 18360
118.902 18700
118.908 19040
118.915 19380
118.921 19720
118.927 20060
118.934 20400
118.94 20740
118.946 21080
118.953 21420
118.959 21760
119.122 22100
119.129 22440
119.135 22780
119.141 23120
119.147 23460
119.154 23800
119.16 24140
119.217 24480
119.242 17000
120.156 17340
120.169 17680
120.194 18020
120.207 18360
120.232 18700
120.257 19040
120.295 19380
120.32 19720
120.358 20060
120.396 20400
120.433 20740
120.522 21080
120.623 21420
120.736 21760
120.862 22100
120.969 22440
121.108 22780
121.272 23120
121.448 23460
121.726 23800
122.085 24140
122.873 24480
123.989 24820
124.525 25160
124.922 25500
125.218 25840
125.445 26180
125.59 26520
125.741 26860
125.868 27200
126 27540
126.126 27880
126.227 28220
126.34 28560
126.435 28900
126.504 29240
126.574 29580
126.662 29920
126.731 30260
126.807 30600
126.895 30940
126.964 31280
127.034 31620
127.097 31960
127.147 32300
127.223 32640
127.299 32980
127.355 33320
127.406 33660
127.45 34000
127.5 34340
127.551 34680
127.601 35020
127.658 35360
127.708 35700
127.759 36040
127.809 36380
127.853 36720
127.91 37060
127.96 37400
128.023 37740
128.074 38080
128.143 38420
128.181 38760
128.25 39100
128.282 39440
128.351 39780
128.395 40120
128.452 40460
128.496 40800
128.534 41140
128.578 41480
128.622 41820
128.666 42160
128.704 42500
128.748 42840
128.786 43180
128.824 43520
128.881 43860
128.925 44200
128.963 44540
128.988 44880
129.045 45220
129.057 45560
129.083 45900
129.108 46240
129.133 46580
129.164 46920
129.196 47260
129.234 47600
129.259 47940
129.272 48280
129.297 48620
129.322 48960
129.335 49300
129.373 49640
129.41 49980
129.436 50320
129.454 50660
129.486 51000
129.499 51340
129.524 51680
129.549 52020
129.574 52360
129.587 52700
129.625 53040
129.637 53380
129.688 53720
129.7 54060
129.732 54400
129.757 54740
129.789 55080
129.801 55420
129.826 55760
129.839 56100
129.864 56440
129.896 56780
129.921 57120
129.952 57460
129.978 57800
129.99 58140
130.016 58480
130.028 58820
130.072 59160
130.085 59500
130.11 59840
130.123 60180
130.148 60520
130.161 60860
130.186 61200
130.198 61540
130.224 61880
130.236 62220
130.261 62560
130.293 62900
130.318 63240
130.331 63580
130.356 63920
130.369 64260
130.394 64600
130.406 64940
130.432 65280
130.444 65620
130.469 65960
130.482 66300
130.507 66640
130.52 66980
130.545 67320
130.558 67660
130.583 68000
130.596 68340
130.621 68680
130.633 69020
130.659 69360
130.671 69700
130.696 70040
130.709 70380
130.734 70720
130.747 71060
130.778 71400
130.791 71740
130.816 72080
130.829 72420
130.86 72760
130.873 73100
130.898 73440
130.923 73780
130.936 74120
130.961 74460
130.974 74800
130.999 75140
131.012 75480
131.043 75820
131.068 76160
131.094 76500
131.119 76840
131.131 77180
131.157 77520
131.169 77860
131.194 78200
131.207 78540
131.239 78880
131.264 79220
131.276 79560
131.302 79900
131.314 80240
131.339 80580
131.352 80920
131.377 81260
131.39 81600
131.415 81940
131.428 82280
131.453 82620
131.465 82960
131.491 83300
131.516 83640
131.528 83980
131.541 84320
131.554 84660
131.579 85000
131.592 85340
131.604 85680
131.617 86020
131.629 86360
131.642 86700
131.667 87040
131.68 87380
131.692 87720
131.705 88060
131.718 88400
131.73 88740
131.743 89080
131.768 89420
131.781 89760
131.793 90100
131.806 90440
131.818 90780
131.831 91120
131.844 91460
131.856 91800
131.869 92140
131.894 92480
131.907 92820
131.919 93160
131.932 93500
131.945 93840
131.957 94180
131.976 65620
134.723 340
134.926 1360
135.55 3060
135.909 4080
135.928 5780
135.96 6800
136.281 9520
136.331 11220
136.363 12240
136.381 14960
136.665 18020
136.721 19040
136.74 20740
136.772 21760
136.791 23460
136.822 24480
136.841 27540
136.898 31280
137.048 32980
137.08 34000
137.099 35700
137.13 36720
137.149 39780
137.206 40800
137.225 42500
137.257 43520
137.275 45220
137.307 46240
137.427 46580
137.553 46920
137.679 47260
137.805 47600
137.931 47940
138.045 48280
138.171 33660
140.47 340
140.541 680
141.543 1020
141.55 1360
141.902 1700
141.908 2040
141.915 2380
141.921 2720
142.261 3060
142.267 3400
142.273 3740
142.28 4080
142.286 4420
142.292 4760
142.299 5100
142.305 5440
142.619 5780
142.626 6120
142.632 6460
142.638 6800
142.645 7140
142.651 7480
142.657 7820
142.664 8160
142.67 8500
142.676 8840
142.683 9180
142.689 9520
142.695 9860
142.701 10200
142.708 10540
142.714 10880
142.978 11220
142.985 11560
142.991 11900
142.997 12240
143.003 12580
143.01 12920
143.016 13260
143.022 13600
143.029 13940
143.035 14280
143.041 14620
143.048 14960
143.054 15300
143.06 15640
143.066 15980
143.073 16320
143.079 16660
143.085 17000
143.092 17340
143.098 17680
143.104 18020
143.111 18360
143.117 18700
143.123 19040
143.13 19380
143.136 19720
143.142 20060
143.148 20400
143.155 20740
143.161 21080
143.167 21420
143.174 21760
143.337 22100
143.343 22440
143.35 22780
143.356 23120
143.362 23460
143.406 16320
144.27 16660
144.283 17000
144.295 17340
144.308 17680
144.32 18020
144.333 18360
144.346 18700
144.371 19040
144.409 19380
144.446 19720
144.497 20060
144.547 20400
144.673 20740
144.799 21080
144.951 21420
145.071 21760
145.247 22100
145.43 22440
145.695 22780
146.048 23120
146.817 23460
148.059 23800
148.412 24140
148.853 24480
149.168 24820
149.351 25160
149.54 25500
149.723 25840
149.874 26180
150.026 26520
150.152 26860
150.265 27200
150.341 27540
150.448 27880
150.555 28220
150.637 28560
150.719 28900
150.795 29240
150.883 29580
150.952 29920
151.015 30260
151.085 30600
151.154 30940
151.223 31280
151.286 31620
151.337 31960
151.4 32300
151.45 32640
151.513 32980
151.564 33320
151.62 33660
151.677 34000
151.728 34340
151.772 34680
151.841 35020
151.898 35360
151.942 35700
152.011 36040
152.074 36380
152.125 36720
152.194 37060
152.251 37400
152.308 37740
152.364 38080
152.402 38420
152.465 38760
152.522 39100
152.572 39440
152.616 39780
152.661 40120
152.698 40460
152.743 40800
152.787 41140
152.818 41480
152.843 41820
152.9 42160
152.932 42500
152.969 42840
153.001 43180
153.026 43520
153.051 43860
153.077 44200
153.102 44540
153.127 44880
153.152 45220
153.19 45560
153.222 45900
153.247 46240
153.285 46580
153.31 46920
153.354 47260
153.379 47600
153.417 47940
153.455 48280
153.486 48620
153.531 48960
153.556 49300
153.581 49640
153.606 49980
153.631 50320
153.657 50660
153.694 51000
153.72 51340
153.739 51680
153.764 52020
153.795 52360
153.808 52700
153.833 53040
153.871 53380
153.896 53720
153.909 54060
153.934 54400
153.959 54740
153.972 55080
153.984 55420
154.01 55760
154.035 56100
154.06 56440
154.073 56780
154.098 57120
154.11 57460
154.136 57800
154.161 58140
154.174 58480
154.199 58820
154.224 59160
154.237 59500
154.262 59840
154.287 60180
154.3 60520
154.325 60860
154.344 61200
154.369 61540
154.382 61880
154.407 62220
154.419 62560
154.445 62900
154.457 63240
154.482 63580
154.495 63920
154.52 64260
154.545 64600
154.558 64940
154.583 65280
154.596 65620
154.621 65960
154.634 66300
154.659 66640
154.672 66980
154.697 67320
154.709 67660
154.735 68000
154.76 68340
154.772 68680
154.798 69020
154.81 69360
154.835 69700
154.848 70040
154.873 70380
154.886 70720
154.911 71060
154.924 71400
154.949 71740
154.962 72080
154.987 72420
154.999 72760
155.025 73100
155.037 73440
155.062 73780
155.075 74120
155.1 74460
155.113 74800
155.138 75140
155.151 75480
155.176 75820
155.188 76160
155.214 76500
155.226 76840
155.252 77180
155.264 77520
155.289 77860
155.302 78200
155.327 78540
155.34 78880
155.365 79220
155.378 79560
155.403 79900
155.415 80240
155.441 80580
155.453 80920
155.478 81260
155.504 81600
155.516 81940
155.542 82280
155.554 82620
155.579 82960
155.592 83300
155.617 83640
155.63 83980
155.655 84320
155.668 84660
155.693 85000
155.705 85340
155.731 85680
155.743 86020
155.768 86360
155.781 86700
155.806 87040
155.819 87380
155.844 87720
155.857 88060
155.882 88400
155.895 88740
155.92 89080
155.932 89420
155.945 89760
155.958 90100
155.97 90440
155.983 90780
156.008 91120
156.021 91460
156.033 91800
156.046 92140
156.058 92480
156.071 92820
156.084 93160
156.096 93500
156.109 93840
156.121 94180
156.147 94520
156.159 94860
156.172 95200
156.185 95540
156.197 95880
156.21 96220
156.222 96560
156.235 96900
156.248 97240
156.26 97580
156.273 97920
156.285 98260
156.304 68680
159.05 340
159.217 1360
159.86 3060
160.218 4080
160.237 5780
160.269 6800
160.59 8500
160.621 9520
160.64 11220
160.672 12240
160.691 13940
160.955 14960
160.974 16660
161.005 17680
161.024 19380
161.056 20400
161.075 22100
161.106 23120
161.125 24820
161.157 25840
161.176 27540
161.207 28560
161.326 30260
161.358 31280
161.377 32980
161.408 34000
161.427 35700
161.459 38080
161.503 39780
161.534 40800
161.553 42500
161.585 43520
161.604 45220
161.635 46240
161.654 47940
161.786 48280
161.906 48620
162.039 48960
162.165 49300
162.297 49640
162.423 49980
162.574 34680
164.904 340
164.938 680
165.966 1020
165.972 1360
166.325 1700
166.331 2040
166.337 2380
166.344 2720
166.683 3060
166.69 3400
166.696 3740
166.702 4080
166.709 4420
166.715 4760
166.721 5100
166.728 5440
167.042 5780
167.049 6120
167.055 6460
167.061 6800
167.067 7140
167.074 7480
167.08 7820
167.086 8160
167.093 8500
167.099 8840
167.105 9180
167.112 9520
167.118 9860
167.124 10200
167.13 10540
167.137 10880
167.401 11220
167.407 11560
167.414 11900
167.42 12240
167.426 12580
167.433 12920
167.439 13260
167.445 13600
167.451 13940
167.458 14280
167.464 14620
167.47 14960
167.477 15300
167.483 15640
167.489 15980
167.496 16320
167.502 16660
167.508 17000
167.514 17340
167.521 17680
167.527 18020
167.533 18360
167.54 18700
167.546 19040
167.552 19380
167.559 19720
167.565 20060
167.571 20400
167.577 20740
167.584 21080
167.59 21420
167.596 21760
167.76 22100
167.766 22440
167.772 22780
167.779 23120
167.785 23460
167.791 23800
167.798 24140
167.804 24480
167.892 17000
168.787 17340
168.806 17680
168.819 18020
168.831 18360
168.844 18700
168.857 19040
168.882 19380
168.907 19720
168.945 20060
168.983 20400
169.033 20740
169.084 21080
169.172 21420
169.298 21760
169.424 22100
169.575 22440
169.664 22780
169.846 23120
170.042 23460
170.319 23800
170.697 24140
171.498 24480
172.639 24820
173.143 25160
173.541 25500
173.824 25840
174.051 26180
174.202 26520
174.366 26860
174.511 27200
174.637 27540
174.757 27880
174.883 28220
174.99 28560
175.079 28900
175.148 29240
175.217 29580
175.243 20400
176.251 20740
176.264 21080
176.289 21420
176.302 21760
176.327 22100
176.352 22440
176.377 22780
176.403 23120
176.44 23460
176.466 23800
176.503 24140
176.541 24480
176.592 24820
176.642 25160
176.693 25500
176.743 25840
176.806 26180
176.882 26520
176.957 26860
177.052 27200
177.216 27540
177.386 27880
177.613 28220
177.834 28560
178.136 28900
178.596 29240
179.517 29580
180.469 29920
180.979 30260
181.313 30600
181.591 30940
181.761 31280
181.975 31620
182.133 31960
182.259 32300
182.404 32640
182.517 32980
182.625 33320
182.744 33660
182.833 34000
182.94 34340
183.022 34680
183.116 35020
183.167 35360
183.255 35700
183.318 36040
183.387 36380
183.457 36720
183.526 37060
183.589 37400
183.677 37740
183.759 38080
183.829 38420
183.911 38760
183.986 39100
184.056 39440
184.125 39780
184.182 40120
184.238 40460
184.283 40800
184.333 41140
184.377 41480
184.428 41820
184.491 42160
184.535 42500
184.579 42840
184.629 43180
184.667 43520
184.711 43860
184.749 44200
184.774 44540
184.818 44880
184.869 45220
184.9 45560
184.938 45900
184.97 46240
185.007 46580
185.033 46920
185.058 47260
185.083 47600
185.127 47940
185.152 48280
185.178 48620
185.222 48960
185.241 49300
185.279 49640
185.304 49980
185.342 50320
185.373 50660
185.417 51000
185.442 51340
185.487 51680
185.518 52020
185.543 52360
185.569 52700
185.6 53040
185.638 53380
185.669 53720
185.682 54060
185.707 54400
185.745 54740
185.77 55080
185.795 55420
185.808 55760
185.833 56100
185.871 56440
185.896 56780
185.922 57120
185.947 57460
185.972 57800
185.997 58140
186.022 58480
186.048 58820
186.073 59160
186.104 59500
186.136 59840
186.161 60180
186.186 60520
186.212 60860
186.237 61200
186.262 61540
186.287 61880
186.312 62220
186.338 62560
186.363 62900
186.388 63240
186.413 63580
186.438 63920
186.476 64260
186.502 64600
186.527 64940
186.552 65280
186.577 65620
186.602 65960
186.628 66300
186.653 66640
186.678 66980
186.703 67320
186.728 67660
186.741 68000
186.766 68340
186.792 68680
186.804 69020
186.817 69360
186.842 69700
186.867 70040
186.88 70380
186.905 70720
186.918 71060
186.943 71400
186.955 71740
186.981 72080
186.993 72420
187.018 72760
187.031 73100
187.056 73440
187.069 73780
187.094 74120
187.107 74460
187.132 74800
187.145 75140
187.17 75480
187.182 75820
187.208 76160
187.22 76500
187.245 76840
187.258 77180
187.283 77520
187.296 77860
187.321 78200
187.334 78540
187.359 78880
187.371 79220
187.397 79560
187.409 79900
187.435 80240
187.447 80580
187.472 80920
187.485 81260
187.51 81600
187.523 81940
187.548 82280
187.561 82620
187.586 82960
187.598 83300
187.624 83640
187.636 83980
187.661 84320
187.674 84660
187.699 85000
187.712 85340
187.737 85680
187.75 86020
187.775 86360
187.788 86700
187.813 87040
187.825 87380
187.851 87720
187.863 88060
187.888 88400
187.901 88740
187.926 89080
187.939 89420
187.964 89760
187.977 90100
188.002 90440
188.014 90780
188.04 91120
188.052 91460
188.078 91800
188.09 92140
188.115 92480
188.128 92820
188.153 93160
188.166 93500
188.191 93840
188.204 94180
188.229 94520
188.241 94860
188.267 95200
188.279 95540
188.304 95880
188.317 96220
188.336 67320
191.082 340
191.274 1360
191.904 3060
192.263 4080
192.282 5780
192.313 6800
192.634 8500
192.666 9520
192.685 11220
192.716 12240
192.735 13940
192.999 14960
193.018 16660
193.05 17680
193.069 19380
193.1 20400
193.119 22100
193.151 23120
193.169 24820
193.201 25840
193.22 27540
193.251 28560
193.371 30260
193.402 31280
193.421 32980
193.453 34000
193.471 35700
193.503 36720
193.522 38420
193.553 39440
193.572 41140
193.604 42160
193.623 43860
193.654 44880
193.673 46580
193.705 47600
193.824 47940
193.957 48280
194.077 48620
194.209 48960
194.329 49300
194.461 49640
194.581 34680
196.905 340
196.945 680
197.972 1020
197.979 1360
198.331 1700
198.338 2040
198.344 2380
198.35 2720
198.69 3060
198.696 3400
198.703 3740
198.709 4080
198.715 4420
198.721 4760
198.728 5100
198.734 5440
199.049 5780
199.055 6120
199.061 6460
199.068 6800
199.074 7140
199.08 7480
199.087 7820
199.093 8160
199.099 8500
199.105 8840
199.112 9180
199.118 9520
199.124 9860
199.131 10200
199.137 10540
199.143 10880
199.407 11220
199.414 11560
199.42 11900
199.426 12240
199.433 12580
199.439 12920
199.445 13260
199.452 13600
199.458 13940
199.464 14280
199.471 14620
199.477 14960
199.483 15300
199.489 15640
199.496 15980
199.502 16320
199.508 16660
199.515 17000
199.521 17340
199.527 17680
199.534 18020
199.54 18360
199.546 18700
199.552 19040
199.559 19380
199.565 19720
199.571 20060
199.578 20400
199.584 20740
199.59 21080
199.597 21420
199.603 21760
199.766 22100
199.773 22440
199.779 22780
199.785 23120
199.791 23460
199.798 23800
199.804 24140
199.848 24480
199.886 17000
200.781 17340
200.8 17680
200.825 18020
200.838 18360
200.863 18700
200.888 19040
200.926 19380
200.951 19720
200.989 20060
201.027 20400
201.065 20740
201.14 21080
201.241 21420
201.355 21760
201.481 22100
201.582 22440
201.727 22780
201.903 23120
202.092 23460
202.376 23800
202.742 24140
203.555 24480
204.633 24820
205.232 25160
205.427 25500
205.66 25840
205.969 26180
206.177 26520
206.341 26860
206.48 27200
206.625 27540
206.751 27880
206.871 28220
206.959 28560
207.079 28900
207.142 29240
207.224 29580
207.312 29920
207.4 30260
207.476 30600
207.545 30940
207.621 31280
207.697 31620
207.766 31960
207.835 32300
207.879 32640
207.943 32980
207.993 33320
208.056 33660
208.106 34000
208.163 34340
208.226 34680
208.302 35020
208.39 35360
208.459 35700
208.529 36040
208.592 36380
208.642 36720
208.712 37060
208.756 37400
208.812 37740
208.863 38080
208.907 38420
208.957 38760
209.008 39100
209.065 39440
209.096 39780
209.134 40120
209.191 40460
209.216 40800
209.241 41140
209.266 41480
209.292 41820
209.317 42160
209.342 42500
209.386 42840
209.424 43180
209.468 43520
209.512 43860
209.55 44200
209.575 44540
209.607 44880
209.638 45220
209.676 45560
209.72 45900
209.752 46240
209.79 46580
209.821 46920
209.846 47260
209.872 47600
209.897 47940
209.935 48280
209.96 48620
209.991 48960
210.035 49300
210.067 49640
210.111 49980
210.143 50320
210.168 50660
210.193 51000
210.218 51340
210.231 51680
210.256 52020
210.281 52360
210.307 52700
210.332 53040
210.344 53380
210.37 53720
210.407 54060
210.439 54400
210.451 54740
210.477 55080
210.489 55420
210.521 55760
210.546 56100
210.559 56440
210.584 56780
210.596 57120
210.622 57460
210.647 57800
210.66 58140
210.685 58480
210.716 58820
210.729 59160
210.754 59500
210.767 59840
210.792 60180
210.817 60520
210.83 60860
210.855 61200
210.88 61540
210.893 61880
210.905 62220
210.931 62560
210.956 62900
210.968 63240
210.981 63580
211.006 63920
211.031 64260
211.057 64600
211.069 64940
211.101 65280
211.113 65620
211.145 65960
211.158 66300
211.195 66640
211.208 66980
211.233 67320
211.246 67660
211.271 68000
211.284 68340
211.309 68680
211.321 69020
211.347 69360
211.359 69700
211.384 70040
211.397 70380
211.422 70720
211.435 71060
211.46 71400
211.473 71740
211.498 72080
211.517 72420
211.542 72760
211.555 73100
211.58 73440
211.593 73780
211.618 74120
211.63 74460
211.656 74800
211.668 75140
211.693 75480
211.706 75820
211.731 76160
211.744 76500
211.769 76840
211.782 77180
211.807 77520
211.819 77860
211.845 78200
211.876 78540
211.889 78880
211.914 79220
211.927 79560
211.952 79900
211.964 80240
211.99 80580
212.002 80920
212.027 81260
212.04 81600
212.065 81940
212.078 82280
212.103 82620
212.116 82960
212.141 83300
212.154 83640
212.179 83980
212.191 84320
212.217 84660
212.229 85000
212.254 85340
212.267 85680
212.292 86020
212.305 86360
212.33 86700
212.343 87040
212.368 87380
212.381 87720
212.393 88060
212.406 88400
212.431 88740
212.444 89080
212.456 89420
212.469 89760
212.481 90100
212.494 90440
212.507 90780
212.519 91120
212.544 91460
212.557 91800
212.57 92140
212.582 92480
212.595 92820
212.607 93160
212.62 93500
212.633 93840
212.645 94180
212.671 94520
212.683 94860
212.696 95200
212.708 95540
212.721 95880
212.734 96220
212.746 96560
212.759 96900
212.771 97240
212.79 68000
215.533 340
215.715 2040
216.352 4760
216.711 5780
216.73 7480
216.761 8500
216.78 10200
217.082 11220
217.101 12920
217.133 13940
217.151 15640
217.183 16660
217.202 18360
217.233 19380
217.252 21080
217.453 22100
217.472 23800
217.504 24820
217.523 26520
217.554 28900
217.598 30600
217.63 31620
217.649 33320
217.68 34340
217.699 36040
217.731 37060
217.75 38760
217.781 39780
217.8 41480
217.832 42500
217.851 44200
217.882 45220
217.901 46920
217.933 47940
218.052 48280
218.185 48620
218.292 48960
218.437 49300
218.563 49640
218.689 49980
218.821 34680
221.148 340
221.185 680
222.213 1020
222.219 1360
222.572 1700
222.578 2040
222.584 2380
222.591 2720
222.931 3060
222.937 3400
222.943 3740
222.949 4080
222.956 4420
222.962 4760
222.968 5100
222.975 5440
223.289 5780
223.296 6120
223.302 6460
223.308 6800
223.314 7140
223.321 7480
223.327 7820
223.333 8160
223.34 8500
223.346 8840
223.352 9180
223.359 9520
223.365 9860
223.371 10200
223.378 10540
223.384 10880
223.648 11220
223.654 11560
223.661 11900
223.667 12240
223.673 12580
223.68 12920
223.686 13260
223.692 13600
223.698 13940
223.705 14280
223.711 14620
223.717 14960
223.724 15300
223.73 15640
223.736 15980
223.743 16320
223.749 16660
223.755 17000
223.761 17340
223.768 17680
223.774 18020
223.78 18360
223.787 18700
223.793 19040
223.799 19380
223.806 19720
223.812 20060
223.818 20400
223.825 20740
223.831 21080
223.837 21420
223.843 21760
224.007 22100
224.013 22440
224.019 22780
224.026 23120
224.032 23460
224.038 23800
224.045 24140
224.07 24480
224.139 17000
225.034 17340
225.053 17680
225.066 18020
225.078 18360
225.091 18700
225.116 19040
225.141 19380
225.179 19720
225.205 20060
225.242 20400
225.293 20740
225.343 21080
225.444 21420
225.57 21760
225.684 22100
225.822 22440
225.923 22780
226.106 23120
226.295 23460
226.579 23800
226.957 24140
227.758 24480
228.886 24820
229.416 25160
229.819 25500
230.122 25840
230.26 26180
230.449 26520
230.569 26860
230.727 27200
230.872 27540
230.985 27880
231.099 28220
231.2 28560
231.307 28900
231.395 29240
231.477 29580
231.546 29920
231.641 30260
231.71 30600
231.798 30940
231.868 31280
231.943 31620
232.007 31960
232.076 32300
232.126 32640
232.183 32980
232.246 33320
232.297 33660
232.341 34000
232.391 34340
232.442 34680
232.498 35020
232.574 35360
232.643 35700
232.719 36040
232.776 36380
232.845 36720
232.902 37060
232.971 37400
233.021 37740
233.072 38080
233.129 38420
233.166 38760
233.223 39100
233.28 39440
233.337 39780
233.374 40120
233.406 40460
233.45 40800
233.482 41140
233.526 41480
233.551 41820
233.576 42160
233.627 42500
233.652 42840
233.696 43180
233.734 43520
233.759 43860
233.784 44200
233.828 44540
233.873 44880
233.898 45220
233.942 45560
233.973 45900
234.024 46240
234.036 46580
234.062 46920
234.099 47260
234.125 47600
234.169 47940
234.194 48280
234.219 48620
234.244 48960
234.289 49300
234.32 49640
234.345 49980
234.377 50320
234.402 50660
234.421 51000
234.446 51340
234.459 51680
234.49 52020
234.522 52360
234.534 52700
234.56 53040
234.585 53380
234.597 53720
234.623 54060
234.648 54400
234.661 54740
234.705 55080
234.717 55420
234.73 55760
234.755 56100
234.78 56440
234.806 56780
234.818 57120
234.862 57460
234.881 57800
234.906 58140
234.919 58480
234.944 58820
234.957 59160
234.982 59500
235.001 59840
235.045 60180
235.058 60520
235.083 60860
235.095 61200
235.121 61540
235.133 61880
235.159 62220
235.171 62560
235.203 62900
235.215 63240
235.24 63580
235.253 63920
235.278 64260
235.291 64600
235.316 64940
235.329 65280
235.354 65620
235.379 65960
235.392 66300
235.423 66640
235.436 66980
235.461 67320
235.474 67660
235.499 68000
235.512 68340
235.537 68680
235.549 69020
235.575 69360
235.6 69700
235.612 70040
235.638 70380
235.65 70720
235.675 71060
235.688 71400
235.713 71740
235.726 72080
235.751 72420
235.764 72760
235.789 73100
235.814 73440
235.827 73780
235.852 74120
235.865 74460
235.89 74800
235.902 75140
235.928 75480
235.94 75820
235.965 76160
235.984 76500
236.01 76840
236.028 77180
236.054 77520
236.066 77860
236.092 78200
236.104 78540
236.129 78880
236.142 79220
236.167 79560
236.18 79900
236.211 80240
236.237 80580
236.249 80920
236.274 81260
236.287 81600
236.312 81940
236.325 82280
236.35 82620
236.363 82960
236.388 83300
236.4 83640
236.426 83980
236.438 84320
236.463 84660
236.476 85000
236.501 85340
236.514 85680
236.539 86020
236.552 86360
236.564 86700
236.577 87040
236.59 87380
236.615 87720
236.627 88060
236.64 88400
236.653 88740
236.665 89080
236.678 89420
236.69 89760
236.703 90100
236.728 90440
236.741 90780
236.753 91120
236.766 91460
236.779 91800
236.791 92140
236.804 92480
236.816 92820
236.829 93160
236.854 93500
236.867 93840
236.88 94180
236.892 94520
236.905 94860
236.917 95200
236.93 95540
236.943 95880
236.955 96220
236.968 96560
236.987 67320
239.711 340
239.912 1360
240.53 3060
240.888 4080
240.907 5780
240.939 6800
241.26 9860
241.316 10880
241.335 12580
241.367 13600
241.618 15300
241.65 16320
241.669 18020
241.7 19040
241.719 20740
241.751 23460
241.801 26180
241.852 27200
241.977 28900
242.009 29920
242.028 31620
242.059 32640
242.078 34340
242.11 35360
242.128 38420
242.185 39440
242.204 41140
242.236 42160
242.255 43860
242.286 44880
242.305 46580
242.336 47600
242.456 47940
242.589 48280
242.715 48620
242.828 48960
242.973 49300
243.099 49640
243.232 34680
245.533 340
245.596 680
246.604 1020
246.611 1360
246.963 1700
246.969 2040
246.976 2380
246.982 2720
247.322 3060
247.328 3400
247.334 3740
247.341 4080
247.347 4420
247.353 4760
247.36 5100
247.366 5440
247.681 5780
247.687 6120
247.693 6460
247.699 6800
247.706 7140
247.712 7480
247.718 7820
247.725 8160
247.731 8500
247.737 8840
247.744 9180
247.75 9520
247.756 9860
247.762 10200
247.769 10540
247.775 10880
248.039 11220
248.046 11560
248.052 11900
248.058 12240
248.064 12580
248.071 12920
248.077 13260
248.083 13600
248.09 13940
248.096 14280
248.102 14620
248.109 14960
248.115 15300
248.121 15640
248.128 15980
248.134 16320
248.14 16660
248.146 17000
248.153 17340
248.159 17680
248.165 18020
248.172 18360
248.178 18700
248.184 19040
248.191 19380
248.197 19720
248.203 20060
248.209 20400
248.216 20740
248.222 21080
248.228 21420
248.235 21760
248.398 22100
248.404 22440
248.411 22780
248.417 23120
248.423 23460
248.43 23800
248.436 24140
248.455 24480
248.518 17000
249.413 17340
249.432 17680
249.444 18020
249.457 18360
249.47 18700
249.495 19040
249.533 19380
249.558 19720
249.596 20060
249.634 20400
249.671 20740
249.734 21080
249.835 21420
249.949 21760
250.075 22100
250.201 22440
250.321 22780
250.497 23120
250.686 23460
250.97 23800
251.348 24140
252.13 24480
253.265 24820
253.794 25160
254.179 25500
254.488 25840
254.715 26180
254.847 26520
255.017 26860
255.143 27200
255.276 27540
255.395 27880
255.515 28220
255.616 28560
255.704 28900
255.774 29240
255.868 29580
255.944 29920
256.02 30260
256.101 30600
256.177 30940
256.259 31280
256.322 31620
256.385 31960
256.455 32300
256.505 32640
256.574 32980
256.631 33320
256.675 33660
256.719 34000
256.77 34340
256.833 34680
256.883 35020
256.953 35360
257.016 35700
257.085 36040
257.167 36380
257.224 36720
257.293 37060
257.362 37400
257.394 37740
257.451 38080
257.507 38420
257.564 38760
257.614 39100
257.671 39440
257.722 39780
257.753 40120
257.791 40460
257.829 40800
257.86 41140
257.917 41480
257.961 41820
257.986 42160
258.012 42500
258.037 42840
258.081 43180
258.106 43520
258.131 43860
258.157 44200
258.194 44540
258.239 44880
258.264 45220
258.308 45560
258.333 45900
258.39 46240
258.421 46580
258.447 46920
258.472 47260
258.51 47600
258.535 47940
258.579 48280
258.61 48620
258.636 48960
258.667 49300
258.692 49640
258.724 49980
258.737 50320
258.768 50660
258.793 51000
258.819 51340
258.85 51680
258.882 52020
258.919 52360
258.932 52700
258.964 53040
258.989 53380
259.001 53720
259.027 54060
259.039 54400
259.064 54740
259.09 55080
259.102 55420
259.127 55760
259.153 56100
259.178 56440
259.19 56780
259.216 57120
259.241 57460
259.266 57800
259.279 58140
259.31 58480
259.335 58820
259.348 59160
259.386 59500
259.411 59840
259.424 60180
259.449 60520
259.462 60860
259.487 61200
259.499 61540
259.525 61880
259.537 62220
259.562 62560
259.594 62900
259.607 63240
259.632 63580
259.644 63920
259.67 64260
259.682 64600
259.707 64940
259.72 65280
259.745 65620
259.758 65960
259.783 66300
259.796 66640
259.821 66980
259.833 67320
259.859 67660
259.871 68000
259.896 68340
259.909 68680
259.947 69020
259.972 69360
259.985 69700
260.01 70040
260.023 70380
260.048 70720
260.06 71060
260.086 71400
260.098 71740
260.123 72080
260.136 72420
260.161 72760
260.174 73100
260.199 73440
260.212 73780
260.237 74120
260.25 74460
260.275 74800
260.287 75140
260.313 75480
260.325 75820
260.35 76160
260.363 76500
260.388 76840
260.401 77180
260.426 77520
260.445 77860
260.47 78200
260.483 78540
260.508 78880
260.521 79220
260.546 79560
260.558 79900
260.584 80240
260.596 80580
260.621 80920
260.634 81260
260.659 81600
260.672 81940
260.697 82280
260.71 82620
260.735 82960
260.748 83300
260.773 83640
260.798 83980
260.811 84320
260.836 84660
260.848 85000
260.874 85340
260.886 85680
260.911 86020
260.924 86360
260.949 86700
260.962 87040
260.987 87380
261 87720
261.012 88060
261.025 88400
261.05 88740
261.063 89080
261.075 89420
261.088 89760
261.101 90100
261.113 90440
261.126 90780
261.138 91120
261.164 91460
261.176 91800
261.189 92140
261.201 92480
261.214 92820
261.227 93160
261.239 93500
261.252 93840
261.264 94180
261.29 94520
261.302 94860
261.315 95200
261.328 95540
261.34 95880
261.353 96220
261.365 96560
261.378 96900
261.391 97240
261.409 68000
264.132 340
264.335 2040
264.946 3060
264.965 4760
265.317 5780
265.336 7480
265.368 8500
265.387 10200
265.689 11220
265.708 12920
265.739 13940
265.758 15640
265.79 16660
265.808 18360
265.84 19380
265.859 21080
266.06 22100
266.079 23800
266.11 26520
266.161 27540
266.18 29240
266.211 30260
266.23 31960
266.262 32980
266.281 34680
266.312 35700
266.331 37400
266.363 38420
266.382 40120
266.413 41140
266.432 42840
266.464 43860
266.482 45560
266.514 46580
266.533 49640
266.69 49980
266.81 50320
266.949 50660
267.062 51000
267.188 51340
267.327 51680
267.441 36040
269.779 340
269.792 680
270.832 1020
270.838 1360
271.191 1700
271.197 2040
271.204 2380
271.21 2720
271.55 3060
271.556 3400
271.562 3740
271.569 4080
271.575 4420
271.581 4760
271.588 5100
271.594 5440
271.908 5780
271.915 6120
271.921 6460
271.927 6800
271.934 7140
271.94 7480
271.946 7820
271.953 8160
271.959 8500
271.965 8840
271.971 9180
271.978 9520
271.984 9860
271.99 10200
271.997 10540
272.003 10880
272.267 11220
272.273 11560
272.28 11900
272.286 12240
272.292 12580
272.299 12920
272.305 13260
272.311 13600
272.318 13940
272.324 14280
272.33 14620
272.337 14960
272.343 15300
272.349 15640
272.355 15980
272.362 16320
272.368 16660
272.374 17000
272.381 17340
272.387 17680
272.393 18020
272.4 18360
272.406 18700
272.412 19040
272.418 19380
272.425 19720
272.431 20060
272.437 20400
272.444 20740
272.45 21080
272.456 21420
272.463 21760
272.626 22100
272.632 22440
272.639 22780
272.645 23120
272.651 23460
272.657 23800
272.664 24140
272.67 24480
272.676 24820
272.683 25160
272.72 25500
272.821 17680
273.761 18020
273.773 18360
273.786 18700
273.798 19040
273.811 19380
273.824 19720
273.836 20060
273.874 20400
273.912 20740
273.95 21080
273.988 21420
274.025 21760
274.101 22100
274.215 22440
274.353 22780
274.467 23120
274.605 23460
274.725 23800
274.902 24140
275.103 24480
275.4 24820
275.778 25160
276.616 25500
277.669 25840
278.274 26180
278.463 26520
278.785 26860
278.974 27200
279.207 27540
279.378 27880
279.504 28220
279.661 28560
279.775 28900
279.901 29240
280.008 29580
280.115 29920
280.191 30260
280.266 30600
280.348 30940
280.424 31280
280.5 31620
280.582 31960
280.664 32300
280.72 32640
280.783 32980
280.853 33320
280.916 33660
280.991 34000
281.029 34340
281.092 34680
281.143 35020
281.206 35360
281.25 35700
281.307 36040
281.351 36380
281.395 36720
281.445 37060
281.502 37400
281.54 37740
281.603 38080
281.647 38420
281.71 38760
281.76 39100
281.817 39440
281.868 39780
281.918 40120
281.975 40460
282.025 40800
282.076 41140
282.139 41480
282.164 41820
282.208 42160
282.252 42500
282.29 42840
282.334 43180
282.372 43520
282.403 43860
282.448 44200
282.498 44540
282.53 44880
282.58 45220
282.618 45560
282.668 45900
282.7 46240
282.712 46580
282.756 46920
282.782 47260
282.801 47600
282.826 47940
282.87 48280
282.889 48620
282.901 48960
282.927 49300
282.958 49640
282.983 49980
283.009 50320
283.021 50660
283.046 51000
283.084 51340
283.116 51680
283.141 52020
283.154 52360
283.179 52700
283.204 53040
283.229 53380
283.254 53720
283.286 54060
283.299 54400
283.343 54740
283.355 55080
283.381 55420
283.406 55760
283.431 56100
283.444 56440
283.469 56780
283.494 57120
283.519 57460
283.551 57800
283.563 58140
283.595 58480
283.626 58820
283.639 59160
283.671 59500
283.683 59840
283.708 60180
283.734 60520
283.746 60860
283.771 61200
283.797 61540
283.822 61880
283.834 62220
283.86 62560
283.885 62900
283.897 63240
283.923 63580
283.948 63920
283.961 64260
283.986 64600
283.998 64940
284.024 65280
284.036 65620
284.061 65960
284.074 66300
284.099 66640
284.112 66980
284.137 67320
284.15 67660
284.175 68000
284.2 68340
284.213 68680
284.238 69020
284.251 69360
284.276 69700
284.288 70040
284.314 70380
284.326 70720
284.351 71060
284.364 71400
284.395 71740
284.408 72080
284.433 72420
284.459 72760
284.484 73100
284.496 73440
284.522 73780
284.534 74120
284.559 74460
284.572 74800
284.597 75140
284.61 75480
284.635 75820
284.648 76160
284.673 76500
284.685 76840
284.711 77180
284.723 77520
284.749 77860
284.761 78200
284.793 78540
284.805 78880
284.83 79220
284.843 79560
284.868 79900
284.881 80240
284.906 80580
284.919 80920
284.944 81260
284.957 81600
284.982 81940
284.994 82280
285.02 82620
285.032 82960
285.057 83300
285.07 83640
285.095 83980
285.108 84320
285.133 84660
285.146 85000
285.171 85340
285.183 85680
285.209 86020
285.221 86360
285.247 86700
285.259 87040
285.284 87380
285.297 87720
285.322 88060
285.335 88400
285.36 88740
285.373 89080
285.398 89420
285.41 89760
285.423 90100
285.436 90440
285.448 90780
285.473 91120
285.486 91460
285.499 91800
285.511 92140
285.524 92480
285.537 92820
285.549 93160
285.562 93500
285.574 93840
285.587 94180
285.612 94520
285.625 94860
285.637 95200
285.65 95540
285.663 95880
285.682 66980
288.422 340
288.619 3060
289.243 7480
289.602 8500
289.621 10200
289.652 11220
289.671 12920
289.703 13940
289.722 15640
289.973 16660
289.992 18360
290.024 19380
290.043 21080
290.074 22100
290.093 23800
290.125 24820
290.144 26520
290.175 27540
290.194 30260
290.244 31960
290.345 32980
290.364 34680
290.395 35700
290.414 37400
290.446 38420
290.465 40120
290.496 41140
290.515 42840
290.546 43860
290.565 45560
290.597 46580
290.717 46920
290.849 47260
290.969 47600
291.101 47940
291.227 48280
291.36 48620
291.486 34000
293.785 340
293.862 680
294.858 1020
294.865 1360
295.217 1700
295.223 2040
295.23 2380
295.236 2720
295.576 3060
295.582 3400
295.588 3740
295.595 4080
295.601 4420
295.607 4760
295.614 5100
295.62 5440
295.935 5780
295.941 6120
295.947 6460
295.954 6800
295.96 7140
295.966 7480
295.972 7820
295.979 8160
295.985 8500
295.991 8840
295.998 9180
296.004 9520
296.01 9860
296.017 10200
296.023 10540
296.029 10880
296.293 11220
296.3 11560
296.306 11900
296.312 12240
296.319 12580
296.325 12920
296.331 13260
296.338 13600
296.344 13940
296.35 14280
296.356 14620
296.363 14960
296.369 15300
296.375 15640
296.382 15980
296.388 16320
296.394 16660
296.401 17000
296.407 17340
296.413 17680
296.419 18020
296.426 18360
296.432 18700
296.438 19040
296.445 19380
296.451 19720
296.457 20060
296.464 20400
296.47 20740
296.476 21080
296.483 21420
296.489 21760
296.652 22100
296.658 22440
296.665 22780
296.671 23120
296.677 23460
296.684 23800
296.709 24140
296.715 24480
297.182 17000
298.077 17340
298.096 17680
298.108 18020
298.121 18360
298.134 18700
298.146 19040
298.159 19380
298.171 19720
298.184 20060
298.197 20400
298.209 20740
298.222 21080
298.234 21420
298.247 21760
298.26 22100
298.272 22440
298.285 22780
298.474 23120
298.865 23460
299.085 23800
299.502 24140
300.277 24480
301.929 24820
302.288 25160
302.717 25500
303.038 25840
303.29 26180
303.435 26520
303.587 26860
303.732 27200
303.883 27540
304.003 27880
304.135 28220
304.23 28560
304.349 28900
304.425 29240
304.501 29580
304.583 29920
304.652 30260
304.74 30600
304.81 30940
304.891 31280
304.961 31620
305.03 31960
305.099 32300
305.163 32640
305.226 32980
305.289 33320
305.339 33660
305.402 34000
305.446 34340
305.484 34680
305.528 35020
305.591 35360
305.635 35700
305.679 36040
305.736 36380
305.787 36720
305.837 37060
305.881 37400
305.944 37740
305.982 38080
306.039 38420
306.096 38760
306.152 39100
306.19 39440
306.253 39780
306.31 40120
306.36 40460
306.417 40800
306.461 41140
306.499 41480
306.537 41820
306.581 42160
306.619 42500
306.657 42840
306.701 43180
306.732 43520
306.77 43860
306.82 44200
306.865 44540
306.909 44880
306.953 45220
306.978 45560
307.01 45900
307.041 46240
307.066 46580
307.092 46920
307.117 47260
307.142 47600
307.174 47940
307.199 48280
307.23 48620
307.255 48960
307.281 49300
307.293 49640
307.318 49980
307.356 50320
307.388 50660
307.413 51000
307.445 51340
307.47 51680
307.501 52020
307.527 52360
307.539 52700
307.564 53040
307.596 53380
307.608 53720
307.634 54060
307.646 54400
307.672 54740
307.684 55080
307.709 55420
307.722 55760
307.747 56100
307.772 56440
307.785 56780
307.81 57120
307.835 57460
307.861 57800
307.892 58140
307.917 58480
307.949 58820
307.974 59160
308.006 59500
308.018 59840
308.043 60180
308.069 60520
308.081 60860
308.113 61200
308.125 61540
308.151 61880
308.163 62220
308.188 62560
308.201 62900
308.226 63240
308.251 63580
308.264 63920
308.289 64260
308.302 64600
308.327 64940
308.34 65280
308.365 65620
308.378 65960
308.403 66300
308.415 66640
308.441 66980
308.46 67320
308.485 67660
308.497 68000
308.529 68340
308.554 68680
308.579 69020
308.605 69360
308.617 69700
308.642 70040
308.655 70380
308.68 70720
308.693 71060
308.718 71400
308.731 71740
308.756 72080
308.768 72420
308.794 72760
308.806 73100
308.831 73440
308.844 73780
308.869 74120
308.882 74460
308.907 74800
308.92 75140
308.945 75480
308.958 75820
308.983 76160
308.995 76500
309.021 76840
309.033 77180
309.065 77520
309.077 77860
309.103 78200
309.128 78540
309.153 78880
309.178 79220
309.191 79560
309.216 79900
309.229 80240
309.254 80580
309.266 80920
309.292 81260
309.304 81600
309.329 81940
309.342 82280
309.367 82620
309.38 82960
309.405 83300
309.418 83640
309.443 83980
309.456 84320
309.481 84660
309.493 85000
309.506 85340
309.519 85680
309.544 86020
309.556 86360
309.569 86700
309.582 87040
309.594 87380
309.607 87720
309.632 88060
309.645 88400
309.657 88740
309.67 89080
309.682 89420
309.695 89760
309.708 90100
309.72 90440
309.746 90780
309.758 91120
309.771 91460
309.783 91800
309.796 92140
309.809 92480
309.821 92820
309.834 93160
309.859 93500
309.872 93840
309.884 94180
309.897 94520
309.909 94860
309.922 95200
309.935 95540
309.947 95880
309.96 96220
309.972 96560
309.985 96900
310.004 67660
312.711 340
312.923 2040
313.522 3060
313.541 4760
313.893 5780
313.912 7480
313.943 8500
313.962 10200
314.264 11220
314.283 12920
314.315 13940
314.334 15640
314.365 16660
314.384 18360
314.416 19380
314.435 21080
314.636 22100
314.655 23800
314.686 24820
314.705 27540
314.755 31960
314.837 34340
314.882 36040
314.913 37060
314.932 38760
314.964 39780
314.982 41480
315.014 42500
315.033 44200
315.064 45220
315.083 46920
315.115 47940
315.235 48280
315.354 48620
315.48 48960
315.613 49300
315.739 49640
315.859 49980
316.01 34680
318.301 340
318.374 680
319.364 1020
319.37 1360
319.722 1700
319.729 2040
319.735 2380
319.741 2720
320.081 3060
320.087 3400
320.094 3740
320.1 4080
320.106 4420
320.113 4760
320.119 5100
320.125 5440
320.44 5780
320.446 6120
320.453 6460
320.459 6800
320.465 7140
320.471 7480
320.478 7820
320.484 8160
320.49 8500
320.497 8840
320.503 9180
320.509 9520
320.516 9860
320.522 10200
320.528 10540
320.534 10880
320.799 11220
320.805 11560
320.811 11900
320.818 12240
320.824 12580
320.83 12920
320.837 13260
320.843 13600
320.849 13940
320.855 14280
320.862 14620
320.868 14960
320.874 15300
320.881 15640
320.887 15980
320.893 16320
320.9 16660
320.906 17000
320.912 17340
320.918 17680
320.925 18020
320.931 18360
320.937 18700
320.944 19040
320.95 19380
320.956 19720
320.963 20060
320.969 20400
320.975 20740
320.982 21080
320.988 21420
320.994 21760
321.157 22100
321.164 22440
321.17 22780
321.176 23120
321.183 23460
321.189 23800
321.195 24140
321.208 24480
321.29 17000
322.185 17340
322.204 17680
322.217 18020
322.229 18360
322.242 18700
322.254 19040
322.28 19380
322.317 19720
322.355 20060
322.38 20400
322.431 20740
322.481 21080
322.57 21420
322.696 21760
322.822 22100
322.96 22440
323.061 22780
323.244 23120
323.439 23460
323.717 23800
324.095 24140
324.896 24480
326.037 24820
326.541 25160
326.938 25500
327.222 25840
327.449 26180
327.6 26520
327.764 26860
327.909 27200
328.035 27540
328.155 27880
328.281 28220
328.388 28560
328.476 28900
328.546 29240
328.628 29580
328.703 29920
328.779 30260
328.867 30600
328.937 30940
329 31280
329.082 31620
329.138 31960
329.214 32300
329.277 32640
329.334 32980
329.397 33320
329.435 33660
329.479 34000
329.529 34340
329.58 34680
329.63 35020
329.68 35360
329.731 35700
329.781 36040
329.832 36380
329.888 36720
329.926 37060
329.964 37400
330.021 37740
330.084 38080
330.141 38420
330.216 38760
330.267 39100
330.317 39440
330.374 39780
330.431 40120
330.481 40460
330.531 40800
330.582 41140
330.62 41480
330.664 41820
330.702 42160
330.733 42500
330.79 42840
330.828 43180
330.859 43520
330.903 43860
330.948 44200
330.979 44540
331.023 44880
331.067 45220
331.111 45560
331.124 45900
331.156 46240
331.181 46580
331.206 46920
331.231 47260
331.263 47600
331.288 47940
331.332 48280
331.357 48620
331.37 48960
331.401 49300
331.427 49640
331.439 49980
331.464 50320
331.49 50660
331.521 51000
331.546 51340
331.559 51680
331.584 52020
331.616 52360
331.628 52700
331.654 53040
331.679 53380
331.717 53720
331.742 54060
331.754 54400
331.786 54740
331.817 55080
331.843 55420
331.855 55760
331.881 56100
331.906 56440
331.931 56780
331.944 57120
331.981 57460
332.007 57800
332.019 58140
332.044 58480
332.076 58820
332.101 59160
332.12 59500
332.145 59840
332.158 60180
332.183 60520
332.196 60860
332.221 61200
332.234 61540
332.259 61880
332.271 62220
332.297 62560
332.322 62900
332.334 63240
332.36 63580
332.385 63920
332.404 64260
332.429 64600
332.442 64940
332.467 65280
332.479 65620
332.505 65960
332.517 66300
332.542 66640
332.555 66980
332.58 67320
332.599 67660
332.624 68000
332.637 68340
332.662 68680
332.675 69020
332.7 69360
332.713 69700
332.738 70040
332.75 70380
332.776 70720
332.788 71060
332.814 71400
332.826 71740
332.851 72080
332.864 72420
332.889 72760
332.902 73100
332.933 73440
332.959 73780
332.971 74120
332.996 74460
333.009 74800
333.034 75140
333.047 75480
333.072 75820
333.085 76160
333.11 76500
333.122 76840
333.148 77180
333.16 77520
333.185 77860
333.198 78200
333.223 78540
333.249 78880
333.261 79220
333.286 79560
333.299 79900
333.324 80240
333.337 80580
333.362 80920
333.375 81260
333.4 81600
333.412 81940
333.438 82280
333.45 82620
333.475 82960
333.488 83300
333.513 83640
333.526 83980
333.551 84320
333.564 84660
333.589 85000
333.602 85340
333.627 85680
333.639 86020
333.665 86360
333.677 86700
333.702 87040
333.715 87380
333.74 87720
333.753 88060
333.765 88400
333.791 88740
333.803 89080
333.816 89420
333.828 89760
333.841 90100
333.854 90440
333.866 90780
333.892 91120
333.904 91460
333.917 91800
333.929 92140
333.942 92480
333.955 92820
333.967 93160
333.98 93500
333.992 93840
334.005 94180
334.03 94520
334.043 94860
334.055 95200
334.068 95540
334.081 95880
334.093 96220
334.106 96560
334.118 96900
334.137 67660
336.872 340
337.062 2040
337.687 3060
337.705 4760
338.058 5780
338.077 8840
338.134 9860
338.423 11560
338.454 12580
338.473 14280
338.505 15300
338.524 17000
338.555 18020
338.574 19720
338.782 20740
338.801 22440
338.832 23460
338.851 25160
338.883 26180
338.901 29240
338.958 30260
338.977 31960
339.009 32980
339.028 34680
339.059 35700
339.078 37400
339.109 38420
339.128 40120
339.16 41140
339.179 42840
339.21 43860
339.229 45560
339.261 46580
339.28 48280
339.412 48620
339.532 48960
339.652 49300
339.797 49640
339.923 49980
340.049 50320
340.181 35020
342.506 340
342.539 680
343.566 1020
343.573 1360
343.925 1700
343.931 2040
343.938 2380
343.944 2720
344.284 3060
344.29 3400
344.297 3740
344.303 4080
344.309 4420
344.315 4760
344.322 5100
344.328 5440
344.643 5780
344.649 6120
344.655 6460
344.662 6800
344.668 7140
344.674 7480
344.68 7820
344.687 8160
344.693 8500
344.699 8840
344.706 9180
344.712 9520
344.718 9860
344.725 10200
344.731 10540
344.737 10880
345.001 11220
345.008 11560
345.014 11900
345.02 12240
345.027 12580
345.033 12920
345.039 13260
345.046 13600
345.052 13940
345.058 14280
345.064 14620
345.071 14960
345.077 15300
345.083 15640
345.09 15980
345.096 16320
345.102 16660
345.109 17000
345.115 17340
345.121 17680
345.127 18020
345.134 18360
345.14 18700
345.146 19040
345.153 19380
345.159 19720
345.165 20060
345.172 20400
345.178 20740
345.184 21080
345.191 21420
345.197 21760
345.36 22100
345.366 22440
345.373 22780
345.379 23120
345.385 23460
345.392 23800
345.398 24140
345.404 24480
345.423 24820
345.505 17340
346.419 17680
346.432 18020
346.444 18360
346.457 18700
346.47 19040
346.482 19380
346.52 19720
346.545 20060
346.583 20400
346.621 20740
346.671 21080
346.722 21420
346.829 21760
346.955 22100
347.069 22440
347.207 22780
347.333 23120
347.522 23460
347.712 23800
347.989 24140
348.361 24480
349.174 24820
350.277 25160
350.876 25500
351.072 25840
351.286 26180
351.582 26520
351.797 26860
351.948 27200
352.112 27540
352.238 27880
352.364 28220
352.484 28560
352.597 28900
352.692 29240
352.774 29580
352.862 29920
352.925 30260
353.02 30600
353.101 30940
353.183 31280
353.259 31620
353.322 31960
353.391 32300
353.461 32640
353.524 32980
353.581 33320
353.644 33660
353.7 34000
353.757 34340
353.795 34680
353.852 35020
353.889 35360
353.946 35700
353.99 36040
354.053 36380
354.11 36720
354.135 37060
354.186 37400
354.236 37740
354.293 38080
354.343 38420
354.381 38760
354.438 39100
354.501 39440
354.551 39780
354.602 40120
354.646 40460
354.703 40800
354.759 41140
354.81 41480
354.841 41820
354.885 42160
354.93 42500
354.967 42840
355.005 43180
355.056 43520
355.087 43860
355.131 44200
355.175 44540
355.22 44880
355.257 45220
355.302 45560
355.346 45900
355.358 46240
355.384 46580
355.421 46920
355.453 47260
355.465 47600
355.491 47940
355.528 48280
355.554 48620
355.585 48960
355.61 49300
355.636 49640
355.648 49980
355.673 50320
355.686 50660
355.718 51000
355.749 51340
355.774 51680
355.8 52020
355.831 52360
355.856 52700
355.869 53040
355.9 53380
355.926 53720
355.951 54060
355.976 54400
355.989 54740
356.014 55080
356.027 55420
356.064 55760
356.077 56100
356.102 56440
356.115 56780
356.14 57120
356.165 57460
356.19 57800
356.203 58140
356.228 58480
356.266 58820
356.279 59160
356.31 59500
356.342 59840
356.361 60180
356.386 60520
356.398 60860
356.424 61200
356.449 61540
356.461 61880
356.474 62220
356.499 62560
356.525 62900
356.537 63240
356.562 63580
356.575 63920
356.6 64260
356.613 64600
356.638 64940
356.651 65280
356.676 65620
356.688 65960
356.701 66300
356.726 66640
356.751 66980
356.764 67320
356.777 67660
356.802 68000
356.827 68340
356.84 68680
356.852 69020
356.878 69360
356.896 69700
356.922 70040
356.934 70380
356.966 70720
356.978 71060
357.004 71400
357.016 71740
357.041 72080
357.054 72420
357.079 72760
357.092 73100
357.117 73440
357.13 73780
357.155 74120
357.168 74460
357.193 74800
357.205 75140
357.231 75480
357.243 75820
357.268 76160
357.281 76500
357.306 76840
357.319 77180
357.344 77520
357.357 77860
357.382 78200
357.394 78540
357.42 78880
357.432 79220
357.458 79560
357.483 79900
357.495 80240
357.521 80580
357.533 80920
357.558 81260
357.571 81600
357.596 81940
357.609 82280
357.634 82620
357.647 82960
357.672 83300
357.684 83640
357.71 83980
357.722 84320
357.748 84660
357.76 85000
357.785 85340
357.798 85680
357.823 86020
357.836 86360
357.861 86700
357.874 87040
357.899 87380
357.911 87720
357.937 88060
357.949 88400
357.974 88740
357.987 89080
358.012 89420
358.025 89760
358.05 90100
358.063 90440
358.088 90780
358.101 91120
358.113 91460
358.126 91800
358.151 92140
358.164 92480
358.176 92820
358.189 93160
358.201 93500
358.214 93840
358.227 94180
358.239 94520
358.252 94860
358.264 95200
358.29 95540
358.302 95880
358.315 96220
358.327 96560
358.34 96900
358.353 97240
358.372 68000
361.101 340
361.297 2040
361.914 3060
361.933 4760
362.286 5780
362.305 7480
362.336 8500
362.355 10200
362.657 11220
362.676 12920
362.708 13940
362.727 15640
362.758 16660
362.777 18360
362.808 19380
362.827 21080
363.029 22100
363.047 23800
363.079 24820
363.098 26520
363.129 27540
363.148 30600
363.205 31620
363.224 33320
363.255 34340
363.274 36040
363.306 37060
363.325 38760
363.356 39780
363.375 41480
363.407 42500
363.426 44200
363.457 45220
363.476 46920
363.508 47940
363.627 48280
363.76 48620
363.88 48960
364.012 49300
364.138 49640
364.27 49980
364.396 34680
366.709 340
366.76 680
367.769 1020
367.775 1360
368.128 1700
368.134 2040
368.14 2380
368.147 2720
368.487 3060
368.493 3400
368.499 3740
368.506 4080
368.512 4420
368.518 4760
368.524 5100
368.531 5440
368.845 5780
368.852 6120
368.858 6460
368.864 6800
368.871 7140
368.877 7480
368.883 7820
368.889 8160
368.896 8500
368.902 8840
368.908 9180
368.915 9520
368.921 9860
368.927 10200
368.934 10540
368.94 10880
369.204 11220
369.21 11560
369.217 11900
369.223 12240
369.229 12580
369.236 12920
369.242 13260
369.248 13600
369.255 13940
369.261 14280
369.267 14620
369.273 14960
369.28 15300
369.286 15640
369.292 15980
369.299 16320
369.305 16660
369.311 17000
369.318 17340
369.324 17680
369.33 18020
369.336 18360
369.343 18700
369.349 19040
369.355 19380
369.362 19720
369.368 20060
369.374 20400
369.381 20740
369.387 21080
369.393 21420
369.4 21760
369.563 22100
369.569 22440
369.575 22780
369.582 23120
369.588 23460
369.594 23800
369.601 24140
369.626 24480
369.695 17000
370.59 17340
370.609 17680
370.622 18020
370.635 18360
370.647 18700
370.672 19040
370.698 19380
370.735 19720
370.761 20060
370.798 20400
370.849 20740
370.899 21080
371 21420
371.126 21760
371.24 22100
371.378 22440
371.479 22780
371.662 23120
371.851 23460
372.135 23800
372.513 24140
373.314 24480
374.442 24820
374.972 25160
375.375 25500
375.678 25840
375.816 26180
376.006 26520
376.125 26860
376.283 27200
376.428 27540
376.541 27880
376.655 28220
376.756 28560
376.863 28900
376.951 29240
377.033 29580
377.102 29920
377.197 30260
377.266 30600
377.342 30940
377.424 31280
377.5 31620
377.563 31960
377.632 32300
377.682 32640
377.739 32980
377.802 33320
377.853 33660
377.897 34000
377.947 34340
377.998 34680
378.054 35020
378.13 35360
378.199 35700
378.275 36040
378.332 36380
378.401 36720
378.458 37060
378.527 37400
378.578 37740
378.628 38080
378.685 38420
378.723 38760
378.779 39100
378.836 39440
378.893 39780
378.931 40120
378.962 40460
379.006 40800
379.038 41140
379.082 41480
379.107 41820
379.132 42160
379.183 42500
379.208 42840
379.252 43180
379.29 43520
379.315 43860
379.34 44200
379.384 44540
379.416 44880
379.454 45220
379.498 45560
379.529 45900
379.58 46240
379.593 46580
379.618 46920
379.656 47260
379.681 47600
379.725 47940
379.75 48280
379.775 48620
379.801 48960
379.845 49300
379.876 49640
379.901 49980
379.933 50320
379.958 50660
379.977 51000
380.002 51340
380.015 51680
380.046 52020
380.078 52360
380.091 52700
380.116 53040
380.141 53380
380.154 53720
380.179 54060
380.204 54400
380.217 54740
380.261 55080
380.273 55420
380.286 55760
380.311 56100
380.336 56440
380.362 56780
380.374 57120
380.418 57460
380.437 57800
380.45 58140
380.475 58480
380.5 58820
380.513 59160
380.526 59500
380.551 59840
380.595 60180
380.607 60520
380.633 60860
380.645 61200
380.671 61540
380.683 61880
380.708 62220
380.721 62560
380.752 62900
380.765 63240
380.79 63580
380.803 63920
380.828 64260
380.841 64600
380.866 64940
380.879 65280
380.904 65620
380.929 65960
380.942 66300
380.973 66640
380.986 66980
381.011 67320
381.024 67660
381.049 68000
381.061 68340
381.087 68680
381.099 69020
381.124 69360
381.15 69700
381.162 70040
381.187 70380
381.2 70720
381.225 71060
381.238 71400
381.276 49980
382.382 340
382.6 68000
383.394 47600
384.507 340
384.724 680
385.474 1020
385.48 1360
385.833 1700
385.839 2040
385.846 2380
385.852 2720
386.192 3060
386.198 3400
386.204 3740
386.211 4080
386.217 4420
386.223 4760
386.229 5100
386.236 5440
386.55 5780
386.557 6120
386.563 6460
386.569 6800
386.576 7140
386.582 7480
386.588 7820
386.595 8160
386.601 8500
386.607 8840
386.613 9180
386.62 9520
386.626 9860
386.632 10200
386.639 10540
386.645 10880
386.909 11220
386.915 11560
386.922 11900
386.928 12240
386.934 12580
386.941 12920
386.947 13260
386.953 13600
386.96 13940
386.966 14280
386.972 14620
386.978 14960
386.985 15300
386.991 15640
386.997 15980
387.004 16320
387.01 16660
387.016 17000
387.023 17340
387.029 17680
387.035 18020
387.042 18360
387.048 18700
387.054 19040
387.06 19380
387.067 19720
387.073 20060
387.079 20400
387.086 20740
387.092 21080
387.098 21420
387.105 21760
387.268 22100
387.274 22440
387.28 22780
387.287 23120
387.293 23460
387.299 23800
387.306 24140
387.312 24480
387.318 24820
387.325 25160
387.331 67320
387.829 46920
389.705 340
390.571 680
390.93 1020
390.936 1360
391.289 1700
391.295 2040
391.301 2380
391.308 2720
391.647 3060
391.654 3400
391.66 3740
391.666 4080
391.673 4420
391.679 4760
391.685 5100
391.692 5440
392.006 5780
392.012 6120
392.019 6460
392.025 6800
392.031 7140
392.038 7480
392.044 7820
392.05 8160
392.057 8500
392.063 8840
392.069 9180
392.076 9520
392.082 9860
392.088 10200
392.094 10540
392.101 10880
392.365 11220
392.371 11560
392.378 11900
392.384 12240
392.39 12580
392.396 12920
392.403 13260
392.409 13600
392.415 13940
392.422 14280
392.428 14620
392.434 14960
392.441 15300
392.447 15640
392.453 15980
392.459 16320
392.466 16660
392.472 17000
392.478 17340
392.485 17680
392.491 18020
392.497 18360
392.504 18700
392.51 19040
392.516 19380
392.523 19720
392.529 20060
392.535 46240
393.108 46580
393.234 46920
393.367 32640
395.305 340
395.743 680
396.386 1020
396.393 1360
396.745 1700
396.751 2040
396.758 2380
396.764 2720
397.104 3060
397.11 3400
397.116 3740
397.123 4080
397.129 4420
397.135 4760
397.142 5100
397.148 5440
397.463 5780
397.469 6120
397.475 6460
397.481 6800
397.488 7140
397.494 7480
397.5 7820
397.507 8160
397.513 8500
397.519 8840
397.526 9180
397.532 9520
397.538 9860
397.544 10200
397.551 10540
397.557 10880
397.821 11220
397.828 11560
397.834 11900
397.84 12240
397.846 12580
397.853 12920
397.859 13260
397.865 13600
397.872 13940
397.878 14280
397.884 14620
397.891 14960
397.897 15300
397.903 15640
397.91 15980
397.916 16320
397.922 16660
397.928 17000
397.935 17340
397.941 17680
397.947 18020
397.954 18360
397.96 18700
397.966 19040
397.991 13260
398.842 13600
398.861 13940
398.873 14280
398.886 14620
398.899 14960
398.911 15300
398.937 15640
398.974 15980
399.037 16320
399.119 16660
399.258 17000
399.409 17340
399.567 17680
399.712 18020
399.914 18360
