0.0 0
0.198172 3400
0.40252 3740
0.415128 4420
0.427736 5100
0.440344 5780
0.452952 6460
0.606003 7140
0.618611 7820
0.631219 8500
0.643827 9180
0.656435 9860
0.669043 10540
0.681651 11220
0.694259 11900
0.706867 12580
0.809487 13260
0.822095 13940
0.834703 14620
0.847311 15300
0.859919 15980
0.872527 16660
0.885135 17340
0.897743 18020
0.910351 18700
0.922959 19380
0.935567 20060
0.948175 20740
0.960783 21420
0.973391 22100
0.985999 22780
0.998607 23460
1.01122 24140
1.02382 24820
1.03643 25500
1.04904 26180
1.06165 26860
1.07426 27540
1.08686 28220
1.09947 28900
1.11208 29580
1.12469 30260
1.1373 30940
1.1499 31620
1.16251 32300
1.17512 32980
1.18773 33660
1.20034 34340
1.21294 35020
1.22555 35700
1.23816 36380
1.25077 37060
1.26338 37740
1.27598 38420
1.28859 39100
1.3012 39780
1.31381 40460
1.32642 41140
1.33902 41820
1.35163 42500
1.36424 43180
1.37685 43860
1.38946 44540
1.40206 45220
1.41467 45900
1.42728 46580
1.43989 47260
1.4525 47940
1.4651 48620
1.47771 49300
1.49032 49980
1.50293 50660
1.51554 51340
1.52814 52020
1.54075 52700
1.55336 53380
1.56597 54060
1.57858 54740
1.59118 55420
1.60379 56100
1.6164 56780
1.62901 57460
1.64162 58140
1.65422 58820
1.66683 59500
1.67944 60180
1.69205 60860
1.70466 61540
1.71726 62220
1.72987 62900
1.74248 63580
1.75509 64260
1.7677 64940
1.7803 65620
1.79291 66300
1.80552 66980
1.81813 67660
1.83074 68340
1.84334 69020
1.85595 69700
1.86856 70380
1.88117 71060
1.89378 71740
1.90638 72420
1.91899 73100
1.9316 73780
1.94421 74460
1.95682 75140
1.96942 75820
1.98203 76500
1.99464 77180
2.00725 77860
2.01986 78540
2.03246 79220
2.04507 79900
2.05768 80580
2.07029 81260
2.0829 81940
2.0955 82620
2.10811 83300
2.12072 83980
2.13333 84660
2.14594 85340
2.15854 86020
2.17115 86700
2.18376 87380
2.19637 88060
2.20898 88740
2.22158 89420
2.23419 90100
2.2468 90780
2.25941 91460
2.27202 92140
2.28462 92820
2.29723 93500
2.30984 94180
2.32245 94860
2.33506 95540
2.34766 96220
2.36027 96900
2.37288 97580
2.38549 98260
2.3981 98940
2.4107 99620
2.42331 100300
2.43592 100980
2.44853 101660
2.46114 102340
2.47374 103020
2.48635 103700
2.49896 104380
2.51157 105060
2.52418 105740
2.53678 106420
2.54939 107100
2.562 107780
2.57461 108460
2.58722 109140
2.59982 109820
2.61243 110500
2.63134 77180
4.83226 340
4.90078 680
5.27272 1700
5.4762 2040
5.48251 3060
5.50142 3400
5.67969 4420
5.6986 4760
5.7049 5780
5.72381 6120
5.73012 7140
5.88947 7480
5.89578 8500
5.91469 8840
5.92099 9860
5.93991 10200
5.94621 11220
5.96512 11560
5.97143 12580
5.99034 12920
5.99664 13940
6.01555 14280
6.09296 15300
6.11187 15640
6.11817 16660
6.13709 17000
6.14339 18020
6.1623 18360
6.16861 19380
6.18752 19720
6.19382 20740
6.21273 21080
6.21904 22100
6.23795 22440
6.24425 23460
6.26317 23800
6.26947 24820
6.28838 25160
6.29469 26180
6.3136 26520
6.3199 27540
6.33881 27880
6.34512 28900
6.36403 29240
6.37033 30260
6.38925 30600
6.39555 31620
6.41446 31960
6.42077 32980
6.43968 33320
6.44598 34340
6.46489 34680
6.4712 35700
6.49011 36040
6.49641 37060
6.51533 37400
6.52163 38420
6.54054 38760
6.54685 39780
6.56576 40120
6.57206 41140
6.59097 41480
6.59728 42500
6.61619 42840
6.62249 43860
6.64141 44200
6.64771 45220
6.66662 45560
6.67293 46580
6.69184 46920
6.69814 47940
6.71705 48280
6.72336 49300
6.74227 49640
6.74857 50660
6.76749 51000
6.77379 52020
6.7927 52360
6.79901 53380
6.81792 53720
6.944 54060
7.07008 54400
7.19616 54740
7.32224 55080
7.44832 55420
7.5744 55760
7.70048 56100
7.82656 56440
7.85177 39440
10.0338 340
10.2725 680
10.7642 1020
10.7705 1360
10.9677 1700
10.974 2040
10.9803 2380
10.9866 2720
11.1712 3060
11.1775 3400
11.1838 3740
11.1901 4080
11.1964 4420
11.2027 4760
11.209 5100
11.2153 5440
11.3747 5780
11.381 6120
11.3873 6460
11.3936 6800
11.3999 7140
11.4062 7480
11.4125 7820
11.4188 8160
11.4251 8500
11.4314 8840
11.4377 9180
11.444 9520
11.4503 9860
11.4566 10200
11.4629 10540
11.4692 10880
11.5782 11220
11.5845 11560
11.5908 11900
11.5971 12240
11.6034 12580
11.6097 12920
11.616 13260
11.6223 13600
11.6286 13940
11.6349 14280
11.6412 14620
11.6475 14960
11.6538 15300
11.6601 15640
11.6664 15980
11.6727 16320
11.679 16660
11.6853 17000
11.6916 17340
11.6979 17680
11.7042 18020
11.7105 18360
11.7168 18700
11.7231 19040
11.7295 19380
11.7358 19720
11.7421 20060
11.7484 20400
11.7547 20740
11.761 21080
11.7673 21420
11.7736 21760
11.7816 22100
11.7879 22440
11.7942 22780
11.8006 23120
11.8069 23460
11.8132 23800
11.8195 24140
11.8258 24480
11.8321 24820
11.8384 25160
11.8447 25500
11.851 25840
11.8573 26180
11.8636 26520
11.8699 26860
11.8762 27200
11.8825 27540
12.0086 27880
12.1347 28220
12.2607 28560
12.3868 28900
12.4246 20060
14.1276 340
14.2843 680
15.003 1020
15.0093 1360
15.2065 1700
15.2128 2040
15.2191 2380
15.4226 1360
15.626 1700
15.6576 2040
15.8421 2380
18.6783 2720
19.0916 3060
19.314 3400
19.5175 3740
19.7146 4080
19.9181 4420
19.9559 4760
20.1279 5100
20.1909 5440
20.3377 5780
20.3881 6120
20.5475 6460
20.5601 6800
20.6357 7140
20.7951 7480
20.8581 7820
20.986 8160
21.0364 8500
21.1642 8840
21.2021 9180
21.2651 9520
21.3677 9860
21.4055 10200
21.4434 10540
21.4938 10880
21.5775 11220
21.6279 11560
21.6658 11900
21.7162 12240
21.7666 12580
21.8125 12920
21.8503 13260
21.9008 13600
21.9512 13940
22.0016 14280
22.0521 14620
22.0899 14960
22.1277 15300
22.1781 15640
22.216 15980
22.2664 16320
22.3042 16660
22.342 17000
22.3799 17340
22.4303 17680
22.4681 18020
22.4933 18360
22.5312 18700
22.569 19040
22.6194 19380
22.6572 19720
22.6825 20060
22.7203 20400
22.7581 20740
22.7959 21080
22.8338 21420
22.8716 21760
22.9094 22100
22.9346 22440
22.9724 22780
23.0103 23120
23.0355 23460
23.0733 23800
23.0985 24140
23.1364 24480
23.1742 24820
23.1994 25160
23.2246 25500
23.2624 25840
23.2876 26180
23.3255 26520
23.3507 26860
23.3885 27200
23.4137 27540
23.4516 27880
23.4768 28220
23.5146 28560
23.5398 28900
23.565 29240
23.5902 29580
23.6281 29920
23.6533 30260
23.6659 30600
23.7037 30940
23.7289 31280
23.7541 31620
23.7794 31960
23.8046 32300
23.8298 32640
23.855 32980
23.8802 33320
23.9054 33660
23.9307 34000
23.9559 34340
23.9811 34680
24.0063 35020
24.0315 35360
24.0567 35700
24.082 36040
24.1072 36380
24.1324 36720
24.1576 37060
24.1828 37400
24.208 37740
24.2332 38080
24.2585 38420
24.2837 38760
24.3089 39100
24.3341 39440
24.3593 39780
24.3845 40120
24.4098 40460
24.435 40800
24.4602 41140
24.4854 41480
24.5106 41820
24.5232 42160
24.5484 42500
24.5737 42840
24.5989 43180
24.6115 43520
24.6367 43860
24.6619 44200
24.6745 44540
24.6997 44880
24.725 45220
24.7376 45560
24.7502 45900
24.7754 46240
24.8006 46580
24.8132 46920
24.8258 47260
24.851 47600
24.8763 47940
24.8889 48280
24.9015 48620
24.9267 48960
24.9519 49300
24.9645 49640
24.9771 49980
25.0023 50320
25.0149 50660
25.0402 51000
25.0528 51340
25.078 51680
25.0906 52020
25.1158 52360
25.1284 52700
25.1536 53040
25.1662 53380
25.1915 53720
25.2041 54060
25.2293 54400
25.2419 54740
25.2671 55080
25.2797 55420
25.3049 55760
25.3175 56100
25.3428 56440
25.3554 56780
25.3806 57120
25.3932 57460
25.4184 57800
25.431 58140
25.4562 58480
25.4688 58820
25.494 59160
25.5067 59500
25.5319 59840
25.5445 60180
25.5697 60520
25.5823 60860
25.6075 61200
25.6201 61540
25.6453 61880
25.658 62220
25.6832 62560
25.6958 62900
25.721 63240
25.7336 63580
25.7588 63920
25.7714 64260
25.7966 64600
25.8092 64940
25.8345 65280
25.8471 65620
25.8723 65960
25.8849 66300
25.9101 66640
25.9227 66980
25.9479 67320
25.9605 67660
25.9858 68000
25.9984 68340
26.0236 68680
26.0362 69020
26.0614 69360
26.074 69700
26.0992 70040
26.1118 70380
26.1371 70720
26.1497 71060
26.1623 71400
26.1749 71740
26.1875 72080
26.2001 72420
26.2253 72760
26.2379 73100
26.2505 73440
26.2631 73780
26.2757 74120
26.2884 74460
26.301 74800
26.3199 52360
28.4405 340
28.5704 2040
29.0747 3060
29.0936 4760
29.2908 5780
29.3097 7480
29.3412 8500
29.3602 10200
29.5069 11220
29.5258 12920
29.5573 13940
29.5762 15640
29.6078 16660
29.6267 18360
29.6582 19380
29.6771 21080
29.723 22100
29.7419 23800
29.7734 24820
29.7923 26520
29.8239 27540
29.8428 29240
29.8743 30260
29.8932 31960
29.9247 32980
29.9436 34680
29.9752 35700
29.9941 37400
30.1454 37740
30.2462 38080
30.3975 38420
30.5236 38760
30.6497 39100
30.6875 27200
32.4993 340
33.2974 680
33.5008 1020
33.5071 1360
33.7043 1700
33.7106 2040
33.7169 2380
33.7232 2720
33.9078 3060
33.9141 3400
33.9204 3740
33.9267 4080
33.933 4420
33.9393 4760
33.9456 5100
33.9519 5440
34.1113 5780
34.1176 6120
34.1239 6460
34.1302 6800
34.1365 7140
34.1428 7480
34.1491 7820
34.1554 8160
34.1617 8500
34.168 8840
34.1743 9180
34.1806 9520
34.1869 9860
34.1932 10200
34.1996 10540
34.2059 10880
34.3148 11220
34.3211 11560
34.3274 11900
34.3337 12240
34.34 12580
34.3463 12920
34.3526 13260
34.3589 13600
34.3652 13940
34.3715 14280
34.3778 14620
34.3841 14960
34.3904 15300
34.3967 15640
34.403 15980
34.4093 16320
34.4156 16660
34.4219 17000
34.4283 17340
34.4346 17680
34.4409 18020
34.4472 18360
34.4535 18700
34.4598 19040
34.5498 13260
35.2432 13600
35.2621 13940
35.2747 14280
35.2874 14620
35.3 14960
35.3252 15300
35.3756 15640
35.4134 15980
35.4765 16320
35.5836 16660
35.7349 17000
35.8736 17340
36.0375 17680
36.1825 18020
36.3906 18360
36.6868 18700
37.3109 19040
39.0887 19380
39.4417 19720
39.6875 20060
39.9334 20400
40.2675 20740
40.5008 21080
40.6647 21420
40.8475 21760
40.942 22100
41.0618 22440
41.1879 22780
41.3014 23120
41.4022 23460
41.4905 23800
41.5914 24140
41.6607 24480
41.73 24820
41.8183 25160
41.8813 25500
41.9507 25840
42.0137 26180
42.0831 26520
42.165 26860
42.2407 27200
42.3163 27540
42.392 27880
42.4487 28220
42.518 28560
42.5937 28900
42.6378 29240
42.7072 29580
42.7828 29920
42.8269 30260
42.8648 30600
42.9026 30940
42.9656 31280
43.0098 31620
43.0476 31960
43.0917 32300
43.1484 32640
43.1989 32980
43.2367 33320
43.2619 33660
43.2997 34000
43.3376 34340
43.3817 34680
43.4069 35020
43.4636 35360
43.5204 35700
43.5456 36040
43.6086 36380
43.6338 36720
43.6591 37060
43.6969 37400
43.7221 37740
43.7473 38080
43.7851 38420
43.823 38760
43.8482 39100
43.8986 39440
43.9364 39780
43.9617 40120
43.9869 40460
44.0121 40800
44.0373 41140
44.0751 41480
44.1003 41820
44.1256 42160
44.1508 42500
44.1949 42840
44.2201 43180
44.2516 43520
44.2769 43860
44.3021 44200
44.3399 44540
44.3651 44880
44.3903 45220
44.4155 45560
44.4408 45900
44.466 46240
44.4912 46580
44.5164 46920
44.5416 47260
44.5668 47600
44.5921 47940
44.6173 48280
44.6425 48620
44.6677 48960
44.7118 49300
44.737 49640
44.7623 49980
44.7875 50320
44.8127 50660
44.8379 51000
44.8631 51340
44.8883 51680
44.9136 52020
44.9388 52360
44.964 52700
44.9892 53040
45.0144 53380
45.0459 53720
45.0712 54060
45.0964 54400
45.1216 54740
45.1468 55080
45.1594 55420
45.1846 55760
45.2098 56100
45.2225 56440
45.2477 56780
45.2603 57120
45.2855 57460
45.2981 57800
45.3233 58140
45.3359 58480
45.3611 58820
45.3864 59160
45.399 59500
45.4242 59840
45.4494 60180
45.462 60520
45.4746 60860
45.4998 61200
45.5124 61540
45.5377 61880
45.5503 62220
45.5755 62560
45.5881 62900
45.6133 63240
45.6259 63580
45.6511 63920
45.6637 64260
45.689 64600
45.7016 64940
45.7268 65280
45.7394 65620
45.7646 65960
45.7772 66300
45.8024 66640
45.815 66980
45.8402 67320
45.8529 67660
45.8781 68000
45.8907 68340
45.9159 68680
45.9285 69020
45.9537 69360
45.9663 69700
45.9915 70040
46.0042 70380
46.0294 70720
46.0483 71060
46.0735 71400
46.0861 71740
46.1113 72080
46.1239 72420
46.1491 72760
46.1618 73100
46.1933 51000
48.2845 340
48.4375 2040
48.9166 3060
48.9355 4760
49.1327 5780
49.1516 7480
49.1831 8500
49.202 10200
49.3488 11220
49.3677 12920
49.3992 14620
49.4307 15640
49.4496 17340
49.4812 19040
49.5127 20060
49.5316 21080
49.5649 22780
49.5964 23800
49.6153 25500
49.6468 26520
49.6657 28220
49.6973 29240
49.7162 30940
49.7477 31960
49.7666 33660
49.7981 34680
49.817 36380
49.9494 36720
50.0692 37060
50.2016 37400
50.3024 37740
50.4537 38080
50.4916 26520
52.2613 340
52.3071 680
53.0825 1020
53.0888 1360
53.286 1700
53.2923 2040
53.2986 2380
53.3049 2720
53.4895 3060
53.4958 3400
53.5021 3740
53.5084 4080
53.5147 4420
53.521 4760
53.5273 5100
53.5336 5440
53.693 5780
53.6993 6120
53.7056 6460
53.7119 6800
53.7182 7140
53.7245 7480
53.7308 7820
53.7371 8160
53.7434 8500
53.7497 8840
53.756 9180
53.7623 9520
53.7686 9860
53.7749 10200
53.7812 10540
53.7875 10880
53.8964 11220
53.9027 11560
53.9091 11900
53.9154 12240
53.9217 12580
53.928 12920
53.9343 13260
53.9406 13600
53.9469 13940
53.9532 14280
53.9595 14620
53.9658 14960
53.9721 15300
53.9784 15640
53.9847 15980
53.991 16320
53.9973 16660
54.0036 17000
54.0099 17340
54.0162 17680
54.0225 18020
54.0288 18360
54.0999 12580
54.7682 12920
54.7871 13260
54.7997 13600
54.8123 13940
54.8375 14280
54.8753 14620
54.9131 14960
54.9636 15300
55.0455 15640
55.159 15980
55.2977 16320
55.3922 16660
55.5498 17000
55.7074 17340
55.9155 17680
56.1866 18020
56.7917 18360
58.6136 18700
58.9666 19040
59.2062 19380
59.4079 19720
59.7105 20060
59.9185 20400
60.1455 20740
60.3031 21080
60.4418 21420
60.5615 21760
60.6813 22100
60.7948 22440
60.8893 22780
60.9839 23120
61.0658 23460
61.1415 23800
61.2171 24140
61.2928 24480
61.3747 24820
61.4504 25160
61.5197 25500
61.5765 25840
61.6332 26180
61.7026 26520
61.753 26860
61.8097 27200
61.8728 27540
61.9358 27880
61.9925 28220
62.0367 28560
62.106 28900
62.1754 29240
62.2384 29580
62.3014 29920
62.3582 30260
62.4275 30600
62.4716 30940
62.5347 31280
62.5725 31620
62.6355 31960
62.6797 32300
62.7238 32640
62.7805 32980
62.8247 33320
62.8625 33660
62.894 34000
62.9255 34340
62.9697 34680
63.0075 35020
63.0327 35360
63.0642 35700
63.1083 36040
63.1336 36380
63.1651 36720
63.1903 37060
63.2218 37400
63.2533 37740
63.2912 38080
63.3164 38420
63.3542 38760
63.392 39100
63.4298 39440
63.4677 39780
63.4929 40120
63.5433 40460
63.5748 40800
63.6064 41140
63.6316 41480
63.6568 41820
63.682 42160
63.7072 42500
63.745 42840
63.7703 43180
63.7955 43520
63.8333 43860
63.8585 44200
63.89 44540
63.9153 44880
63.9405 45220
63.9657 45560
63.9909 45900
64.0161 46240
64.0413 46580
64.0666 46920
64.0918 47260
64.117 47600
64.1422 47940
64.1674 48280
64.1926 48620
64.2178 48960
64.2431 49300
64.2683 49640
64.2935 49980
64.3187 50320
64.3439 50660
64.3691 51000
64.3944 51340
64.4196 51680
64.4448 52020
64.47 52360
64.4952 52700
64.5204 53040
64.5457 53380
64.5772 53720
64.6024 54060
64.6276 54400
64.6528 54740
64.678 55080
64.7033 55420
64.7159 55760
64.7411 56100
64.7663 56440
64.7915 56780
64.8041 57120
64.8293 57460
64.8419 57800
64.8672 58140
64.8798 58480
64.905 58820
64.9302 59160
64.9428 59500
64.9554 59840
64.9806 60180
65.0058 60520
65.0185 60860
65.0311 61200
65.0563 61540
65.0689 61880
65.0941 62220
65.1067 62560
65.1319 62900
65.1445 63240
65.1698 63580
65.1824 63920
65.2076 64260
65.2202 64600
65.2454 64940
65.258 65280
65.2832 65620
65.2958 65960
65.321 66300
65.3337 66640
65.3589 66980
65.3715 67320
65.3967 67660
65.4093 68000
65.4345 68340
65.4471 68680
65.4723 69020
65.485 69360
65.5102 69700
65.5228 70040
65.548 70380
65.5606 70720
65.5858 71060
65.5984 71400
65.6236 71740
65.6362 72080
65.6615 72420
65.6741 72760
65.6993 73100
65.7119 73440
65.7434 51340
67.841 340
68.0066 2040
68.4794 3740
68.5109 4760
68.6954 6460
68.727 7480
68.7459 9180
68.7774 10200
68.9115 11900
68.9431 13600
68.9746 14620
68.9935 15640
69.0124 17340
69.0439 19040
69.0754 20060
69.0944 21080
69.1276 22780
69.1591 23800
69.1781 25500
69.2096 26520
69.2285 28220
69.26 29240
69.2789 30940
69.3104 31960
69.3294 33660
69.3609 34680
69.3798 36380
69.5122 36720
69.6319 37060
69.7643 37400
69.8841 37740
70.0165 38080
70.0543 26520
71.8241 340
71.8699 680
72.6453 1020
72.6516 1360
72.8487 1700
72.855 2040
72.8613 2380
72.8677 2720
73.0522 3060
73.0585 3400
73.0648 3740
73.0711 4080
73.0774 4420
73.0837 4760
73.09 5100
73.0964 5440
73.2557 5780
73.262 6120
73.2683 6460
73.2746 6800
73.2809 7140
73.2872 7480
73.2935 7820
73.2998 8160
73.3061 8500
73.3124 8840
73.3187 9180
73.3251 9520
73.3314 9860
73.3377 10200
73.344 10540
73.3503 10880
73.4592 11220
73.4655 11560
73.4718 11900
73.4781 12240
73.4844 12580
73.4907 12920
73.497 13260
73.5033 13600
73.5096 13940
73.5159 14280
73.5222 14620
73.5285 14960
73.5348 15300
73.5411 15640
73.5474 15980
73.5538 16320
73.5601 16660
73.5664 17000
73.5727 17340
73.579 17680
73.5853 18020
73.5916 18360
73.6627 12580
74.3309 12920
74.3498 13260
74.3624 13600
74.375 13940
74.3876 14280
74.4255 14620
74.4759 14960
74.5137 15300
74.5957 15640
74.7091 15980
74.8478 16320
74.9739 16660
75.1126 17000
75.2828 17340
75.4908 17680
75.7682 18020
76.3671 18360
78.1763 18700
78.5294 19040
78.7752 19380
78.9706 19720
79.2858 20060
79.5317 20400
79.6956 20740
79.8658 21080
80.0108 21420
80.1243 21760
80.2377 22100
80.3512 22440
80.4521 22780
80.5466 23120
80.6286 23460
80.7232 23800
80.7925 24140
80.8681 24480
80.9438 24820
81.0257 25160
81.0951 25500
81.1644 25840
81.2149 26180
81.2842 26520
81.3473 26860
81.404 27200
81.4544 27540
81.5049 27880
81.5679 28220
81.6183 28560
81.6751 28900
81.7444 29240
81.8137 29580
81.8642 29920
81.9272 30260
81.984 30600
82.0407 30940
82.1037 31280
82.1542 31620
82.2046 31960
82.2487 32300
82.3055 32640
82.3622 32980
82.4 33320
82.4315 33660
82.4883 34000
82.5198 34340
82.545 34680
82.5702 35020
82.5954 35360
82.6207 35700
82.6459 36040
82.6837 36380
82.7278 36720
82.7593 37060
82.7972 37400
82.835 37740
82.8665 38080
82.8917 38420
82.9169 38760
82.9422 39100
82.9926 39440
83.0241 39780
83.0556 40120
83.0809 40460
83.1061 40800
83.1439 41140
83.1691 41480
83.1943 41820
83.2385 42160
83.2637 42500
83.2889 42840
83.3141 43180
83.3393 43520
83.3645 43860
83.3897 44200
83.415 44540
83.4402 44880
83.4654 45220
83.4906 45560
83.5221 45900
83.5473 46240
83.5852 46580
83.6104 46920
83.6356 47260
83.6608 47600
83.686 47940
83.7113 48280
83.7365 48620
83.7617 48960
83.7869 49300
83.8121 49640
83.8373 49980
83.8689 50320
83.9004 50660
83.9256 51000
83.9508 51340
83.976 51680
84.0012 52020
84.0265 52360
84.0706 52700
84.0958 53040
84.1084 53380
84.1336 53720
84.1588 54060
84.1841 54400
84.2093 54740
84.2219 55080
84.2471 55420
84.2597 55760
84.2849 56100
84.3101 56440
84.3227 56780
84.348 57120
84.3732 57460
84.3858 57800
84.3984 58140
84.4236 58480
84.4488 58820
84.4614 59160
84.4866 59500
84.4993 59840
84.5245 60180
84.5371 60520
84.5497 60860
84.5749 61200
84.6001 61540
84.6127 61880
84.6253 62220
84.6505 62560
84.6758 62900
84.6884 63240
84.701 63580
84.7262 63920
84.7388 64260
84.764 64600
84.7766 64940
84.8018 65280
84.8145 65620
84.8397 65960
84.8523 66300
84.8775 66640
84.8901 66980
84.9153 67320
84.9279 67660
84.9531 68000
84.9657 68340
84.991 68680
85.0036 69020
85.0288 69360
85.0477 69700
85.0729 70040
85.0855 70380
85.1107 70720
85.1233 71060
85.1486 71400
85.1612 71740
85.1864 72080
85.199 72420
85.2242 72760
85.2368 73100
85.2683 51000
87.3703 340
87.5126 2040
88.0043 3740
88.0358 4760
88.2204 6460
88.2519 8160
88.2834 9180
88.3023 10200
88.4365 11900
88.468 13600
88.4995 14620
88.5184 16320
88.5499 17340
88.5688 19040
88.6004 20060
88.6193 21080
88.6526 22780
88.6841 24480
88.7156 25500
88.7345 26520
88.7534 28220
88.7849 29920
88.8165 30940
88.8354 31960
88.8543 33660
88.8858 34680
88.9047 36380
89.0371 36720
89.1569 37060
89.2893 37400
89.409 37740
89.5414 38080
89.5792 26520
91.3597 340
91.3948 680
92.1828 1020
92.1891 1360
92.3863 1700
92.3926 2040
92.3989 2380
92.4052 2720
92.5898 3060
92.5961 3400
92.6024 3740
92.6087 4080
92.615 4420
92.6213 4760
92.6276 5100
92.6339 5440
92.7932 5780
92.7995 6120
92.8059 6460
92.8122 6800
92.8185 7140
92.8248 7480
92.8311 7820
92.8374 8160
92.8437 8500
92.85 8840
92.8563 9180
92.8626 9520
92.8689 9860
92.8752 10200
92.8815 10540
92.8878 10880
92.9967 11220
93.003 11560
93.0093 11900
93.0156 12240
93.0219 12580
93.0282 12920
93.0346 13260
93.0409 13600
93.0472 13940
93.0535 14280
93.0598 14620
93.0661 14960
93.0724 15300
93.0787 15640
93.085 15980
93.0913 16320
93.0976 16660
93.1039 17000
93.1102 17340
93.1165 17680
93.1228 18020
93.1291 18360
93.2002 12580
93.8684 12920
93.8873 13260
93.9 13600
93.9126 13940
93.9378 14280
93.9756 14620
94.0134 14960
94.0639 15300
94.1458 15640
94.2593 15980
94.398 16320
94.4925 16660
94.6501 17000
94.8077 17340
95.0158 17680
95.2868 18020
95.892 18360
97.7139 18700
98.0669 19040
98.3254 19380
98.5082 19720
98.8234 20060
99.0251 20400
99.2457 20740
99.4033 21080
99.5483 21420
99.6618 21760
99.7816 22100
99.8825 22440
99.9896 22780
100.065 23120
100.154 23460
100.242 23800
100.33 24140
100.393 24480
100.475 24820
100.551 25160
100.62 25500
100.677 25840
100.733 26180
100.803 26520
100.86 26860
100.91 27200
100.973 27540
101.036 27880
101.074 28220
101.137 28560
101.187 28900
101.238 29240
101.288 29580
101.339 29920
101.402 30260
101.446 30600
101.496 30940
101.559 31280
101.635 31620
101.685 31960
101.736 32300
101.78 32640
101.824 32980
101.881 33320
101.938 33660
101.975 34000
102.02 34340
102.064 34680
102.089 35020
102.139 35360
102.177 35700
102.221 36040
102.246 36380
102.291 36720
102.322 37060
102.347 37400
102.373 37740
102.404 38080
102.429 38420
102.454 38760
102.48 39100
102.505 39440
102.53 39780
102.555 40120
102.581 40460
102.625 40800
102.65 41140
102.688 41480
102.719 41820
102.744 42160
102.77 42500
102.795 42840
102.82 43180
102.845 43520
102.871 43860
102.915 44200
102.946 44540
102.99 44880
103.016 45220
103.041 45560
103.066 45900
103.091 46240
103.116 46580
103.142 46920
103.167 47260
103.192 47600
103.217 47940
103.242 48280
103.268 48620
103.293 48960
103.318 49300
103.343 49640
103.369 49980
103.394 50320
103.419 50660
103.451 51000
103.476 51340
103.501 51680
103.526 52020
103.558 52360
103.583 52700
103.608 53040
103.633 53380
103.659 53720
103.684 54060
103.709 54400
103.734 54740
103.759 55080
103.772 55420
103.804 55760
103.816 56100
103.848 56440
103.86 56780
103.885 57120
103.898 57460
103.923 57800
103.936 58140
103.961 58480
103.974 58820
103.999 59160
104.012 59500
104.037 59840
104.049 60180
104.075 60520
104.087 60860
104.112 61200
104.125 61540
104.15 61880
104.163 62220
104.188 62560
104.201 62900
104.226 63240
104.239 63580
104.264 63920
104.276 64260
104.302 64600
104.314 64940
104.339 65280
104.352 65620
104.377 65960
104.39 66300
104.415 66640
104.428 66980
104.453 67320
104.465 67660
104.491 68000
104.503 68340
104.528 68680
104.541 69020
104.566 69360
104.579 69700
104.604 70040
104.617 70380
104.642 70720
104.655 71060
104.68 71400
104.692 71740
104.718 72080
104.73 72420
104.755 72760
104.774 50660
106.874 340
107.037 3060
107.51 5780
107.561 7480
107.739 8500
107.758 10200
107.789 11220
107.808 12920
107.84 13940
107.859 15640
107.955 16660
107.974 18360
108.006 19380
108.024 21080
108.056 22100
108.075 23800
108.106 24820
108.125 26520
108.157 27540
108.176 29240
108.207 30260
108.226 31960
108.258 32980
108.277 34680
108.308 35700
108.428 36040
108.56 36380
108.68 36720
108.812 37060
108.932 37400
108.983 26180
110.741 340
110.804 680
111.567 1020
111.574 1360
111.771 1700
111.777 2040
111.783 2380
111.79 2720
111.974 3060
111.981 3400
111.987 3740
111.993 4080
111.999 4420
112.006 4760
112.012 5100
112.018 5440
112.178 5780
112.184 6120
112.19 6460
112.197 6800
112.203 7140
112.209 7480
112.216 7820
112.222 8160
112.228 8500
112.234 8840
112.241 9180
112.247 9520
112.253 9860
112.26 10200
112.266 10540
112.272 10880
112.381 11220
112.388 11560
112.394 11900
112.4 12240
112.406 12580
112.413 12920
112.419 13260
112.425 13600
112.432 13940
112.438 14280
112.444 14620
112.451 14960
112.457 15300
112.463 15640
112.469 15980
112.476 16320
112.482 16660
112.488 17000
112.495 17340
112.501 17680
112.507 18020
112.558 12580
113.221 12920
113.234 13260
113.247 13600
113.272 13940
113.31 14280
113.347 14620
113.385 14960
113.436 15300
113.556 15640
113.682 15980
113.795 16320
113.927 16660
114.104 17000
114.299 17340
114.57 17680
115.169 18020
116.991 18360
117.357 18700
117.596 19040
117.792 19380
118.107 19720
118.328 20060
118.536 20400
118.718 20740
118.838 21080
118.99 21420
119.072 21760
119.198 22100
119.273 22440
119.38 22780
119.45 23120
119.532 23460
119.614 23800
119.696 24140
119.79 24480
119.904 24820
119.998 25160
120.093 25500
120.175 25840
120.231 26180
120.313 26520
120.389 26860
120.446 27200
120.503 27540
120.54 27880
120.591 28220
120.654 28560
120.711 28900
120.755 29240
120.818 29580
120.874 29920
120.919 30260
120.944 30600
121.013 30940
121.038 31280
121.076 31620
121.127 31960
121.164 32300
121.202 32640
121.24 32980
121.278 33320
121.322 33660
121.36 34000
121.398 34340
121.436 34680
121.473 35020
121.511 35360
121.562 35700
121.612 36040
121.65 36380
121.675 36720
121.713 37060
121.751 37400
121.776 37740
121.801 38080
121.839 38420
121.864 38760
121.902 39100
121.927 39440
121.965 39780
121.99 40120
122.028 40460
122.053 40800
122.091 41140
122.116 41480
122.154 41820
122.179 42160
122.217 42500
122.242 42840
122.28 43180
122.305 43520
122.343 43860
122.369 44200
122.394 44540
122.419 44880
122.444 45220
122.469 45560
122.495 45900
122.532 46240
122.545 46580
122.57 46920
122.595 47260
122.621 47600
122.646 47940
122.671 48280
122.696 48620
122.722 48960
122.747 49300
122.772 49640
122.797 49980
122.822 50320
122.848 50660
122.873 51000
122.898 51340
122.923 51680
122.948 52020
122.974 52360
122.999 52700
123.024 53040
123.049 53380
123.075 53720
123.1 54060
123.125 54400
123.15 54740
123.175 55080
123.201 55420
123.226 55760
123.251 56100
123.276 56440
123.301 56780
123.327 57120
123.352 57460
123.377 57800
123.39 58140
123.402 58480
123.428 58820
123.453 59160
123.465 59500
123.491 59840
123.516 60180
123.528 60520
123.541 60860
123.566 61200
123.591 61540
123.604 61880
123.617 62220
123.642 62560
123.655 62900
123.68 63240
123.692 63580
123.718 63920
123.73 64260
123.755 64600
123.768 64940
123.793 65280
123.806 65620
123.831 65960
123.844 66300
123.869 66640
123.881 66980
123.907 67320
123.919 67660
123.945 68000
123.957 68340
123.982 68680
123.995 69020
124.02 69360
124.033 69700
124.058 70040
124.071 70380
124.096 70720
124.108 71060
124.134 71400
124.146 71740
124.171 72080
124.184 72420
124.209 72760
124.222 73100
124.241 51000
126.344 340
126.504 2040
126.983 3740
127.015 5440
127.212 7140
127.243 8840
127.275 9860
127.294 10880
127.415 12580
127.447 14280
127.478 15300
127.497 17000
127.529 18700
127.56 19720
127.579 20740
127.598 22440
127.631 24140
127.663 25160
127.682 26180
127.701 27880
127.732 28900
127.751 30600
127.783 31620
127.802 33320
127.833 34340
127.852 36040
128.003 36380
128.104 36720
128.255 37060
128.356 37400
128.526 26180
130.29 340
130.348 680
131.117 1020
131.124 1360
131.321 1700
131.327 2040
131.334 2380
131.34 2720
131.524 3060
131.531 3400
131.537 3740
131.543 4080
131.55 4420
131.556 4760
131.562 5100
131.569 5440
131.728 5780
131.734 6120
131.74 6460
131.747 6800
131.753 7140
131.759 7480
131.766 7820
131.772 8160
131.778 8500
131.785 8840
131.791 9180
131.797 9520
131.804 9860
131.81 10200
131.816 10540
131.822 10880
131.931 11220
131.938 11560
131.944 11900
131.95 12240
131.957 12580
131.963 12920
131.969 13260
131.975 13600
131.982 13940
131.988 14280
131.994 14620
132.001 14960
132.007 15300
132.013 15640
132.02 15980
132.026 16320
132.032 16660
132.039 17000
132.045 17340
132.051 17680
132.057 18020
132.064 18360
132.108 12580
132.778 12920
132.797 13260
132.809 13600
132.835 13940
132.872 14280
132.91 14620
132.948 14960
132.986 15300
133.093 15640
133.207 15980
133.32 16320
133.433 16660
133.566 17000
133.755 17340
133.963 17680
134.234 18020
134.839 18360
136.623 18700
136.97 19040
137.228 19380
137.418 19720
137.733 20060
137.979 20400
138.143 20740
138.3 21080
138.458 21420
138.578 21760
138.697 22100
138.798 22440
138.899 22780
139 23120
139.076 23460
139.164 23800
139.252 24140
139.321 24480
139.397 24820
139.473 25160
139.555 25500
139.63 25840
139.706 26180
139.782 26520
139.851 26860
139.945 27200
140.015 27540
140.084 27880
140.147 28220
140.21 28560
140.28 28900
140.336 29240
140.38 29580
140.418 29920
140.45 30260
140.494 30600
140.551 30940
140.576 31280
140.614 31620
140.664 31960
140.715 32300
140.74 32640
140.79 32980
140.841 33320
140.885 33660
140.942 34000
140.967 34340
141.011 34680
141.049 35020
141.074 35360
141.124 35700
141.15 36040
141.187 36380
141.213 36720
141.269 37060
141.295 37400
141.332 37740
141.358 38080
141.395 38420
141.421 38760
141.458 39100
141.496 39440
141.521 39780
141.559 40120
141.585 40460
141.629 40800
141.654 41140
141.692 41480
141.717 41820
141.742 42160
141.767 42500
141.793 42840
141.83 43180
141.843 43520
141.868 43860
141.893 44200
141.931 44540
141.956 44880
141.988 45220
142.013 45560
142.038 45900
142.064 46240
142.089 46580
142.114 46920
142.139 47260
142.165 47600
142.19 47940
142.215 48280
142.24 48620
142.265 48960
142.291 49300
142.316 49640
142.341 49980
142.366 50320
142.391 50660
142.417 51000
142.442 51340
142.467 51680
142.492 52020
142.518 52360
142.543 52700
142.568 53040
142.593 53380
142.618 53720
142.644 54060
142.669 54400
142.694 54740
142.719 55080
142.744 55420
142.77 55760
142.795 56100
142.833 56440
142.845 56780
142.858 57120
142.883 57460
142.908 57800
142.921 58140
142.946 58480
142.971 58820
142.984 59160
142.997 59500
143.022 59840
143.047 60180
143.06 60520
143.072 60860
143.097 61200
143.11 61540
143.135 61880
143.148 62220
143.173 62560
143.186 62900
143.211 63240
143.224 63580
143.249 63920
143.261 64260
143.287 64600
143.299 64940
143.324 65280
143.337 65620
143.362 65960
143.375 66300
143.4 66640
143.413 66980
143.438 67320
143.451 67660
143.476 68000
143.488 68340
143.514 68680
143.526 69020
143.551 69360
143.564 69700
143.589 70040
143.602 70380
143.627 70720
143.64 71060
143.665 71400
143.677 71740
143.703 72080
143.715 72420
143.741 72760
143.759 50660
145.862 340
146.023 2040
146.502 5100
146.705 6120
146.724 7820
146.756 9520
146.787 10540
146.915 12240
146.946 13940
146.978 14960
146.997 15980
147.016 17680
147.047 19380
147.079 20400
147.098 21420
147.125 23120
147.156 24140
147.175 25840
147.207 26860
147.226 28560
147.257 29580
147.276 31280
147.308 32300
147.326 34000
147.358 35020
147.377 36720
147.509 37060
147.629 37400
147.761 37740
147.881 38080
148.032 26520
149.808 340
149.848 680
150.63 1020
150.636 1360
150.833 1700
150.84 2040
150.846 2380
150.852 2720
151.037 3060
151.043 3400
151.049 3740
151.056 4080
151.062 4420
151.068 4760
151.075 5100
151.081 5440
151.24 5780
151.246 6120
151.253 6460
151.259 6800
151.265 7140
151.272 7480
151.278 7820
151.284 8160
151.291 8500
151.297 8840
151.303 9180
151.31 9520
151.316 9860
151.322 10200
151.328 10540
151.335 10880
151.444 11220
151.45 11560
151.456 11900
151.463 12240
151.469 12580
151.475 12920
151.481 13260
151.488 13600
151.494 13940
151.5 14280
151.507 14620
151.513 14960
151.519 15300
151.526 15640
151.532 15980
151.538 16320
151.545 16660
151.551 17000
151.557 17340
151.563 17680
151.57 18020
151.576 18360
151.595 18700
151.647 12920
152.334 13260
152.347 13600
152.372 13940
152.397 14280
152.423 14620
152.46 14960
152.498 15300
152.549 15640
152.649 15980
152.763 16320
152.876 16660
153.009 17000
153.129 17340
153.337 17680
153.532 18020
153.809 18360
154.427 18700
156.173 19040
156.539 19380
156.779 19720
157.024 20060
157.34 20400
157.567 20740
157.743 21080
157.907 21420
158.033 21760
158.165 22100
158.254 22440
158.38 22780
158.468 23120
158.563 23460
158.638 23800
158.72 24140
158.796 24480
158.884 24820
158.966 25160
159.029 25500
159.098 25840
159.149 26180
159.231 26520
159.3 26860
159.357 27200
159.426 27540
159.483 27880
159.546 28220
159.615 28560
159.691 28900
159.735 29240
159.805 29580
159.868 29920
159.924 30260
159.968 30600
160.031 30940
160.069 31280
160.132 31620
160.176 31960
160.227 32300
160.277 32640
160.303 32980
160.347 33320
160.397 33660
160.422 34000
160.46 34340
160.504 34680
160.536 35020
160.561 35360
160.605 35700
160.643 36040
160.681 36380
160.712 36720
160.738 37060
160.775 37400
160.801 37740
160.838 38080
160.864 38420
160.908 38760
160.939 39100
160.983 39440
161.009 39780
161.046 40120
161.072 40460
161.097 40800
161.122 41140
161.16 41480
161.191 41820
161.217 42160
161.242 42500
161.28 42840
161.299 43180
161.324 43520
161.362 43860
161.387 44200
161.412 44540
161.437 44880
161.462 45220
161.488 45560
161.513 45900
161.538 46240
161.563 46580
161.589 46920
161.614 47260
161.639 47600
161.677 47940
161.702 48280
161.727 48620
161.752 48960
161.778 49300
161.803 49640
161.828 49980
161.853 50320
161.879 50660
161.904 51000
161.929 51340
161.954 51680
161.979 52020
162.005 52360
162.03 52700
162.055 53040
162.08 53380
162.105 53720
162.131 54060
162.156 54400
162.181 54740
162.206 55080
162.232 55420
162.257 55760
162.282 56100
162.307 56440
162.332 56780
162.345 57120
162.37 57460
162.395 57800
162.408 58140
162.421 58480
162.446 58820
162.471 59160
162.484 59500
162.509 59840
162.534 60180
162.547 60520
162.559 60860
162.585 61200
162.61 61540
162.622 61880
162.635 62220
162.66 62560
162.673 62900
162.698 63240
162.711 63580
162.736 63920
162.748 64260
162.774 64600
162.786 64940
162.812 65280
162.824 65620
162.849 65960
162.862 66300
162.887 66640
162.9 66980
162.925 67320
162.938 67660
162.963 68000
162.975 68340
163.001 68680
163.013 69020
163.038 69360
163.051 69700
163.076 70040
163.089 70380
163.114 70720
163.127 71060
163.152 71400
163.165 71740
163.19 72080
163.202 72420
163.228 72760
163.24 73100
163.272 51000
165.376 340
165.535 2040
166.014 3740
166.045 4760
166.23 6460
166.262 8160
166.293 9180
166.312 10200
166.446 11900
166.478 13600
166.509 14620
166.528 16320
166.56 18020
166.591 19040
166.61 20060
166.629 21760
166.675 23460
166.706 24480
166.725 25500
166.744 27200
166.776 28220
166.795 29920
166.826 30940
166.845 32640
166.877 33660
166.895 35360
166.927 36380
167.047 36720
167.179 37060
167.299 37400
167.431 37740
167.57 26180
169.34 340
169.379 680
170.161 1020
170.167 1360
170.364 1700
170.371 2040
170.377 2380
170.383 2720
170.568 3060
170.574 3400
170.581 3740
170.587 4080
170.593 4420
170.599 4760
170.606 5100
170.612 5440
170.771 5780
170.778 6120
170.784 6460
170.79 6800
170.797 7140
170.803 7480
170.809 7820
170.816 8160
170.822 8500
170.828 8840
170.834 9180
170.841 9520
170.847 9860
170.853 10200
170.86 10540
170.866 10880
170.975 11220
170.981 11560
170.988 11900
170.994 12240
171 12580
171.006 12920
171.013 13260
171.019 13600
171.025 13940
171.032 14280
171.038 14620
171.044 14960
171.051 15300
171.057 15640
171.063 15980
171.069 16320
171.076 16660
171.082 17000
171.088 17340
171.095 17680
171.101 18020
171.114 18360
171.164 12580
171.834 12920
171.853 13260
171.866 13600
171.891 13940
171.916 14280
171.954 14620
172.004 14960
172.042 15300
172.137 15640
172.25 15980
172.364 16320
172.49 16660
172.622 17000
172.799 17340
173.007 17680
173.278 18020
173.883 18360
175.679 18700
176.032 19040
176.285 19380
176.474 19720
176.789 20060
177.035 20400
177.18 20740
177.344 21080
177.501 21420
177.64 21760
177.753 22100
177.867 22440
177.955 22780
178.062 23120
178.132 23460
178.22 23800
178.296 24140
178.365 24480
178.453 24820
178.516 25160
178.586 25500
178.655 25840
178.718 26180
178.787 26520
178.863 26860
178.939 27200
179.002 27540
179.084 27880
179.147 28220
179.203 28560
179.266 28900
179.323 29240
179.399 29580
179.443 29920
179.506 30260
179.563 30600
179.613 30940
179.645 31280
179.695 31620
179.739 31960
179.764 32300
179.809 32640
179.859 32980
179.903 33320
179.941 33660
179.979 34000
180.036 34340
180.061 34680
180.111 35020
180.143 35360
180.168 35700
180.212 36040
180.244 36380
180.281 36720
180.313 37060
180.338 37400
180.376 37740
180.401 38080
180.426 38420
180.464 38760
180.489 39100
180.515 39440
180.552 39780
180.578 40120
180.615 40460
180.647 40800
180.672 41140
180.697 41480
180.735 41820
180.767 42160
180.792 42500
180.817 42840
180.842 43180
180.874 43520
180.899 43860
180.924 44200
180.956 44540
180.981 44880
181.006 45220
181.038 45560
181.063 45900
181.088 46240
181.113 46580
181.139 46920
181.164 47260
181.189 47600
181.214 47940
181.24 48280
181.265 48620
181.29 48960
181.315 49300
181.34 49640
181.366 49980
181.391 50320
181.416 50660
181.441 51000
181.467 51340
181.492 51680
181.517 52020
181.542 52360
181.567 52700
181.593 53040
181.618 53380
181.643 53720
181.668 54060
181.693 54400
181.719 54740
181.744 55080
181.769 55420
181.794 55760
181.82 56100
181.845 56440
181.87 56780
181.883 57120
181.908 57460
181.92 57800
181.946 58140
181.958 58480
181.983 58820
182.009 59160
182.021 59500
182.046 59840
182.072 60180
182.084 60520
182.097 60860
182.122 61200
182.135 61540
182.16 61880
182.173 62220
182.198 62560
182.21 62900
182.236 63240
182.248 63580
182.273 63920
182.286 64260
182.311 64600
182.324 64940
182.349 65280
182.362 65620
182.387 65960
182.4 66300
182.425 66640
182.437 66980
182.463 67320
182.475 67660
182.5 68000
182.513 68340
182.538 68680
182.551 69020
182.576 69360
182.589 69700
182.614 70040
182.626 70380
182.652 70720
182.664 71060
182.689 71400
182.702 71740
182.727 72080
182.74 72420
182.765 72760
182.778 73100
182.809 51000
184.911 340
185.072 2040
185.552 3740
185.583 4760
185.768 6460
185.799 7480
185.818 9180
185.85 10200
185.984 11900
186.015 13600
186.047 14620
186.066 16320
186.097 18020
186.129 19040
186.148 20060
186.167 21760
186.212 22780
186.231 24480
186.263 25500
186.282 27200
186.313 28220
186.332 29920
186.364 30940
186.383 32640
186.414 33660
186.433 35360
186.465 36380
186.584 36720
186.717 37060
186.836 37400
186.969 37740
187.108 26180
188.875 340
188.917 680
189.699 1020
189.705 1360
189.902 1700
189.908 2040
189.915 2380
189.921 2720
190.105 3060
190.112 3400
190.118 3740
190.124 4080
190.131 4420
190.137 4760
190.143 5100
190.15 5440
190.309 5780
190.315 6120
190.322 6460
190.328 6800
190.334 7140
190.34 7480
190.347 7820
190.353 8160
190.359 8500
190.366 8840
190.372 9180
190.378 9520
190.385 9860
190.391 10200
190.397 10540
190.404 10880
190.512 11220
190.519 11560
190.525 11900
190.531 12240
190.538 12580
190.544 12920
190.55 13260
190.557 13600
190.563 13940
190.569 14280
190.575 14620
190.582 14960
190.588 15300
190.594 15640
190.601 15980
190.607 16320
190.613 16660
190.62 17000
190.626 17340
190.632 17680
190.639 18020
190.651 18360
190.702 12580
191.372 12920
191.39 13260
191.403 13600
191.428 13940
191.453 14280
191.491 14620
191.542 14960
191.58 15300
191.674 15640
191.788 15980
191.901 16320
192.027 16660
192.16 17000
192.336 17340
192.544 17680
192.815 18020
193.42 18360
195.217 18700
195.57 19040
195.822 19380
196.011 19720
196.326 20060
196.572 20400
196.717 20740
196.881 21080
197.039 21420
197.178 21760
197.291 22100
197.404 22440
197.493 22780
197.6 23120
197.669 23460
197.757 23800
197.833 24140
197.902 24480
197.991 24820
198.054 25160
198.123 25500
198.192 25840
198.256 26180
198.325 26520
198.4 26860
198.476 27200
198.539 27540
198.621 27880
198.684 28220
198.741 28560
198.804 28900
198.861 29240
198.936 29580
198.98 29920
199.044 30260
199.1 30600
199.151 30940
199.182 31280
199.233 31620
199.277 31960
199.302 32300
199.346 32640
199.397 32980
199.441 33320
199.478 33660
199.516 34000
199.573 34340
199.598 34680
199.649 35020
199.68 35360
199.705 35700
199.75 36040
199.781 36380
199.819 36720
199.85 37060
199.876 37400
199.913 37740
199.939 38080
199.964 38420
200.002 38760
200.027 39100
200.052 39440
200.09 39780
200.115 40120
200.153 40460
200.185 40800
200.21 41140
200.235 41480
200.273 41820
200.304 42160
200.33 42500
200.355 42840
200.38 43180
200.411 43520
200.437 43860
200.462 44200
200.493 44540
200.519 44880
200.544 45220
200.575 45560
200.601 45900
200.626 46240
200.651 46580
200.676 46920
200.701 47260
200.727 47600
200.752 47940
200.777 48280
200.802 48620
200.828 48960
200.853 49300
200.878 49640
200.903 49980
200.928 50320
200.954 50660
200.979 51000
201.004 51340
201.029 51680
201.054 52020
201.08 52360
201.105 52700
201.13 53040
201.155 53380
201.181 53720
201.206 54060
201.231 54400
201.256 54740
201.281 55080
201.307 55420
201.332 55760
201.357 56100
201.382 56440
201.408 56780
201.42 57120
201.445 57460
201.458 57800
201.483 58140
201.496 58480
201.521 58820
201.546 59160
201.559 59500
201.584 59840
201.609 60180
201.622 60520
201.634 60860
201.66 61200
201.672 61540
201.697 61880
201.71 62220
201.735 62560
201.748 62900
201.773 63240
201.786 63580
201.811 63920
201.824 64260
201.849 64600
201.861 64940
201.887 65280
201.899 65620
201.924 65960
201.937 66300
201.962 66640
201.975 66980
202 67320
202.013 67660
202.038 68000
202.051 68340
202.076 68680
202.088 69020
202.114 69360
202.126 69700
202.151 70040
202.164 70380
202.189 70720
202.202 71060
202.227 71400
202.24 71740
202.265 72080
202.277 72420
202.303 72760
202.315 73100
202.347 51000
204.448 340
204.61 2040
205.089 3740
205.121 4760
205.305 6460
205.337 7480
205.356 9180
205.387 10200
205.521 11900
205.553 13600
205.584 14620
205.603 16320
205.635 18020
205.666 19040
205.685 20060
205.704 21760
205.75 22780
205.769 24480
205.8 25500
205.819 27200
205.851 28220
205.87 29920
205.901 30940
205.92 32640
205.952 33660
205.971 35360
206.002 36380
206.122 36720
206.254 37060
206.374 37400
206.506 37740
206.645 26180
208.412 340
208.454 680
209.236 1020
209.242 1360
209.44 1700
209.446 2040
209.452 2380
209.458 2720
209.643 3060
209.649 3400
209.656 3740
209.662 4080
209.668 4420
209.675 4760
209.681 5100
209.687 5440
209.846 5780
209.853 6120
209.859 6460
209.865 6800
209.872 7140
209.878 7480
209.884 7820
209.891 8160
209.897 8500
209.903 8840
209.91 9180
209.916 9520
209.922 9860
209.928 10200
209.935 10540
209.941 10880
210.05 11220
210.056 11560
210.063 11900
210.069 12240
210.075 12580
210.081 12920
210.088 13260
210.094 13600
210.1 13940
210.107 14280
210.113 14620
210.119 14960
210.126 15300
210.132 15640
210.138 15980
210.145 16320
210.151 16660
210.157 17000
210.163 17340
210.17 17680
210.176 18020
210.189 18360
210.239 12580
210.909 12920
210.928 13260
210.941 13600
210.966 13940
210.991 14280
211.029 14620
211.079 14960
211.117 15300
211.212 15640
211.325 15980
211.439 16320
211.565 16660
211.697 17000
211.874 17340
212.082 17680
212.353 18020
212.958 18360
214.755 18700
215.108 19040
215.36 19380
215.549 19720
215.864 20060
216.11 20400
216.255 20740
216.419 21080
216.576 21420
216.715 21760
216.829 22100
216.942 22440
217.03 22780
217.137 23120
217.207 23460
217.295 23800
217.371 24140
217.44 24480
217.528 24820
217.591 25160
217.661 25500
217.73 25840
217.793 26180
217.862 26520
217.938 26860
218.014 27200
218.077 27540
218.159 27880
218.222 28220
218.278 28560
218.341 28900
218.398 29240
218.474 29580
218.518 29920
218.581 30260
218.638 30600
218.688 30940
218.72 31280
218.77 31620
218.814 31960
218.84 32300
218.884 32640
218.934 32980
218.978 33320
219.016 33660
219.054 34000
219.111 34340
219.136 34680
219.186 35020
219.218 35360
219.243 35700
219.287 36040
219.319 36380
219.356 36720
219.388 37060
219.413 37400
219.451 37740
219.476 38080
219.501 38420
219.539 38760
219.564 39100
219.59 39440
219.628 39780
219.653 40120
219.691 40460
219.722 40800
219.747 41140
219.772 41480
219.81 41820
219.842 42160
219.867 42500
219.892 42840
219.917 43180
219.949 43520
219.974 43860
219.999 44200
220.031 44540
220.056 44880
220.081 45220
220.113 45560
220.138 45900
220.163 46240
220.189 46580
220.214 46920
220.239 47260
220.264 47600
220.289 47940
220.315 48280
220.34 48620
220.365 48960
220.39 49300
220.416 49640
220.441 49980
220.466 50320
220.491 50660
220.516 51000
220.542 51340
220.567 51680
220.592 52020
220.617 52360
220.642 52700
220.668 53040
220.693 53380
220.718 53720
220.743 54060
220.769 54400
220.794 54740
220.819 55080
220.844 55420
220.869 55760
220.895 56100
220.92 56440
220.945 56780
220.958 57120
220.983 57460
220.995 57800
221.021 58140
221.033 58480
221.059 58820
221.084 59160
221.096 59500
221.122 59840
221.147 60180
221.159 60520
221.172 60860
221.197 61200
221.21 61540
221.235 61880
221.248 62220
221.273 62560
221.285 62900
221.311 63240
221.323 63580
221.348 63920
221.361 64260
221.386 64600
221.399 64940
221.424 65280
221.437 65620
221.462 65960
221.475 66300
221.5 66640
221.512 66980
221.538 67320
221.55 67660
221.575 68000
221.588 68340
221.613 68680
221.626 69020
221.651 69360
221.664 69700
221.689 70040
221.702 70380
221.727 70720
221.739 71060
221.765 71400
221.777 71740
221.802 72080
221.815 72420
221.84 72760
221.853 73100
221.884 51000
223.986 340
224.147 2040
224.627 3740
224.658 4760
224.843 6460
224.874 7480
224.893 9180
224.925 10200
225.059 11900
225.09 13600
225.122 14620
225.141 16320
225.172 18020
225.204 19040
225.223 20060
225.242 21760
225.287 22780
225.306 24480
225.338 25500
225.357 27200
225.388 28220
225.407 29920
225.439 30940
225.458 32640
225.489 33660
225.508 35360
225.54 36380
225.659 36720
225.792 37060
225.912 37400
226.044 37740
226.183 26180
227.95 340
227.992 680
228.774 1020
228.78 1360
228.977 1700
228.983 2040
228.99 2380
228.996 2720
229.181 3060
229.187 3400
229.193 3740
229.199 4080
229.206 4420
229.212 4760
229.218 5100
229.225 5440
229.384 5780
229.39 6120
229.397 6460
229.403 6800
229.409 7140
229.416 7480
229.422 7820
229.428 8160
229.434 8500
229.441 8840
229.447 9180
229.453 9520
229.46 9860
229.466 10200
229.472 10540
229.479 10880
229.588 11220
229.594 11560
229.6 11900
229.606 12240
229.613 12580
229.619 12920
229.625 13260
229.632 13600
229.638 13940
229.644 14280
229.651 14620
229.657 14960
229.663 15300
229.669 15640
229.676 15980
229.682 16320
229.688 16660
229.695 17000
229.701 17340
229.707 17680
229.714 18020
229.726 18360
229.777 12580
230.447 12920
230.466 13260
230.478 13600
230.503 13940
230.529 14280
230.566 14620
230.617 14960
230.655 15300
230.749 15640
230.863 15980
230.976 16320
231.102 16660
231.235 17000
231.411 17340
231.619 17680
231.89 18020
232.495 18360
234.292 18700
234.645 19040
234.897 19380
235.086 19720
235.402 20060
235.647 20400
235.792 20740
235.956 21080
236.114 21420
236.253 21760
236.366 22100
236.48 22440
236.568 22780
236.675 23120
236.744 23460
236.833 23800
236.908 24140
236.978 24480
237.066 24820
237.129 25160
237.198 25500
237.268 25840
237.331 26180
237.4 26520
237.476 26860
237.551 27200
237.614 27540
237.696 27880
237.759 28220
237.816 28560
237.879 28900
237.936 29240
238.011 29580
238.056 29920
238.119 30260
238.175 30600
238.226 30940
238.257 31280
238.308 31620
238.352 31960
238.377 32300
238.421 32640
238.472 32980
238.516 33320
238.554 33660
238.591 34000
238.648 34340
238.673 34680
238.724 35020
238.755 35360
238.78 35700
238.825 36040
238.856 36380
238.894 36720
238.925 37060
238.951 37400
238.989 37740
239.014 38080
239.039 38420
239.077 38760
239.102 39100
239.127 39440
239.165 39780
239.19 40120
239.228 40460
239.26 40800
239.285 41140
239.31 41480
239.348 41820
239.379 42160
239.405 42500
239.43 42840
239.455 43180
239.487 43520
239.512 43860
239.537 44200
239.568 44540
239.594 44880
239.619 45220
239.65 45560
239.676 45900
239.701 46240
239.726 46580
239.751 46920
239.777 47260
239.802 47600
239.827 47940
239.852 48280
239.877 48620
239.903 48960
239.928 49300
239.953 49640
239.978 49980
240.003 50320
240.029 50660
240.054 51000
240.079 51340
240.104 51680
240.13 52020
240.155 52360
240.18 52700
240.205 53040
240.23 53380
240.256 53720
240.281 54060
240.306 54400
240.331 54740
240.356 55080
240.382 55420
240.407 55760
240.432 56100
240.457 56440
240.483 56780
240.495 57120
240.52 57460
240.533 57800
240.558 58140
240.571 58480
240.596 58820
240.621 59160
240.634 59500
240.659 59840
240.684 60180
240.697 60520
240.71 60860
240.735 61200
240.747 61540
240.773 61880
240.785 62220
240.81 62560
240.823 62900
240.848 63240
240.861 63580
240.886 63920
240.899 64260
240.924 64600
240.936 64940
240.962 65280
240.974 65620
240.999 65960
241.012 66300
241.037 66640
241.05 66980
241.075 67320
241.088 67660
241.113 68000
241.126 68340
241.151 68680
241.163 69020
241.189 69360
241.201 69700
241.226 70040
241.239 70380
241.264 70720
241.277 71060
241.302 71400
241.315 71740
241.34 72080
241.353 72420
241.378 72760
241.39 73100
241.422 51000
243.523 340
243.685 2040
244.164 3740
244.196 4760
244.38 6460
244.412 7480
244.431 9180
244.462 10200
244.596 11900
244.628 13600
244.659 14620
244.678 16320
244.71 18020
244.741 19040
244.76 20060
244.779 21760
244.825 22780
244.844 24480
244.875 25500
244.894 27200
244.926 28220
244.945 29920
244.976 30940
244.995 32640
245.027 33660
245.046 35360
245.077 36380
245.197 36720
245.329 37060
245.449 37400
245.581 37740
245.72 26180
247.487 340
247.529 680
248.311 1020
248.317 1360
248.515 1700
248.521 2040
248.527 2380
248.533 2720
248.718 3060
248.724 3400
248.731 3740
248.737 4080
248.743 4420
248.75 4760
248.756 5100
248.762 5440
248.922 5780
248.928 6120
248.934 6460
248.94 6800
248.947 7140
248.953 7480
248.959 7820
248.966 8160
248.972 8500
248.978 8840
248.985 9180
248.991 9520
248.997 9860
249.004 10200
249.01 10540
249.016 10880
249.125 11220
249.131 11560
249.138 11900
249.144 12240
249.15 12580
249.157 12920
249.163 13260
249.169 13600
249.175 13940
249.182 14280
249.188 14620
249.194 14960
249.201 15300
249.207 15640
249.213 15980
249.22 16320
249.226 16660
249.232 17000
249.239 17340
249.245 17680
249.251 18020
249.264 18360
249.314 12580
249.984 12920
250.003 13260
250.016 13600
250.041 13940
250.066 14280
250.104 14620
250.154 14960
250.192 15300
250.287 15640
250.4 15980
250.514 16320
250.64 16660
250.772 17000
250.949 17340
251.157 17680
251.428 18020
252.033 18360
253.83 18700
254.183 19040
254.435 19380
254.624 19720
254.939 20060
255.185 20400
255.33 20740
255.494 21080
255.651 21420
255.79 21760
255.904 22100
256.017 22440
256.105 22780
256.212 23120
256.282 23460
256.37 23800
256.446 24140
256.515 24480
256.603 24820
256.666 25160
256.736 25500
256.805 25840
256.868 26180
256.937 26520
257.013 26860
257.089 27200
257.152 27540
257.234 27880
257.297 28220
257.354 28560
257.417 28900
257.473 29240
257.549 29580
257.593 29920
257.656 30260
257.713 30600
257.763 30940
257.795 31280
257.845 31620
257.889 31960
257.915 32300
257.959 32640
258.009 32980
258.053 33320
258.091 33660
258.129 34000
258.186 34340
258.211 34680
258.261 35020
258.293 35360
258.318 35700
258.362 36040
258.394 36380
258.431 36720
258.463 37060
258.488 37400
258.526 37740
258.551 38080
258.576 38420
258.614 38760
258.64 39100
258.665 39440
258.703 39780
258.728 40120
258.766 40460
258.797 40800
258.822 41140
258.848 41480
258.885 41820
258.917 42160
258.942 42500
258.967 42840
258.993 43180
259.024 43520
259.049 43860
259.075 44200
259.106 44540
259.131 44880
259.156 45220
259.188 45560
259.213 45900
259.238 46240
259.264 46580
259.289 46920
259.314 47260
259.339 47600
259.364 47940
259.39 48280
259.415 48620
259.44 48960
259.465 49300
259.491 49640
259.516 49980
259.541 50320
259.566 50660
259.591 51000
259.617 51340
259.642 51680
259.667 52020
259.692 52360
259.718 52700
259.743 53040
259.768 53380
259.793 53720
259.818 54060
259.844 54400
259.869 54740
259.894 55080
259.919 55420
259.944 55760
259.97 56100
259.995 56440
260.02 56780
260.033 57120
260.058 57460
260.071 57800
260.096 58140
260.108 58480
260.134 58820
260.159 59160
260.171 59500
260.197 59840
260.222 60180
260.234 60520
260.247 60860
260.272 61200
260.285 61540
260.31 61880
260.323 62220
260.348 62560
260.361 62900
260.386 63240
260.398 63580
260.424 63920
260.436 64260
260.461 64600
260.474 64940
260.499 65280
260.512 65620
260.537 65960
260.55 66300
260.575 66640
260.587 66980
260.613 67320
260.625 67660
260.651 68000
260.663 68340
260.688 68680
260.701 69020
260.726 69360
260.739 69700
260.764 70040
260.777 70380
260.802 70720
260.814 71060
260.84 71400
260.852 71740
260.877 72080
260.89 72420
260.915 72760
260.928 73100
260.959 51000
263.061 340
263.223 2040
263.702 3740
263.733 4760
263.918 6460
263.949 7480
263.968 9180
264 10200
264.134 11900
264.165 13600
264.197 14620
264.216 16320
264.247 18020
264.279 19040
264.298 20060
264.317 21760
264.363 22780
264.381 24480
264.413 25500
264.432 27200
264.463 28220
264.482 29920
264.514 30940
264.533 32640
264.564 33660
264.583 35360
264.615 36380
264.734 36720
264.867 37060
264.987 37400
265.119 37740
265.258 26180
267.025 340
267.067 680
267.849 1020
267.855 1360
268.052 1700
268.058 2040
268.065 2380
268.071 2720
268.256 3060
268.262 3400
268.268 3740
268.275 4080
268.281 4420
268.287 4760
268.293 5100
268.3 5440
268.459 5780
268.465 6120
268.472 6460
268.478 6800
268.484 7140
268.491 7480
268.497 7820
268.503 8160
268.51 8500
268.516 8840
268.522 9180
268.528 9520
268.535 9860
268.541 10200
268.547 10540
268.554 10880
268.663 11220
268.669 11560
268.675 11900
268.681 12240
268.688 12580
268.694 12920
268.7 13260
268.707 13600
268.713 13940
268.719 14280
268.726 14620
268.732 14960
268.738 15300
268.745 15640
268.751 15980
268.757 16320
268.763 16660
268.77 17000
268.776 17340
268.782 17680
268.789 18020
268.801 18360
268.852 12580
269.522 12920
269.541 13260
269.553 13600
269.578 13940
269.604 14280
269.641 14620
269.692 14960
269.73 15300
269.824 15640
269.938 15980
270.051 16320
270.177 16660
270.31 17000
270.486 17340
270.694 17680
270.965 18020
271.57 18360
273.367 18700
273.72 19040
273.972 19380
274.161 19720
274.477 20060
274.722 20400
274.867 20740
275.031 21080
275.189 21420
275.328 21760
275.441 22100
275.555 22440
275.643 22780
275.75 23120
275.819 23460
275.908 23800
275.983 24140
276.053 24480
276.141 24820
276.204 25160
276.273 25500
276.343 25840
276.406 26180
276.475 26520
276.551 26860
276.626 27200
276.689 27540
276.771 27880
276.834 28220
276.891 28560
276.954 28900
277.011 29240
277.086 29580
277.131 29920
277.194 30260
277.25 30600
277.301 30940
277.332 31280
277.383 31620
277.427 31960
277.452 32300
277.496 32640
277.547 32980
277.591 33320
277.629 33660
277.666 34000
277.723 34340
277.748 34680
277.799 35020
277.83 35360
277.856 35700
277.9 36040
277.931 36380
277.969 36720
278.001 37060
278.026 37400
278.064 37740
278.089 38080
278.114 38420
278.152 38760
278.177 39100
278.202 39440
278.24 39780
278.265 40120
278.303 40460
278.335 40800
278.36 41140
278.385 41480
278.423 41820
278.454 42160
278.48 42500
278.505 42840
278.53 43180
278.562 43520
278.587 43860
278.612 44200
278.644 44540
278.669 44880
278.694 45220
278.726 45560
278.751 45900
278.776 46240
278.801 46580
278.826 46920
278.852 47260
278.877 47600
278.902 47940
278.927 48280
278.952 48620
278.978 48960
279.003 49300
279.028 49640
279.053 49980
279.079 50320
279.104 50660
279.129 51000
279.154 51340
279.179 51680
279.205 52020
279.23 52360
279.255 52700
279.28 53040
279.305 53380
279.331 53720
279.356 54060
279.381 54400
279.406 54740
279.432 55080
279.457 55420
279.482 55760
279.507 56100
279.532 56440
279.558 56780
279.57 57120
279.595 57460
279.608 57800
279.633 58140
279.646 58480
279.671 58820
279.696 59160
279.709 59500
279.734 59840
279.759 60180
279.772 60520
279.785 60860
279.81 61200
279.822 61540
279.848 61880
279.86 62220
279.885 62560
279.898 62900
279.923 63240
279.936 63580
279.961 63920
279.974 64260
279.999 64600
280.012 64940
280.037 65280
280.049 65620
280.075 65960
280.087 66300
280.112 66640
280.125 66980
280.15 67320
280.163 67660
280.188 68000
280.201 68340
280.226 68680
280.238 69020
280.264 69360
280.276 69700
280.302 70040
280.314 70380
280.339 70720
280.352 71060
280.377 71400
280.39 71740
280.415 72080
280.428 72420
280.453 72760
280.465 73100
280.497 51000
282.6 340
282.76 2040
283.239 3740
283.271 4760
283.455 6460
283.487 7480
283.506 9180
283.537 10200
283.671 11900
283.703 13600
283.734 14620
283.753 16320
283.785 18020
283.816 19040
283.835 20060
283.854 21760
283.9 22780
283.919 24480
283.95 25500
283.969 27200
284.001 28220
284.02 29920
284.051 30940
284.07 32640
284.102 33660
284.121 35360
284.152 36380
284.272 36720
284.404 37060
284.524 37400
284.657 37740
284.795 26180
286.564 340
286.604 680
287.386 1020
287.392 1360
287.59 1700
287.596 2040
287.602 2380
287.609 2720
287.793 3060
287.799 3400
287.806 3740
287.812 4080
287.818 4420
287.825 4760
287.831 5100
287.837 5440
287.997 5780
288.003 6120
288.009 6460
288.016 6800
288.022 7140
288.028 7480
288.034 7820
288.041 8160
288.047 8500
288.053 8840
288.06 9180
288.066 9520
288.072 9860
288.079 10200
288.085 10540
288.091 10880
288.2 11220
288.206 11560
288.213 11900
288.219 12240
288.225 12580
288.232 12920
288.238 13260
288.244 13600
288.251 13940
288.257 14280
288.263 14620
288.269 14960
288.276 15300
288.282 15640
288.288 15980
288.295 16320
288.301 16660
288.307 17000
288.314 17340
288.32 17680
288.326 18020
288.339 18360
288.389 12580
289.059 12920
289.078 13260
289.091 13600
289.116 13940
289.141 14280
289.179 14620
289.229 14960
289.267 15300
289.362 15640
289.475 15980
289.589 16320
289.715 16660
289.847 17000
290.024 17340
290.232 17680
290.503 18020
291.108 18360
292.905 18700
293.258 19040
293.51 19380
293.699 19720
294.014 20060
294.26 20400
294.405 20740
294.569 21080
294.727 21420
294.865 21760
294.979 22100
295.092 22440
295.18 22780
295.288 23120
295.357 23460
295.445 23800
295.521 24140
295.59 24480
295.678 24820
295.741 25160
295.811 25500
295.88 25840
295.943 26180
296.013 26520
296.088 26860
296.164 27200
296.227 27540
296.309 27880
296.372 28220
296.429 28560
296.492 28900
296.548 29240
296.624 29580
296.668 29920
296.731 30260
296.788 30600
296.838 30940
296.87 31280
296.92 31620
296.964 31960
296.99 32300
297.034 32640
297.084 32980
297.128 33320
297.166 33660
297.204 34000
297.261 34340
297.286 34680
297.336 35020
297.368 35360
297.393 35700
297.437 36040
297.469 36380
297.507 36720
297.538 37060
297.563 37400
297.601 37740
297.626 38080
297.652 38420
297.689 38760
297.715 39100
297.74 39440
297.778 39780
297.803 40120
297.841 40460
297.872 40800
297.897 41140
297.923 41480
297.96 41820
297.992 42160
298.017 42500
298.042 42840
298.068 43180
298.099 43520
298.124 43860
298.15 44200
298.181 44540
298.206 44880
298.232 45220
298.263 45560
298.288 45900
298.313 46240
298.339 46580
298.364 46920
298.389 47260
298.414 47600
298.44 47940
298.465 48280
298.49 48620
298.515 48960
298.54 49300
298.566 49640
298.591 49980
298.616 50320
298.641 50660
298.667 51000
298.692 51340
298.717 51680
298.742 52020
298.767 52360
298.793 52700
298.818 53040
298.843 53380
298.868 53720
298.893 54060
298.919 54400
298.944 54740
298.969 55080
298.994 55420
299.02 55760
299.045 56100
299.07 56440
299.095 56780
299.108 57120
299.133 57460
299.146 57800
299.171 58140
299.183 58480
299.209 58820
299.234 59160
299.246 59500
299.272 59840
299.297 60180
299.31 60520
299.322 60860
299.347 61200
299.36 61540
299.385 61880
299.398 62220
299.423 62560
299.436 62900
299.461 63240
299.473 63580
299.499 63920
299.511 64260
299.536 64600
299.549 64940
299.574 65280
299.587 65620
299.612 65960
299.625 66300
299.65 66640
299.663 66980
299.688 67320
299.7 67660
299.726 68000
299.738 68340
299.763 68680
299.776 69020
299.801 69360
299.814 69700
299.839 70040
299.852 70380
299.877 70720
299.889 71060
299.915 71400
299.927 71740
299.953 72080
299.965 72420
299.99 72760
300.003 73100
300.034 51000
302.136 340
302.298 2040
302.777 3740
302.808 4760
302.993 6460
303.024 7480
303.043 9180
303.075 10200
303.209 11900
303.24 13600
303.272 14620
303.291 16320
303.322 18020
303.354 19040
303.373 20060
303.392 21760
303.438 22780
303.457 24480
303.488 25500
303.507 27200
303.538 28220
303.557 29920
303.589 30940
303.608 32640
303.639 33660
303.658 35360
303.69 36380
303.81 36720
303.942 37060
304.062 37400
304.194 37740
304.333 26180
306.1 340
306.142 680
306.924 1020
306.93 1360
307.127 1700
307.133 2040
307.14 2380
307.146 2720
307.331 3060
307.337 3400
307.343 3740
307.35 4080
307.356 4420
307.362 4760
307.368 5100
307.375 5440
307.534 5780
307.54 6120
307.547 6460
307.553 6800
307.559 7140
307.566 7480
307.572 7820
307.578 8160
307.585 8500
307.591 8840
307.597 9180
307.604 9520
307.61 9860
307.616 10200
307.622 10540
307.629 10880
307.738 11220
307.744 11560
307.75 11900
307.757 12240
307.763 12580
307.769 12920
307.775 13260
307.782 13600
307.788 13940
307.794 14280
307.801 14620
307.807 14960
307.813 15300
307.82 15640
307.826 15980
307.832 16320
307.839 16660
307.845 17000
307.851 17340
307.857 17680
307.864 18020
307.876 18360
307.927 12580
308.597 12920
308.616 13260
308.628 13600
308.653 13940
308.679 14280
308.717 14620
308.767 14960
308.805 15300
308.899 15640
309.013 15980
309.126 16320
309.252 16660
309.385 17000
309.561 17340
309.769 17680
310.04 18020
310.646 18360
312.442 18700
312.795 19040
313.047 19380
313.236 19720
313.552 20060
313.798 20400
313.943 20740
314.106 21080
314.264 21420
314.403 21760
314.516 22100
314.63 22440
314.718 22780
314.825 23120
314.894 23460
314.983 23800
315.058 24140
315.128 24480
315.216 24820
315.279 25160
315.348 25500
315.418 25840
315.481 26180
315.55 26520
315.626 26860
315.701 27200
315.764 27540
315.846 27880
315.909 28220
315.966 28560
316.029 28900
316.086 29240
316.162 29580
316.206 29920
316.269 30260
316.325 30600
316.376 30940
316.407 31280
316.458 31620
316.502 31960
316.527 32300
316.571 32640
316.622 32980
316.666 33320
316.704 33660
316.742 34000
316.798 34340
316.823 34680
316.874 35020
316.905 35360
316.931 35700
316.975 36040
317.006 36380
317.044 36720
317.076 37060
317.101 37400
317.139 37740
317.164 38080
317.189 38420
317.227 38760
317.252 39100
317.277 39440
317.315 39780
317.34 40120
317.378 40460
317.41 40800
317.435 41140
317.46 41480
317.498 41820
317.53 42160
317.555 42500
317.58 42840
317.605 43180
317.637 43520
317.662 43860
317.687 44200
317.719 44540
317.744 44880
317.769 45220
317.801 45560
317.826 45900
317.851 46240
317.876 46580
317.901 46920
317.927 47260
317.952 47600
317.977 47940
318.002 48280
318.028 48620
318.053 48960
318.078 49300
318.103 49640
318.128 49980
318.154 50320
318.179 50660
318.204 51000
318.229 51340
318.254 51680
318.28 52020
318.305 52360
318.33 52700
318.355 53040
318.381 53380
318.406 53720
318.431 54060
318.456 54400
318.481 54740
318.507 55080
318.532 55420
318.557 55760
318.582 56100
318.607 56440
318.633 56780
318.645 57120
318.671 57460
318.683 57800
318.708 58140
318.721 58480
318.746 58820
318.771 59160
318.784 59500
318.809 59840
318.834 60180
318.847 60520
318.86 60860
318.885 61200
318.897 61540
318.923 61880
318.935 62220
318.961 62560
318.973 62900
318.998 63240
319.011 63580
319.036 63920
319.049 64260
319.074 64600
319.087 64940
319.112 65280
319.124 65620
319.15 65960
319.162 66300
319.187 66640
319.2 66980
319.225 67320
319.238 67660
319.263 68000
319.276 68340
319.301 68680
319.314 69020
319.339 69360
319.351 69700
319.377 70040
319.389 70380
319.414 70720
319.427 71060
319.452 71400
319.465 71740
319.49 72080
319.503 72420
319.528 72760
319.54 73100
319.572 51000
321.674 340
321.835 2040
322.314 3740
322.346 4760
322.53 6460
322.562 7480
322.581 9180
322.612 10200
322.746 11900
322.778 13600
322.809 14620
322.828 16320
322.86 18020
322.891 19040
322.91 20060
322.929 21760
322.975 22780
322.994 24480
323.026 25500
323.044 27200
323.076 28220
323.095 29920
323.126 30940
323.145 32640
323.177 33660
323.196 35360
323.227 36380
323.347 36720
323.479 37060
323.599 37400
323.732 37740
323.87 26180
325.639 340
325.68 680
326.461 1020
326.468 1360
326.665 1700
326.671 2040
326.677 2380
326.684 2720
326.868 3060
326.875 3400
326.881 3740
326.887 4080
326.893 4420
326.9 4760
326.906 5100
326.912 5440
327.072 5780
327.078 6120
327.084 6460
327.091 6800
327.097 7140
327.103 7480
327.11 7820
327.116 8160
327.122 8500
327.128 8840
327.135 9180
327.141 9520
327.147 9860
327.154 10200
327.16 10540
327.166 10880
327.275 11220
327.281 11560
327.288 11900
327.294 12240
327.3 12580
327.307 12920
327.313 13260
327.319 13600
327.326 13940
327.332 14280
327.338 14620
327.345 14960
327.351 15300
327.357 15640
327.363 15980
327.37 16320
327.376 16660
327.382 17000
327.389 17340
327.395 17680
327.401 18020
327.414 18360
327.464 12580
328.134 12920
328.153 13260
328.166 13600
328.191 13940
328.216 14280
328.254 14620
328.304 14960
328.342 15300
328.437 15640
328.55 15980
328.664 16320
328.79 16660
328.922 17000
329.099 17340
329.307 17680
329.578 18020
330.183 18360
331.98 18700
332.333 19040
332.585 19380
332.774 19720
333.089 20060
333.335 20400
333.48 20740
333.644 21080
333.802 21420
333.94 21760
334.054 22100
334.167 22440
334.255 22780
334.363 23120
334.432 23460
334.52 23800
334.596 24140
334.665 24480
334.753 24820
334.817 25160
334.886 25500
334.955 25840
335.018 26180
335.088 26520
335.163 26860
335.239 27200
335.302 27540
335.384 27880
335.447 28220
335.504 28560
335.567 28900
335.623 29240
335.699 29580
335.743 29920
335.806 30260
335.863 30600
335.913 30940
335.945 31280
335.995 31620
336.039 31960
336.065 32300
336.109 32640
336.159 32980
336.203 33320
336.241 33660
336.279 34000
336.336 34340
336.361 34680
336.411 35020
336.443 35360
336.468 35700
336.512 36040
336.544 36380
336.582 36720
336.613 37060
336.638 37400
336.676 37740
336.701 38080
336.727 38420
336.764 38760
336.79 39100
336.815 39440
336.853 39780
336.878 40120
336.916 40460
336.947 40800
336.972 41140
336.998 41480
337.036 41820
337.067 42160
337.092 42500
337.117 42840
337.143 43180
337.174 43520
337.199 43860
337.225 44200
337.256 44540
337.281 44880
337.307 45220
337.338 45560
337.363 45900
337.389 46240
337.414 46580
337.439 46920
337.464 47260
337.489 47600
337.515 47940
337.54 48280
337.565 48620
337.59 48960
337.615 49300
337.641 49640
337.666 49980
337.691 50320
337.716 50660
337.742 51000
337.767 51340
337.792 51680
337.817 52020
337.842 52360
337.868 52700
337.893 53040
337.918 53380
337.943 53720
337.969 54060
337.994 54400
338.019 54740
338.044 55080
338.069 55420
338.095 55760
338.12 56100
338.145 56440
338.17 56780
338.183 57120
338.208 57460
338.221 57800
338.246 58140
338.258 58480
338.284 58820
338.309 59160
338.322 59500
338.347 59840
338.372 60180
338.385 60520
338.397 60860
338.422 61200
338.435 61540
338.46 61880
338.473 62220
338.498 62560
338.511 62900
338.536 63240
338.548 63580
338.574 63920
338.586 64260
338.612 64600
338.624 64940
338.649 65280
338.662 65620
338.687 65960
338.7 66300
338.725 66640
338.738 66980
338.763 67320
338.775 67660
338.801 68000
338.813 68340
338.838 68680
338.851 69020
338.876 69360
338.889 69700
338.914 70040
338.927 70380
338.952 70720
338.965 71060
338.99 71400
339.002 71740
339.028 72080
339.04 72420
339.065 72760
339.078 73100
339.11 51000
341.212 340
341.373 2040
341.852 3740
341.883 4760
342.068 6460
342.099 7480
342.118 9180
342.15 10200
342.284 11900
342.315 13600
342.347 14620
342.366 16320
342.397 18020
342.429 19040
342.448 20060
342.467 21760
342.513 22780
342.532 24480
342.563 25500
342.582 27200
342.614 28220
342.632 29920
342.664 30940
342.683 32640
342.714 33660
342.733 35360
342.765 36380
342.885 36720
343.017 37060
343.137 37400
343.269 37740
343.408 26180
345.176 340
345.217 680
345.999 1020
346.005 1360
346.202 1700
346.209 2040
346.215 2380
346.221 2720
346.406 3060
346.412 3400
346.418 3740
346.425 4080
346.431 4420
346.437 4760
346.444 5100
346.45 5440
346.609 5780
346.616 6120
346.622 6460
346.628 6800
346.634 7140
346.641 7480
346.647 7820
346.653 8160
346.66 8500
346.666 8840
346.672 9180
346.679 9520
346.685 9860
346.691 10200
346.697 10540
346.704 10880
346.813 11220
346.819 11560
346.825 11900
346.832 12240
346.838 12580
346.844 12920
346.851 13260
346.857 13600
346.863 13940
346.869 14280
346.876 14620
346.882 14960
346.888 15300
346.895 15640
346.901 15980
346.907 16320
346.914 16660
346.92 17000
346.926 17340
346.932 17680
346.939 18020
346.951 18360
347.002 12580
347.672 12920
347.691 13260
347.703 13600
347.729 13940
347.754 14280
347.792 14620
347.842 14960
347.88 15300
347.974 15640
348.088 15980
348.201 16320
348.327 16660
348.46 17000
348.636 17340
348.844 17680
349.115 18020
349.721 18360
351.517 18700
351.87 19040
352.122 19380
352.312 19720
352.627 20060
352.873 20400
353.018 20740
353.182 21080
353.339 21420
353.478 21760
353.591 22100
353.705 22440
353.793 22780
353.9 23120
353.97 23460
354.058 23800
354.133 24140
354.203 24480
354.291 24820
354.354 25160
354.423 25500
354.493 25840
354.556 26180
354.625 26520
354.701 26860
354.776 27200
354.839 27540
354.921 27880
354.984 28220
355.041 28560
355.104 28900
355.161 29240
355.237 29580
355.281 29920
355.344 30260
355.401 30600
355.451 30940
355.482 31280
355.533 31620
355.577 31960
355.602 32300
355.646 32640
355.697 32980
355.741 33320
355.779 33660
355.817 34000
355.873 34340
355.899 34680
355.949 35020
355.98 35360
356.006 35700
356.05 36040
356.081 36380
356.119 36720
356.151 37060
356.176 37400
356.214 37740
356.239 38080
356.264 38420
356.302 38760
356.327 39100
356.352 39440
356.39 39780
356.415 40120
356.453 40460
356.485 40800
356.51 41140
356.535 41480
356.573 41820
356.605 42160
356.63 42500
356.655 42840
356.68 43180
356.712 43520
356.737 43860
356.762 44200
356.794 44540
356.819 44880
356.844 45220
356.876 45560
356.901 45900
356.926 46240
356.951 46580
356.977 46920
357.002 47260
357.027 47600
357.052 47940
357.077 48280
357.103 48620
357.128 48960
357.153 49300
357.178 49640
357.203 49980
357.229 50320
357.254 50660
357.279 51000
357.304 51340
357.33 51680
357.355 52020
357.38 52360
357.405 52700
357.43 53040
357.456 53380
357.481 53720
357.506 54060
357.531 54400
357.556 54740
357.582 55080
357.607 55420
357.632 55760
357.657 56100
357.683 56440
357.708 56780
357.72 57120
357.746 57460
357.758 57800
357.783 58140
357.796 58480
357.821 58820
357.846 59160
357.859 59500
357.884 59840
357.91 60180
357.922 60520
357.935 60860
357.96 61200
357.973 61540
357.998 61880
358.01 62220
358.036 62560
358.048 62900
358.073 63240
358.086 63580
358.111 63920
358.124 64260
358.149 64600
358.162 64940
358.187 65280
358.199 65620
358.225 65960
358.237 66300
358.263 66640
358.275 66980
358.3 67320
358.313 67660
358.338 68000
358.351 68340
358.376 68680
358.389 69020
358.414 69360
358.426 69700
358.452 70040
358.464 70380
358.489 70720
358.502 71060
358.527 71400
358.54 71740
358.565 72080
358.578 72420
358.603 72760
358.616 73100
358.647 51000
360.75 340
360.91 2040
361.389 3740
361.421 4760
361.605 6460
361.637 7480
361.656 9180
361.687 10200
361.821 11900
361.853 13600
361.885 14620
361.903 16320
361.935 18020
361.966 19040
361.985 20060
362.004 21760
362.05 22780
362.069 24480
362.101 25500
362.12 27200
362.151 28220
362.17 29920
362.201 30940
362.22 32640
362.252 33660
362.271 35360
362.302 36380
362.422 36720
362.555 37060
362.674 37400
362.807 37740
362.945 26180
364.714 340
364.755 680
365.536 1020
365.543 1360
365.74 1700
365.746 2040
365.752 2380
365.759 2720
365.943 3060
365.95 3400
365.956 3740
365.962 4080
365.968 4420
365.975 4760
365.981 5100
365.987 5440
366.147 5780
366.153 6120
366.159 6460
366.166 6800
366.172 7140
366.178 7480
366.185 7820
366.191 8160
366.197 8500
366.203 8840
366.21 9180
366.216 9520
366.222 9860
366.229 10200
366.235 10540
366.241 10880
366.35 11220
367.431 340
368.038 680
368.248 1360
368.458 2040
368.471 2720
368.668 3400
368.68 4080
368.693 4760
368.706 5440
368.878 6120
368.89 6800
368.903 7480
368.915 8160
368.928 8500
369.163 8840
369.341 9180
369.513 9520
369.639 9860
369.805 10200
369.958 10540
370.084 10880
370.231 11220
370.365 11560
370.491 11900
370.619 12240
370.745 12580
370.871 12920
370.997 13260
371.123 13600
371.249 13940
371.375 14280
371.502 14620
371.628 14960
371.754 15300
371.88 15640
372.006 15980
372.132 16320
372.258 16660
372.384 17000
372.51 17340
372.636 17680
372.762 18020
372.888 18360
373.014 18700
373.128 19040
373.216 19380
373.292 19720
373.355 20060
373.418 20400
373.481 20740
373.519 21080
373.569 21420
373.62 21760
373.657 22100
373.708 22440
373.758 22780
373.796 23120
373.847 23460
373.884 23800
373.922 24140
373.96 24480
374.01 24820
374.036 25160
374.074 25500
374.111 25840
374.149 26180
374.187 26520
374.225 26860
374.263 27200
374.3 27540
374.338 27880
374.364 28220
374.401 28560
374.439 28900
374.464 29240
374.49 29580
374.527 29920
374.553 30260
374.59 30600
374.616 30940
374.654 31280
374.679 31620
374.717 31960
374.742 32300
374.78 32640
374.805 32980
374.843 33320
374.868 33660
374.906 34000
374.931 34340
374.969 34680
374.994 35020
375.019 35360
375.044 35700
375.082 36040
375.107 36380
375.12 36720
375.145 37060
375.17 37400
375.208 37740
375.221 38080
375.246 38420
375.271 38760
375.297 39100
375.322 39440
375.347 39780
375.372 40120
375.397 40460
375.423 40800
375.448 41140
375.473 41480
375.498 41820
375.523 42160
375.549 42500
375.574 42840
375.599 43180
375.624 43520
375.65 43860
375.675 44200
375.7 44540
375.725 44880
375.75 45220
375.776 45560
375.801 45900
375.826 46240
375.851 46580
375.876 46920
375.902 47260
375.927 47600
375.952 47940
375.977 48280
375.99 48620
376.015 48960
376.04 49300
376.053 49640
376.078 49980
376.091 50320
376.116 50660
376.129 51000
376.154 51340
376.166 51680
376.192 52020
376.217 52360
376.23 52700
376.242 53040
376.267 53380
376.28 53720
376.305 54060
376.318 54400
376.343 54740
376.356 55080
376.381 55420
376.393 55760
376.419 56100
376.431 56440
376.456 56780
376.469 57120
376.494 57460
376.507 57800
376.532 58140
376.545 58480
376.57 58820
376.583 59160
376.608 59500
376.62 59840
376.646 60180
376.658 60520
376.683 60860
376.696 61200
376.721 61540
376.734 61880
376.759 62220
376.772 62560
376.797 62900
376.809 63240
376.835 63580
376.847 63920
376.873 64260
376.885 64600
376.91 64940
376.923 65280
376.948 65620
376.961 65960
376.986 66300
376.999 66640
377.024 66980
377.036 67320
377.062 67660
377.074 68000
377.099 68340
377.112 68680
377.137 69020
377.15 69360
377.175 69700
377.188 70040
377.213 70380
377.226 70720
377.251 71060
377.263 71400
377.289 71740
377.301 72080
377.326 72420
377.339 72760
377.364 73100
377.377 73440
377.402 73780
377.421 51340
379.542 340
379.671 1360
380.176 3060
380.379 4080
380.398 5780
380.43 6800
380.595 8500
380.627 9520
380.646 11220
380.677 12240
380.696 13940
380.805 14960
380.824 16660
380.856 17680
380.875 19380
380.906 20400
380.925 22100
380.956 23120
380.975 24820
381.007 25840
381.026 27540
381.057 28560
381.076 30260
381.108 31280
381.127 32980
381.158 34000
381.177 35700
381.309 36040
381.429 36380
381.562 36720
381.681 37060
381.814 37400
381.883 26180
383.664 340
383.705 680
384.493 1020
384.499 1360
384.696 1700
384.703 2040
384.709 2380
384.715 2720
384.9 3060
384.906 3400
384.913 3740
384.919 4080
384.925 4420
384.932 4760
384.938 5100
384.944 5440
385.103 5780
385.11 6120
385.116 6460
385.122 6800
385.129 7140
385.135 7480
385.141 7820
385.148 8160
385.154 8500
385.16 8840
385.167 9180
385.173 9520
385.179 9860
385.185 10200
385.192 10540
385.198 10880
385.307 11220
385.313 11560
385.32 11900
385.326 12240
385.332 12580
385.338 12920
385.345 13260
385.351 13600
385.357 13940
385.364 14280
385.37 14620
385.376 14960
385.383 15300
385.389 15640
385.395 15980
385.402 16320
385.408 16660
385.414 17000
385.42 17340
385.427 17680
385.433 18020
385.483 12580
386.147 12920
386.16 13260
386.172 13600
386.185 13940
386.21 14280
386.248 14620
386.298 14960
386.349 15300
386.443 15640
386.582 15980
386.721 16320
386.872 16660
387.017 17000
387.213 17340
387.484 17680
388.064 18020
389.923 18360
390.283 18700
390.522 19040
390.73 19380
391.033 19720
391.171 20060
391.398 20400
391.587 20740
391.714 21080
391.84 21420
391.978 21760
392.098 22100
392.193 22440
392.287 22780
392.375 23120
392.439 23460
392.527 23800
392.602 24140
392.678 24480
392.747 24820
392.829 25160
392.892 25500
392.943 25840
393.012 26180
393.069 26520
393.138 26860
393.189 27200
393.258 27540
393.302 27880
393.353 28220
393.403 28560
393.447 28900
393.51 29240
393.554 29580
393.617 29920
393.668 30260
393.699 30600
393.743 30940
393.781 31280
393.832 31620
393.895 31960
393.951 32300
393.996 32640
394.04 32980
394.084 33320
394.141 33660
394.178 34000
394.235 34340
394.279 34680
394.317 35020
394.361 35360
394.399 35700
394.437 36040
394.494 36380
394.525 36720
394.563 37060
394.601 37400
394.645 37740
394.67 38080
394.702 38420
394.727 38760
394.758 39100
394.784 39440
394.828 39780
394.853 40120
394.878 40460
394.91 40800
394.948 41140
394.973 41480
394.998 41820
395.023 42160
395.055 42500
395.08 42840
395.105 43180
395.13 43520
395.156 43860
395.187 44200
395.219 44540
395.244 44880
395.275 45220
395.313 45560
395.338 45900
395.364 46240
395.389 46580
395.414 46920
395.439 47260
395.464 47600
395.49 47940
395.515 48280
395.54 48620
395.572 48960
395.584 49300
395.622 49640
395.647 49980
395.66 50320
395.685 50660
395.71 51000
395.723 51340
395.748 51680
395.773 52020
395.799 52360
395.811 52700
395.836 53040
395.849 53380
395.874 53720
395.899 54060
395.912 54400
395.937 54740
395.962 55080
395.975 55420
396 55760
396.026 56100
396.038 56440
396.063 56780
396.076 57120
396.101 57460
396.114 57800
396.139 58140
396.158 58480
396.189 58820
396.215 59160
396.227 59500
396.252 59840
396.265 60180
396.29 60520
396.303 60860
396.328 61200
396.341 61540
396.366 61880
396.379 62220
396.404 62560
396.416 62900
396.442 63240
396.454 63580
396.479 63920
396.492 64260
396.517 64600
396.53 64940
396.555 65280
396.568 65620
396.593 65960
396.605 66300
396.631 66640
396.643 66980
396.669 67320
396.681 67660
396.706 68000
396.719 68340
396.744 68680
396.757 69020
396.782 69360
396.795 69700
396.82 70040
396.832 70380
396.858 70720
396.87 71060
396.895 71400
396.908 71740
396.933 72080
396.952 50320
399.067 340
399.228 1360
399.713 3060
399.917 4760
399.948 5780
399.967 7480
