0.0 0
0.104086 3400
0.21126 3740
0.217564 4420
0.223868 5100
0.230172 5780
0.236476 6460
0.318002 7140
0.324306 7820
0.33061 8500
0.336914 9180
0.343218 9860
0.349522 10540
0.355826 11220
0.36213 11900
0.368434 12580
0.424744 13260
0.431048 13940
0.437352 14620
0.443656 15300
0.44996 15980
0.456264 16660
0.462568 17340
0.468872 18020
0.475176 18700
0.48148 19380
0.487784 20060
0.494088 20740
0.500392 21420
0.506696 22100
0.513 22780
0.519304 23460
0.525608 24140
0.531912 24820
0.538216 25500
0.54452 26180
0.550824 26860
0.557128 27540
0.563432 28220
0.569736 28900
0.57604 29580
0.582344 30260
0.588648 30940
0.594952 31620
0.601256 32300
0.60756 32980
0.613864 33660
0.620168 34340
0.626472 35020
0.632776 35700
0.63908 36380
0.645384 37060
0.651688 37740
0.657992 38420
0.664296 39100
0.6706 39780
0.676904 40460
0.683208 41140
0.689512 41820
0.695816 42500
0.70212 43180
0.708424 43860
0.714728 44540
0.721032 45220
0.727336 45900
0.73364 46580
0.739944 47260
0.746248 47940
0.752552 48620
0.758856 49300
0.76516 49980
0.771464 50660
0.777768 51340
0.784072 52020
0.790376 52700
0.79668 53380
0.802984 54060
0.809288 54740
0.815592 55420
0.821896 56100
0.8282 56780
0.834504 57460
0.840808 58140
0.847112 58820
0.853416 59500
0.85972 60180
0.866024 60860
0.872328 61540
0.878632 62220
0.884936 62900
0.89124 63580
0.897544 64260
0.903848 64940
0.910152 65620
0.916456 66300
0.92276 66980
0.929064 67660
0.935368 68340
0.941672 69020
0.947976 69700
0.95428 70380
0.960584 71060
0.966888 71740
0.973192 72420
0.979496 73100
0.9858 73780
0.992104 74460
0.998408 75140
1.00471 75820
1.01102 76500
1.01732 77180
1.02362 77860
1.02993 78540
1.03623 79220
1.04254 79900
1.04884 80580
1.05514 81260
1.06145 81940
1.06775 82620
1.07406 83300
1.08036 83980
1.08666 84660
1.09297 85340
1.09927 86020
1.10558 86700
1.11188 87380
1.11818 88060
1.12449 88740
1.13079 89420
1.1371 90100
1.1434 90780
1.1497 91460
1.15601 92140
1.16231 92820
1.16862 93500
1.17492 94180
1.18122 94860
1.18753 95540
1.19383 96220
1.20014 96900
1.20644 97580
1.21274 98260
1.21905 98940
1.22535 99620
1.23166 100300
1.23796 100980
1.24426 101660
1.25057 102340
1.25687 103020
1.26318 103700
1.26948 104380
1.27578 105060
1.28209 105740
1.28839 106420
1.2947 107100
1.301 107780
1.3073 108460
1.31361 109140
1.31991 109820
1.32622 110500
1.33252 111180
1.33882 111860
1.34513 112540
1.35143 112880
1.36089 78880
2.88097 340
2.95265 1360
3.11025 1700
3.1134 2720
3.21699 3060
3.22014 4080
3.2296 4420
3.23275 5440
3.32373 5780
3.32688 6800
3.33634 7140
3.33949 8160
3.34895 8500
3.3521 9520
3.36156 9860
3.36471 10880
3.43047 11220
3.43363 12240
3.44308 12580
3.44623 13600
3.45569 13940
3.45884 14960
3.4683 15300
3.47145 16320
3.48091 16660
3.48406 17680
3.49351 18020
3.49667 19040
3.50612 19380
3.50927 20400
3.51873 20740
3.52188 21760
3.53722 22100
3.54037 23120
3.54982 23460
3.55298 24480
3.56243 24820
3.56558 25840
3.57504 26180
3.57819 27200
3.58765 27540
3.5908 28560
3.60026 28900
3.60341 29920
3.61286 30260
3.61602 31280
3.62547 31620
3.62862 32640
3.63808 32980
3.64123 34000
3.65069 34340
3.65384 35360
3.6633 35700
3.66645 36720
3.6759 37060
3.67906 38080
3.68851 38420
3.69166 39440
3.70112 39780
3.70427 40800
3.71373 41140
3.71688 42160
3.72634 42500
3.72949 43520
3.73894 43860
3.7421 44880
3.75155 45220
3.7547 46240
3.76416 46580
3.76731 47600
3.77677 47940
3.77992 48960
3.78938 49300
3.79253 50320
3.80198 50660
3.80514 51680
3.81459 52020
3.81774 53040
3.8272 53380
3.83035 54400
3.83981 54740
3.84296 55760
3.906 56100
3.96904 56440
4.03208 56780
4.09512 57120
4.15816 57460
4.2212 57800
4.28424 58140
4.35674 40460
5.86421 340
5.9485 680
6.23533 1020
6.23848 1360
6.34207 1700
6.34522 2040
6.34837 2380
6.35153 2720
6.44881 3060
6.45196 3400
6.45511 3740
6.45827 4080
6.46142 4420
6.46457 4760
6.46772 5100
6.47087 5440
6.55555 5780
6.5587 6120
6.56186 6460
6.56501 6800
6.56816 7140
6.57131 7480
6.57446 7820
6.57762 8160
6.58077 8500
6.58392 8840
6.58707 9180
6.59022 9520
6.59338 9860
6.59653 10200
6.59968 10540
6.60283 10880
6.66229 11220
6.66545 11560
6.6686 11900
6.67175 12240
6.6749 12580
6.67805 12920
6.68121 13260
6.68436 13600
6.68751 13940
6.69066 14280
6.69381 14620
6.69697 14960
6.70012 15300
6.70327 15640
6.70642 15980
6.70957 16320
6.71273 16660
6.71588 17000
6.71903 17340
6.72218 17680
6.72533 18020
6.72849 18360
6.73164 18700
6.73479 19040
6.73794 19380
6.74109 19720
6.74425 20060
6.7474 20400
6.75055 20740
6.7537 21080
6.75685 21420
6.76001 21760
6.76904 22100
6.77219 22440
6.77534 22780
6.77849 23120
6.78164 23460
6.7848 23800
6.78795 24140
6.7911 24480
6.79425 24820
6.7974 25160
6.80056 25500
6.80371 25840
6.80686 26180
6.81001 26520
6.81316 26860
6.81632 27200
6.81947 27540
6.82262 27880
6.82577 28220
6.83523 28560
6.89827 28900
6.96131 29240
7.02435 29580
7.08739 29920
7.1 20740
8.37107 340
8.48372 680
8.81784 1020
8.82099 1360
8.92458 1700
8.92773 2040
8.93088 2380
8.93403 2720
9.03132 3060
9.04393 2040
9.2448 2380
9.27948 2720
9.37361 3060
12.0201 3400
12.7767 3740
12.9934 4080
13.21 4420
13.3514 4760
13.5365 5100
13.6464 5440
13.7532 5780
13.8631 6120
13.9698 6460
14.0797 6800
14.1865 7140
14.218 7480
14.2963 7820
14.4062 8160
14.4441 8500
14.5193 8840
14.5823 9180
14.6512 9520
14.7265 9860
14.7706 10200
14.8364 10540
14.8868 10880
14.9463 11220
14.9967 11560
15.0561 11900
15.1003 12240
15.1507 12580
15.1976 12920
15.2417 13260
15.2921 13600
15.3362 13940
15.4245 14280
15.4686 14620
15.5317 14960
15.5884 15300
15.6325 15640
15.6704 15980
15.7208 16320
15.7712 16660
15.8217 17000
15.8532 17340
15.891 17680
15.9225 18020
15.9666 18360
16.0045 18700
16.0486 19040
16.0927 19380
16.1242 19720
16.1558 20060
16.1873 20400
16.2251 20740
16.2629 21080
16.3008 21420
16.3386 21760
16.3701 22100
16.4016 22440
16.4268 22780
16.4647 23120
16.4962 23460
16.534 23800
16.5655 24140
16.597 24480
16.6286 24820
16.6601 25160
16.6916 25500
16.7231 25840
16.7483 26180
16.7736 26520
16.8051 26860
16.8303 27200
16.8618 27540
16.8933 27880
16.9249 28220
16.9501 28560
16.9816 28900
17.0068 29240
17.0383 29580
17.0635 29920
17.0888 30260
17.1077 30600
17.1392 30940
17.1644 31280
17.1959 31620
17.2211 31960
17.2401 32300
17.2653 32640
17.2905 32980
17.3157 33320
17.3409 33660
17.3661 34000
17.3914 34340
17.4166 34680
17.4418 35020
17.467 35360
17.4922 35700
17.5174 36040
17.5426 36380
17.5679 36720
17.5868 37060
17.612 37400
17.6309 37740
17.6561 38080
17.6813 38420
17.7002 38760
17.7192 39100
17.7444 39440
17.7633 39780
17.7885 40120
17.8074 40460
17.8326 40800
17.8515 41140
17.8768 41480
17.8957 41820
17.9209 42160
17.9398 42500
17.965 42840
17.9839 43180
18.0091 43520
18.0281 43860
18.0533 44200
18.0722 44540
18.0911 44880
18.11 45220
18.1289 45560
18.1541 45900
18.173 46240
18.192 46580
18.2109 46920
18.2298 47260
18.2487 47600
18.2676 47940
18.2865 48280
18.3054 48620
18.3243 48960
18.3433 49300
18.3622 49640
18.3811 49980
18.4 50320
18.4189 50660
18.4378 51000
18.4567 51340
18.4756 51680
18.4946 52020
18.5135 52360
18.5324 52700
18.5513 53040
18.5702 53380
18.5891 53720
18.608 54060
18.6269 54400
18.6458 54740
18.6648 55080
18.6837 55420
18.7026 55760
18.7215 56100
18.7404 56440
18.7593 56780
18.7719 57120
18.7908 57460
18.8098 57800
18.8287 58140
18.8413 58480
18.8539 58820
18.8728 59160
18.8917 59500
18.9106 59840
18.9232 60180
18.9358 60520
18.9547 60860
18.9674 61200
18.9863 61540
19.0052 61880
19.0178 62220
19.0367 62560
19.0493 62900
19.0682 63240
19.0808 63580
19.0997 63920
19.1123 64260
19.1313 64600
19.1439 64940
19.1628 65280
19.1754 65620
19.1943 65960
19.2069 66300
19.2258 66640
19.2384 66980
19.2573 67320
19.2731 46920
20.79 340
20.7924 2720
21.1359 5100
21.158 6800
21.2553 8500
21.271 10880
21.2931 13260
21.3152 15640
21.3809 17340
21.3967 19040
21.4125 21420
21.4345 23120
21.4503 25500
21.4723 27880
21.4944 29580
21.5102 31960
21.5322 33660
21.5858 34000
21.6615 34340
21.7213 34680
21.7749 35020
21.8065 24480
23.1248 340
23.1681 680
23.559 1020
23.5621 1360
23.6657 1700
23.6689 2040
23.672 2380
23.6752 2720
23.7724 3060
23.7756 3400
23.7788 3740
23.7819 4080
23.7851 4420
23.7882 4760
23.7914 5100
23.7945 5440
23.8792 5780
23.8823 6120
23.8855 6460
23.8886 6800
23.8918 7140
23.8949 7480
23.8981 7820
23.9013 8160
23.9044 8500
23.9076 8840
23.9107 9180
23.9139 9520
23.917 9860
23.9202 10200
23.9233 10540
23.9265 10880
23.9859 11220
23.9891 11560
23.9922 11900
23.9954 12240
23.9985 12580
24.0017 12920
24.0048 13260
24.0175 9180
24.2723 9520
24.2912 9860
24.3102 10200
24.3417 10540
24.4079 10880
24.5056 11220
24.5938 11560
24.7042 11900
24.8996 12240
25.0036 12580
25.2211 12920
25.5048 13260
28.2155 13600
28.5685 13940
28.8144 14280
29.0161 14620
29.18 14960
29.325 15300
29.4542 15640
29.574 15980
29.6812 16320
29.7883 16660
29.8829 17000
29.9648 17340
30.05 17680
30.1319 18020
30.3809 18360
30.4818 18700
30.5826 19040
30.6677 19380
30.7497 19720
30.8443 20060
30.9672 20400
31.0744 20740
31.15 21080
31.2004 21420
31.2635 21760
31.3328 22100
31.3959 22440
31.4463 22780
31.4904 23120
31.5345 23460
31.5913 23800
31.6417 24140
31.6984 24480
31.7426 24820
31.7867 25160
31.8308 25500
31.875 25840
31.9254 26180
31.9695 26520
32.0073 26860
32.0452 27200
32.083 27540
32.1271 27880
32.1649 28220
32.2091 28560
32.2469 28900
32.2847 29240
32.3225 29580
32.3604 29920
32.3982 30260
32.436 30600
32.4675 30940
32.4991 31280
32.5369 31620
32.5684 31960
32.6062 32300
32.6377 32640
32.6693 32980
32.7008 33320
32.7323 33660
32.7638 34000
32.8016 34340
32.8269 34680
32.8584 35020
32.8899 35360
32.9214 35700
32.9529 36040
32.9782 36380
33.0097 36720
33.0349 37060
33.0664 37400
33.0979 37740
33.1232 38080
33.1547 38420
33.1799 38760
33.2114 39100
33.2366 39440
33.2618 39780
33.2934 40120
33.3186 40460
33.3501 40800
33.3753 41140
33.3942 41480
33.4194 41820
33.4447 42160
33.4699 42500
33.4951 42840
33.5203 43180
33.5455 43520
33.5707 43860
33.596 44200
33.6212 44540
33.6464 44880
33.6716 45220
33.6968 45560
33.722 45900
33.7409 46240
33.7662 46580
33.7914 46920
33.8166 47260
33.8355 47600
33.8607 47940
33.8796 48280
33.9048 48620
33.9238 48960
33.949 49300
33.9679 49640
33.9931 49980
34.012 50320
34.0372 50660
34.0561 51000
34.0814 51340
34.1003 51680
34.1255 52020
34.1444 52360
34.1696 52700
34.1885 53040
34.2137 53380
34.2327 53720
34.2579 54060
34.2768 54400
34.2957 54740
34.3146 55080
34.3398 55420
34.3587 55760
34.3776 56100
34.3966 56440
34.4155 56780
34.4344 57120
34.4533 57460
34.4722 57800
34.4911 58140
34.51 58480
34.5289 58820
34.5479 59160
34.5668 59500
34.5857 59840
34.6046 60180
34.6235 60520
34.6424 60860
34.6613 61200
34.6802 61540
34.6992 61880
34.7181 62220
34.737 62560
34.7559 62900
34.7748 63240
34.7937 63580
34.8126 63920
34.8315 64260
34.8504 64600
34.8694 64940
34.8883 65280
34.9072 65620
34.9292 45900
36.4462 340
36.4674 2720
36.7984 5100
36.8204 7480
36.924 9860
36.9461 12240
36.9682 14620
36.9902 17000
37.0497 19380
37.0718 21760
37.0938 24140
37.1159 26520
37.1379 28900
37.16 31280
37.1821 33660
37.2483 34000
37.3145 34340
37.3586 34680
37.4342 24140
38.7494 340
38.7927 680
39.1836 1020
39.1867 1360
39.2903 1700
39.2935 2040
39.2966 2380
39.2998 2720
39.3971 3060
39.4002 3400
39.4034 3740
39.4065 4080
39.4097 4420
39.4128 4760
39.416 5100
39.4191 5440
39.5038 5780
39.507 6120
39.5101 6460
39.5133 6800
39.5164 7140
39.5196 7480
39.5227 7820
39.5259 8160
39.529 8500
39.5322 8840
39.5353 9180
39.5385 9520
39.5416 9860
39.5448 10200
39.548 10540
39.5511 10880
39.6106 11220
39.6137 11560
39.6169 11900
39.62 12240
39.6232 12580
39.6358 8500
39.8718 8840
39.8781 9180
39.8844 9520
39.9033 9860
39.9506 10200
40.0451 10540
40.146 10880
40.3067 11220
40.5022 11560
40.6913 11900
40.8867 12240
41.1105 12580
43.8244 12920
44.1774 13260
44.4264 13600
44.6187 13940
44.7826 14280
44.9307 14620
45.0631 14960
45.1766 15300
45.2869 15640
45.3878 15980
45.4823 16320
45.6021 16660
45.8921 17000
45.9929 17340
46.1001 17680
46.2199 18020
46.3081 18360
46.3775 18700
46.4405 19040
46.5036 19380
46.5603 19720
46.6233 20060
46.6801 20400
46.7872 20740
46.8377 21080
46.9385 21420
46.989 21760
47.0331 22100
47.1024 22440
47.1718 22780
47.2159 23120
47.26 23460
47.3105 23800
47.3609 24140
47.4176 24480
47.4618 24820
47.4996 25160
47.5374 25500
47.5879 25840
47.632 26180
47.6824 26520
47.7139 26860
47.7518 27200
47.7959 27540
47.8337 27880
47.8778 28220
47.9157 28560
47.9472 28900
47.985 29240
48.0228 29580
48.0607 29920
48.0985 30260
48.13 30600
48.1678 30940
48.1993 31280
48.2372 31620
48.2687 31960
48.3002 32300
48.3317 32640
48.3632 32980
48.3948 33320
48.4263 33660
48.4641 34000
48.4893 34340
48.5208 34680
48.5524 35020
48.5839 35360
48.6154 35700
48.6406 36040
48.6658 36380
48.6974 36720
48.7226 37060
48.7541 37400
48.7856 37740
48.8108 38080
48.836 38420
48.8676 38760
48.8928 39100
48.9243 39440
48.9432 39780
48.9747 40120
48.9999 40460
49.0315 40800
49.0567 41140
49.0756 41480
49.1008 41820
49.126 42160
49.1512 42500
49.1765 42840
49.2017 43180
49.2269 43520
49.2521 43860
49.2773 44200
49.3025 44540
49.3278 44880
49.353 45220
49.3782 45560
49.3971 45900
49.4223 46240
49.4475 46580
49.4727 46920
49.4917 47260
49.5106 47600
49.5358 47940
49.5547 48280
49.5799 48620
49.5988 48960
49.624 49300
49.643 49640
49.6682 49980
49.6871 50320
49.7123 50660
49.7312 51000
49.7564 51340
49.7753 51680
49.8006 52020
49.8195 52360
49.8447 52700
49.8636 53040
49.8888 53380
49.9077 53720
49.9329 54060
49.9455 54400
49.9645 54740
49.9897 55080
50.0086 55420
50.0275 55760
50.0464 56100
50.0653 56440
50.0842 56780
50.1031 57120
50.1221 57460
50.141 57800
50.1599 58140
50.1788 58480
50.1977 58820
50.2166 59160
50.2355 59500
50.2544 59840
50.2734 60180
50.2923 60520
50.3112 60860
50.3301 61200
50.349 61540
50.3679 61880
50.3868 62220
50.4057 62560
50.4247 62900
50.4436 63240
50.4625 63580
50.4814 63920
50.5003 64260
50.5192 64600
50.5381 64940
50.557 65280
50.5759 65620
50.598 45900
52.1149 340
52.1362 2720
52.4671 5100
52.4892 7480
52.5928 9860
52.6149 12240
52.6369 14620
52.659 17000
52.7185 19380
52.7405 21760
52.7626 24140
52.7846 26520
52.8067 28900
52.8288 31280
52.8508 33660
52.917 34000
52.9832 34340
53.0494 34680
53.103 24140
54.4182 340
54.4615 680
54.8524 1020
54.8555 1360
54.9591 1700
54.9623 2040
54.9654 2380
54.9686 2720
55.0658 3060
55.069 3400
55.0721 3740
55.0753 4080
55.0785 4420
55.0816 4760
55.0848 5100
55.0879 5440
55.1726 5780
55.1757 6120
55.1789 6460
55.182 6800
55.1852 7140
55.1883 7480
55.1915 7820
55.1946 8160
55.1978 8500
55.201 8840
55.2041 9180
55.2073 9520
55.2104 9860
55.2136 10200
55.2167 10540
55.2199 10880
55.2793 11220
55.2825 11560
55.2856 11900
55.2888 12240
55.2919 12580
55.3045 8500
55.5405 8840
55.5468 9180
55.5531 9520
55.572 9860
55.6256 10200
55.7202 10540
55.8147 10880
55.9849 11220
56.0795 11560
56.2655 11900
56.4641 12240
56.7761 12580
59.4963 12920
59.8493 13260
60.0889 13600
60.2874 13940
60.4608 14280
60.6026 14620
60.7319 14960
60.8485 15300
60.9557 15640
61.0597 15980
61.1511 16320
61.2393 16660
61.3244 17000
61.6144 17340
61.7342 17680
61.8225 18020
61.917 18360
62.0242 18700
62.0998 19040
62.1629 19380
62.2259 19720
62.2826 20060
62.3394 20400
62.4465 20740
62.5096 21080
62.6041 21420
62.6483 21760
62.705 22100
62.7681 22440
62.8311 22780
62.8752 23120
62.9257 23460
62.9761 23800
63.0328 24140
63.0833 24480
63.1211 24820
63.1652 25160
63.2093 25500
63.2535 25840
63.3039 26180
63.3417 26520
63.3795 26860
63.4237 27200
63.4615 27540
63.5056 27880
63.5434 28220
63.5813 28560
63.6128 28900
63.6506 29240
63.6884 29580
63.7263 29920
63.7641 30260
63.7956 30600
63.8271 30940
63.8649 31280
63.8965 31620
63.9343 31960
63.9658 32300
63.991 32640
64.0225 32980
64.0541 33320
64.0856 33660
64.1234 34000
64.1486 34340
64.1801 34680
64.2117 35020
64.2432 35360
64.2747 35700
64.3062 36040
64.3314 36380
64.363 36720
64.3882 37060
64.4197 37400
64.4449 37740
64.4764 38080
64.5017 38420
64.5332 38760
64.5584 39100
64.5836 39440
64.6088 39780
64.6403 40120
64.6656 40460
64.6971 40800
64.716 41140
64.7412 41480
64.7664 41820
64.7916 42160
64.8169 42500
64.8421 42840
64.8673 43180
64.8925 43520
64.9177 43860
64.9429 44200
64.9681 44540
64.9934 44880
65.0186 45220
65.0438 45560
65.0627 45900
65.0879 46240
65.1131 46580
65.1384 46920
65.1573 47260
65.1762 47600
65.2014 47940
65.2203 48280
65.2455 48620
65.2644 48960
65.2897 49300
65.3086 49640
65.3338 49980
65.3527 50320
65.3779 50660
65.3968 51000
65.422 51340
65.4409 51680
65.4662 52020
65.4851 52360
65.5103 52700
65.5292 53040
65.5544 53380
65.5733 53720
65.5922 54060
65.6112 54400
65.6301 54740
65.6553 55080
65.6742 55420
65.6931 55760
65.712 56100
65.7309 56440
65.7498 56780
65.7688 57120
65.7877 57460
65.8066 57800
65.8255 58140
65.8444 58480
65.8633 58820
65.8822 59160
65.9011 59500
65.9201 59840
65.939 60180
65.9579 60520
65.9768 60860
65.9957 61200
66.0146 61540
66.0335 61880
66.0524 62220
66.0713 62560
66.0903 62900
66.1092 63240
66.1281 63580
66.147 63920
66.1659 64260
66.1848 64600
66.2037 64940
66.2226 65280
66.2416 65620
66.2636 45900
67.7805 340
67.8018 2720
68.1328 5100
68.1548 7480
68.2584 9860
68.2805 12240
68.3025 14620
68.3246 17000
68.3841 19380
68.4061 21760
68.4282 24140
68.4503 26520
68.4723 28900
68.4944 31280
68.5164 33660
68.5826 34000
68.6488 34340
68.693 34680
68.7686 24140
70.0838 340
70.1271 680
70.518 1020
70.5211 1360
70.6247 1700
70.6279 2040
70.631 2380
70.6342 2720
70.7315 3060
70.7346 3400
70.7378 3740
70.7409 4080
70.7441 4420
70.7472 4760
70.7504 5100
70.7535 5440
70.8382 5780
70.8413 6120
70.8445 6460
70.8476 6800
70.8508 7140
70.854 7480
70.8571 7820
70.8603 8160
70.8634 8500
70.8666 8840
70.8697 9180
70.8729 9520
70.876 9860
70.8792 10200
70.8823 10540
70.8855 10880
70.9449 11220
70.9481 11560
70.9512 11900
70.9544 12240
70.9575 12580
70.9702 8500
71.2061 8840
71.2124 9180
71.2187 9520
71.2376 9860
71.2849 10200
71.3795 10540
71.4803 10880
71.6411 11220
71.8365 11560
72.0256 11900
72.2211 12240
72.4449 12580
75.1587 12920
75.5118 13260
75.7608 13600
75.953 13940
76.1169 14280
76.2651 14620
76.3975 14960
76.5109 15300
76.6213 15640
76.7221 15980
76.8167 16320
76.9365 16660
77.2264 17000
77.3273 17340
77.4345 17680
77.5543 18020
77.6425 18360
77.7119 18700
77.7749 19040
77.8379 19380
77.8947 19720
77.9577 20060
78.0144 20400
78.1216 20740
78.172 21080
78.2729 21420
78.3233 21760
78.3675 22100
78.4368 22440
78.5062 22780
78.5503 23120
78.5944 23460
78.6448 23800
78.6953 24140
78.752 24480
78.7961 24820
78.834 25160
78.8718 25500
78.9222 25840
78.9663 26180
79.0168 26520
79.0483 26860
79.0861 27200
79.1303 27540
79.1681 27880
79.2122 28220
79.25 28560
79.2815 28900
79.3194 29240
79.3572 29580
79.395 29920
79.4328 30260
79.4644 30600
79.5022 30940
79.5337 31280
79.5715 31620
79.6031 31960
79.6346 32300
79.6661 32640
79.6976 32980
79.7291 33320
79.7607 33660
79.7985 34000
79.8237 34340
79.8552 34680
79.8867 35020
79.9183 35360
79.9498 35700
79.975 36040
80.0002 36380
80.0317 36720
80.0569 37060
80.0885 37400
80.12 37740
80.1452 38080
80.1704 38420
80.2019 38760
80.2271 39100
80.2587 39440
80.2776 39780
80.3091 40120
80.3343 40460
80.3658 40800
80.3911 41140
80.41 41480
80.4352 41820
80.4604 42160
80.4856 42500
80.5108 42840
80.536 43180
80.5613 43520
80.5865 43860
80.6117 44200
80.6369 44540
80.6621 44880
80.6873 45220
80.7126 45560
80.7315 45900
80.7567 46240
80.7819 46580
80.8071 46920
80.826 47260
80.8449 47600
80.8702 47940
80.8891 48280
80.9143 48620
80.9332 48960
80.9584 49300
80.9773 49640
81.0025 49980
81.0215 50320
81.0467 50660
81.0656 51000
81.0908 51340
81.1097 51680
81.1349 52020
81.1538 52360
81.1791 52700
81.198 53040
81.2232 53380
81.2421 53720
81.2673 54060
81.2799 54400
81.2988 54740
81.324 55080
81.343 55420
81.3619 55760
81.3808 56100
81.3997 56440
81.4186 56780
81.4375 57120
81.4564 57460
81.4753 57800
81.4943 58140
81.5132 58480
81.5321 58820
81.551 59160
81.5699 59500
81.5888 59840
81.6077 60180
81.6266 60520
81.6455 60860
81.6645 61200
81.6834 61540
81.7023 61880
81.7212 62220
81.7401 62560
81.759 62900
81.7779 63240
81.7968 63580
81.8158 63920
81.8347 64260
81.8536 64600
81.8725 64940
81.8914 65280
81.9103 65620
81.9324 45900
83.4493 340
83.4706 2720
83.8015 5100
83.8236 7480
83.9272 9860
83.9492 12240
83.9713 14620
83.9934 17000
84.0528 19380
84.0749 21760
84.097 24140
84.119 26520
84.1411 28900
84.1631 31280
84.1852 33660
84.2514 34000
84.3176 34340
84.3838 34680
84.4374 24140
85.7526 340
85.7959 680
86.1867 1020
86.1899 1360
86.2935 1700
86.2966 2040
86.2998 2380
86.3029 2720
86.4002 3060
86.4034 3400
86.4065 3740
86.4097 4080
86.4128 4420
86.416 4760
86.4191 5100
86.4223 5440
86.507 5780
86.5101 6120
86.5133 6460
86.5164 6800
86.5196 7140
86.5227 7480
86.5259 7820
86.529 8160
86.5322 8500
86.5353 8840
86.5385 9180
86.5416 9520
86.5448 9860
86.5479 10200
86.5511 10540
86.5542 10880
86.6137 11220
86.6168 11560
86.62 11900
86.6232 12240
86.6263 12580
86.6389 8500
86.8749 8840
86.8812 9180
86.8875 9520
86.9064 9860
86.96 10200
87.0546 10540
87.1491 10880
87.3193 11220
87.4139 11560
87.5998 11900
87.7984 12240
88.1105 12580
90.8306 12920
91.1837 13260
91.4232 13600
91.6218 13940
91.7857 14280
91.937 14620
92.0662 14960
92.1829 15300
92.29 15640
92.394 15980
92.4854 16320
92.5737 16660
92.6588 17000
92.9488 17340
93.0686 17680
93.1568 18020
93.2514 18360
93.3586 18700
93.4342 19040
93.4972 19380
93.5603 19720
93.617 20060
93.6738 20400
93.7809 20740
93.8503 21080
93.9385 21420
93.9826 21760
94.0457 22100
94.1087 22440
94.1655 22780
94.2096 23120
94.2663 23460
94.3168 23800
94.3735 24140
94.4176 24480
94.4618 24820
94.5059 25160
94.55 25500
94.5941 25840
94.6446 26180
94.6761 26520
94.7139 26860
94.7517 27200
94.7959 27540
94.8337 27880
94.8778 28220
94.9093 28560
94.9472 28900
94.985 29240
95.0228 29580
95.0606 29920
95.0985 30260
95.13 30600
95.1678 30940
95.1993 31280
95.2371 31620
95.2687 31960
95.3002 32300
95.3317 32640
95.3632 32980
95.3947 33320
95.4263 33660
95.4578 34000
95.4893 34340
95.5208 34680
95.5523 35020
95.5839 35360
95.6154 35700
95.6406 36040
95.6721 36380
95.6973 36720
95.7289 37060
95.7541 37400
95.7856 37740
95.8108 38080
95.8423 38420
95.8675 38760
95.8991 39100
95.918 39440
95.9432 39780
95.9747 40120
95.9999 40460
96.0314 40800
96.0504 41140
96.0756 41480
96.1008 41820
96.126 42160
96.1512 42500
96.1764 42840
96.2017 43180
96.2269 43520
96.2521 43860
96.2773 44200
96.3025 44540
96.3277 44880
96.353 45220
96.3782 45560
96.3971 45900
96.4223 46240
96.4475 46580
96.4727 46920
96.4916 47260
96.5106 47600
96.5358 47940
96.5547 48280
96.5799 48620
96.5988 48960
96.624 49300
96.6429 49640
96.6682 49980
96.6871 50320
96.7123 50660
96.7312 51000
96.7564 51340
96.7753 51680
96.8005 52020
96.8194 52360
96.8447 52700
96.8636 53040
96.8888 53380
96.9077 53720
96.9266 54060
96.9455 54400
96.9644 54740
96.9897 55080
97.0086 55420
97.0275 55760
97.0464 56100
97.0653 56440
97.0842 56780
97.1031 57120
97.122 57460
97.141 57800
97.1599 58140
97.1788 58480
97.1977 58820
97.2166 59160
97.2355 59500
97.2544 59840
97.2733 60180
97.2922 60520
97.3112 60860
97.3301 61200
97.349 61540
97.3679 61880
97.3868 62220
97.4057 62560
97.4246 62900
97.4435 63240
97.4625 63580
97.4814 63920
97.5003 64260
97.5192 64600
97.5381 64940
97.557 65280
97.5759 65620
97.598 45900
99.1149 340
99.1362 2720
99.4671 5100
99.4892 7480
99.5928 9860
99.6148 12240
99.6369 14620
99.659 17000
99.7184 19380
99.7405 21760
99.7626 24140
99.7846 26520
99.8067 28900
99.8288 31280
99.8508 33660
99.917 34000
99.9832 34340
100.027 34680
100.103 24140
101.418 340
101.461 680
101.852 1020
101.855 1360
101.959 1700
101.962 2040
101.965 2380
101.969 2720
102.066 3060
102.069 3400
102.072 3740
102.075 4080
102.078 4420
102.082 4760
102.085 5100
102.088 5440
102.173 5780
102.176 6120
102.179 6460
102.182 6800
102.185 7140
102.188 7480
102.191 7820
102.195 8160
102.198 8500
102.201 8840
102.204 9180
102.207 9520
102.21 9860
102.214 10200
102.217 10540
102.22 10880
102.279 11220
102.282 11560
102.286 11900
102.289 12240
102.292 12580
102.305 8500
102.54 8840
102.547 9180
102.553 9520
102.572 9860
102.619 10200
102.714 10540
102.815 10880
102.975 11220
103.171 11560
103.36 11900
103.555 12240
103.779 12580
106.493 12920
106.846 13260
107.095 13600
107.287 13940
107.451 14280
107.599 14620
107.732 14960
107.845 15300
107.956 15640
108.056 15980
108.151 16320
108.271 16660
108.561 17000
108.662 17340
108.769 17680
108.889 18020
108.977 18360
109.046 18700
109.109 19040
109.172 19380
109.229 19720
109.292 20060
109.349 20400
109.456 20740
109.506 21080
109.607 21420
109.658 21760
109.702 22100
109.771 22440
109.841 22780
109.885 23120
109.929 23460
109.979 23800
110.03 24140
110.086 24480
110.131 24820
110.168 25160
110.206 25500
110.257 25840
110.301 26180
110.351 26520
110.383 26860
110.42 27200
110.465 27540
110.502 27880
110.547 28220
110.584 28560
110.616 28900
110.654 29240
110.692 29580
110.729 29920
110.767 30260
110.799 30600
110.837 30940
110.868 31280
110.906 31620
110.937 31960
110.969 32300
111 32640
111.032 32980
111.064 33320
111.095 33660
111.133 34000
111.158 34340
111.19 34680
111.221 35020
111.253 35360
111.284 35700
111.309 36040
111.335 36380
111.366 36720
111.391 37060
111.423 37400
111.454 37740
111.48 38080
111.505 38420
111.536 38760
111.562 39100
111.593 39440
111.612 39780
111.643 40120
111.669 40460
111.7 40800
111.725 41140
111.744 41480
111.77 41820
111.795 42160
111.82 42500
111.845 42840
111.87 43180
111.896 43520
111.921 43860
111.946 44200
111.971 44540
111.996 44880
112.022 45220
112.047 45560
112.066 45900
112.091 46240
112.116 46580
112.141 46920
112.16 47260
112.179 47600
112.205 47940
112.223 48280
112.249 48620
112.268 48960
112.293 49300
112.312 49640
112.337 49980
112.356 50320
112.381 50660
112.4 51000
112.425 51340
112.444 51680
112.469 52020
112.488 52360
112.513 52700
112.532 53040
112.558 53380
112.576 53720
112.602 54060
112.614 54400
112.633 54740
112.658 55080
112.677 55420
112.696 55760
112.715 56100
112.734 56440
112.753 56780
112.772 57120
112.791 57460
112.81 57800
112.829 58140
112.848 58480
112.866 58820
112.885 59160
112.904 59500
112.923 59840
112.942 60180
112.961 60520
112.98 60860
112.999 61200
113.018 61540
113.037 61880
113.056 62220
113.074 62560
113.093 62900
113.112 63240
113.131 63580
113.15 63920
113.169 64260
113.188 64600
113.207 64940
113.226 65280
113.245 65620
113.267 45900
114.784 340
114.805 2720
115.136 5100
115.158 7480
115.262 9860
115.284 12240
115.306 14620
115.328 17000
115.387 19380
115.409 21760
115.431 24140
115.453 26520
115.475 28900
115.498 31280
115.52 33660
115.586 34000
115.652 34340
115.718 34680
115.772 24140
117.087 340
117.13 680
117.521 1020
117.524 1360
117.628 1700
117.631 2040
117.634 2380
117.637 2720
117.735 3060
117.738 3400
117.741 3740
117.744 4080
117.747 4420
117.75 4760
117.753 5100
117.757 5440
117.841 5780
117.844 6120
117.848 6460
117.851 6800
117.854 7140
117.857 7480
117.86 7820
117.863 8160
117.867 8500
117.87 8840
117.873 9180
117.876 9520
117.879 9860
117.882 10200
117.885 10540
117.889 10880
117.948 11220
117.951 11560
117.954 11900
117.958 12240
117.961 12580
117.973 8500
118.209 8840
118.216 9180
118.222 9520
118.241 9860
118.294 10200
118.389 10540
118.483 10880
118.654 11220
118.748 11560
118.934 11900
119.133 12240
119.445 12580
122.165 12920
122.518 13260
122.758 13600
122.956 13940
123.13 14280
123.271 14620
123.401 14960
123.517 15300
123.624 15640
123.728 15980
123.82 16320
123.908 16660
123.993 17000
124.283 17340
124.403 17680
124.491 18020
124.586 18360
124.693 18700
124.769 19040
124.832 19380
124.895 19720
124.951 20060
125.008 20400
125.115 20740
125.178 21080
125.273 21420
125.317 21760
125.374 22100
125.437 22440
125.5 22780
125.544 23120
125.594 23460
125.645 23800
125.702 24140
125.752 24480
125.79 24820
125.834 25160
125.878 25500
125.922 25840
125.973 26180
126.01 26520
126.048 26860
126.092 27200
126.13 27540
126.174 27880
126.212 28220
126.25 28560
126.282 28900
126.319 29240
126.357 29580
126.395 29920
126.433 30260
126.464 30600
126.496 30940
126.534 31280
126.565 31620
126.603 31960
126.635 32300
126.66 32640
126.691 32980
126.723 33320
126.754 33660
126.792 34000
126.824 34340
126.855 34680
126.887 35020
126.918 35360
126.95 35700
126.975 36040
127 36380
127.032 36720
127.057 37060
127.088 37400
127.114 37740
127.145 38080
127.17 38420
127.202 38760
127.227 39100
127.252 39440
127.278 39780
127.309 40120
127.334 40460
127.366 40800
127.385 41140
127.41 41480
127.435 41820
127.46 42160
127.486 42500
127.511 42840
127.536 43180
127.561 43520
127.586 43860
127.612 44200
127.637 44540
127.662 44880
127.687 45220
127.713 45560
127.731 45900
127.757 46240
127.782 46580
127.807 46920
127.826 47260
127.845 47600
127.87 47940
127.889 48280
127.914 48620
127.933 48960
127.958 49300
127.977 49640
128.003 49980
128.021 50320
128.047 50660
128.066 51000
128.091 51340
128.11 51680
128.135 52020
128.154 52360
128.179 52700
128.198 53040
128.223 53380
128.242 53720
128.261 54060
128.28 54400
128.299 54740
128.324 55080
128.343 55420
128.362 55760
128.381 56100
128.4 56440
128.419 56780
128.437 57120
128.456 57460
128.475 57800
128.494 58140
128.513 58480
128.532 58820
128.551 59160
128.57 59500
128.589 59840
128.608 60180
128.627 60520
128.646 60860
128.664 61200
128.683 61540
128.702 61880
128.721 62220
128.74 62560
128.759 62900
128.778 63240
128.797 63580
128.816 63920
128.835 64260
128.854 64600
128.872 64940
128.891 65280
128.91 65620
128.932 45900
130.449 340
130.471 2720
130.801 5100
130.824 7480
130.927 9860
130.949 12240
130.971 14620
130.993 17000
131.053 19380
131.075 21760
131.097 24140
131.119 26520
131.141 28900
131.163 31280
131.185 33660
131.251 34000
131.318 34340
131.362 34680
131.437 24140
132.753 340
132.796 680
133.187 1020
133.19 1360
133.293 1700
133.297 2040
133.3 2380
133.303 2720
133.4 3060
133.403 3400
133.406 3740
133.41 4080
133.413 4420
133.416 4760
133.419 5100
133.422 5440
133.507 5780
133.51 6120
133.513 6460
133.516 6800
133.52 7140
133.523 7480
133.526 7820
133.529 8160
133.532 8500
133.535 8840
133.538 9180
133.542 9520
133.545 9860
133.548 10200
133.551 10540
133.554 10880
133.614 11220
133.617 11560
133.62 11900
133.623 12240
133.626 12580
133.639 8500
133.875 8840
133.881 9180
133.887 9520
133.906 9860
133.954 10200
134.048 10540
134.149 10880
134.31 11220
134.505 11560
134.694 11900
134.89 12240
134.943 8500
135.17 8840
135.183 9180
135.208 9520
135.227 9860
135.271 10200
135.353 10540
135.473 10880
135.659 11220
135.848 11560
136.043 11900
136.318 12240
139.035 12580
139.391 12920
139.63 13260
139.829 13600
139.993 13940
140.138 14280
140.273 14620
140.39 14960
140.497 15300
140.601 15640
140.696 15980
140.781 16320
140.866 16660
140.945 17000
141.024 17340
141.096 17680
141.336 18020
141.433 18360
141.534 18700
141.613 19040
141.689 19380
141.84 19720
141.935 20060
142.023 20400
142.086 20740
142.149 21080
142.212 21420
142.275 21760
142.319 22100
142.363 22440
142.414 22780
142.464 23120
142.514 23460
142.571 23800
142.609 24140
142.653 24480
142.691 24820
142.735 25160
142.779 25500
142.823 25840
142.874 26180
142.905 26520
142.943 26860
142.981 27200
143.025 27540
143.063 27880
143.107 28220
143.139 28560
143.17 28900
143.208 29240
143.246 29580
143.284 29920
143.321 30260
143.353 30600
143.391 30940
143.422 31280
143.46 31620
143.492 31960
143.523 32300
143.555 32640
143.586 32980
143.618 33320
143.649 33660
143.681 34000
143.706 34340
143.737 34680
143.769 35020
143.801 35360
143.832 35700
143.857 36040
143.889 36380
143.914 36720
143.946 37060
143.971 37400
144.002 37740
144.027 38080
144.059 38420
144.084 38760
144.116 39100
144.135 39440
144.16 39780
144.191 40120
144.217 40460
144.248 40800
144.267 41140
144.292 41480
144.317 41820
144.343 42160
144.368 42500
144.393 42840
144.418 43180
144.444 43520
144.469 43860
144.494 44200
144.519 44540
144.544 44880
144.57 45220
144.589 45560
144.614 45900
144.633 46240
144.658 46580
144.683 46920
144.702 47260
144.727 47600
144.746 47940
144.771 48280
144.79 48620
144.815 48960
144.834 49300
144.86 49640
144.878 49980
144.904 50320
144.923 50660
144.948 51000
144.967 51340
144.992 51680
145.011 52020
145.036 52360
145.055 52700
145.08 53040
145.099 53380
145.124 53720
145.137 54060
145.156 54400
145.175 54740
145.2 55080
145.219 55420
145.238 55760
145.257 56100
145.276 56440
145.295 56780
145.313 57120
145.332 57460
145.351 57800
145.37 58140
145.389 58480
145.408 58820
145.427 59160
145.446 59500
145.465 59840
145.484 60180
145.503 60520
145.522 60860
145.54 61200
145.559 61540
145.578 61880
145.597 62220
145.616 62560
145.635 62900
145.654 63240
145.673 63580
145.692 63920
145.711 64260
145.73 64600
145.748 64940
145.767 65280
145.78 65620
145.808 45900
147.325 340
147.347 2720
147.677 5100
147.7 7480
147.803 9860
147.825 12240
147.847 14620
147.869 17000
147.929 19380
147.951 21760
147.973 24140
147.995 26520
148.017 28900
148.039 31280
148.061 33660
148.127 34000
148.171 34340
148.238 34680
148.307 24140
149.622 340
149.666 680
150.056 1020
150.06 1360
150.163 1700
150.166 2040
150.169 2380
150.173 2720
150.27 3060
150.273 3400
150.276 3740
150.279 4080
150.282 4420
150.286 4760
150.289 5100
150.292 5440
150.377 5780
150.38 6120
150.383 6460
150.386 6800
150.389 7140
150.392 7480
150.396 7820
150.399 8160
150.402 8500
150.405 8840
150.408 9180
150.411 9520
150.414 9860
150.418 10200
150.421 10540
150.424 10880
150.483 11220
150.487 11560
150.49 11900
150.493 12240
150.496 12580
150.509 8500
150.745 8840
150.751 9180
150.757 9520
150.776 9860
150.83 10200
150.924 10540
151.019 10880
151.189 11220
151.284 11560
151.469 11900
151.668 12240
151.98 12580
154.7 12920
155.053 13260
155.293 13600
155.491 13940
155.665 14280
155.807 14620
155.936 14960
156.053 15300
156.16 15640
156.264 15980
156.355 16320
156.443 16660
156.528 17000
156.818 17340
156.938 17680
157.026 18020
157.121 18360
157.228 18700
157.304 19040
157.367 19380
157.43 19720
157.487 20060
157.543 20400
157.651 20740
157.714 21080
157.808 21420
157.852 21760
157.909 22100
157.972 22440
158.035 22780
158.079 23120
158.13 23460
158.18 23800
158.237 24140
158.287 24480
158.325 24820
158.369 25160
158.413 25500
158.457 25840
158.508 26180
158.546 26520
158.584 26860
158.628 27200
158.666 27540
158.71 27880
158.747 28220
158.785 28560
158.817 28900
158.855 29240
158.892 29580
158.93 29920
158.968 30260
159 30600
159.031 30940
159.069 31280
159.1 31620
159.138 31960
159.17 32300
159.195 32640
159.227 32980
159.258 33320
159.29 33660
159.327 34000
159.353 34340
159.384 34680
159.416 35020
159.447 35360
159.479 35700
159.51 36040
159.535 36380
159.567 36720
159.592 37060
159.624 37400
159.649 37740
159.68 38080
159.706 38420
159.737 38760
159.762 39100
159.788 39440
159.813 39780
159.844 40120
159.87 40460
159.901 40800
159.92 41140
159.945 41480
159.97 41820
159.996 42160
160.021 42500
160.046 42840
160.071 43180
160.097 43520
160.122 43860
160.147 44200
160.172 44540
160.197 44880
160.223 45220
160.248 45560
160.267 45900
160.292 46240
160.317 46580
160.342 46920
160.361 47260
160.38 47600
160.405 47940
160.424 48280
160.45 48620
160.468 48960
160.494 49300
160.513 49640
160.538 49980
160.557 50320
160.582 50660
160.601 51000
160.626 51340
160.645 51680
160.67 52020
160.689 52360
160.714 52700
160.733 53040
160.758 53380
160.777 53720
160.796 54060
160.815 54400
160.834 54740
160.859 55080
160.878 55420
160.897 55760
160.916 56100
160.935 56440
160.954 56780
160.973 57120
160.992 57460
161.011 57800
161.03 58140
161.048 58480
161.067 58820
161.086 59160
161.105 59500
161.124 59840
161.143 60180
161.162 60520
161.181 60860
161.2 61200
161.219 61540
161.238 61880
161.256 62220
161.275 62560
161.294 62900
161.313 63240
161.332 63580
161.351 63920
161.37 64260
161.389 64600
161.408 64940
161.427 65280
161.446 65620
161.468 45900
162.985 340
163.006 2720
163.337 5100
163.359 7480
163.462 9860
163.484 12240
163.507 14620
163.529 17000
163.588 19380
163.61 21760
163.632 24140
163.654 26520
163.676 28900
163.698 31280
163.72 33660
163.787 34000
163.853 34340
163.897 34680
163.973 24140
165.288 340
165.331 680
165.722 1020
165.725 1360
165.829 1700
165.832 2040
165.835 2380
165.838 2720
165.935 3060
165.939 3400
165.942 3740
165.945 4080
165.948 4420
165.951 4760
165.954 5100
165.958 5440
166.042 5780
166.045 6120
166.049 6460
166.052 6800
166.055 7140
166.058 7480
166.061 7820
166.064 8160
166.067 8500
166.071 8840
166.074 9180
166.077 9520
166.08 9860
166.083 10200
166.086 10540
166.089 10880
166.149 11220
166.152 11560
166.155 11900
166.158 12240
166.162 12580
166.174 8500
166.41 8840
166.416 9180
166.423 9520
166.442 9860
166.489 10200
166.584 10540
166.684 10880
166.845 11220
167.041 11560
167.23 11900
167.425 12240
167.649 12580
170.363 12920
170.716 13260
170.965 13600
171.157 13940
171.321 14280
171.469 14620
171.601 14960
171.715 15300
171.825 15640
171.926 15980
172.021 16320
172.14 16660
172.43 17000
172.531 17340
172.639 17680
172.758 18020
172.847 18360
172.916 18700
172.979 19040
173.042 19380
173.099 19720
173.162 20060
173.218 20400
173.326 20740
173.376 21080
173.477 21420
173.527 21760
173.571 22100
173.641 22440
173.71 22780
173.754 23120
173.798 23460
173.849 23800
173.899 24140
173.956 24480
174 24820
174.038 25160
174.076 25500
174.126 25840
174.17 26180
174.221 26520
174.252 26860
174.29 27200
174.334 27540
174.372 27880
174.416 28220
174.454 28560
174.486 28900
174.523 29240
174.561 29580
174.599 29920
174.637 30260
174.668 30600
174.706 30940
174.738 31280
174.776 31620
174.807 31960
174.839 32300
174.87 32640
174.902 32980
174.933 33320
174.965 33660
175.003 34000
175.028 34340
175.059 34680
175.091 35020
175.122 35360
175.154 35700
175.179 36040
175.204 36380
175.236 36720
175.261 37060
175.292 37400
175.324 37740
175.349 38080
175.374 38420
175.406 38760
175.431 39100
175.463 39440
175.482 39780
175.513 40120
175.538 40460
175.57 40800
175.595 41140
175.614 41480
175.639 41820
175.664 42160
175.69 42500
175.715 42840
175.74 43180
175.765 43520
175.791 43860
175.816 44200
175.841 44540
175.866 44880
175.891 45220
175.917 45560
175.935 45900
175.961 46240
175.986 46580
176.011 46920
176.03 47260
176.049 47600
176.074 47940
176.093 48280
176.118 48620
176.137 48960
176.162 49300
176.181 49640
176.207 49980
176.225 50320
176.251 50660
176.27 51000
176.295 51340
176.314 51680
176.339 52020
176.358 52360
176.383 52700
176.402 53040
176.427 53380
176.446 53720
176.471 54060
176.484 54400
176.503 54740
176.528 55080
176.547 55420
176.566 55760
176.585 56100
176.604 56440
176.623 56780
176.642 57120
176.66 57460
176.679 57800
176.698 58140
176.717 58480
176.736 58820
176.755 59160
176.774 59500
176.793 59840
176.812 60180
176.831 60520
176.85 60860
176.868 61200
176.887 61540
176.906 61880
176.925 62220
176.944 62560
176.963 62900
176.982 63240
177.001 63580
177.02 63920
177.039 64260
177.058 64600
177.077 64940
177.095 65280
177.114 65620
177.136 45900
178.653 340
178.675 2720
179.006 5100
179.028 7480
179.131 9860
179.153 12240
179.175 14620
179.197 17000
179.257 19380
179.279 21760
179.301 24140
179.323 26520
179.345 28900
179.367 31280
179.389 33660
179.455 34000
179.522 34340
179.588 34680
179.641 24140
180.957 340
181 680
181.391 1020
181.394 1360
181.497 1700
181.501 2040
181.504 2380
181.507 2720
181.604 3060
181.607 3400
181.611 3740
181.614 4080
181.617 4420
181.62 4760
181.623 5100
181.626 5440
181.711 5780
181.714 6120
181.717 6460
181.72 6800
181.724 7140
181.727 7480
181.73 7820
181.733 8160
181.736 8500
181.739 8840
181.742 9180
181.746 9520
181.749 9860
181.752 10200
181.755 10540
181.758 10880
181.818 11220
181.821 11560
181.824 11900
181.827 12240
181.83 12580
181.843 8500
182.079 8840
182.085 9180
182.092 9520
182.11 9860
182.164 10200
182.259 10540
182.353 10880
182.523 11220
182.618 11560
182.804 11900
183.002 12240
183.314 12580
186.035 12920
186.388 13260
186.627 13600
186.826 13940
186.99 14280
187.141 14620
187.27 14960
187.387 15300
187.494 15640
187.598 15980
187.689 16320
187.778 16660
187.863 17000
188.153 17340
188.273 17680
188.361 18020
188.455 18360
188.563 18700
188.638 19040
188.701 19380
188.764 19720
188.821 20060
188.878 20400
188.985 20740
189.054 21080
189.143 21420
189.187 21760
189.25 22100
189.313 22440
189.369 22780
189.414 23120
189.47 23460
189.521 23800
189.578 24140
189.622 24480
189.666 24820
189.71 25160
189.754 25500
189.798 25840
189.849 26180
189.88 26520
189.918 26860
189.956 27200
190 27540
190.038 27880
190.082 28220
190.113 28560
190.151 28900
190.189 29240
190.227 29580
190.265 29920
190.302 30260
190.334 30600
190.372 30940
190.403 31280
190.441 31620
190.473 31960
190.504 32300
190.536 32640
190.567 32980
190.599 33320
190.63 33660
190.662 34000
190.693 34340
190.725 34680
190.756 35020
190.788 35360
190.819 35700
190.845 36040
190.876 36380
190.901 36720
190.933 37060
190.958 37400
190.99 37740
191.015 38080
191.046 38420
191.072 38760
191.103 39100
191.122 39440
191.147 39780
191.179 40120
191.204 40460
191.235 40800
191.254 41140
191.28 41480
191.305 41820
191.33 42160
191.355 42500
191.38 42840
191.406 43180
191.431 43520
191.456 43860
191.481 44200
191.507 44540
191.532 44880
191.557 45220
191.582 45560
191.601 45900
191.626 46240
191.652 46580
191.677 46920
191.696 47260
191.715 47600
191.74 47940
191.759 48280
191.784 48620
191.803 48960
191.828 49300
191.847 49640
191.872 49980
191.891 50320
191.916 50660
191.935 51000
191.96 51340
191.979 51680
192.005 52020
192.023 52360
192.049 52700
192.068 53040
192.093 53380
192.112 53720
192.131 54060
192.15 54400
192.168 54740
192.194 55080
192.213 55420
192.232 55760
192.25 56100
192.269 56440
192.288 56780
192.307 57120
192.326 57460
192.345 57800
192.364 58140
192.383 58480
192.402 58820
192.421 59160
192.44 59500
192.458 59840
192.477 60180
192.496 60520
192.515 60860
192.534 61200
192.553 61540
192.572 61880
192.591 62220
192.61 62560
192.629 62900
192.648 63240
192.666 63580
192.685 63920
192.704 64260
192.723 64600
192.742 64940
192.761 65280
192.78 65620
192.802 45900
194.319 340
194.34 2720
194.671 5100
194.693 7480
194.797 9860
194.819 12240
194.841 14620
194.863 17000
194.922 19380
194.945 21760
194.967 24140
194.989 26520
195.011 28900
195.033 31280
195.055 33660
195.121 34000
195.187 34340
195.231 34680
195.307 24140
196.622 340
196.666 680
197.056 1020
197.06 1360
197.163 1700
197.166 2040
197.169 2380
197.173 2720
197.27 3060
197.273 3400
197.276 3740
197.279 4080
197.282 4420
197.286 4760
197.289 5100
197.292 5440
197.377 5780
197.38 6120
197.383 6460
197.386 6800
197.389 7140
197.392 7480
197.395 7820
197.399 8160
197.402 8500
197.405 8840
197.408 9180
197.411 9520
197.414 9860
197.418 10200
197.421 10540
197.424 10880
197.483 11220
197.486 11560
197.49 11900
197.493 12240
197.496 12580
197.509 8500
197.745 8840
197.751 9180
197.757 9520
197.776 9860
197.823 10200
197.918 10540
198.019 10880
198.179 11220
198.375 11560
198.564 11900
198.759 12240
198.983 12580
201.697 12920
202.05 13260
202.293 13600
202.495 13940
202.658 14280
202.807 14620
202.933 14960
203.052 15300
203.16 15640
203.261 15980
203.355 16320
203.45 16660
203.532 17000
203.84 17340
203.954 17680
204.055 18020
204.156 18360
204.238 18700
204.307 19040
204.37 19380
204.427 19720
204.49 20060
204.547 20400
204.654 20740
204.717 21080
204.805 21420
204.855 21760
204.912 22100
204.975 22440
205.038 22780
205.082 23120
205.133 23460
205.183 23800
205.24 24140
205.29 24480
205.328 24820
205.372 25160
205.416 25500
205.461 25840
205.511 26180
205.549 26520
205.58 26860
205.618 27200
205.662 27540
205.7 27880
205.744 28220
205.782 28560
205.814 28900
205.851 29240
205.889 29580
205.927 29920
205.965 30260
206.003 30600
206.034 30940
206.072 31280
206.104 31620
206.141 31960
206.167 32300
206.198 32640
206.23 32980
206.261 33320
206.293 33660
206.331 34000
206.356 34340
206.387 34680
206.419 35020
206.45 35360
206.482 35700
206.507 36040
206.532 36380
206.564 36720
206.589 37060
206.621 37400
206.652 37740
206.677 38080
206.703 38420
206.734 38760
206.759 39100
206.791 39440
206.81 39780
206.841 40120
206.866 40460
206.898 40800
206.923 41140
206.942 41480
206.967 41820
206.992 42160
207.018 42500
207.043 42840
207.068 43180
207.093 43520
207.119 43860
207.144 44200
207.169 44540
207.194 44880
207.219 45220
207.245 45560
207.264 45900
207.289 46240
207.314 46580
207.339 46920
207.358 47260
207.377 47600
207.402 47940
207.421 48280
207.446 48620
207.465 48960
207.491 49300
207.509 49640
207.535 49980
207.554 50320
207.579 50660
207.598 51000
207.623 51340
207.642 51680
207.667 52020
207.686 52360
207.711 52700
207.73 53040
207.755 53380
207.774 53720
207.799 54060
207.812 54400
207.831 54740
207.856 55080
207.875 55420
207.894 55760
207.913 56100
207.932 56440
207.951 56780
207.97 57120
207.989 57460
208.007 57800
208.026 58140
208.045 58480
208.064 58820
208.083 59160
208.102 59500
208.121 59840
208.14 60180
208.159 60520
208.178 60860
208.197 61200
208.215 61540
208.234 61880
208.253 62220
208.272 62560
208.291 62900
208.31 63240
208.329 63580
208.348 63920
208.367 64260
208.386 64600
208.405 64940
208.423 65280
208.442 65620
208.464 45900
209.981 340
210.003 2720
210.334 5100
210.356 7480
210.459 9860
210.481 12240
210.503 14620
210.525 17000
210.585 19380
210.607 21760
210.629 24140
210.651 26520
210.673 28900
210.695 31280
210.717 33660
210.783 34000
210.85 34340
210.916 34680
210.969 24140
212.285 340
212.328 680
212.719 1020
212.722 1360
212.826 1700
212.829 2040
212.832 2380
212.835 2720
212.932 3060
212.935 3400
212.939 3740
212.942 4080
212.945 4420
212.948 4760
212.951 5100
212.954 5440
213.039 5780
213.042 6120
213.045 6460
213.049 6800
213.052 7140
213.055 7480
213.058 7820
213.061 8160
213.064 8500
213.067 8840
213.071 9180
213.074 9520
213.077 9860
213.08 10200
213.083 10540
213.086 10880
213.146 11220
213.149 11560
213.152 11900
213.155 12240
213.158 12580
213.171 8500
213.407 8840
213.413 9180
213.42 9520
213.438 9860
213.492 10200
213.587 10540
213.681 10880
213.851 11220
213.946 11560
214.132 11900
214.331 12240
214.643 12580
217.363 12920
217.716 13260
217.955 13600
218.154 13940
218.318 14280
218.469 14620
218.598 14960
218.715 15300
218.822 15640
218.926 15980
219.018 16320
219.106 16660
219.191 17000
219.481 17340
219.601 17680
219.689 18020
219.783 18360
219.891 18700
219.966 19040
220.029 19380
220.092 19720
220.149 20060
220.206 20400
220.313 20740
220.382 21080
220.471 21420
220.515 21760
220.578 22100
220.641 22440
220.698 22780
220.742 23120
220.798 23460
220.849 23800
220.906 24140
220.95 24480
220.994 24820
221.038 25160
221.082 25500
221.126 25840
221.177 26180
221.208 26520
221.246 26860
221.284 27200
221.328 27540
221.366 27880
221.41 28220
221.441 28560
221.479 28900
221.517 29240
221.555 29580
221.593 29920
221.631 30260
221.662 30600
221.7 30940
221.731 31280
221.769 31620
221.801 31960
221.832 32300
221.864 32640
221.895 32980
221.927 33320
221.958 33660
221.99 34000
222.021 34340
222.053 34680
222.084 35020
222.116 35360
222.147 35700
222.173 36040
222.204 36380
222.229 36720
222.261 37060
222.286 37400
222.318 37740
222.343 38080
222.374 38420
222.4 38760
222.431 39100
222.45 39440
222.475 39780
222.507 40120
222.532 40460
222.564 40800
222.582 41140
222.608 41480
222.633 41820
222.658 42160
222.683 42500
222.709 42840
222.734 43180
222.759 43520
222.784 43860
222.809 44200
222.835 44540
222.86 44880
222.885 45220
222.91 45560
222.929 45900
222.954 46240
222.98 46580
223.005 46920
223.024 47260
223.043 47600
223.068 47940
223.087 48280
223.112 48620
223.131 48960
223.156 49300
223.175 49640
223.2 49980
223.219 50320
223.244 50660
223.263 51000
223.288 51340
223.307 51680
223.333 52020
223.352 52360
223.377 52700
223.396 53040
223.421 53380
223.44 53720
223.459 54060
223.478 54400
223.497 54740
223.522 55080
223.541 55420
223.56 55760
223.578 56100
223.597 56440
223.616 56780
223.635 57120
223.654 57460
223.673 57800
223.692 58140
223.711 58480
223.73 58820
223.749 59160
223.768 59500
223.787 59840
223.805 60180
223.824 60520
223.843 60860
223.862 61200
223.881 61540
223.9 61880
223.919 62220
223.938 62560
223.957 62900
223.976 63240
223.995 63580
224.013 63920
224.032 64260
224.051 64600
224.07 64940
224.089 65280
224.108 65620
224.13 45900
225.647 340
225.668 2720
225.999 5100
226.021 7480
226.125 9860
226.147 12240
226.169 14620
226.191 17000
226.251 19380
226.273 21760
226.295 24140
226.317 26520
226.339 28900
226.361 31280
226.383 33660
226.449 34000
226.515 34340
226.559 34680
226.635 24140
227.95 340
227.994 680
228.384 1020
228.388 1360
228.491 1700
228.494 2040
228.497 2380
228.501 2720
228.598 3060
228.601 3400
228.604 3740
228.607 4080
228.611 4420
228.614 4760
228.617 5100
228.62 5440
228.705 5780
228.708 6120
228.711 6460
228.714 6800
228.717 7140
228.72 7480
228.724 7820
228.727 8160
228.73 8500
228.733 8840
228.736 9180
228.739 9520
228.742 9860
228.746 10200
228.749 10540
228.752 10880
228.811 11220
228.815 11560
228.818 11900
228.821 12240
228.824 12580
228.837 8500
229.073 8840
229.079 9180
229.085 9520
229.104 9860
229.151 10200
229.246 10540
229.347 10880
229.508 11220
229.703 11560
229.892 11900
230.088 12240
230.311 12580
233.025 12920
233.378 13260
233.627 13600
233.819 13940
233.983 14280
234.132 14620
234.264 14960
234.377 15300
234.488 15640
234.589 15980
234.683 16320
234.803 16660
235.093 17000
235.194 17340
235.301 17680
235.421 18020
235.509 18360
235.578 18700
235.641 19040
235.704 19380
235.761 19720
235.824 20060
235.881 20400
235.988 20740
236.039 21080
236.139 21420
236.19 21760
236.234 22100
236.303 22440
236.373 22780
236.417 23120
236.461 23460
236.511 23800
236.562 24140
236.618 24480
236.663 24820
236.7 25160
236.738 25500
236.789 25840
236.833 26180
236.883 26520
236.915 26860
236.953 27200
236.997 27540
237.035 27880
237.079 28220
237.116 28560
237.148 28900
237.186 29240
237.224 29580
237.261 29920
237.299 30260
237.331 30600
237.369 30940
237.4 31280
237.438 31620
237.47 31960
237.501 32300
237.533 32640
237.564 32980
237.596 33320
237.627 33660
237.665 34000
237.69 34340
237.722 34680
237.753 35020
237.785 35360
237.816 35700
237.841 36040
237.867 36380
237.898 36720
237.923 37060
237.955 37400
237.986 37740
238.012 38080
238.037 38420
238.068 38760
238.094 39100
238.125 39440
238.144 39780
238.176 40120
238.201 40460
238.232 40800
238.258 41140
238.276 41480
238.302 41820
238.327 42160
238.352 42500
238.377 42840
238.403 43180
238.428 43520
238.453 43860
238.478 44200
238.503 44540
238.529 44880
238.554 45220
238.579 45560
238.598 45900
238.623 46240
238.648 46580
238.674 46920
238.692 47260
238.711 47600
238.737 47940
238.756 48280
238.781 48620
238.8 48960
238.825 49300
238.844 49640
238.869 49980
238.888 50320
238.913 50660
238.932 51000
238.957 51340
238.976 51680
239.001 52020
239.02 52360
239.046 52700
239.064 53040
239.09 53380
239.109 53720
239.134 54060
239.146 54400
239.165 54740
239.191 55080
239.209 55420
239.228 55760
239.247 56100
239.266 56440
239.285 56780
239.304 57120
239.323 57460
239.342 57800
239.361 58140
239.38 58480
239.399 58820
239.417 59160
239.436 59500
239.455 59840
239.474 60180
239.493 60520
239.512 60860
239.531 61200
239.55 61540
239.569 61880
239.588 62220
239.607 62560
239.625 62900
239.644 63240
239.663 63580
239.682 63920
239.701 64260
239.72 64600
239.739 64940
239.758 65280
239.777 65620
239.799 45900
241.316 340
241.337 2720
241.668 5100
241.69 7480
241.794 9860
241.816 12240
241.838 14620
241.86 17000
241.919 19380
241.941 21760
241.963 24140
241.985 26520
242.008 28900
242.03 31280
242.052 33660
242.118 34000
242.184 34340
242.25 34680
242.304 24140
243.619 340
243.662 680
244.053 1020
244.056 1360
244.16 1700
244.163 2040
244.166 2380
244.169 2720
244.267 3060
244.27 3400
244.273 3740
244.276 4080
244.279 4420
244.282 4760
244.286 5100
244.289 5440
244.373 5780
244.377 6120
244.38 6460
244.383 6800
244.386 7140
244.389 7480
244.392 7820
244.395 8160
244.399 8500
244.402 8840
244.405 9180
244.408 9520
244.411 9860
244.414 10200
244.418 10540
244.421 10880
244.48 11220
244.483 11560
244.486 11900
244.49 12240
244.493 12580
244.505 8500
244.741 8840
244.748 9180
244.754 9520
244.773 9860
244.826 10200
244.921 10540
245.016 10880
245.186 11220
245.28 11560
245.466 11900
245.665 12240
245.977 12580
248.697 12920
249.05 13260
249.29 13600
249.488 13940
249.652 14280
249.803 14620
249.933 14960
250.049 15300
250.156 15640
250.26 15980
250.352 16320
250.44 16660
250.525 17000
250.815 17340
250.935 17680
251.023 18020
251.118 18360
251.225 18700
251.301 19040
251.364 19380
251.427 19720
251.483 20060
251.54 20400
251.647 20740
251.717 21080
251.805 21420
251.849 21760
251.912 22100
251.975 22440
252.032 22780
252.076 23120
252.133 23460
252.183 23800
252.24 24140
252.284 24480
252.328 24820
252.372 25160
252.416 25500
252.461 25840
252.511 26180
252.543 26520
252.58 26860
252.618 27200
252.662 27540
252.7 27880
252.744 28220
252.776 28560
252.814 28900
252.851 29240
252.889 29580
252.927 29920
252.965 30260
252.996 30600
253.034 30940
253.066 31280
253.104 31620
253.135 31960
253.167 32300
253.198 32640
253.23 32980
253.261 33320
253.293 33660
253.324 34000
253.356 34340
253.387 34680
253.419 35020
253.45 35360
253.482 35700
253.507 36040
253.539 36380
253.564 36720
253.595 37060
253.621 37400
253.652 37740
253.677 38080
253.709 38420
253.734 38760
253.766 39100
253.784 39440
253.81 39780
253.841 40120
253.866 40460
253.898 40800
253.917 41140
253.942 41480
253.967 41820
253.992 42160
254.018 42500
254.043 42840
254.068 43180
254.093 43520
254.119 43860
254.144 44200
254.169 44540
254.194 44880
254.219 45220
254.245 45560
254.264 45900
254.289 46240
254.314 46580
254.339 46920
254.358 47260
254.377 47600
254.402 47940
254.421 48280
254.446 48620
254.465 48960
254.49 49300
254.509 49640
254.535 49980
254.554 50320
254.579 50660
254.598 51000
254.623 51340
254.642 51680
254.667 52020
254.686 52360
254.711 52700
254.73 53040
254.755 53380
254.774 53720
254.793 54060
254.812 54400
254.831 54740
254.856 55080
254.875 55420
254.894 55760
254.913 56100
254.932 56440
254.951 56780
254.97 57120
254.988 57460
255.007 57800
255.026 58140
255.045 58480
255.064 58820
255.083 59160
255.102 59500
255.121 59840
255.14 60180
255.159 60520
255.178 60860
255.197 61200
255.215 61540
255.234 61880
255.253 62220
255.272 62560
255.291 62900
255.31 63240
255.329 63580
255.348 63920
255.367 64260
255.386 64600
255.405 64940
255.423 65280
255.442 65620
255.464 45900
256.981 340
257.003 2720
257.334 5100
257.356 7480
257.459 9860
257.481 12240
257.503 14620
257.525 17000
257.585 19380
257.607 21760
257.629 24140
257.651 26520
257.673 28900
257.695 31280
257.717 33660
257.783 34000
257.85 34340
257.894 34680
257.969 24140
259.285 340
259.328 680
259.719 1020
259.722 1360
259.826 1700
259.829 2040
259.832 2380
259.835 2720
259.932 3060
259.935 3400
259.939 3740
259.942 4080
259.945 4420
259.948 4760
259.951 5100
259.954 5440
260.039 5780
260.042 6120
260.045 6460
260.048 6800
260.052 7140
260.055 7480
260.058 7820
260.061 8160
260.064 8500
260.067 8840
260.071 9180
260.074 9520
260.077 9860
260.08 10200
260.083 10540
260.086 10880
260.146 11220
260.149 11560
260.152 11900
260.155 12240
260.158 12580
260.171 8500
260.407 8840
260.413 9180
260.42 9520
260.438 9860
260.486 10200
260.58 10540
260.681 10880
260.842 11220
261.037 11560
261.226 11900
261.422 12240
261.646 12580
264.36 12920
264.713 13260
264.962 13600
265.154 13940
265.318 14280
265.466 14620
265.598 14960
265.712 15300
265.822 15640
265.923 15980
266.018 16320
266.137 16660
266.427 17000
266.528 17340
266.635 17680
266.755 18020
266.843 18360
266.913 18700
266.976 19040
267.039 19380
267.096 19720
267.159 20060
267.215 20400
267.322 20740
267.373 21080
267.474 21420
267.524 21760
267.568 22100
267.638 22440
267.707 22780
267.751 23120
267.795 23460
267.846 23800
267.896 24140
267.953 24480
267.997 24820
268.035 25160
268.073 25500
268.123 25840
268.167 26180
268.218 26520
268.249 26860
268.287 27200
268.331 27540
268.369 27880
268.413 28220
268.451 28560
268.482 28900
268.52 29240
268.558 29580
268.596 29920
268.634 30260
268.665 30600
268.703 30940
268.735 31280
268.772 31620
268.804 31960
268.835 32300
268.867 32640
268.898 32980
268.93 33320
268.961 33660
268.999 34000
269.025 34340
269.056 34680
269.088 35020
269.119 35360
269.151 35700
269.176 36040
269.201 36380
269.233 36720
269.258 37060
269.289 37400
269.321 37740
269.346 38080
269.371 38420
269.403 38760
269.428 39100
269.46 39440
269.478 39780
269.51 40120
269.535 40460
269.567 40800
269.592 41140
269.611 41480
269.636 41820
269.661 42160
269.686 42500
269.712 42840
269.737 43180
269.762 43520
269.787 43860
269.813 44200
269.838 44540
269.863 44880
269.888 45220
269.913 45560
269.932 45900
269.958 46240
269.983 46580
270.008 46920
270.027 47260
270.046 47600
270.071 47940
270.09 48280
270.115 48620
270.134 48960
270.159 49300
270.178 49640
270.203 49980
270.222 50320
270.248 50660
270.266 51000
270.292 51340
270.311 51680
270.336 52020
270.355 52360
270.38 52700
270.399 53040
270.424 53380
270.443 53720
270.468 54060
270.481 54400
270.5 54740
270.525 55080
270.544 55420
270.563 55760
270.582 56100
270.601 56440
270.619 56780
270.638 57120
270.657 57460
270.676 57800
270.695 58140
270.714 58480
270.733 58820
270.752 59160
270.771 59500
270.79 59840
270.809 60180
270.827 60520
270.846 60860
270.865 61200
270.884 61540
270.903 61880
270.922 62220
270.941 62560
270.96 62900
270.979 63240
270.998 63580
271.017 63920
271.036 64260
271.054 64600
271.073 64940
271.092 65280
271.111 65620
271.133 45900
272.65 340
272.671 2720
273.002 5100
273.024 7480
273.128 9860
273.15 12240
273.172 14620
273.194 17000
273.254 19380
273.276 21760
273.298 24140
273.32 26520
273.342 28900
273.364 31280
273.386 33660
273.452 34000
273.518 34340
273.585 34680
273.638 24140
274.953 340
274.997 680
275.388 1020
275.391 1360
275.494 1700
275.497 2040
275.501 2380
275.504 2720
275.601 3060
275.604 3400
275.607 3740
275.611 4080
275.614 4420
275.617 4760
275.62 5100
275.623 5440
275.708 5780
275.711 6120
275.714 6460
275.717 6800
275.72 7140
275.724 7480
275.727 7820
275.73 8160
275.733 8500
275.736 8840
275.739 9180
275.742 9520
275.746 9860
275.749 10200
275.752 10540
275.755 10880
275.815 11220
275.818 11560
275.821 11900
275.824 12240
275.827 12580
275.84 8500
276.076 8840
276.082 9180
276.088 9520
276.107 9860
276.161 10200
276.255 10540
276.35 10880
276.52 11220
276.615 11560
276.801 11900
276.999 12240
277.311 12580
280.031 12920
280.385 13260
280.624 13600
280.823 13940
280.987 14280
281.138 14620
281.267 14960
281.384 15300
281.491 15640
281.595 15980
281.686 16320
281.775 16660
281.86 17000
282.15 17340
282.269 17680
282.358 18020
282.452 18360
282.559 18700
282.635 19040
282.698 19380
282.761 19720
282.818 20060
282.875 20400
282.982 20740
283.051 21080
283.139 21420
283.183 21760
283.247 22100
283.31 22440
283.366 22780
283.41 23120
283.467 23460
283.518 23800
283.574 24140
283.618 24480
283.663 24820
283.707 25160
283.751 25500
283.795 25840
283.845 26180
283.877 26520
283.915 26860
283.953 27200
283.997 27540
284.035 27880
284.079 28220
284.11 28560
284.148 28900
284.186 29240
284.224 29580
284.261 29920
284.299 30260
284.331 30600
284.369 30940
284.4 31280
284.438 31620
284.469 31960
284.501 32300
284.533 32640
284.564 32980
284.596 33320
284.627 33660
284.659 34000
284.69 34340
284.722 34680
284.753 35020
284.785 35360
284.816 35700
284.841 36040
284.873 36380
284.898 36720
284.93 37060
284.955 37400
284.986 37740
285.012 38080
285.043 38420
285.068 38760
285.1 39100
285.119 39440
285.144 39780
285.176 40120
285.201 40460
285.232 40800
285.251 41140
285.276 41480
285.302 41820
285.327 42160
285.352 42500
285.377 42840
285.402 43180
285.428 43520
285.453 43860
285.478 44200
285.503 44540
285.529 44880
285.554 45220
285.579 45560
285.598 45900
285.623 46240
285.648 46580
285.674 46920
285.692 47260
285.711 47600
285.737 47940
285.756 48280
285.781 48620
285.8 48960
285.825 49300
285.844 49640
285.869 49980
285.888 50320
285.913 50660
285.932 51000
285.957 51340
285.976 51680
286.001 52020
286.02 52360
286.045 52700
286.064 53040
286.09 53380
286.109 53720
286.127 54060
286.146 54400
286.165 54740
286.19 55080
286.209 55420
286.228 55760
286.247 56100
286.266 56440
286.285 56780
286.304 57120
286.323 57460
286.342 57800
286.361 58140
286.38 58480
286.399 58820
286.417 59160
286.436 59500
286.455 59840
286.474 60180
286.493 60520
286.512 60860
286.531 61200
286.55 61540
286.569 61880
286.588 62220
286.607 62560
286.625 62900
286.644 63240
286.663 63580
286.682 63920
286.701 64260
286.72 64600
286.739 64940
286.758 65280
286.777 65620
286.799 45900
288.316 340
288.337 2720
288.668 5100
288.69 7480
288.794 9860
288.816 12240
288.838 14620
288.86 17000
288.919 19380
288.941 21760
288.963 24140
288.985 26520
289.008 28900
289.03 31280
289.052 33660
289.118 34000
289.184 34340
289.228 34680
289.304 24140
290.619 340
290.662 680
291.053 1020
291.056 1360
291.16 1700
291.163 2040
291.166 2380
291.169 2720
291.267 3060
291.27 3400
291.273 3740
291.276 4080
291.279 4420
291.282 4760
291.286 5100
291.289 5440
291.373 5780
291.377 6120
291.38 6460
291.383 6800
291.386 7140
291.389 7480
291.392 7820
291.395 8160
291.399 8500
291.402 8840
291.405 9180
291.408 9520
291.411 9860
291.414 10200
291.418 10540
291.421 10880
291.48 11220
291.483 11560
291.486 11900
291.49 12240
291.493 12580
291.505 8500
291.741 8840
291.748 9180
291.754 9520
291.773 9860
291.82 10200
291.915 10540
292.016 10880
292.176 11220
292.372 11560
292.561 11900
292.756 12240
292.98 12580
295.694 12920
296.047 13260
296.296 13600
296.488 13940
296.652 14280
296.8 14620
296.933 14960
297.046 15300
297.156 15640
297.257 15980
297.352 16320
297.472 16660
297.762 17000
297.863 17340
297.97 17680
298.089 18020
298.178 18360
298.247 18700
298.31 19040
298.373 19380
298.43 19720
298.493 20060
298.55 20400
298.657 20740
298.707 21080
298.808 21420
298.859 21760
298.903 22100
298.972 22440
299.041 22780
299.085 23120
299.13 23460
299.18 23800
299.23 24140
299.287 24480
299.331 24820
299.369 25160
299.407 25500
299.457 25840
299.502 26180
299.552 26520
299.584 26860
299.621 27200
299.665 27540
299.703 27880
299.747 28220
299.785 28560
299.817 28900
299.855 29240
299.892 29580
299.93 29920
299.968 30260
300 30600
300.037 30940
300.069 31280
300.107 31620
300.138 31960
300.17 32300
300.201 32640
300.233 32980
300.264 33320
300.296 33660
300.334 34000
300.359 34340
300.39 34680
300.422 35020
300.453 35360
300.485 35700
300.51 36040
300.535 36380
300.567 36720
300.592 37060
300.624 37400
300.655 37740
300.68 38080
300.706 38420
300.737 38760
300.762 39100
300.794 39440
300.813 39780
300.844 40120
300.87 40460
300.901 40800
300.926 41140
300.945 41480
300.97 41820
300.996 42160
301.021 42500
301.046 42840
301.071 43180
301.096 43520
301.122 43860
301.147 44200
301.172 44540
301.197 44880
301.223 45220
301.248 45560
301.267 45900
301.292 46240
301.317 46580
301.342 46920
301.361 47260
301.38 47600
301.405 47940
301.424 48280
301.449 48620
301.468 48960
301.494 49300
301.513 49640
301.538 49980
301.557 50320
301.582 50660
301.601 51000
301.626 51340
301.645 51680
301.67 52020
301.689 52360
301.714 52700
301.733 53040
301.758 53380
301.777 53720
301.803 54060
301.815 54400
301.834 54740
301.859 55080
301.878 55420
301.897 55760
301.916 56100
301.935 56440
301.954 56780
301.973 57120
301.992 57460
302.011 57800
302.029 58140
302.048 58480
302.067 58820
302.086 59160
302.105 59500
302.124 59840
302.143 60180
302.162 60520
302.181 60860
302.2 61200
302.219 61540
302.237 61880
302.256 62220
302.275 62560
302.294 62900
302.313 63240
302.332 63580
302.351 63920
302.37 64260
302.389 64600
302.408 64940
302.427 65280
302.446 65620
302.468 45900
303.985 340
304.006 2720
304.337 5100
304.359 7480
304.462 9860
304.484 12240
304.507 14620
304.529 17000
304.588 19380
304.61 21760
304.632 24140
304.654 26520
304.676 28900
304.698 31280
304.72 33660
304.787 34000
304.853 34340
304.919 34680
304.973 24140
306.288 340
306.331 680
306.722 1020
306.725 1360
306.829 1700
306.832 2040
306.835 2380
306.838 2720
306.935 3060
306.939 3400
306.942 3740
306.945 4080
306.948 4420
306.951 4760
306.954 5100
306.957 5440
307.042 5780
307.045 6120
307.048 6460
307.052 6800
307.055 7140
307.058 7480
307.061 7820
307.064 8160
307.067 8500
307.071 8840
307.074 9180
307.077 9520
307.08 9860
307.083 10200
307.086 10540
307.089 10880
307.149 11220
307.152 11560
307.155 11900
307.158 12240
307.162 12580
307.174 8500
307.41 8840
307.416 9180
307.423 9520
307.442 9860
307.495 10200
307.59 10540
307.684 10880
307.855 11220
307.949 11560
308.135 11900
308.334 12240
308.646 12580
311.366 12920
311.719 13260
311.958 13600
312.157 13940
312.321 14280
312.472 14620
312.601 14960
312.718 15300
312.825 15640
312.929 15980
313.021 16320
313.109 16660
313.194 17000
313.478 17340
313.604 17680
313.692 18020
313.79 18360
313.891 18700
313.966 19040
314.036 19380
314.092 19720
314.155 20060
314.212 20400
314.319 20740
314.382 21080
314.471 21420
314.521 21760
314.578 22100
314.647 22440
314.704 22780
314.748 23120
314.798 23460
314.855 23800
314.906 24140
314.95 24480
314.994 24820
315.038 25160
315.082 25500
315.132 25840
315.177 26180
315.214 26520
315.246 26860
315.29 27200
315.328 27540
315.372 27880
315.41 28220
315.448 28560
315.486 28900
315.523 29240
315.561 29580
315.599 29920
315.631 30260
315.668 30600
315.7 30940
315.738 31280
315.769 31620
315.807 31960
315.832 32300
315.864 32640
315.895 32980
315.927 33320
315.958 33660
315.996 34000
316.021 34340
316.053 34680
316.084 35020
316.116 35360
316.147 35700
316.173 36040
316.198 36380
316.229 36720
316.255 37060
316.286 37400
316.318 37740
316.343 38080
316.368 38420
316.4 38760
316.425 39100
316.456 39440
316.475 39780
316.507 40120
316.532 40460
316.563 40800
316.589 41140
316.608 41480
316.633 41820
316.658 42160
316.683 42500
316.708 42840
316.734 43180
316.759 43520
316.784 43860
316.809 44200
316.835 44540
316.86 44880
316.885 45220
316.91 45560
316.929 45900
316.954 46240
316.98 46580
317.005 46920
317.024 47260
317.043 47600
317.068 47940
317.087 48280
317.112 48620
317.131 48960
317.156 49300
317.175 49640
317.2 49980
317.219 50320
317.244 50660
317.263 51000
317.288 51340
317.307 51680
317.333 52020
317.351 52360
317.377 52700
317.396 53040
317.421 53380
317.44 53720
317.465 54060
317.478 54400
317.496 54740
317.522 55080
317.541 55420
317.56 55760
317.578 56100
317.597 56440
317.616 56780
317.635 57120
317.654 57460
317.673 57800
317.692 58140
317.711 58480
317.73 58820
317.749 59160
317.768 59500
317.786 59840
317.805 60180
317.824 60520
317.843 60860
317.862 61200
317.881 61540
317.9 61880
317.919 62220
317.938 62560
317.957 62900
317.976 63240
317.995 63580
318.013 63920
318.032 64260
318.051 64600
318.07 64940
318.089 65280
318.108 65620
318.13 45900
319.647 340
319.668 2720
319.999 5100
320.021 7480
320.125 9860
320.147 12240
320.169 14620
320.191 17000
320.25 19380
320.273 21760
320.295 24140
320.317 26520
320.339 28900
320.361 31280
320.383 33660
320.449 34000
320.515 34340
320.581 34680
320.635 24140
321.95 340
321.994 680
322.384 1020
322.388 1360
322.491 1700
322.494 2040
322.497 2380
322.501 2720
322.598 3060
322.601 3400
322.604 3740
322.607 4080
322.61 4420
322.614 4760
322.617 5100
322.62 5440
322.705 5780
322.708 6120
322.711 6460
322.714 6800
322.717 7140
322.72 7480
322.724 7820
322.727 8160
322.73 8500
322.733 8840
322.736 9180
322.739 9520
322.742 9860
322.746 10200
322.749 10540
322.752 10880
322.811 11220
322.815 11560
322.818 11900
322.821 12240
322.824 12580
322.837 8500
323.073 8840
323.079 9180
323.085 9520
323.104 9860
323.158 10200
323.252 10540
323.347 10880
323.517 11220
323.612 11560
323.798 11900
323.996 12240
324.308 12580
327.028 12920
327.381 13260
327.621 13600
327.819 13940
327.993 14280
328.135 14620
328.264 14960
328.381 15300
328.488 15640
328.592 15980
328.683 16320
328.771 16660
328.856 17000
329.146 17340
329.266 17680
329.354 18020
329.449 18360
329.556 18700
329.632 19040
329.695 19380
329.758 19720
329.815 20060
329.871 20400
329.979 20740
330.042 21080
330.136 21420
330.18 21760
330.237 22100
330.3 22440
330.363 22780
330.407 23120
330.458 23460
330.508 23800
330.565 24140
330.615 24480
330.653 24820
330.697 25160
330.741 25500
330.785 25840
330.836 26180
330.874 26520
330.912 26860
330.956 27200
330.994 27540
331.038 27880
331.075 28220
331.113 28560
331.145 28900
331.183 29240
331.22 29580
331.258 29920
331.296 30260
331.328 30600
331.359 30940
331.397 31280
331.428 31620
331.466 31960
331.498 32300
331.523 32640
331.555 32980
331.586 33320
331.618 33660
331.655 34000
331.681 34340
331.712 34680
331.744 35020
331.775 35360
331.807 35700
331.838 36040
331.863 36380
331.895 36720
331.92 37060
331.952 37400
331.977 37740
332.008 38080
332.034 38420
332.065 38760
332.09 39100
332.116 39440
332.141 39780
332.172 40120
332.198 40460
332.229 40800
332.248 41140
332.273 41480
332.298 41820
332.324 42160
332.349 42500
332.374 42840
332.399 43180
332.425 43520
332.45 43860
332.475 44200
332.5 44540
332.525 44880
332.551 45220
332.576 45560
332.595 45900
332.62 46240
332.645 46580
332.67 46920
332.689 47260
332.708 47600
332.733 47940
332.752 48280
332.778 48620
332.796 48960
332.822 49300
332.841 49640
332.866 49980
332.885 50320
332.91 50660
332.929 51000
332.954 51340
332.973 51680
332.998 52020
333.017 52360
333.042 52700
333.061 53040
333.086 53380
333.105 53720
333.124 54060
333.143 54400
333.162 54740
333.187 55080
333.206 55420
333.225 55760
333.244 56100
333.263 56440
333.282 56780
333.301 57120
333.32 57460
333.339 57800
333.358 58140
333.376 58480
333.395 58820
333.414 59160
333.433 59500
333.452 59840
333.471 60180
333.49 60520
333.509 60860
333.528 61200
333.547 61540
333.566 61880
333.584 62220
333.603 62560
333.622 62900
333.641 63240
333.66 63580
333.679 63920
333.698 64260
333.717 64600
333.736 64940
333.755 65280
333.774 65620
333.796 45900
335.313 340
335.334 2720
335.665 5100
335.687 7480
335.79 9860
335.813 12240
335.835 14620
335.857 17000
335.916 19380
335.938 21760
335.96 24140
335.982 26520
336.004 28900
336.026 31280
336.048 33660
336.115 34000
336.181 34340
336.225 34680
336.301 24140
337.616 340
337.659 680
338.05 1020
338.053 1360
338.157 1700
338.16 2040
338.163 2380
338.166 2720
338.263 3060
338.267 3400
338.27 3740
338.273 4080
338.276 4420
338.279 4760
338.282 5100
338.286 5440
338.37 5780
338.373 6120
338.377 6460
338.38 6800
338.383 7140
338.386 7480
338.389 7820
338.392 8160
338.395 8500
338.399 8840
338.402 9180
338.405 9520
338.408 9860
338.411 10200
338.414 10540
338.418 10880
338.477 11220
338.48 11560
338.483 11900
338.486 12240
338.49 12580
338.502 8500
338.738 8840
338.744 9180
338.751 9520
338.77 9860
338.817 10200
338.912 10540
339.012 10880
339.173 11220
339.369 11560
339.558 11900
339.753 12240
339.977 12580
341.304 8500
341.534 8840
341.54 9180
341.547 9520
341.553 9860
341.559 10200
341.565 10540
341.66 10880
341.805 11220
341.978 11560
342.168 11900
342.42 12240
342.77 12580
345.483 12920
345.836 13260
346.089 13600
346.284 13940
346.448 14280
346.593 14620
346.725 14960
346.842 15300
346.952 15640
347.05 15980
347.148 16320
347.236 16660
347.318 17000
347.4 17340
347.479 17680
347.545 18020
347.62 18360
347.69 18700
347.747 19040
347.816 19380
347.869 19720
348.122 20060
348.2 20400
348.254 20740
348.323 21080
348.487 21420
348.557 21760
348.626 22100
348.708 22440
348.758 22780
348.828 23120
348.884 23460
348.935 23800
348.992 24140
349.042 24480
349.086 24820
349.13 25160
349.174 25500
349.225 25840
349.269 26180
349.307 26520
349.351 26860
349.389 27200
349.433 27540
349.471 27880
349.509 28220
349.546 28560
349.578 28900
349.616 29240
349.654 29580
349.691 29920
349.729 30260
349.761 30600
349.799 30940
349.83 31280
349.868 31620
349.899 31960
349.931 32300
349.962 32640
349.994 32980
350.025 33320
350.057 33660
350.095 34000
350.12 34340
350.152 34680
350.183 35020
350.215 35360
350.246 35700
350.271 36040
350.297 36380
350.328 36720
350.353 37060
350.385 37400
350.416 37740
350.442 38080
350.467 38420
350.498 38760
350.523 39100
350.549 39440
350.574 39780
350.605 40120
350.631 40460
350.662 40800
350.681 41140
350.706 41480
350.732 41820
350.757 42160
350.782 42500
350.807 42840
350.832 43180
350.858 43520
350.883 43860
350.908 44200
350.933 44540
350.958 44880
350.984 45220
351.009 45560
351.028 45900
351.053 46240
351.078 46580
351.103 46920
351.122 47260
351.141 47600
351.166 47940
351.185 48280
351.211 48620
351.23 48960
351.255 49300
351.274 49640
351.299 49980
351.318 50320
351.343 50660
351.362 51000
351.387 51340
351.406 51680
351.431 52020
351.45 52360
351.475 52700
351.494 53040
351.52 53380
351.538 53720
351.557 54060
351.576 54400
351.595 54740
351.62 55080
351.639 55420
351.658 55760
351.677 56100
351.696 56440
351.715 56780
351.734 57120
351.753 57460
351.772 57800
351.791 58140
351.809 58480
351.828 58820
351.847 59160
351.866 59500
351.885 59840
351.904 60180
351.923 60520
351.942 60860
351.961 61200
351.98 61540
351.999 61880
352.018 62220
352.036 62560
352.055 62900
352.074 63240
352.093 63580
352.112 63920
352.131 64260
352.15 64600
352.169 64940
352.188 65280
352.207 65620
352.229 45900
353.746 340
353.767 2720
354.098 5100
354.12 7480
354.224 9860
354.246 12240
354.268 14620
354.29 17000
354.349 19380
354.371 21760
354.393 24140
354.415 26520
354.437 28900
354.459 31280
354.482 33660
354.548 34000
354.614 34340
354.658 34680
354.734 24140
356.049 340
356.092 680
356.483 1020
356.486 1360
356.59 1700
356.593 2040
356.596 2380
356.599 2720
356.697 3060
356.7 3400
356.703 3740
356.706 4080
356.709 4420
356.712 4760
356.715 5100
356.719 5440
356.803 5780
356.806 6120
356.81 6460
356.813 6800
356.816 7140
356.819 7480
356.822 7820
356.825 8160
356.829 8500
356.832 8840
356.835 9180
356.838 9520
356.841 9860
356.844 10200
356.847 10540
356.851 10880
356.91 11220
356.913 11560
356.916 11900
356.919 12240
356.923 12580
356.935 8500
357.171 8840
357.178 9180
357.184 9520
357.203 9860
357.25 10200
357.345 10540
357.445 10880
357.606 11220
357.802 11560
357.991 11900
358.186 12240
358.41 12580
361.124 12920
361.477 13260
361.726 13600
361.918 13940
362.088 14280
362.23 14620
362.363 14960
362.476 15300
362.586 15640
362.876 15980
363.04 16320
363.151 16660
363.289 17000
363.384 17340
363.459 17680
363.541 18020
363.611 18360
363.68 18700
363.743 19040
363.806 19380
363.869 19720
363.926 20060
363.983 20400
364.071 20740
364.166 21080
364.241 21420
364.298 21760
364.361 22100
364.43 22440
364.474 22780
364.519 23120
364.569 23460
364.619 23800
364.676 24140
364.727 24480
364.764 24820
364.809 25160
364.853 25500
364.897 25840
364.947 26180
364.985 26520
365.023 26860
365.054 27200
365.099 27540
365.136 27880
365.18 28220
365.218 28560
365.25 28900
365.288 29240
365.325 29580
365.363 29920
365.401 30260
365.439 30600
365.47 30940
365.508 31280
365.54 31620
365.578 31960
365.609 32300
365.634 32640
365.666 32980
365.697 33320
365.729 33660
365.767 34000
365.792 34340
365.823 34680
365.855 35020
365.887 35360
365.918 35700
365.943 36040
365.968 36380
366 36720
366.025 37060
366.057 37400
366.088 37740
366.113 38080
366.139 38420
366.17 38760
366.195 39100
366.227 39440
366.246 39780
366.277 40120
366.303 40460
366.334 40800
366.359 41140
366.378 41480
366.403 41820
366.429 42160
366.454 42500
366.479 42840
366.504 43180
366.53 43520
366.555 43860
366.58 44200
366.605 44540
366.63 44880
366.656 45220
366.681 45560
366.7 45900
366.725 46240
366.75 46580
366.775 46920
366.801 47260
366.819 47600
366.838 47940
366.864 48280
366.883 48620
366.908 48960
366.927 49300
366.952 49640
366.971 49980
366.996 50320
367.015 50660
367.04 51000
367.059 51340
367.084 51680
367.103 52020
367.128 52360
367.147 52700
367.173 53040
367.191 53380
367.217 53720
367.236 54060
367.254 54400
367.267 54740
367.292 55080
367.311 55420
367.33 55760
367.349 56100
367.368 56440
367.387 56780
367.406 57120
367.431 57460
367.444 57800
367.463 58140
367.481 58480
367.5 58820
367.519 59160
367.538 59500
367.557 59840
367.576 60180
367.595 60520
367.614 60860
367.633 61200
367.652 61540
367.671 61880
367.689 62220
367.708 62560
367.727 62900
367.746 63240
367.765 63580
367.784 63920
367.803 64260
367.822 64600
367.841 64940
367.86 65280
367.879 65620
367.901 45900
369.418 340
369.439 2040
369.77 4420
369.877 6800
369.899 9180
369.986 11560
370.008 13940
370.031 16320
370.053 18700
370.096 21080
370.118 23460
370.14 25840
370.162 28220
370.185 30600
370.207 32980
370.273 33320
370.339 33660
370.405 34000
370.459 23800
371.768 340
371.824 680
372.205 1020
372.208 1360
372.312 1700
372.315 2040
372.318 2380
372.321 2720
372.418 3060
372.422 3400
372.425 3740
372.428 4080
372.431 4420
372.434 4760
372.437 5100
372.441 5440
372.525 5780
372.528 6120
372.532 6460
372.535 6800
372.538 7140
372.541 7480
372.544 7820
372.547 8160
372.55 8500
372.554 8840
372.557 9180
372.56 9520
372.563 9860
372.566 10200
372.569 10540
372.572 10880
372.632 11220
372.645 7820
372.855 8160
372.862 8500
372.868 8840
372.912 9180
372.985 9520
373.111 9860
373.23 10200
373.404 10540
373.577 10880
373.905 11220
376.622 11560
376.975 11900
377.221 12240
377.426 12580
377.583 12920
377.731 13260
377.864 13600
377.977 13940
378.094 14280
378.192 14620
378.321 14960
378.668 15300
378.768 15640
378.872 15980
378.961 16320
379.03 16660
379.103 17000
379.172 17340
379.241 17680
379.311 18020
379.367 18360
379.424 18700
379.481 19040
379.538 19380
379.594 19720
379.695 20060
379.758 20400
379.84 20740
379.891 21080
379.947 21420
380.01 21760
380.061 22100
380.111 22440
380.162 22780
380.212 23120
380.269 23460
380.307 23800
380.344 24140
380.382 24480
380.426 24820
380.471 25160
380.515 25500
380.559 25840
380.59 26180
380.628 26520
380.672 26860
380.71 27200
380.754 27540
380.786 27880
380.817 28220
380.849 28560
380.887 28900
380.924 29240
380.962 29580
380.994 29920
381.032 30260
381.063 30600
381.101 30940
381.132 31280
381.164 31620
381.196 31960
381.227 32300
381.259 32640
381.29 32980
381.322 33320
381.347 33660
381.378 34000
381.41 34340
381.441 34680
381.473 35020
381.498 35360
381.523 35700
381.555 36040
381.58 36380
381.612 36720
381.637 37060
381.668 37400
381.694 37740
381.725 38080
381.75 38420
381.775 38760
381.801 39100
381.826 39440
381.851 39780
381.876 40120
381.902 40460
381.927 40800
381.952 41140
381.977 41480
382.002 41820
382.028 42160
382.053 42500
382.078 42840
382.103 43180
382.128 43520
382.154 43860
382.179 44200
382.204 44540
382.223 44880
382.242 45220
382.267 45560
382.286 45900
382.311 46240
382.337 46580
382.355 46920
382.374 47260
382.4 47600
382.418 47940
382.444 48280
382.463 48620
382.488 48960
382.507 49300
382.532 49640
382.551 49980
382.576 50320
382.595 50660
382.62 51000
382.639 51340
382.664 51680
382.683 52020
382.702 52360
382.727 52700
382.746 53040
382.772 53380
382.784 53720
382.803 54060
382.822 54400
382.841 54740
382.866 55080
382.885 55420
382.898 55760
382.916 56100
382.935 56440
382.954 56780
382.973 57120
382.992 57460
383.011 57800
383.03 58140
383.049 58480
383.068 58820
383.087 59160
383.106 59500
383.125 59840
383.143 60180
383.162 60520
383.181 60860
383.2 61200
383.219 61540
383.238 61880
383.257 62220
383.276 62560
383.295 62900
383.314 63240
383.333 63580
383.351 63920
383.37 64260
383.389 64600
383.408 64940
383.427 65280
383.446 65620
383.468 45900
384.985 340
385.006 2720
385.337 5100
385.359 7480
385.463 9860
385.485 12240
385.507 14620
385.529 17000
385.589 19380
385.611 21760
385.633 24140
385.655 26520
385.677 28900
385.699 31280
385.721 33660
385.787 34000
385.853 34340
385.897 34680
385.973 24140
387.288 340
387.332 680
387.722 1020
387.726 1360
387.829 1700
387.832 2040
387.835 2380
387.839 2720
387.936 3060
387.939 3400
387.942 3740
387.945 4080
387.949 4420
387.952 4760
387.955 5100
387.958 5440
388.043 5780
388.046 6120
388.049 6460
388.052 6800
388.055 7140
388.058 7480
388.062 7820
388.065 8160
388.068 8500
388.071 8840
388.074 9180
388.077 9520
388.08 9860
388.084 10200
388.087 10540
388.09 10880
388.149 11220
388.153 11560
388.156 11900
388.159 12240
388.162 12580
388.175 8500
388.411 8840
388.417 9180
388.423 9520
388.442 9860
388.489 10200
388.584 10540
388.685 10880
388.846 11220
389.041 11560
389.23 11900
389.426 12240
389.649 12580
392.36 12920
392.716 13260
392.959 13600
393.158 13940
393.331 14280
393.473 14620
393.602 14960
393.719 15300
394.1 15640
394.226 15980
394.384 16320
394.478 16660
394.56 17000
394.642 17340
394.718 17680
394.787 18020
394.856 18360
394.926 18700
394.989 19040
395.052 19380
395.115 19720
395.172 20060
395.228 20400
395.285 20740
395.392 21080
395.443 21420
395.499 21760
395.588 22100
395.632 22440
395.701 22780
395.764 23120
395.808 23460
395.859 23800
395.909 24140
395.966 24480
396.01 24820
396.054 25160
396.098 25500
396.142 25840
396.193 26180
396.231 26520
396.269 26860
396.313 27200
396.35 27540
396.395 27880
396.432 28220
396.47 28560
396.502 28900
396.54 29240
396.577 29580
396.615 29920
396.653 30260
396.685 30600
396.716 30940
396.754 31280
396.785 31620
396.823 31960
396.855 32300
396.886 32640
396.918 32980
396.949 33320
396.981 33660
397.012 34000
397.044 34340
397.075 34680
397.107 35020
397.138 35360
397.17 35700
397.195 36040
397.227 36380
397.252 36720
397.283 37060
397.309 37400
397.34 37740
397.365 38080
397.397 38420
397.422 38760
397.454 39100
397.473 39440
397.498 39780
397.529 40120
397.555 40460
397.586 40800
397.605 41140
397.63 41480
397.655 41820
397.681 42160
397.706 42500
397.731 42840
397.756 43180
397.782 43520
397.807 43860
397.832 44200
397.857 44540
397.882 44880
397.908 45220
397.933 45560
397.952 45900
397.977 46240
398.002 46580
398.027 46920
398.046 47260
398.065 47600
398.09 47940
398.109 48280
398.135 48620
398.153 48960
398.179 49300
398.198 49640
398.223 49980
398.242 50320
398.267 50660
398.286 51000
398.311 51340
398.33 51680
398.355 52020
398.374 52360
398.399 52700
398.418 53040
398.443 53380
398.462 53720
398.481 54060
398.5 54400
398.519 54740
398.544 55080
398.563 55420
398.582 55760
398.601 56100
398.62 56440
398.639 56780
398.658 57120
398.677 57460
398.696 57800
398.714 58140
398.733 58480
398.752 58820
398.771 59160
398.79 59500
398.809 59840
398.828 60180
398.847 60520
398.866 60860
398.885 61200
398.904 61540
398.923 61880
398.941 62220
398.96 62560
398.979 62900
398.998 63240
399.017 63580
399.036 63920
399.055 64260
399.074 64600
399.093 64940
399.112 65280
399.131 65620
399.153 45900
