0.0 0
0.260277 3400
0.52673 3740
0.539338 4420
0.551946 5100
0.564554 5780
0.577162 6460
0.783466 6800
0.798623 7480
0.811231 8160
0.823839 8840
0.836447 9520
0.849055 10200
0.861663 10880
0.874271 11560
0.886879 12240
0.899487 12920
1.05536 13600
1.07052 14280
1.08312 14960
1.09573 15640
1.10834 16320
1.12095 17000
1.13356 17680
1.14616 18360
1.15877 19040
1.17138 19720
1.18399 20400
1.1966 21080
1.2092 21760
1.22181 22440
1.23442 23120
1.24703 23800
1.25964 24480
1.28485 25840
1.32725 26520
1.33986 27200
1.35247 27880
1.36508 28560
1.37768 29240
1.39029 29920
1.4029 30600
1.41551 31280
1.42812 31960
1.44072 32640
1.45333 33320
1.46594 34000
1.47855 34680
1.49116 35360
1.50376 36040
1.51637 36720
1.52898 37400
1.54159 38080
1.5542 38760
1.5668 39440
1.59202 40800
1.60463 41480
1.61724 42160
1.62984 42840
1.64245 43520
1.65506 44200
1.66767 44880
1.68658 45220
1.70549 31620
3.53132 340
3.62191 1020
4.06319 44540
4.32878 44880
4.53051 45220
5.06004 31620
6.23025 340
6.71799 680
6.98358 1020
6.98989 1360
7.24917 1700
7.25548 2040
7.26178 2380
7.26808 2720
7.51476 3060
7.52106 3400
7.52737 3740
7.53367 4080
7.53998 4420
7.54628 4760
7.55258 5100
7.55889 5440
7.78035 5780
7.78665 6120
7.79296 6460
7.79926 6800
7.80557 7140
7.81187 7480
7.81817 7820
7.82448 8160
7.83078 8500
7.83709 8840
7.84339 9180
7.84969 9520
7.856 9860
7.8623 10200
7.86861 10540
8.05855 7140
8.74568 7480
8.75829 7820
8.7709 8160
8.78351 8500
8.80872 8840
8.94741 9180
9.11131 9520
9.30674 9860
9.5652 10200
9.91823 10540
10.9395 7140
11.2421 7480
11.2744 7820
11.287 8160
11.2996 8500
11.3248 8840
11.495 9180
11.6913 9520
11.9191 9860
12.1846 10200
12.5574 10540
13.5756 7140
14.3724 7480
14.385 7820
14.467 8160
14.4859 8500
14.5623 8840
14.6443 6120
14.9099 6460
15.017 6800
15.0297 7140
15.0423 7480
15.2826 7820
15.3969 8160
15.6625 8500
16.092 8840
17.3254 6120
17.591 6460
17.7423 6800
17.7549 7140
17.7675 7480
18.0079 7820
18.0457 5440
18.3176 5780
18.3617 6120
18.3743 6460
18.5454 6800
18.8109 7140
18.8614 4760
19.127 5100
19.2026 5440
19.2152 5780
19.3484 6120
19.6203 6460
19.6392 4420
19.9111 4760
20.012 5100
20.0246 5440
20.1515 5780
20.4234 6120
20.8214 6460
22.0484 4420
22.314 4760
22.4275 5100
22.4401 5440
22.567 5780
22.8389 6120
23.2369 6460
23.389 4420
23.9202 4760
24.04 5100
24.0526 5440
24.1669 5780
24.4387 6120
24.8493 6460
27.3027 4420
27.8338 4760
27.9103 5100
27.9229 5440
28.0805 5780
28.3272 6120
28.7197 6460
31.4071 6800
31.7799 7140
32.0518 7480
32.185 7820
32.3552 8160
32.501 8500
32.6334 8840
32.7477 9180
32.8611 9520
33.0006 9860
33.0574 10200
33.1393 10540
33.2725 10880
33.3104 11220
33.386 11560
33.449 11900
33.4869 8160
33.7651 8500
33.8667 8840
33.8794 9180
33.9172 9520
33.9298 9860
34.1323 10200
34.1954 10540
34.3979 10880
34.5555 11220
34.8022 11560
35.201 11900
37.6985 8160
37.9641 8500
38.0397 8840
38.0523 9180
38.0649 9520
38.1414 9860
38.3053 10200
38.3809 7140
38.6465 7480
38.7545 7820
38.7671 8160
38.8365 8500
38.8869 8840
39.0516 9180
39.1462 6120
39.4118 6460
39.4748 6800
39.5639 7140
39.5765 7480
39.6585 7820
39.6774 5440
39.9493 5780
40.114 6120
40.1266 6460
40.1392 6800
40.3796 7140
40.6515 7480
40.9171 7820
41.5302 5440
41.7958 5780
41.8462 6120
41.9857 6460
41.9983 6800
42.2576 7140
42.5295 7480
42.7951 7820
43.3452 5440
43.6108 5780
43.6612 6120
43.6738 6460
43.7179 4420
43.9898 4760
44.1483 5100
44.1987 5440
44.2365 5780
44.4769 6120
44.9576 6460
47.6198 6800
47.6955 4760
47.9611 5100
48.0115 5440
48.0241 5780
48.2014 6120
48.4544 6460
48.8146 6800
51.2049 4760
51.736 5100
51.7865 5440
51.8306 5780
51.8495 3740
52.1214 4080
52.2735 4420
52.324 4760
52.3618 5100
52.6337 5440
53.0829 5780
54.4235 3740
55.4858 4080
55.4984 4420
55.5678 4760
55.7577 5100
56.0296 5440
56.3708 5780
56.415 3740
56.6805 4080
56.8579 4420
56.9083 4760
56.9209 5100
57.1739 5440
57.6673 5780
58.5586 3740
58.8242 4080
59.0078 4420
59.0456 4760
59.0708 5100
59.3112 5440
59.8172 5780
60.3547 3740
60.8858 4080
60.9363 4420
60.9489 4760
61.1514 5100
61.4233 5440
61.7457 5780
64.4331 3740
64.6987 4080
64.8886 4420
64.9138 4760
64.9453 5100
65.192 5440
65.4828 3740
65.7484 4080
65.9573 4420
65.9762 4760
66.2291 5100
66.501 5440
66.8423 3740
67.1079 4080
67.3167 4420
67.3293 4760
67.5886 5100
67.8605 5440
68.4736 3740
68.7392 4080
68.9481 4420
68.9607 4760
69.22 5100
69.4919 5440
70.3391 3740
70.6046 4080
70.6425 4420
70.8387 4760
71.1043 5100
71.3762 5440
74.0888 5780
74.1267 3740
74.3985 4080
74.4427 4420
74.62 4760
74.6452 5100
74.8856 5440
75.252 5780
75.5239 3740
75.7895 4080
75.9984 4420
76.011 4760
76.0362 5100
76.2829 5440
76.5611 3740
76.8267 4080
76.8645 4420
76.8771 4760
77.1742 5100
77.6171 5440
78.1924 3740
78.5085 4080
78.5211 4420
78.7047 3060
78.9703 3400
79.0522 3740
79.2296 4080
79.5078 4420
82.2519 4760
82.6948 5100
82.8146 5440
83.055 5780
83.2386 6120
83.3269 6460
83.3521 4420
83.624 4760
83.7761 5100
83.7887 5440
83.8707 5780
84.13 6120
84.5855 4080
84.8511 4420
84.9267 4760
84.9393 5100
85.1167 5440
85.3823 5780
85.7298 6120
88.4361 6460
88.455 4420
88.7269 4760
88.7774 5100
88.79 5440
88.9673 5780
89.2392 6120
89.5867 6460
90.3457 4420
90.6113 4760
90.6743 5100
90.6869 5440
90.8642 5780
91.1172 6120
91.4774 6460
91.4963 4420
91.7682 4760
91.9266 5100
91.9392 5440
92.0086 5780
92.2804 6120
92.736 6460
92.8684 4420
93.3995 4760
93.4121 5100
93.5706 5440
93.6525 5780
93.8929 6120
94.3736 6460
94.4304 4420
94.696 4760
94.7401 5100
94.7527 5440
94.9552 5780
95.1893 6120
95.5495 6460
95.9924 4420
96.5236 4760
96.574 5100
96.5866 5440
96.7765 5780
97.0484 6120
97.3834 6460
97.6111 4420
97.8767 4760
97.9461 5100
97.965 5440
98.1234 5780
98.3953 6120
98.7554 6460
99.7422 4420
100.008 4760
100.052 5100
100.064 5440
100.261 5780
100.533 6120
100.558 4080
100.83 4420
100.886 4760
100.905 5100
101.07 5440
101.336 5780
101.69 6120
103.53 4080
103.795 4420
103.884 4760
103.896 5100
104.042 5440
104.308 5780
104.687 6120
104.952 4080
105.218 4420
105.262 4760
105.376 5100
105.483 5440
105.749 5780
105.952 3740
106.217 4080
106.331 4420
106.343 4760
106.464 5100
106.723 5440
107.14 5780
107.305 3740
107.57 4080
107.703 4420
107.792 4760
107.83 5100
107.849 3400
108.386 3740
108.592 4080
108.607 4420
108.864 4760
109.123 5100
109.174 3400
109.44 3740
109.655 4080
109.667 4420
109.918 4760
110.19 5100
112.852 5440
113.206 5780
113.452 6120
113.655 6460
113.927 6800
113.965 7140
114.192 7480
114.205 7820
114.255 5440
114.534 5780
114.724 3740
115.255 4080
115.299 4420
115.311 4760
115.527 5100
115.798 5440
116.108 5780
116.867 3740
117.133 4080
117.196 4420
117.208 4760
117.398 5100
117.67 5440
118.005 5780
119.63 3740
119.896 4080
120.073 4420
120.086 4760
120.142 5100
120.383 5440
120.882 5780
123.557 6120
123.823 6460
123.88 4420
124.145 4760
124.189 5100
124.354 5440
124.398 5780
124.645 3740
124.91 4080
124.955 4420
124.967 4760
125.163 5100
125.435 5440
125.764 5780
128.464 6120
128.901 6460
129.172 6800
129.267 7140
129.438 7480
129.704 7820
129.716 8160
129.83 8500
129.976 8840
130.039 9180
130.241 9520
130.254 9860
130.317 6800
130.861 7140
130.917 4760
131.183 5100
131.335 5440
131.348 5780
131.36 6120
131.601 6460
131.873 6800
132.151 7140
132.486 4760
132.751 5100
132.941 5440
132.954 5780
132.966 6120
133.207 6460
133.479 6800
133.744 7140
134.054 4760
134.585 5100
134.636 5440
134.648 5780
134.813 6120
135.078 6460
135.211 6800
135.622 7140
136.292 4760
136.558 5100
136.716 5440
136.729 5780
136.741 6120
136.982 6460
137.254 6800
137.532 7140
137.57 4760
137.842 5100
137.886 5440
137.898 5780
138.057 6120
138.322 6460
138.594 6800
138.86 7140
139.701 4760
139.966 5100
140.023 5440
140.036 5780
140.194 6120
140.46 6460
140.586 6800
141.003 7140
143.666 7480
144.026 7820
144.26 8160
144.469 8500
144.62 8840
144.766 9180
145.012 9520
145.025 9860
145.139 6800
145.429 7140
145.581 7480
145.594 7820
145.607 8160
145.67 8500
145.847 8840
145.961 6120
146.232 6460
146.397 6800
146.41 7140
146.422 7480
146.663 7820
146.726 8160
146.972 8500
147.257 5780
147.523 6120
147.579 6460
147.592 6800
147.744 7140
147.851 7480
148.016 7820
148.288 8160
148.616 5440
148.882 5780
148.964 6120
148.977 6460
149.085 6800
149.23 7140
149.375 7480
149.616 7820
149.951 5440
150.216 5780
150.317 6120
150.33 6460
150.419 6800
150.595 7140
150.855 4760
151.12 5100
151.228 5440
151.241 5780
151.291 6120
151.494 6460
151.766 6800
152.094 7140
153.176 4760
153.529 5100
153.637 5440
153.65 5780
153.7 6120
153.903 6460
154.175 6800
154.503 7140
156.066 4760
156.331 5100
156.394 5440
156.47 5780
156.571 6120
156.742 6460
157.014 6800
157.304 7140
160.03 7480
160.397 7820
160.618 8160
160.744 5440
161.01 5780
161.118 6120
161.131 6460
161.143 6800
161.384 7140
161.547 7480
161.744 7820
162.193 8160
162.793 5440
163.059 5780
163.147 6120
163.16 6460
163.262 6800
163.413 7140
163.552 7480
163.793 7820
164.153 8160
164.507 5440
164.772 5780
164.899 6120
164.912 6460
164.925 6800
165.019 4760
165.285 5100
165.437 5440
165.449 5780
165.55 6120
165.778 6460
166.24 6800
168.952 7140
169.224 7480
169.49 7820
169.762 8160
169.812 8500
170.027 8840
170.078 9180
170.293 9520
170.306 9860
170.406 10200
170.559 10540
170.596 10880
170.672 11220
170.831 11560
170.843 11900
170.906 12240
170.969 12580
171.096 12920
171.109 13260
171.172 13600
171.235 13940
171.285 14280
171.362 14620
171.4 14960
171.45 15300
171.5 15640
171.551 15980
171.601 16320
171.659 16660
171.697 17000
171.747 17340
171.797 11900
172.106 12240
172.17 12580
172.183 12920
172.195 13260
172.208 13600
172.246 13940
172.34 14280
172.442 14620
172.543 14960
172.669 15300
172.752 10540
173.023 10880
173.112 11220
173.125 11560
173.137 11900
173.15 12240
173.2 12580
173.384 12920
173.434 13260
173.56 13600
173.713 13940
173.788 9520
174.401 9860
174.414 10200
174.427 10540
174.453 10880
174.503 11220
174.673 11560
174.736 11900
174.862 12240
175.002 12580
175.211 12920
175.375 13260
175.621 13600
175.975 13940
176.811 9520
177.076 9860
177.171 10200
177.183 10540
177.208 10880
177.227 7480
177.765 7820
177.828 8160
177.847 8500
177.873 8840
177.974 9180
178.106 9520
178.271 9860
178.518 10200
178.714 10540
179.061 10880
179.649 7480
179.915 7820
180.016 8160
180.029 8500
180.042 8840
180.117 9180
180.282 9520
180.414 9860
180.611 10200
180.864 10540
181.186 7140
181.452 7480
181.521 7820
181.534 8160
181.623 8500
181.648 8840
181.793 9180
181.958 9520
182.16 9860
182.432 10200
182.748 10540
182.824 7140
183.089 7480
183.241 7820
183.254 8160
183.267 8500
183.279 8840
183.33 6120
183.62 6460
183.785 6800
183.798 7140
183.81 7480
184.051 7820
184.114 8160
184.36 8500
184.708 8840
186.283 6120
187.079 6460
187.092 6800
187.149 7140
187.282 7480
187.377 7820
187.573 8160
187.648 5440
187.914 5780
188.085 6120
188.098 6460
188.117 6800
188.142 4760
188.414 5100
188.458 5440
188.623 5780
188.66 6120
188.907 6460
189.261 6800
191.088 4760
191.354 5100
191.417 5440
191.43 5780
191.601 6120
191.866 6460
192.22 6800
194.617 4760
194.882 5100
194.958 5440
194.971 5780
195.129 6120
195.395 6460
195.761 6800
196.229 4760
196.495 5100
196.57 5440
196.583 5780
196.748 6120
197.013 6460
197.374 6800
200.099 7140
200.408 7480
200.649 7820
200.908 8160
201.073 8500
201.174 8840
201.345 9180
201.439 9520
201.515 9860
201.617 10200
201.718 10540
201.818 10880
201.882 11220
201.977 11560
202.04 11900
202.115 12240
202.179 12580
202.255 12920
202.318 13260
202.381 13600
202.444 13940
202.508 14280
202.558 14620
202.609 14960
202.659 15300
202.722 15640
202.774 15980
202.811 16320
202.862 16660
202.912 17000
202.963 17340
203.001 17680
203.089 18020
203.139 18360
203.253 18700
203.303 19040
203.379 19380
203.442 19720
203.467 13600
203.826 13940
203.852 14280
203.865 14620
203.878 14960
203.953 15300
204.016 10540
204.832 10880
204.921 7480
205.123 7820
205.269 8160
205.281 8500
205.306 8840
205.325 9180
205.622 9520
205.806 9860
206.078 10200
206.154 7140
206.425 7480
206.489 7820
206.501 8160
206.628 8500
206.691 5780
206.963 6120
207.058 6460
207.147 6800
207.197 4760
207.463 5100
207.59 5440
207.602 5780
207.709 3740
208.506 4080
208.519 4420
208.671 4760
208.746 5100
209.018 5440
209.347 5780
211.187 3740
211.453 4080
211.605 4420
211.617 4760
211.706 5100
211.959 5440
212.414 5780
215.076 6120
215.367 6460
215.614 6800
215.88 7140
215.974 7480
216.151 5100
216.683 5440
216.727 5780
216.739 6120
216.942 6460
217.062 6800
217.302 7140
217.751 7480
219.376 5100
219.907 5440
219.983 3740
220.242 4080
220.293 4420
220.439 4760
220.584 5100
220.976 5440
221.564 3740
221.83 4080
221.912 4420
221.931 4760
222.183 5100
222.589 5440
223.411 3740
223.676 4080
223.727 4420
223.802 4760
224.068 5100
224.378 5440
225.567 3740
225.832 4080
225.958 4420
225.971 4760
226.23 5100
226.527 5440
228.804 3740
229.07 4080
229.221 4420
229.234 4760
229.493 5100
229.765 5440
229.879 3740
230.145 4080
230.321 4420
230.334 4760
230.593 5100
230.865 5440
233.047 3740
233.578 4080
233.616 4420
233.837 4760
233.932 3060
234.464 3400
234.659 3740
234.691 4080
234.931 4420
235.001 3060
235.267 3400
235.475 3740
235.494 4080
235.798 4420
236.867 3060
237.353 3400
237.365 3740
237.625 4080
237.89 2720
238.156 3060
238.187 3400
238.428 3740
238.7 4080
238.756 2720
239.022 3060
239.25 3400
239.269 3740
239.559 4080
240.356 2720
240.653 3060
240.86 3400
240.868 3740
241.191 4080
243.903 4420
244.394 4760
244.66 5100
244.698 5440
244.725 3740
245.001 4080
245.21 4420
245.223 4760
245.482 5100
245.754 5440
247.195 3740
247.461 4080
247.67 4420
247.682 4760
247.941 5100
248.213 3400
248.479 3740
248.517 4080
248.738 4420
248.82 4760
249.282 5100
249.585 3400
249.851 3740
249.889 4080
250.085 4420
250.357 4760
250.623 5100
252.836 3400
253.367 3740
253.563 4080
253.588 4420
253.829 4760
254.094 5100
254.416 3400
254.682 3740
254.897 4080
254.91 4420
255.16 4760
255.432 5100
258.094 5440
258.442 5780
258.701 6120
258.897 6460
259.169 6800
259.22 7140
259.435 7480
259.447 7820
259.555 8160
259.7 8500
259.751 8840
259.845 9180
259.972 9520
260.01 9860
260.086 10200
260.238 10540
260.251 10880
260.288 11220
260.339 7820
260.617 8160
260.674 8500
260.769 8840
260.782 9180
260.807 9520
261.035 9860
261.123 10200
261.319 10540
261.578 10880
261.92 11220
262.299 7820
262.564 8160
262.691 8500
262.704 8840
262.716 9180
262.754 9520
262.963 9860
263.064 10200
263.26 10540
263.507 10880
263.861 11220
263.955 7820
264.487 8160
264.632 5440
265.283 5780
265.296 6120
265.309 6460
265.423 6800
265.574 7140
265.77 7480
266.023 7820
266.383 8160
267.579 5440
267.845 5780
267.946 6120
267.958 6460
267.971 6800
268.211 7140
268.382 7480
268.584 7820
269.02 8160
270.968 5440
271.233 5780
271.303 6120
271.341 6460
271.449 6800
271.568 7140
271.727 7480
271.879 5100
272.53 5440
272.542 5780
272.574 6120
272.593 4080
272.865 4420
273.074 4760
273.086 5100
273.118 5440
273.352 5780
273.877 6120
276.418 6460
276.64 4420
276.905 4760
276.949 5100
276.962 5440
277.152 3740
277.418 4080
277.487 4420
277.512 4760
277.759 5100
278.208 5440
279.384 3740
279.65 4080
279.687 4420
279.827 4760
280.092 5100
280.364 5440
281.496 3740
281.762 4080
281.85 4420
281.983 4760
282.122 5100
282.514 5440
282.83 3740
283.096 4080
283.197 4420
283.317 4760
283.355 5100
283.849 5440
284.177 3740
284.443 4080
284.652 4420
284.664 4760
284.923 5100
285.195 5440
286.561 3740
287.092 4080
287.143 2720
287.674 3060
287.876 3400
287.895 3740
288.205 4080
290.918 4420
291.392 4760
291.658 5100
291.727 5440
291.93 5780
292.202 6120
292.214 6460
292.277 6800
292.467 7140
292.492 7480
292.581 7820
292.739 8160
292.752 8500
292.789 5780
293.061 6120
293.112 6460
293.124 6800
293.27 7140
293.308 4760
293.839 5100
293.909 5440
293.921 5780
294.067 6120
294.212 6460
294.459 6800
294.87 7140
295.818 4760
296.084 5100
296.23 5440
296.242 5780
296.255 6120
296.495 6460
296.767 6800
297.058 4760
297.323 5100
297.368 5440
297.38 5780
297.564 6120
297.829 6460
297.955 4420
298.487 4760
298.499 5100
298.664 5440
298.74 5780
298.98 6120
299.309 4080
299.574 4420
299.777 4760
299.789 5100
299.815 5440
300.068 5780
300.58 6120
303.071 4080
303.337 4420
303.381 4760
303.393 5100
303.583 5440
303.849 5780
304.184 6120
305.018 4080
305.284 4420
305.474 4760
305.486 5100
305.531 5440
305.777 5780
306.277 6120
307.137 4080
307.402 4420
307.446 4760
307.617 5100
307.643 5440
307.889 5780
308.25 6120
309.628 4080
309.894 4420
310.083 4760
310.096 5100
310.134 5440
310.381 5780
310.406 3740
310.937 4080
311.143 4420
311.152 4760
311.184 5100
311.434 5440
311.946 5780
314.609 6120
314.684 4080
314.95 4420
315.159 4760
315.171 5100
315.196 5440
315.437 5780
315.962 6120
316.55 4080
317.512 340
318.243 680
318.515 1360
318.787 2040
318.799 2720
319.059 3060
319.071 3400
319.084 3740
319.096 4080
319.331 4420
319.343 4760
319.356 5100
319.368 5440
319.381 5780
319.394 6120
319.602 6460
319.615 6800
319.628 7140
319.64 7480
319.653 7820
319.665 8160
319.678 8500
319.691 8840
319.703 9180
319.874 9520
319.887 9860
319.9 10200
319.912 10540
319.925 10880
319.937 11220
319.963 11560
319.975 11900
319.988 12240
320 12580
320.013 12920
320.026 13260
320.203 13600
320.329 13940
320.481 14280
320.557 9860
320.829 10200
320.911 10540
320.937 10880
320.949 11220
321.038 11560
321.183 11900
321.291 12240
321.354 8500
322.328 340
322.594 25500
322.86 25840
322.96 26180
323.149 26520
323.276 26860
323.402 27200
323.528 27540
323.654 27880
323.78 28220
323.906 28560
324.032 28900
324.158 29240
324.284 29580
324.423 20400
325.312 20740
325.331 14280
326.19 14620
326.209 10200
326.721 10540
326.733 10880
326.746 11220
326.759 11560
326.841 11900
326.917 12240
327.037 12580
327.17 12920
327.334 8840
328.137 9180
328.245 6120
328.668 6460
328.681 6800
328.693 7140
328.776 7480
328.902 7820
329.117 8160
329.307 8500
329.421 5780
329.952 6120
330.009 6460
330.028 6800
330.11 7140
330.281 7480
330.452 7820
330.724 8160
331.04 8500
332.715 5780
333.246 6120
333.398 6460
333.411 6800
333.43 7140
333.67 7480
333.733 7820
333.986 8160
334.328 8500
336.737 5780
337.002 6120
337.173 6460
337.186 6800
337.199 7140
337.445 7480
337.496 7820
337.736 8160
338.09 8500
338.577 5780
339.108 6120
339.165 6460
339.184 6800
339.317 7140
339.437 7480
339.601 7820
339.873 8160
340.202 8500
340.436 5780
340.714 6120
340.758 6460
340.777 6800
340.955 7140
341.03 7480
341.081 5100
341.618 5440
341.777 5780
341.789 6120
341.802 6460
342.049 6800
342.314 7140
342.586 7480
342.978 5100
343.509 5440
343.693 5780
343.705 6120
343.718 6460
343.958 4420
344.489 4760
344.527 5100
344.54 5440
344.761 5780
345.033 6120
345.311 4080
345.577 4420
345.634 4760
345.646 5100
345.836 5440
346.102 5780
346.437 6120
347.739 4080
348.005 4420
348.074 4760
348.087 5100
348.258 5440
348.524 5780
348.877 6120
351.249 4080
351.514 4420
351.603 4760
351.628 3060
351.9 3400
352.046 3740
352.134 4080
352.317 4420
352.665 4760
355.378 5100
355.662 5440
355.915 5780
356.111 6120
356.39 6460
356.459 6800
356.661 7140
356.674 7480
356.775 7820
356.933 8160
356.996 8500
357.059 8840
357.199 9180
357.224 9520
357.306 9860
357.369 10200
357.471 10540
357.509 10880
357.578 11220
357.641 11560
357.743 11900
357.755 12240
357.818 12580
357.869 12920
357.919 13260
358.015 13600
358.027 13940
358.078 14280
358.128 14620
358.178 14960
358.229 15300
358.28 15640
358.343 10880
358.621 11220
358.703 11560
358.716 11900
358.729 12240
358.804 12580
358.969 12920
359.032 13260
359.158 13600
359.31 13940
359.411 9520
359.677 9860
359.785 10200
359.797 10540
359.81 10880
359.873 11220
359.923 7820
360.473 8160
360.607 8500
360.619 8840
360.682 9180
360.878 9520
360.979 9860
361.169 10200
361.422 10540
361.536 10880
361.82 11220
361.858 7820
362.13 8160
362.263 8500
362.276 8840
362.32 6120
362.586 6460
362.649 6800
362.661 7140
362.838 7480
363.079 7820
363.224 8160
363.502 8500
363.774 8840
363.926 6120
364.192 6460
364.274 6800
364.286 7140
364.539 7480
364.685 7820
364.843 8160
364.944 5440
365.21 5780
365.267 6120
365.342 6460
365.469 6800
365.735 7140
365.911 7480
366.189 7820
366.461 8160
366.904 5440
367.17 5780
367.271 6120
367.283 6460
367.296 6800
367.536 7140
367.688 7480
367.954 5100
368.22 5440
368.358 5780
368.371 6120
368.422 4080
368.7 4420
368.902 4760
368.915 5100
368.94 5440
369.218 5780
369.705 6120
369.787 4080
370.318 4420
370.521 4760
370.533 5100
370.571 5440
370.812 5780
371.324 6120
371.88 4080
372.411 4420
372.449 4760
372.462 5100
372.652 5440
372.943 3740
373.208 4080
373.265 4420
373.461 4760
373.549 5100
373.992 5440
374.087 3740
374.353 4080
374.536 4420
374.549 4760
374.624 3060
374.89 3400
375.099 3740
375.111 4080
375.371 4420
375.643 4760
375.699 3060
375.965 3400
376.193 3740
376.212 4080
376.465 4420
376.737 4760
379.449 5100
379.734 5440
379.987 5780
380.259 6120
380.309 4080
380.575 4420
380.619 4760
380.796 5100
380.821 5440
381.068 5780
381.156 3740
381.422 4080
381.624 4420
381.637 4760
381.662 5100
381.909 5440
382.434 5780
382.769 3740
383.743 340
384.475 680
384.746 1360
385.018 2040
385.031 2720
385.29 3060
385.303 3400
385.315 3740
385.328 4080
385.562 4420
385.575 4760
385.587 5100
385.6 5440
385.613 5780
386.1 6120
386.163 4080
386.435 4420
386.637 4760
386.65 5100
386.903 5440
387.181 5780
387.465 6120
388.262 4080
388.528 4420
388.572 4760
388.585 5100
388.781 5440
388.863 3740
389.394 4080
389.425 4420
389.584 4760
389.849 5100
390.121 5440
392.834 5780
393.169 6120
393.434 6460
393.643 6800
393.769 7140
393.922 7480
394.041 7820
394.174 8160
394.2 5440
394.737 5780
394.8 3740
395.066 4080
395.237 4420
395.262 4760
395.325 5100
395.553 5440
396.046 5780
396.078 3740
396.343 4080
396.413 4420
396.425 4760
396.59 5100
396.849 5440
397.222 5780
397.494 3740
397.76 4080
397.924 4420
397.937 4760
398.019 5100
398.247 5440
398.487 3740
398.753 4080
398.79 4420
399.006 4760
399.094 5100
399.537 5440
