0.0 0
0.50777 3400
1.01863 3740
1.02493 4420
1.03124 5100
1.03754 5780
1.04384 6460
1.247 6800
1.53221 7480
1.53851 8160
1.54481 8840
1.55112 9520
1.55742 10200
1.56373 10880
1.57003 11560
1.57633 12240
1.58264 12920
1.76057 13600
2.04578 14280
2.05209 14960
2.05839 15640
2.0647 16320
2.071 17000
2.0773 17680
2.08361 18360
2.08991 19040
2.09622 19720
2.10252 20400
2.10882 21080
2.11513 21760
2.12143 22440
2.12774 23120
2.13404 23800
2.14034 24480
2.14665 25160
2.15295 25840
2.27415 26520
2.28046 27200
2.55936 27880
2.56567 28560
2.57197 29240
2.57827 29920
2.58458 30600
2.59088 31280
2.59719 31960
2.60349 32640
2.60979 33320
2.6161 34000
2.6224 34680
2.62871 35360
2.63501 36040
2.64131 36720
2.64762 37400
2.65392 38080
2.66023 38760
2.66653 39440
2.67283 40120
2.67914 40800
2.68544 41480
2.69175 42160
2.69805 42840
2.70435 43520
2.71066 44200
2.71696 44880
2.72327 45560
2.72957 46240
2.73587 46920
2.74218 47600
2.74848 48280
2.75479 48960
2.76109 49640
2.76739 50320
2.77685 50660
2.78773 35360
3.77685 340
4.28922 13940
4.79964 29240
5.31007 29580
5.50865 29920
5.9056 30260
5.97494 30600
6.07581 30940
6.11363 21420
7.03992 21760
7.04623 22100
7.05253 22440
7.05884 22780
7.06514 23120
7.07144 23460
7.07775 23800
7.08405 24140
7.09036 24480
7.09666 24820
7.10296 25160
7.14709 17340
8.19631 17680
8.20262 18020
8.47979 18360
8.4924 18700
8.50186 19040
8.50816 19380
8.51447 19720
8.52077 20060
8.52707 20400
8.53338 20740
8.53968 21080
8.54599 21420
8.60587 14960
9.13836 15300
9.18249 15640
9.1888 15980
9.1951 16320
9.22032 16660
9.5038 17000
9.53217 17340
9.56369 17680
9.60151 18020
9.64879 18360
9.95911 18700
10.0584 19040
10.1088 19380
10.2033 19720
10.531 20060
10.6161 13940
11.6369 14280
11.7031 9860
12.2041 10200
12.3081 10540
12.5175 10880
12.5727 11220
12.579 11560
12.5853 11900
12.5916 12240
12.5979 12580
12.8185 12920
13.0311 13260
13.1682 13600
13.2344 9520
13.7448 9860
14.1228 10200
14.1292 10540
14.1355 10880
14.1418 11220
14.1544 11560
14.1607 11900
14.1922 12240
14.6427 12580
14.6995 12920
14.9688 8840
15.4792 9180
15.6951 9520
15.7014 9860
15.7077 10200
15.714 10540
15.7203 10880
15.7802 11220
16.1991 11560
16.2465 11900
16.5032 12240
16.7601 12580
17.28 12920
19.5784 13260
19.791 13600
19.8321 9520
20.8529 9860
20.8971 6800
21.8738 7140
21.8801 7480
21.8864 7820
21.9179 8160
22.1431 8500
22.1494 8840
22.3463 9180
22.6567 9520
22.8599 9860
23.1735 6800
23.6839 7140
23.8965 7480
23.9092 7820
23.9155 8160
23.9218 8500
23.9344 8840
24.1912 9180
24.4006 9520
24.6795 9860
24.911 6800
25.4215 7140
25.4594 7480
25.4657 7820
25.472 8160
25.4783 8500
25.935 8840
26.0139 9180
26.4897 9520
27.0064 9860
29.0891 10200
29.5112 10540
29.7901 10880
30.0248 11220
30.0595 11560
30.3068 11900
30.5763 12240
30.633 12580
30.8488 12920
31.0804 13260
31.1056 13600
31.1371 13940
31.3245 14280
31.3592 14620
31.5686 14960
31.6003 15300
31.6192 15640
31.6444 15980
31.6633 10880
32.18 11220
32.5832 11560
32.5958 7820
33.6198 8160
33.6703 8500
33.6766 8840
33.6829 9180
33.6892 9520
33.6956 9860
33.9176 10200
34.1808 10540
34.4312 10880
34.7196 11220
35.2331 11560
36.8148 7820
37.3253 8160
37.7695 8500
37.7758 8840
37.7821 9180
37.7884 9520
37.7947 9860
37.801 10200
37.8073 10540
38.2831 10880
38.2894 11220
38.5745 11560
39.3607 7820
39.8711 8160
39.9152 8500
40.1121 8840
40.3342 9180
40.3405 9520
40.3469 9860
40.3532 10200
40.3658 7140
41.3992 7480
41.4528 7820
41.4591 8160
41.6465 8500
41.8497 8840
41.8687 9180
41.875 9520
42.1569 9860
42.3632 10200
44.2175 7140
44.728 7480
44.9596 7820
44.9659 8160
44.9722 8500
44.9785 8840
44.9848 9180
45.2321 9520
45.4732 9860
45.7425 10200
46.5823 7140
47.0927 7480
47.3053 7820
47.5243 8160
47.5306 8500
47.5369 8840
47.5432 9180
47.5496 9520
47.8189 9860
48.0505 10200
48.5767 7140
49.0871 7480
49.1281 7820
49.1344 8160
49.1407 8500
49.3439 8840
49.3565 9180
49.5565 9520
49.8543 9860
50.0669 10200
50.1048 7140
50.6153 7480
50.6783 7820
50.6846 8160
50.8783 8500
50.8878 8840
51.0878 6120
51.5982 6460
51.6424 6800
51.7023 7140
51.7086 7480
51.9023 7820
52.1086 8160
52.4222 8500
52.6727 5780
53.1832 6120
53.4367 6460
53.443 6800
53.4493 7140
53.4556 7480
53.6556 7820
54.1566 8160
54.4828 8500
56.753 8840
57.2223 9180
57.476 9520
57.5391 9860
57.7359 10200
57.9864 10540
58.2463 10880
58.2526 11220
58.5 11560
58.5063 11900
58.5883 12240
58.7694 12580
58.8104 12920
59.0231 13260
59.0861 13600
59.1113 13940
59.2766 14280
59.3083 14620
59.3272 14960
59.5303 15300
59.5839 15640
59.6028 15980
59.6154 16320
59.7808 11220
60.2912 11560
60.348 11900
60.3543 12240
60.5449 12580
60.5512 12920
60.5575 13260
60.5638 13600
60.6268 13940
60.8079 14280
61.0774 14620
61.1656 14960
61.572 15300
61.6571 15640
62.0856 15980
62.5992 16320
64.1809 11220
64.6913 11560
64.7481 11900
64.7544 12240
64.7607 12580
64.767 12920
64.9008 13260
64.9071 13600
64.9134 13940
64.9639 14280
65.1671 14620
65.2616 10200
66.7721 340
66.7929 23460
66.7992 23800
66.9551 24140
67.234 24480
67.3096 17000
67.9241 17340
67.9304 17680
67.9367 18020
67.943 18360
67.9493 18700
67.9556 19040
67.9619 19380
67.9871 19720
68.0628 13600
69.0962 13940
69.1057 9520
69.6193 9860
69.95 10200
69.9658 10540
69.9721 10880
69.9784 11220
69.9847 11560
69.991 11900
69.9973 12240
70.1139 12580
70.5298 12920
70.5645 8840
71.0749 9180
71.1285 9520
71.1474 9860
71.4813 10200
71.516 10540
71.5444 10880
71.5916 11220
71.8799 11560
72.0642 11900
72.1651 12240
72.5778 12580
73.1008 12920
73.1103 8840
73.6239 9180
73.7027 9520
73.7121 9860
73.7216 10200
73.9311 10540
74.0429 10880
74.0744 11220
74.2131 11560
74.5565 11900
74.5691 8160
75.5899 8500
75.6687 5780
76.176 6120
76.2769 6460
76.2832 6800
76.4863 7140
76.6013 7480
76.6076 7820
77.1149 8160
77.3072 8500
77.7199 5780
78.2303 6120
78.5375 6460
78.6493 6800
78.6556 7140
78.662 7480
78.6683 7820
79.1598 8160
79.2543 8500
81.7277 5780
82.7485 6120
82.7769 6460
82.7832 6800
82.8242 7140
82.8305 7480
83.0399 7820
83.2526 8160
83.7567 8500
84.5744 5780
85.0848 6120
85.3133 6460
85.3353 6800
85.3416 7140
85.3479 7480
85.3826 7820
85.5952 8160
86.1056 8500
87.1454 5780
87.6558 6120
87.9127 6460
87.919 6800
87.9473 7140
87.9568 4760
88.4704 5100
88.6893 5440
88.9367 5780
88.943 6120
88.9493 6460
88.9713 6800
89.2029 7140
89.4629 4760
89.9733 5100
90.0048 5440
90.0111 5780
90.2237 6120
90.23 6460
90.4774 6800
90.7436 4760
91.254 5100
91.514 5440
91.5361 5780
91.5424 6120
91.5487 6460
92.0276 6800
94.5955 7140
94.6365 4760
95.1469 5100
95.5626 5440
95.6195 5780
95.6321 6120
95.6384 6460
95.6479 6800
96.0762 7140
96.6466 4760
97.1571 5100
97.1917 5440
97.198 5780
97.2043 6120
97.3949 6460
97.598 6800
98.1085 4760
99.1293 5100
99.2051 5440
99.2366 5780
99.2461 6120
99.4429 6460
99.7502 4420
100.261 4760
100.283 5100
100.464 5440
100.47 5780
100.736 6120
100.974 6460
102.841 4420
103.352 4760
103.545 5100
103.552 5440
103.815 5780
103.821 6120
104.059 6460
106.836 6800
107.134 7140
107.35 7480
107.46 7820
107.648 8160
107.86 8500
107.917 8840
108.158 9180
108.164 9520
108.374 9860
108.38 10200
108.427 10540
108.672 10880
108.678 11220
108.887 11560
108.894 11900
108.96 12240
108.995 8500
109.505 8840
109.721 9180
109.727 9520
109.911 9860
109.918 10200
109.924 10540
109.93 10880
110.234 11220
110.456 11560
110.754 11900
111.268 12240
111.477 8500
111.988 8840
112.041 9180
112.067 9520
112.073 9860
112.286 10200
112.292 10540
112.473 7140
112.983 7480
113.062 7820
113.069 8160
113.091 8500
113.097 8840
113.31 9180
113.322 6120
113.836 6460
114.093 6800
114.099 7140
114.115 7480
114.121 7820
114.334 8160
114.549 8500
114.847 8840
115.151 9180
115.677 6120
116.188 6460
116.594 6800
116.654 7140
116.664 4760
117.177 5100
117.202 5440
117.212 5780
117.415 6120
117.618 6460
117.675 6800
117.929 7140
120.684 7480
120.756 5100
121.267 5440
121.305 5780
121.505 6120
121.705 6460
121.711 6800
121.768 7140
121.777 4760
122.291 5100
122.532 5440
122.729 5780
122.735 6120
122.741 6460
122.792 6800
123.045 7140
123.756 4760
124.777 5100
124.837 5440
124.843 5780
124.849 6120
125.049 6460
125.284 6800
125.563 7140
128.353 7480
128.425 5100
128.936 5440
129.158 5780
129.186 6120
129.193 6460
129.377 6800
129.383 7140
129.672 7480
131.497 5100
132.008 5440
132.265 5780
132.277 6120
132.284 6460
132.455 6800
132.461 7140
132.778 7480
135.53 7820
135.803 8160
136.05 5440
137.071 5780
137.274 6120
137.337 6460
137.347 6800
137.394 7140
137.4 7480
137.578 7820
137.92 8160
138.881 5440
139.392 5780
139.458 6120
139.464 6460
139.47 6800
139.626 7140
139.833 7480
139.896 7820
140.343 8160
142.197 5440
142.708 5780
142.977 6120
143.04 6460
143.053 6800
143.059 7140
143.066 7480
143.212 7820
143.557 8160
144.067 5440
145.088 5780
145.114 6120
145.12 6460
145.126 6800
145.26 7140
145.469 7480
145.592 7820
145.983 8160
146.626 5440
147.136 5780
147.18 6120
147.308 4080
147.818 4420
148.034 4760
148.16 3060
148.671 3400
148.842 3740
149.046 4080
149.058 4420
149.175 4760
151.921 5100
152.253 5440
152.441 5780
152.644 6120
152.945 6460
152.951 6800
153.157 7140
153.28 7480
153.458 7820
153.465 8160
153.671 8500
153.677 8840
153.683 9180
153.791 9520
153.972 9860
153.984 6800
154.498 7140
154.708 7480
154.714 7820
154.812 8160
154.818 8500
154.824 8840
154.996 9180
155.212 9520
155.506 9860
158.277 10200
158.572 10540
158.788 10880
158.917 7480
159.428 7820
159.609 5440
160.119 5780
160.332 6120
160.338 6460
160.344 6800
160.442 7140
160.623 7480
160.845 7820
161.137 5440
161.647 5780
161.876 6120
161.882 6460
161.888 6800
161.973 7140
162.154 7480
162.389 7820
164.465 5440
164.976 5780
165.061 6120
165.226 6460
165.43 6800
165.436 7140
165.458 7480
165.737 7820
168.495 8160
168.803 8500
169.018 8840
169.316 9180
169.522 6120
170.033 6460
170.08 6800
170.086 7140
170.093 7480
170.099 7820
170.34 8160
170.54 8500
170.688 8840
171.054 9180
171.364 6120
171.875 6460
172.122 6800
172.128 7140
172.134 7480
172.141 7820
172.147 8160
172.382 8500
172.591 8840
172.892 9180
173.193 6120
173.704 6460
174.126 6800
174.17 7140
174.176 7480
174.182 7820
174.189 8160
174.195 8500
174.42 8840
174.68 9180
176.738 6120
177.248 6460
177.286 6800
177.292 7140
177.302 7480
177.489 5100
178.51 5440
178.713 5780
178.783 6120
178.82 6460
178.827 6800
179.024 7140
179.293 7480
180.38 5100
180.891 5440
181.341 3740
181.851 4080
181.896 4420
181.905 4760
182.359 5100
182.365 5440
184.426 3740
184.936 4080
184.987 4420
184.993 4760
185.437 5100
185.443 5440
188.519 5780
188.525 6120
189.032 6460
189.038 6800
189.101 7140
189.546 7480
189.552 7820
189.558 8160
189.571 8500
189.837 8840
190.059 9180
190.066 9520
190.072 9860
190.078 10200
190.091 10540
190.351 10880
190.573 11220
190.579 11560
190.585 11900
190.592 12240
190.598 12580
190.604 12920
190.611 13260
190.861 13600
190.867 13940
191.086 14280
191.093 14620
191.099 14960
191.105 15300
191.112 15640
191.118 15980
191.124 16320
191.143 16660
191.372 17000
191.378 17340
191.384 17680
191.594 18020
191.619 18360
191.632 18700
191.65 19040
191.676 19380
191.701 19720
191.885 20060
191.891 20400
191.904 20740
192.104 21080
192.117 21420
192.129 21760
192.142 22100
192.155 22440
192.173 22780
192.186 23120
192.199 23460
192.224 16320
193.261 16660
193.451 17000
193.635 17340
193.642 17680
193.648 18020
193.654 18360
193.661 18700
193.667 19040
193.673 19380
193.68 19720
193.692 20060
193.698 20400
193.73 14280
194.272 14620
194.656 14960
194.662 15300
194.669 15640
194.675 15980
194.681 16320
194.688 16660
194.694 17000
194.7 17340
194.719 17680
194.985 18020
195.176 18360
195.233 18700
195.321 19040
195.724 19380
195.813 19720
196.213 13600
197.234 13940
197.293 14280
197.303 14620
197.309 14960
197.315 15300
197.322 15640
197.328 15980
197.347 16320
197.728 16660
197.816 17000
197.854 17340
198.057 17680
198.321 18020
198.362 12580
199.382 12920
199.436 13260
199.442 13600
199.449 13940
199.455 14280
199.461 14620
199.773 14960
199.852 15300
199.905 15640
199.956 10880
200.466 11220
200.797 11560
200.803 11900
200.813 12240
200.866 12580
200.873 12920
200.879 13260
200.895 13600
201.183 13940
201.377 14280
201.44 14620
201.837 10200
202.347 10540
202.432 10880
202.439 11220
202.445 11560
202.451 11900
202.458 12240
202.717 12580
202.845 12920
202.981 13260
203.355 13600
203.488 13940
203.741 14280
204.258 9860
204.769 10200
204.994 10540
205 10880
205.007 11220
205.013 11560
205.025 11900
205.032 12240
205.038 12580
205.508 12920
205.539 13260
205.786 13600
206.09 13940
206.572 14280
207.133 9860
207.644 10200
208.069 10540
208.075 10880
208.088 7480
208.605 7820
208.643 8160
208.649 8500
208.658 8840
208.665 9180
209.093 9520
209.099 9860
209.106 10200
209.4 10540
209.663 10880
212.475 11220
212.745 11560
212.989 11900
213.189 12240
213.262 8500
213.772 8840
213.81 9180
213.816 9520
214.013 9860
214.21 10200
214.216 10540
214.223 10880
214.229 11220
214.323 11560
214.72 11900
214.752 8160
215.269 8500
215.344 8840
215.351 9180
215.357 9520
215.363 9860
215.551 10200
215.744 10540
215.855 10880
216.067 11220
216.575 11560
216.894 11900
217.906 8160
218.416 8500
218.457 8840
218.464 9180
218.619 9520
218.626 9860
218.632 10200
218.816 10540
218.823 10880
218.974 7480
219.484 7820
219.662 8160
219.837 8500
219.843 8840
219.85 9180
219.856 9520
219.862 9860
220.351 10200
220.505 10540
221.194 10880
221.384 7480
221.895 7820
221.929 8160
221.936 8500
221.999 8840
222.037 9180
222.218 9520
222.44 9860
222.728 10200
222.96 10540
223.473 10880
223.771 7480
224.792 7820
224.995 8160
225.004 8500
225.011 8840
225.017 9180
225.064 9520
225.28 9860
225.509 10200
225.619 7140
226.129 7480
226.336 7820
226.529 8160
226.536 8500
226.542 8840
226.548 9180
226.555 9520
227.084 9860
227.56 10200
227.582 7140
228.092 7480
228.136 7820
228.143 8160
228.174 8500
228.387 8840
228.599 9180
228.694 9520
229.119 9860
229.633 10200
229.715 7140
230.225 7480
230.635 7820
230.641 8160
230.648 8500
230.654 8840
230.66 9180
231.148 9520
231.18 9860
231.675 10200
232.736 7140
233.247 7480
233.294 7820
233.497 8160
233.71 8500
233.716 8840
233.723 9180
233.729 9520
234.008 9860
234.224 10200
234.249 7140
234.762 7480
234.791 7820
234.797 8160
234.832 8500
235.032 8840
235.248 9180
235.349 6120
235.859 6460
236.278 6800
236.284 7140
236.291 7480
236.297 7820
236.322 8160
236.366 8500
236.817 8840
237.33 9180
239.851 9520
239.879 9860
240.365 10200
240.38 10540
240.678 10880
240.878 11220
240.891 11560
240.897 11900
241.192 12240
241.392 12580
241.401 12920
241.445 13260
241.702 13600
241.708 13940
241.905 14280
241.924 14620
241.949 14960
241.975 15300
242.213 15640
242.219 15980
242.416 16320
242.422 16660
242.441 17000
242.46 17340
242.479 17680
242.491 12240
244.018 340
244.038 20400
244.587 20740
244.659 14280
246.078 340
246.134 30940
246.159 31280
246.688 31620
246.795 22100
247.353 22440
247.41 22780
247.416 23120
247.422 23460
247.429 23800
247.435 24140
247.441 24480
247.448 24820
247.454 25160
247.46 25500
247.719 25840
247.769 26180
247.826 26520
247.945 26860
248.005 18700
248.519 19040
248.79 19380
248.796 19720
248.809 20060
248.828 20400
248.847 20740
248.872 21080
248.941 21420
248.976 21760
249.036 22100
249.322 22440
249.354 22780
249.392 23120
249.452 23460
249.496 23800
249.817 24140
249.855 24480
249.912 24820
249.981 25160
250.009 17340
251.03 17680
251.383 12240
251.893 12580
251.947 12920
251.953 13260
251.963 13600
251.972 9520
252.489 9860
252.533 10200
252.539 10540
252.552 10880
252.558 11220
252.774 11560
252.917 11900
253.053 12240
253.431 12580
253.519 12920
253.798 13260
254.312 13600
254.455 9520
254.965 9860
255.054 10200
255.06 10540
255.095 10880
255.104 11220
255.11 11560
255.339 11900
255.605 12240
255.655 12580
256.115 12920
256.356 13260
256.698 13600
257.165 9520
257.675 9860
257.716 10200
257.722 10540
257.891 10880
257.897 11220
257.903 11560
258.031 11900
258.157 8160
259.126 340
259.636 2380
260.156 1360
260.685 1700
260.888 2040
261.177 2380
262.708 1360
263.218 1700
263.237 2040
263.444 2380
266.202 2720
266.513 3060
266.719 3400
266.801 3740
267.023 4080
267.229 4420
267.236 4760
267.533 5100
267.54 5440
267.74 5780
267.752 6120
268.044 6460
268.056 6800
268.26 7140
268.272 7480
268.351 7820
268.564 8160
268.57 8500
268.767 8840
268.773 9180
268.779 9520
268.786 9860
268.855 10200
269.068 10540
269.074 10880
269.08 11220
269.093 11560
269.277 11900
269.29 12240
269.296 12580
269.309 12920
269.366 13260
269.372 13600
269.581 13940
269.588 14280
269.594 14620
269.6 14960
269.613 15300
269.791 10540
270.301 10880
270.352 11220
270.39 11560
270.396 11900
270.402 12240
270.409 12580
270.624 12920
270.815 13260
270.925 13600
271.141 13940
271.376 14280
271.636 14620
271.892 10200
272.913 10540
272.983 10880
273.164 11220
273.17 11560
273.176 11900
273.183 12240
273.189 12580
273.195 12920
273.37 8840
274.391 9180
274.594 9520
274.705 9860
274.711 10200
274.717 10540
274.723 10880
274.736 11220
274.755 7820
275.278 8160
275.725 8500
275.732 8840
275.738 9180
275.744 9520
275.751 9860
275.757 10200
276.239 10540
276.753 10880
276.797 7480
277.307 7820
277.345 8160
277.351 8500
277.554 8840
277.777 9180
277.783 9520
277.789 9860
277.827 10200
278.353 10540
278.883 10880
279.875 7480
280.385 7820
280.43 8160
280.623 8500
280.826 8840
280.852 9180
280.858 9520
280.864 9860
280.871 10200
281.137 10540
281.46 7140
281.97 7480
282.389 7820
282.396 8160
282.402 8500
282.408 8840
282.415 9180
282.421 9520
282.481 6460
283.502 6800
283.705 7140
283.943 7480
283.949 7820
283.962 8160
283.968 8500
284.215 8840
284.456 9180
284.97 9520
284.989 6460
285.502 6800
285.531 7140
285.546 7480
285.553 7820
285.75 8160
286.003 8500
286.063 5780
286.574 6120
287.012 6460
287.018 6800
287.024 7140
287.03 7480
287.078 7820
287.525 8160
287.55 5440
288.064 5780
288.105 6120
288.111 6460
288.118 6800
288.549 7140
288.562 7480
289.063 7820
289.148 8160
291.631 8500
292.144 8840
292.223 9180
292.655 6120
293.232 340
294.455 680
294.969 1360
295.482 2040
295.489 2720
295.996 3400
296.002 4080
296.009 4420
296.015 4760
296.51 5100
296.528 5440
297.061 5780
298.053 3740
298.564 4080
298.586 4420
298.592 4760
298.599 5100
299.071 5440
299.582 3740
300.092 4080
300.127 4420
300.133 4760
300.349 5100
300.65 5440
303.424 5780
303.627 6120
303.937 6460
304.137 6800
304.238 7140
304.451 7480
304.648 7820
304.765 8160
305.161 5440
305.672 5780
305.776 6120
305.782 6460
305.789 6800
305.985 7140
306.179 7480
306.69 7820
306.819 8160
309.257 8500
309.771 8840
309.875 9180
310.091 9520
310.281 9860
310.389 10200
310.417 7140
311.438 7480
311.629 7820
311.816 8160
311.822 8500
311.829 8840
311.835 9180
311.92 9520
312.43 9860
312.84 10200
312.944 7140
313.454 7480
313.486 7820
313.492 8160
313.499 8500
313.702 8840
313.886 9180
314.215 9520
314.412 9860
314.919 10200
317.29 10540
317.478 10880
317.804 11220
317.966 11560
318.099 11900
318.318 12240
318.514 12580
318.641 8500
319.151 8840
319.51 9180
319.523 9520
319.535 6460
320.049 6800
320.115 7140
320.147 7480
320.162 7820
320.169 8160
320.534 8500
320.544 8840
321.048 9180
321.177 9520
321.574 6460
322.084 6800
322.192 7140
322.198 7480
322.204 7820
322.22 8160
322.705 8500
322.73 8840
323.099 6120
323.609 6460
323.739 6800
323.745 7140
323.758 7480
323.767 5100
324.791 5440
324.994 5780
325.27 6120
325.276 6460
325.283 6800
325.289 7140
325.809 7480
328.348 7820
328.586 8160
328.862 8500
328.906 5780
329.42 6120
329.813 6460
329.892 4420
330.403 4760
330.425 5100
330.431 5440
330.437 5780
330.837 6120
331.167 6460
333.719 6800
334.232 7140
334.432 7480
334.517 7820
334.746 8160
334.943 8500
335.003 8840
335.037 6120
335.548 6460
335.776 6800
335.964 7140
335.973 7480
336.024 7820
336.03 8160
336.052 8500
336.48 8840
338.081 6120
338.591 6460
338.623 6800
338.629 7140
338.832 7480
339.036 7820
339.042 8160
339.096 8500
339.549 8840
340.123 6120
340.633 6460
340.68 6800
341.08 7140
341.087 7480
341.093 7820
341.099 8160
341.144 8500
341.594 8840
342.725 6120
343.236 6460
343.655 6800
343.661 7140
343.667 7480
343.674 7820
343.68 8160
343.743 8500
344.174 8840
345.173 6120
346.194 6460
346.248 4420
347.705 340
347.725 10880
347.732 11220
347.738 11560
347.776 11900
347.826 12240
348.239 8500
348.746 8840
348.794 9180
348.8 9520
348.863 9860
348.916 10200
349.304 10540
349.354 10880
349.436 11220
349.871 11560
349.947 11900
350.804 8160
351.396 8500
351.406 8840
351.415 9180
351.424 6120
352.452 6460
352.493 6800
352.502 7140
352.902 7480
352.931 7820
352.937 8160
352.943 8500
353.416 8840
353.444 9180
354.484 6120
355.505 6460
355.536 6800
355.561 7140
355.568 7480
355.574 7820
355.777 8160
355.974 8500
356.291 8840
356.582 9180
358.605 6120
359.116 6460
359.163 6800
359.353 7140
359.36 7480
359.553 7820
359.582 8160
359.588 8500
359.867 8840
360.067 9180
362.657 6120
363.678 6460
363.763 6800
363.95 7140
363.957 7480
363.963 7820
363.969 8160
364.153 8500
364.28 8840
364.667 9180
367.032 6120
367.542 6460
367.752 6800
367.758 7140
367.764 7480
367.853 7820
367.859 8160
368.043 8500
368.259 8840
368.554 9180
371.325 9520
371.448 6460
371.958 6800
372.346 7140
372.352 7480
372.358 7820
372.364 8160
372.371 8500
372.377 8840
372.859 9180
372.91 9520
374.513 6460
375.024 6800
375.436 7140
375.443 7480
375.449 7820
375.455 8160
375.462 8500
375.468 8840
375.95 9180
375.982 9520
376.489 6460
377.51 6800
377.541 7140
377.547 7480
377.554 7820
377.579 8160
377.998 8500
378.004 8840
378.512 9180
378.518 9520
379.088 6460
379.599 6800
379.64 7140
380.049 7480
380.055 7820
380.062 8160
380.068 8500
380.074 8840
380.356 9180
380.563 9520
382.129 6460
382.639 6800
382.671 7140
382.712 7480
382.915 7820
383.118 8160
383.128 8500
383.134 8840
383.184 6120
384.205 6460
384.408 6800
384.452 7140
384.652 7480
384.659 7820
384.665 8160
384.684 5440
385.201 5780
385.48 6120
385.676 6460
385.683 6800
385.689 7140
385.695 7480
385.702 7820
386.187 8160
388.248 5440
389.044 340
391.555 1360
392.065 1700
392.585 1020
393.615 1360
393.622 1700
396.174 2040
396.59 2380
396.894 2720
397.106 3060
397.188 3400
397.398 3740
397.41 4080
397.61 4420
397.705 4760
397.915 5100
397.921 5440
397.93 5780
398.121 6120
398.127 6460
398.209 6800
398.419 7140
398.431 7480
398.441 7820
398.447 8160
398.634 8500
398.641 8840
398.647 9180
398.723 9520
398.729 9860
398.932 10200
398.939 10540
398.945 10880
398.951 11220
399.148 11560
399.154 11900
399.161 12240
399.167 12580
399.233 12920
399.252 13260
399.455 13600
399.481 13940
399.658 14280
399.677 14620
399.744 14960
399.753 10200
