0.0 0
0.135139 3400
0.273365 3740
0.279669 4420
0.285973 5100
0.292277 5780
0.298581 6460
0.41116 7140
0.417464 7820
0.423768 8500
0.430072 9180
0.436376 9860
0.44268 10540
0.448984 11220
0.455288 11900
0.461592 12580
0.548954 13260
0.555258 13940
0.561562 14620
0.567866 15300
0.57417 15980
0.580474 16660
0.586778 17340
0.593082 18020
0.599386 18700
0.60569 19380
0.611994 20060
0.618298 20740
0.624602 21420
0.630906 22100
0.63721 22780
0.643514 23460
0.649818 24140
0.656122 24820
0.686749 25500
0.693053 26180
0.699357 26860
0.705661 27540
0.711965 28220
0.718269 28900
0.724573 29580
0.730877 30260
0.737181 30940
0.743485 31620
0.749789 32300
0.756093 32980
0.762397 33660
0.768701 34340
0.775005 35020
0.781309 35700
0.787613 36380
0.793917 37060
0.800221 37740
0.806525 38420
0.812829 39100
0.819133 39780
0.825437 40460
0.831741 41140
0.838045 41820
0.844349 42500
0.850653 43180
0.856957 43860
0.863261 44540
0.869565 45220
0.875869 45900
0.882173 46580
0.888477 47260
0.894781 47940
0.901085 48620
0.907389 49300
0.913693 49980
0.919997 50660
0.926301 51340
0.932605 52020
0.938909 52700
0.945213 53380
0.951517 54060
0.957821 54740
0.964125 55420
0.970429 56100
0.976733 56780
0.983037 57460
0.989341 58140
0.995645 58820
1.00195 59500
1.00825 60180
1.01456 60860
1.02086 61540
1.02716 62220
1.03347 62900
1.03977 63580
1.04608 64260
1.05238 64940
1.05868 65620
1.06499 66300
1.07129 66980
1.0776 67660
1.0839 68340
1.0902 69020
1.09651 69700
1.10281 70380
1.10912 71060
1.11542 71740
1.12172 72420
1.12803 73100
1.13433 73780
1.14064 74460
1.14694 75140
1.15324 75820
1.15955 76500
1.16585 77180
1.17216 77860
1.17846 78540
1.18476 79220
1.19107 79900
1.19737 80580
1.20368 81260
1.20998 81940
1.21628 82620
1.22259 83300
1.22889 83980
1.2352 84660
1.2415 85340
1.2478 86020
1.25411 86700
1.26041 87380
1.26672 88060
1.27302 88740
1.27932 89420
1.28563 90100
1.29193 90780
1.29824 91460
1.30454 92140
1.31084 92820
1.31715 93500
1.32345 94180
1.32976 94860
1.33606 95540
1.34236 96220
1.34867 96900
1.35497 97580
1.36128 98260
1.36758 98940
1.37388 99620
1.38019 100300
1.38649 100980
1.3928 101660
1.3991 102340
1.4054 103020
1.41171 103700
1.41801 104380
1.42432 105060
1.43062 105740
1.43692 106420
1.44323 107100
1.44953 107780
1.45584 108460
1.46214 109140
1.46844 109820
1.47475 110500
1.48105 111180
1.48736 111860
1.49366 112540
1.49996 113220
1.50627 113900
1.51257 114580
1.51888 115260
1.52518 115940
1.53148 116620
1.53779 117300
1.54409 117980
1.5504 118660
1.5567 119340
1.563 120020
1.56931 120700
1.57561 121380
1.58192 122060
1.58822 122740
1.59452 123420
1.60083 124100
1.60713 124780
1.61344 125460
1.61974 126140
1.62604 126480
1.6355 88400
3.21862 340
3.41638 1360
3.55418 1700
3.55733 2720
3.69197 3060
3.69512 4080
3.70458 4420
3.70773 5440
3.82976 5780
3.83292 6800
3.84237 7140
3.84552 8160
3.85498 8500
3.85813 9520
3.86759 9860
3.87074 10880
3.96756 11220
3.97071 12240
3.98017 12580
3.98332 13600
3.99277 13940
3.99593 14960
4.00538 15300
4.00853 16320
4.01799 16660
4.02114 17680
4.0306 18020
4.03375 19040
4.04321 19380
4.04636 20400
4.05581 20740
4.05897 21760
4.10535 22100
4.10851 23120
4.11796 23460
4.12111 24480
4.13057 24820
4.13372 25840
4.14318 26180
4.14633 27200
4.15579 27540
4.15894 28560
4.16839 28900
4.17155 29920
4.181 30260
4.18415 31280
4.19361 31620
4.19676 32640
4.20622 32980
4.20937 34000
4.21883 34340
4.22198 35360
4.23143 35700
4.23459 36720
4.24404 37060
4.24719 38080
4.25665 38420
4.2598 39440
4.26926 39780
4.27241 40800
4.28187 41140
4.28502 42160
4.29447 42500
4.29763 43520
4.30708 43860
4.31023 44880
4.31969 45220
4.32284 46240
4.3323 46580
4.33545 47600
4.34491 47940
4.34806 48960
4.35751 49300
4.36067 50320
4.37012 50660
4.37327 51680
4.38273 52020
4.38588 53040
4.39534 53380
4.39849 54400
4.40795 54740
4.4111 55760
4.42055 56100
4.42371 57120
4.43316 57460
4.43631 58480
4.44577 58820
4.44892 59840
4.45838 60180
4.46153 61200
4.47099 61540
4.47414 62560
4.53718 62900
4.60022 63240
4.66326 63580
4.7263 63920
4.78934 64260
4.85238 64600
4.91542 64940
4.97846 65280
5.05095 45560
6.62147 340
6.83814 680
7.03671 1020
7.03987 1360
7.17451 1700
7.17766 2040
7.18081 2380
7.18396 2720
7.3123 3060
7.31545 3400
7.31861 3740
7.32176 4080
7.32491 4420
7.32806 4760
7.33121 5100
7.33437 5440
7.4501 5780
7.45325 6120
7.4564 6460
7.45955 6800
7.4627 7140
7.46586 7480
7.46901 7820
7.47216 8160
7.47531 8500
7.47846 8840
7.48162 9180
7.48477 9520
7.48792 9860
7.49107 10200
7.49422 10540
7.49738 10880
7.58789 11220
7.59104 11560
7.5942 11900
7.59735 12240
7.6005 12580
7.60365 12920
7.6068 13260
7.60996 13600
7.61311 13940
7.61626 14280
7.61941 14620
7.62256 14960
7.62572 15300
7.62887 15640
7.63202 15980
7.63517 16320
7.63832 16660
7.64148 17000
7.64463 17340
7.64778 17680
7.65093 18020
7.65408 18360
7.65724 18700
7.66039 19040
7.66354 19380
7.66669 19720
7.66984 20060
7.673 20400
7.67615 20740
7.6793 21080
7.68245 21420
7.6856 21760
7.72569 22100
7.72884 22440
7.73199 22780
7.73514 23120
7.73829 23460
7.74145 23800
7.7446 24140
7.74775 24480
7.7509 24820
7.75405 25160
7.75721 25500
7.76036 25840
7.76351 26180
7.76666 26520
7.76981 26860
7.77297 27200
7.77612 27540
7.77927 27880
7.78242 28220
7.78557 28560
7.78873 28900
7.79188 29240
7.79503 29580
7.79818 29920
7.80133 30260
7.80449 30600
7.80764 30940
7.81079 31280
7.81394 31620
7.8234 31960
7.88644 32300
7.94948 32640
8.01252 32980
8.07556 33320
8.12284 23120
9.42543 340
9.67677 680
9.92578 1020
9.92893 1360
10.0636 1700
10.0667 2040
10.0699 2380
10.073 2720
10.2014 3060
10.214 2040
10.3801 2380
10.477 2720
10.4864 3060
13.1329 3400
13.9376 3740
14.2163 4080
14.3541 4420
14.5077 4760
14.6612 5100
14.7927 5440
14.9116 5780
15.0525 6120
15.1903 6460
15.2156 6800
15.3313 7140
15.388 7480
15.4722 7820
15.6132 8160
15.6195 8500
15.751 8840
15.7573 9180
15.814 9520
15.8888 9860
15.9392 10200
16.0297 10540
16.0549 10880
16.1117 11220
16.1707 11560
16.2148 11900
16.3148 12240
16.3652 12580
16.4093 12920
16.4841 13260
16.5408 13600
16.6061 13940
16.6439 14280
16.6881 14620
16.7471 14960
16.7912 15300
16.8353 15640
16.8785 15980
16.9164 16320
16.9542 16660
16.9857 17000
17.0235 17340
17.0614 17680
17.0929 18020
17.137 18360
17.1748 18700
17.219 19040
17.2631 19380
17.2946 19720
17.3261 20060
17.3577 20400
17.3955 20740
17.4333 21080
17.4711 21420
17.5089 21760
17.5405 22100
17.5657 22440
17.5972 22780
17.635 23120
17.6665 23460
17.7044 23800
17.7359 24140
17.7674 24480
17.7989 24820
17.8305 25160
17.862 25500
17.8935 25840
17.9187 26180
17.9439 26520
17.9754 26860
18.0007 27200
18.0322 27540
18.0637 27880
18.0952 28220
18.1204 28560
18.152 28900
18.1772 29240
18.2087 29580
18.2339 29920
18.2591 30260
18.278 30600
18.3096 30940
18.3348 31280
18.3663 31620
18.3915 31960
18.4104 32300
18.4356 32640
18.4609 32980
18.4861 33320
18.5113 33660
18.5365 34000
18.5617 34340
18.5869 34680
18.6121 35020
18.6374 35360
18.6626 35700
18.6878 36040
18.713 36380
18.7382 36720
18.7571 37060
18.7761 37400
18.8013 37740
18.8202 38080
18.8454 38420
18.8706 38760
18.8895 39100
18.9147 39440
18.9337 39780
18.9589 40120
18.9778 40460
19.003 40800
19.0219 41140
19.0471 41480
19.066 41820
19.0913 42160
19.1102 42500
19.1354 42840
19.1543 43180
19.1795 43520
19.1984 43860
19.2236 44200
19.2425 44540
19.2615 44880
19.2804 45220
19.2993 45560
19.3245 45900
19.3434 46240
19.3623 46580
19.3749 46920
19.3938 47260
19.4128 47600
19.438 47940
19.4569 48280
19.4695 48620
19.4884 48960
19.5073 49300
19.5262 49640
19.5451 49980
19.5641 50320
19.583 50660
19.6019 51000
19.6208 51340
19.6397 51680
19.6586 52020
19.6775 52360
19.6964 52700
19.7153 53040
19.7343 53380
19.7532 53720
19.7721 54060
19.791 54400
19.8099 54740
19.8288 55080
19.8477 55420
19.8666 55760
19.8856 56100
19.9045 56440
19.9234 56780
19.9423 57120
19.9612 57460
19.9801 57800
19.999 58140
20.0116 58480
20.0242 58820
20.0432 59160
20.0621 59500
20.081 59840
20.0936 60180
20.1062 60520
20.1251 60860
20.1377 61200
20.1566 61540
20.1755 61880
20.1881 62220
20.2071 62560
20.2197 62900
20.2386 63240
20.2512 63580
20.2701 63920
20.2827 64260
20.3016 64600
20.3142 64940
20.3331 65280
20.3457 65620
20.3647 65960
20.3773 66300
20.3962 66640
20.4088 66980
20.4277 67320
20.4403 67660
20.4592 68000
20.4718 68340
20.4907 68680
20.5033 69020
20.5223 69360
20.5349 69700
20.5538 70040
20.5664 70380
20.5853 70720
20.5979 71060
20.6168 71400
20.6294 71740
20.6483 72080
20.6609 72420
20.6799 72760
20.6925 73100
20.7114 73440
20.724 73780
20.7429 74120
20.7555 74460
20.7744 74800
20.787 75140
20.8059 75480
20.8185 75820
20.8343 53040
22.4143 340
22.5395 2720
22.8012 4420
22.8169 6800
22.9516 8500
22.9673 10880
22.9894 12580
23.0051 14960
23.102 16660
23.1177 19040
23.1398 20740
23.1555 23120
23.1776 24820
23.1934 27200
23.2154 28900
23.2312 31280
23.2533 32980
23.269 35360
23.2911 37060
23.3447 37400
23.4203 37740
23.4802 38080
23.5338 38420
23.6189 26860
24.9688 340
25.1508 680
25.4565 1020
25.4597 1360
25.5943 1700
25.5975 2040
25.6006 2380
25.6038 2720
25.7321 3060
25.7352 3400
25.7384 3740
25.7416 4080
25.7447 4420
25.7479 4760
25.751 5100
25.7542 5440
25.8699 5780
25.873 6120
25.8762 6460
25.8793 6800
25.8825 7140
25.8856 7480
25.8888 7820
25.892 8160
25.8951 8500
25.8983 8840
25.9014 9180
25.9046 9520
25.9077 9860
25.9109 10200
25.914 10540
25.9172 10880
26.0077 11220
26.0108 11560
26.014 11900
26.0171 12240
26.0203 12580
26.0234 12920
26.0266 13260
26.0392 9180
26.3188 9520
26.3251 9860
26.3314 10200
26.3441 10540
26.3819 10880
26.4607 11220
26.5489 11560
26.6971 11900
26.8484 12240
27.0564 12580
27.2676 12920
27.4977 13260
30.2084 13600
30.5646 13940
30.8073 14280
31.0027 14620
31.1729 14960
31.3179 15300
31.444 15640
31.5669 15980
31.6709 16320
31.7781 16660
31.8664 17000
31.9546 17340
32.046 17680
32.1185 18020
32.1973 18360
32.2667 18700
32.3392 19040
32.667 19380
32.7615 19720
32.8466 20060
32.9853 20400
33.0988 20740
33.1933 21080
33.2438 21420
33.2974 21760
33.3667 22100
33.4297 22440
33.4865 22780
33.5369 23120
33.5873 23460
33.6378 23800
33.6945 24140
33.7449 24480
33.7891 24820
33.8332 25160
33.8773 25500
33.9278 25840
33.9719 26180
34.016 26520
34.0538 26860
34.0917 27200
34.1358 27540
34.1736 27880
34.2177 28220
34.2556 28560
34.2934 28900
34.3312 29240
34.369 29580
34.4069 29920
34.4447 30260
34.4825 30600
34.514 30940
34.5519 31280
34.5834 31620
34.6212 31960
34.6527 32300
34.6842 32640
34.7158 32980
34.7473 33320
34.7788 33660
34.8103 34000
34.8481 34340
34.8734 34680
34.9049 35020
34.9364 35360
34.9679 35700
34.9994 36040
35.0247 36380
35.0562 36720
35.0814 37060
35.1129 37400
35.1444 37740
35.1697 38080
35.1949 38420
35.2264 38760
35.2516 39100
35.2831 39440
35.3083 39780
35.3336 40120
35.3651 40460
35.3903 40800
35.4218 41140
35.4407 41480
35.4659 41820
35.4912 42160
35.5164 42500
35.5416 42840
35.5668 43180
35.592 43520
35.6172 43860
35.6425 44200
35.6677 44540
35.6929 44880
35.7181 45220
35.7433 45560
35.7685 45900
35.7874 46240
35.8127 46580
35.8379 46920
35.8631 47260
35.882 47600
35.9072 47940
35.9261 48280
35.9513 48620
35.9703 48960
35.9955 49300
36.0144 49640
36.0396 49980
36.0585 50320
36.0837 50660
36.1026 51000
36.1279 51340
36.1468 51680
36.172 52020
36.1909 52360
36.2161 52700
36.235 53040
36.2602 53380
36.2792 53720
36.3044 54060
36.3233 54400
36.3422 54740
36.3611 55080
36.3863 55420
36.4052 55760
36.4241 56100
36.4431 56440
36.462 56780
36.4809 57120
36.4998 57460
36.5187 57800
36.5376 58140
36.5565 58480
36.5754 58820
36.5944 59160
36.6133 59500
36.6322 59840
36.6511 60180
36.67 60520
36.6889 60860
36.7078 61200
36.7267 61540
36.7457 61880
36.7646 62220
36.7835 62560
36.8024 62900
36.8213 63240
36.8402 63580
36.8591 63920
36.878 64260
36.8969 64600
36.9159 64940
36.9348 65280
36.9537 65620
36.9726 65960
36.9915 66300
37.0104 66640
37.0293 66980
37.0419 67320
37.0609 67660
37.0798 68000
37.0987 68340
37.1113 68680
37.1239 69020
37.1428 69360
37.1617 69700
37.1743 70040
37.1932 70380
37.2058 70720
37.2185 71060
37.2374 71400
37.2563 71740
37.2689 72080
37.2815 72420
37.3004 72760
37.313 73100
37.3319 73440
37.3445 73780
37.3634 74120
37.3761 74460
37.395 74800
37.417 52360
38.997 340
39.1317 2720
39.387 5100
39.4091 7480
39.5437 9860
39.5658 12240
39.5879 14620
39.6099 17000
39.7004 19380
39.7225 21080
39.7383 23460
39.7603 25840
39.7824 28220
39.8045 29920
39.8202 31620
39.836 34000
39.858 36380
39.9179 36720
39.9715 37060
40.0472 37400
40.1007 37740
40.1701 26180
41.5137 340
41.702 680
42.0014 1020
42.0046 1360
42.1392 1700
42.1423 2040
42.1455 2380
42.1487 2720
42.277 3060
42.2801 3400
42.2833 3740
42.2864 4080
42.2896 4420
42.2928 4760
42.2959 5100
42.2991 5440
42.4148 5780
42.4179 6120
42.4211 6460
42.4242 6800
42.4274 7140
42.4305 7480
42.4337 7820
42.4369 8160
42.44 8500
42.4432 8840
42.4463 9180
42.4495 9520
42.4526 9860
42.4558 10200
42.4589 10540
42.4621 10880
42.5526 11220
42.5557 11560
42.5589 11900
42.5715 8160
42.8259 8500
42.8322 8840
42.8385 9180
42.8574 9520
42.9142 9860
43.0024 10200
43.1159 10540
43.264 10880
43.4437 11220
43.6423 11560
43.907 11900
46.6241 12240
46.9771 12580
47.223 12920
47.4215 13260
47.5854 13600
47.7336 13940
47.8628 14280
47.9826 14620
48.0929 14960
48.1969 15300
48.6035 15640
48.7233 15980
48.8683 16320
48.9629 16660
49.0448 17000
49.1142 17340
49.1835 17680
49.2528 18020
49.3159 18360
49.3789 18700
49.442 19040
49.4987 19380
49.5554 19720
49.6122 20060
49.7193 20400
49.7698 20740
49.8454 21080
49.9148 21420
49.9778 21760
50.0408 22100
50.0913 22440
50.1417 22780
50.1921 23120
50.2489 23460
50.2993 23800
50.3371 24140
50.375 24480
50.4191 24820
50.4632 25160
50.5073 25500
50.5578 25840
50.5956 26180
50.6271 26520
50.6649 26860
50.7028 27200
50.7469 27540
50.7847 27880
50.8288 28220
50.8604 28560
50.8919 28900
50.9297 29240
50.9675 29580
51.0054 29920
51.0432 30260
51.0747 30600
51.1125 30940
51.144 31280
51.1819 31620
51.2071 31960
51.2386 32300
51.2701 32640
51.3016 32980
51.3332 33320
51.3647 33660
51.3962 34000
51.4277 34340
51.4592 34680
51.4908 35020
51.5223 35360
51.5475 35700
51.5727 36040
51.6042 36380
51.6294 36720
51.661 37060
51.6862 37400
51.7177 37740
51.7429 38080
51.7744 38420
51.7997 38760
51.8249 39100
51.8501 39440
51.8753 39780
51.9005 40120
51.932 40460
51.951 40800
51.9762 41140
52.0014 41480
52.0266 41820
52.0518 42160
52.077 42500
52.1022 42840
52.1275 43180
52.1527 43520
52.1779 43860
52.2031 44200
52.2283 44540
52.2535 44880
52.2788 45220
52.2977 45560
52.3229 45900
52.3418 46240
52.367 46580
52.3922 46920
52.4111 47260
52.4364 47600
52.4553 47940
52.4805 48280
52.4994 48620
52.5246 48960
52.5435 49300
52.5687 49640
52.5877 49980
52.6129 50320
52.6318 50660
52.657 51000
52.6759 51340
52.7011 51680
52.72 52020
52.7453 52360
52.7642 52700
52.7831 53040
52.8083 53380
52.8272 53720
52.8398 54060
52.8587 54400
52.8776 54740
52.9029 55080
52.9218 55420
52.9407 55760
52.9596 56100
52.9785 56440
52.9974 56780
53.0163 57120
53.0352 57460
53.0542 57800
53.0731 58140
53.092 58480
53.1109 58820
53.1298 59160
53.1487 59500
53.1676 59840
53.1865 60180
53.2054 60520
53.2244 60860
53.2433 61200
53.2622 61540
53.2811 61880
53.3 62220
53.3189 62560
53.3378 62900
53.3567 63240
53.3757 63580
53.3946 63920
53.4135 64260
53.4324 64600
53.4513 64940
53.4702 65280
53.4828 65620
53.5017 65960
53.5206 66300
53.5396 66640
53.5522 66980
53.5711 67320
53.59 67660
53.6089 68000
53.6215 68340
53.6341 68680
53.653 69020
53.6656 69360
53.6846 69700
53.6972 70040
53.7161 70380
53.7287 70720
53.7476 71060
53.7602 71400
53.7791 71740
53.7917 72080
53.8106 72420
53.8232 72760
53.8422 73100
53.8548 73440
53.8737 73780
53.8863 74120
53.9052 74460
53.9178 74800
53.9367 75140
53.9525 52360
55.5324 340
55.6577 2720
55.9193 5100
55.9414 7480
56.076 9180
56.0918 11560
56.1139 13940
56.1359 16320
56.2264 18020
56.2422 20400
56.2643 22780
56.2863 25160
56.3084 26860
56.3241 28560
56.3399 30940
56.362 32640
56.3777 35020
56.3998 36720
56.4534 37060
56.529 37400
56.5889 37740
56.6425 38080
56.7118 26520
58.0586 340
58.2406 680
58.5463 1020
58.5495 1360
58.6841 1700
58.6872 2040
58.6904 2380
58.6936 2720
58.8219 3060
58.825 3400
58.8282 3740
58.8313 4080
58.8345 4420
58.8376 4760
58.8408 5100
58.844 5440
58.9597 5780
58.9628 6120
58.966 6460
58.9691 6800
58.9723 7140
58.9754 7480
58.9786 7820
58.9817 8160
58.9849 8500
58.9881 8840
58.9912 9180
58.9944 9520
58.9975 9860
59.0007 10200
59.0038 10540
59.007 10880
59.0975 11220
59.1006 11560
59.1038 11900
59.1069 12240
59.1101 12580
59.1227 8500
59.3897 8840
59.396 9180
59.4023 9520
59.4212 9860
59.4528 10200
59.5379 10540
59.623 10880
59.768 11220
59.894 11560
60.0895 11900
60.2849 12240
60.5654 12580
63.2793 12920
63.6323 13260
63.8813 13600
64.0799 13940
64.2438 14280
64.3856 14620
64.5149 14960
64.6315 15300
64.7418 15640
64.8427 15980
64.9372 16320
65.0286 16660
65.1169 17000
65.1926 17340
65.265 17680
65.3375 18020
65.41 18360
65.7694 18700
65.8482 19040
65.9333 19380
66.0341 19720
66.1161 20060
66.2296 20400
66.2863 20740
66.3367 21080
66.4313 21420
66.5006 21760
66.5637 22100
66.6267 22440
66.6708 22780
66.715 23120
66.7717 23460
66.8221 23800
66.8789 24140
66.9167 24480
66.9608 24820
66.9986 25160
67.0428 25500
67.0932 25840
67.1373 26180
67.1815 26520
67.2193 26860
67.2571 27200
67.3012 27540
67.3391 27880
67.3832 28220
67.4147 28560
67.4462 28900
67.4841 29240
67.5219 29580
67.5597 29920
67.5975 30260
67.6354 30600
67.6669 30940
67.7047 31280
67.7362 31620
67.774 31960
67.7993 32300
67.8308 32640
67.8623 32980
67.8938 33320
67.9253 33660
67.9632 34000
67.9884 34340
68.0199 34680
68.0514 35020
68.0829 35360
68.1145 35700
68.1397 36040
68.1649 36380
68.1964 36720
68.2216 37060
68.2531 37400
68.2847 37740
68.3099 38080
68.3351 38420
68.3666 38760
68.3918 39100
68.4234 39440
68.4423 39780
68.4738 40120
68.499 40460
68.5305 40800
68.5557 41140
68.5746 41480
68.5999 41820
68.6251 42160
68.6503 42500
68.6755 42840
68.7007 43180
68.7259 43520
68.7512 43860
68.7764 44200
68.8016 44540
68.8268 44880
68.852 45220
68.8772 45560
68.8962 45900
68.9214 46240
68.9466 46580
68.9718 46920
68.9907 47260
69.0096 47600
69.0348 47940
69.0538 48280
69.079 48620
69.0979 48960
69.1231 49300
69.142 49640
69.1672 49980
69.1861 50320
69.2114 50660
69.2303 51000
69.2555 51340
69.2744 51680
69.2996 52020
69.3185 52360
69.3437 52700
69.3626 53040
69.3879 53380
69.4068 53720
69.432 54060
69.4446 54400
69.4635 54740
69.4887 55080
69.5076 55420
69.5266 55760
69.5455 56100
69.5644 56440
69.5833 56780
69.6022 57120
69.6211 57460
69.64 57800
69.6589 58140
69.6778 58480
69.6968 58820
69.7157 59160
69.7346 59500
69.7535 59840
69.7724 60180
69.7913 60520
69.8102 60860
69.8291 61200
69.8481 61540
69.867 61880
69.8859 62220
69.9048 62560
69.9237 62900
69.9426 63240
69.9615 63580
69.9804 63920
69.9994 64260
70.0183 64600
70.0372 64940
70.0561 65280
70.075 65620
70.0939 65960
70.1128 66300
70.1317 66640
70.1443 66980
70.1633 67320
70.1822 67660
70.2011 68000
70.2137 68340
70.2263 68680
70.2452 69020
70.2578 69360
70.2767 69700
70.2956 70040
70.3082 70380
70.3272 70720
70.3398 71060
70.3587 71400
70.3713 71740
70.3902 72080
70.4028 72420
70.4217 72760
70.4343 73100
70.4532 73440
70.4658 73780
70.4848 74120
70.4974 74460
70.5163 74800
70.5383 52360
72.1183 340
72.253 2720
72.5083 5100
72.5304 7480
72.6651 9860
72.6871 12240
72.7092 14620
72.7312 17000
72.8218 18700
72.8375 21080
72.8596 23460
72.8816 25840
72.9037 27540
72.9195 29240
72.9352 31620
72.9573 33320
72.9731 35700
72.9951 38080
73.055 38420
73.1086 38760
73.1842 39100
73.2441 39440
73.2914 27540
74.6507 340
74.8138 680
75.1353 1020
75.1385 1360
75.2731 1700
75.2763 2040
75.2794 2380
75.2826 2720
75.4109 3060
75.4141 3400
75.4172 3740
75.4204 4080
75.4235 4420
75.4267 4760
75.4298 5100
75.433 5440
75.5487 5780
75.5519 6120
75.555 6460
75.5582 6800
75.5613 7140
75.5645 7480
75.5676 7820
75.5708 8160
75.5739 8500
75.5771 8840
75.5802 9180
75.5834 9520
75.5865 9860
75.5897 10200
75.5928 10540
75.596 10880
75.6865 11220
75.6897 11560
75.6928 11900
75.696 12240
75.6991 12580
75.7023 12920
75.7054 13260
75.7086 13600
75.7117 13940
75.7149 14280
75.718 14620
75.7212 14960
75.7243 15300
75.7369 10540
76.0544 10880
76.0607 11220
76.0733 11560
76.0985 11900
76.1363 12240
76.2025 12580
76.2845 12920
76.3854 13260
76.4957 13600
76.6091 13940
76.792 14280
76.9527 14620
77.1954 14960
77.4381 15300
80.1047 15640
80.4609 15980
80.7036 16320
80.9085 16660
81.0724 17000
81.2142 17340
81.3466 17680
81.4632 18020
81.5704 18360
81.6713 18700
81.7658 19040
81.8541 19380
81.9392 19720
82.0211 20060
82.0936 20400
82.1661 20740
82.308 21080
82.3679 21420
82.6547 21760
82.7177 22100
82.8123 22440
82.951 22780
83.0077 23120
83.0771 23460
83.1495 23800
83.2189 24140
83.2945 24480
83.3702 24820
83.4143 25160
83.4647 25500
83.5215 25840
83.5782 26180
83.6287 26520
83.6728 26860
83.7232 27200
83.7736 27540
83.8241 27880
83.8619 28220
83.8997 28560
83.9375 28900
83.9817 29240
84.0258 29580
84.0699 29920
84.1078 30260
84.1456 30600
84.1834 30940
84.2275 31280
84.2654 31620
84.3032 31960
84.3347 32300
84.3725 32640
84.4103 32980
84.4482 33320
84.4797 33660
84.5112 34000
84.5427 34340
84.5743 34680
84.6121 35020
84.6436 35360
84.6751 35700
84.7066 36040
84.7382 36380
84.7697 36720
84.8012 37060
84.8327 37400
84.8642 37740
84.8958 38080
84.9273 38420
84.9588 38760
84.984 39100
85.0092 39440
85.0407 39780
85.066 40120
85.0975 40460
85.1227 40800
85.1542 41140
85.1794 41480
85.211 41820
85.2362 42160
85.2551 42500
85.2803 42840
85.3118 43180
85.337 43520
85.3686 43860
85.3875 44200
85.4127 44540
85.4379 44880
85.4631 45220
85.4883 45560
85.5135 45900
85.5388 46240
85.564 46580
85.5892 46920
85.6144 47260
85.6396 47600
85.6648 47940
85.6901 48280
85.709 48620
85.7342 48960
85.7594 49300
85.7846 49640
85.8035 49980
85.8224 50320
85.8477 50660
85.8666 51000
85.8918 51340
85.9107 51680
85.9359 52020
85.9548 52360
85.98 52700
85.999 53040
86.0242 53380
86.0431 53720
86.0683 54060
86.0872 54400
86.1124 54740
86.1313 55080
86.1566 55420
86.1755 55760
86.2007 56100
86.2196 56440
86.2385 56780
86.2574 57120
86.2763 57460
86.3015 57800
86.3205 58140
86.3331 58480
86.352 58820
86.3709 59160
86.3898 59500
86.415 59840
86.4276 60180
86.4465 60520
86.4655 60860
86.4844 61200
86.5033 61540
86.5222 61880
86.5411 62220
86.56 62560
86.5789 62900
86.5978 63240
86.6167 63580
86.6357 63920
86.6546 64260
86.6735 64600
86.6924 64940
86.7113 65280
86.7302 65620
86.7491 65960
86.768 66300
86.787 66640
86.8059 66980
86.8248 67320
86.8437 67660
86.8626 68000
86.8815 68340
86.9004 68680
86.9193 69020
86.9383 69360
86.9572 69700
86.9761 70040
86.9887 70380
87.0076 70720
87.0202 71060
87.0391 71400
87.058 71740
87.0706 72080
87.0832 72420
87.1022 72760
87.1148 73100
87.1337 73440
87.1526 73780
87.1652 74120
87.1778 74460
87.1936 52020
88.7735 340
88.8988 2720
89.1604 5100
89.1825 7480
89.3171 9860
89.3392 12240
89.3612 14620
89.3833 17000
89.4738 19380
89.4959 21760
89.518 24140
89.54 26520
89.5621 28900
89.5841 31280
89.6062 33660
89.6283 36040
89.6503 38420
89.7102 38760
89.7922 39100
89.8458 39440
89.9056 39780
89.9466 27540
91.3091 340
91.4659 680
91.7905 1020
91.7937 1360
91.9283 1700
91.9315 2040
91.9346 2380
91.9378 2720
92.0661 3060
92.0693 3400
92.0724 3740
92.0756 4080
92.0787 4420
92.0819 4760
92.085 5100
92.0882 5440
92.2039 5780
92.2071 6120
92.2102 6460
92.2134 6800
92.2165 7140
92.2197 7480
92.2228 7820
92.226 8160
92.2291 8500
92.2323 8840
92.2354 9180
92.2386 9520
92.2418 9860
92.2449 10200
92.2481 10540
92.2512 10880
92.3417 11220
92.3449 11560
92.348 11900
92.3512 12240
92.3543 12580
92.3575 12920
92.3606 13260
92.3638 13600
92.3669 13940
92.3701 14280
92.3732 14620
92.3764 14960
92.3795 15300
92.3827 15640
92.3859 15980
92.3985 10880
92.7285 11220
92.7411 11560
92.76 11900
92.7853 12240
92.8105 12580
92.8735 12920
92.9492 13260
93.0343 13600
93.1414 13940
93.2549 14280
93.3747 14620
93.5417 14960
93.7498 15300
94.0082 15640
94.2699 15980
96.8608 16320
97.2075 16660
97.4534 17000
97.6551 17340
97.819 17680
97.964 18020
98.0932 18360
98.2162 18700
98.3202 19040
98.4242 19380
98.5156 19720
98.6039 20060
98.689 20400
98.7709 20740
98.8466 21080
99.1555 21420
99.3067 21760
99.4517 22100
99.5179 22440
99.6062 22780
99.7039 23120
99.7732 23460
99.83 23800
99.8993 24140
99.975 24480
100.032 24820
100.088 25160
100.145 25500
100.202 25840
100.259 26180
100.303 26520
100.341 26860
100.391 27200
100.441 27540
100.492 27880
100.542 28220
100.58 28560
100.618 28900
100.662 29240
100.706 29580
100.75 29920
100.794 30260
100.826 30600
100.864 30940
100.902 31280
100.946 31620
100.984 31960
101.021 32300
101.053 32640
101.091 32980
101.129 33320
101.166 33660
101.204 34000
101.236 34340
101.274 34680
101.305 35020
101.343 35360
101.374 35700
101.4 36040
101.431 36380
101.463 36720
101.494 37060
101.526 37400
101.557 37740
101.589 38080
101.62 38420
101.652 38760
101.683 39100
101.709 39440
101.74 39780
101.765 40120
101.797 40460
101.822 40800
101.854 41140
101.879 41480
101.91 41820
101.936 42160
101.967 42500
101.986 42840
102.017 43180
102.043 43520
102.074 43860
102.099 44200
102.118 44540
102.144 44880
102.169 45220
102.194 45560
102.219 45900
102.244 46240
102.27 46580
102.295 46920
102.32 47260
102.345 47600
102.37 47940
102.396 48280
102.421 48620
102.44 48960
102.465 49300
102.49 49640
102.515 49980
102.534 50320
102.56 50660
102.579 51000
102.604 51340
102.623 51680
102.648 52020
102.667 52360
102.692 52700
102.711 53040
102.736 53380
102.755 53720
102.78 54060
102.799 54400
102.824 54740
102.843 55080
102.869 55420
102.887 55760
102.913 56100
102.932 56440
102.957 56780
102.976 57120
102.995 57460
103.014 57800
103.039 58140
103.058 58480
103.07 58820
103.089 59160
103.108 59500
103.133 59840
103.152 60180
103.165 60520
103.184 60860
103.203 61200
103.222 61540
103.24 61880
103.259 62220
103.278 62560
103.297 62900
103.316 63240
103.335 63580
103.354 63920
103.373 64260
103.392 64600
103.411 64940
103.43 65280
103.448 65620
103.467 65960
103.486 66300
103.505 66640
103.524 66980
103.543 67320
103.562 67660
103.581 68000
103.6 68340
103.619 68680
103.638 69020
103.657 69360
103.675 69700
103.694 70040
103.713 70380
103.732 70720
103.745 71060
103.764 71400
103.783 71740
103.795 72080
103.814 72420
103.827 72760
103.839 73100
103.858 73440
103.877 73780
103.89 74120
103.912 51680
105.492 340
105.627 2720
105.882 5100
105.904 7480
106.039 9860
106.061 12240
106.083 14620
106.105 17000
106.195 19380
106.217 21760
106.239 24140
106.261 26520
106.283 28900
106.306 31280
106.328 33660
106.35 36040
106.416 36380
106.476 36720
106.536 37060
106.589 37400
106.659 26180
107.999 340
108.194 680
108.49 1020
108.493 1360
108.628 1700
108.631 2040
108.634 2380
108.637 2720
108.765 3060
108.769 3400
108.772 3740
108.775 4080
108.778 4420
108.781 4760
108.784 5100
108.788 5440
108.903 5780
108.906 6120
108.91 6460
108.913 6800
108.916 7140
108.919 7480
108.922 7820
108.925 8160
108.928 8500
108.932 8840
108.935 9180
108.938 9520
108.941 9860
108.944 10200
108.947 10540
108.951 10880
109.041 11220
109.054 7820
109.295 8160
109.302 8500
109.314 8840
109.34 9180
109.4 9520
109.494 9860
109.652 10200
109.819 10540
109.992 10880
110.285 11220
112.999 11560
113.352 11900
113.601 12240
113.8 12580
113.964 12920
114.112 13260
114.241 13600
114.354 13940
114.471 14280
114.566 14620
114.663 14960
114.752 15300
114.84 15640
114.916 15980
114.988 16320
115.064 16660
115.133 17000
115.199 17340
115.603 17680
115.685 18020
115.767 18360
115.836 18700
115.905 19040
115.962 19380
116.044 19720
116.138 20060
116.22 20400
116.271 20740
116.321 21080
116.384 21420
116.447 21760
116.492 22100
116.536 22440
116.586 22780
116.636 23120
116.687 23460
116.731 23800
116.775 24140
116.819 24480
116.863 24820
116.908 25160
116.952 25500
116.983 25840
117.021 26180
117.059 26520
117.097 26860
117.141 27200
117.179 27540
117.21 27880
117.242 28220
117.28 28560
117.317 28900
117.355 29240
117.393 29580
117.424 29920
117.45 30260
117.488 30600
117.519 30940
117.557 31280
117.588 31620
117.62 31960
117.651 32300
117.683 32640
117.714 32980
117.746 33320
117.778 33660
117.803 34000
117.834 34340
117.866 34680
117.897 35020
117.923 35360
117.948 35700
117.979 36040
118.004 36380
118.036 36720
118.061 37060
118.093 37400
118.118 37740
118.149 38080
118.175 38420
118.2 38760
118.225 39100
118.25 39440
118.276 39780
118.307 40120
118.332 40460
118.351 40800
118.376 41140
118.402 41480
118.427 41820
118.452 42160
118.477 42500
118.502 42840
118.528 43180
118.553 43520
118.578 43860
118.603 44200
118.629 44540
118.654 44880
118.673 45220
118.692 45560
118.717 45900
118.736 46240
118.761 46580
118.786 46920
118.805 47260
118.83 47600
118.849 47940
118.874 48280
118.893 48620
118.919 48960
118.937 49300
118.963 49640
118.982 49980
119.007 50320
119.026 50660
119.051 51000
119.07 51340
119.095 51680
119.114 52020
119.133 52360
119.152 52700
119.177 53040
119.196 53380
119.215 53720
119.234 54060
119.253 54400
119.272 54740
119.29 55080
119.309 55420
119.328 55760
119.347 56100
119.366 56440
119.385 56780
119.404 57120
119.423 57460
119.442 57800
119.461 58140
119.48 58480
119.499 58820
119.517 59160
119.536 59500
119.555 59840
119.574 60180
119.593 60520
119.612 60860
119.631 61200
119.65 61540
119.669 61880
119.688 62220
119.707 62560
119.725 62900
119.744 63240
119.763 63580
119.782 63920
119.801 64260
119.82 64600
119.839 64940
119.852 65280
119.87 65620
119.889 65960
119.908 66300
119.921 66640
119.94 66980
119.952 67320
119.971 67660
119.99 68000
120.003 68340
120.022 68680
120.034 69020
120.053 69360
120.066 69700
120.085 70040
120.097 70380
120.116 70720
120.129 71060
120.148 71400
120.16 71740
120.179 72080
120.192 72420
120.211 72760
120.223 73100
120.242 73440
120.255 73780
120.274 74120
120.287 74460
120.305 74800
120.318 75140
120.34 52360
121.92 340
122.045 2720
122.307 5100
122.329 6800
122.457 9180
122.479 11560
122.501 13940
122.598 15640
122.614 18020
122.636 19720
122.652 22100
122.674 24480
122.696 26180
122.712 28560
122.742 30260
122.758 32640
122.78 34340
122.796 36720
122.856 37060
122.932 37400
122.985 37740
123.045 38080
123.108 26520
124.455 340
124.637 680
124.942 1020
124.946 1360
125.08 1700
125.083 2040
125.087 2380
125.09 2720
125.218 3060
125.221 3400
125.224 3740
125.228 4080
125.231 4420
125.234 4760
125.237 5100
125.24 5440
125.356 5780
125.359 6120
125.362 6460
125.365 6800
125.368 7140
125.372 7480
125.375 7820
125.378 8160
125.381 8500
125.384 8840
125.387 9180
125.391 9520
125.394 9860
125.397 10200
125.4 10540
125.403 10880
125.494 11220
125.497 11560
125.5 11900
125.503 12240
125.506 12580
125.519 8500
125.786 8840
125.792 9180
125.799 9520
125.824 9860
125.849 10200
125.94 10540
126.025 10880
126.164 11220
126.3 11560
126.492 11900
126.687 12240
126.962 12580
129.675 12920
130.025 13260
130.271 13600
130.473 13940
130.64 14280
130.782 14620
130.911 14960
131.034 15300
131.144 15640
131.242 15980
131.333 16320
131.425 16660
131.507 17000
131.904 17340
131.998 17680
132.099 18020
132.213 18360
132.288 18700
132.352 19040
132.415 19380
132.471 19720
132.534 20060
132.591 20400
132.654 20740
132.749 21080
132.85 21420
132.9 21760
132.944 22100
133.013 22440
133.083 22780
133.127 23120
133.171 23460
133.221 23800
133.272 24140
133.329 24480
133.373 24820
133.417 25160
133.461 25500
133.505 25840
133.556 26180
133.593 26520
133.625 26860
133.663 27200
133.707 27540
133.745 27880
133.789 28220
133.827 28560
133.858 28900
133.896 29240
133.934 29580
133.972 29920
134.009 30260
134.047 30600
134.079 30940
134.117 31280
134.148 31620
134.186 31960
134.218 32300
134.243 32640
134.274 32980
134.306 33320
134.337 33660
134.375 34000
134.4 34340
134.432 34680
134.463 35020
134.495 35360
134.526 35700
134.552 36040
134.577 36380
134.608 36720
134.634 37060
134.665 37400
134.697 37740
134.722 38080
134.747 38420
134.779 38760
134.804 39100
134.835 39440
134.854 39780
134.886 40120
134.911 40460
134.942 40800
134.968 41140
134.987 41480
135.012 41820
135.037 42160
135.062 42500
135.087 42840
135.113 43180
135.138 43520
135.163 43860
135.188 44200
135.214 44540
135.239 44880
135.264 45220
135.289 45560
135.308 45900
135.333 46240
135.359 46580
135.384 46920
135.403 47260
135.422 47600
135.447 47940
135.466 48280
135.491 48620
135.51 48960
135.535 49300
135.554 49640
135.579 49980
135.598 50320
135.623 50660
135.642 51000
135.667 51340
135.686 51680
135.712 52020
135.73 52360
135.756 52700
135.775 53040
135.8 53380
135.819 53720
135.844 54060
135.863 54400
135.875 54740
135.901 55080
135.92 55420
135.938 55760
135.957 56100
135.976 56440
135.995 56780
136.014 57120
136.033 57460
136.052 57800
136.071 58140
136.09 58480
136.109 58820
136.128 59160
136.147 59500
136.165 59840
136.184 60180
136.203 60520
136.222 60860
136.241 61200
136.26 61540
136.279 61880
136.298 62220
136.317 62560
136.336 62900
136.355 63240
136.373 63580
136.392 63920
136.411 64260
136.43 64600
136.449 64940
136.468 65280
136.487 65620
136.506 65960
136.525 66300
136.544 66640
136.563 66980
136.575 67320
136.594 67660
136.613 68000
136.626 68340
136.638 68680
136.657 69020
136.67 69360
136.689 69700
136.708 70040
136.72 70380
136.739 70720
136.752 71060
136.771 71400
136.783 71740
136.802 72080
136.815 72420
136.834 72760
136.846 73100
136.865 73440
136.878 73780
136.897 74120
136.909 74460
136.928 74800
136.95 52360
138.53 340
138.665 2720
138.92 5100
138.942 7480
139.077 9860
139.099 12240
139.121 14620
139.143 17000
139.234 19380
139.256 21080
139.272 23460
139.294 25840
139.316 27540
139.331 29240
139.347 31620
139.369 33320
139.385 35700
139.407 38080
139.467 38420
139.521 38760
139.596 39100
139.656 39440
139.703 27540
141.063 340
141.226 680
141.547 1020
141.55 1360
141.685 1700
141.688 2040
141.691 2380
141.695 2720
141.823 3060
141.826 3400
141.829 3740
141.832 4080
141.835 4420
141.839 4760
141.842 5100
141.845 5440
141.961 5780
141.964 6120
141.967 6460
141.97 6800
141.973 7140
141.976 7480
141.98 7820
141.983 8160
141.986 8500
141.989 8840
141.992 9180
141.995 9520
141.998 9860
142.002 10200
142.005 10540
142.008 10880
142.098 11220
142.102 11560
142.105 11900
142.108 12240
142.111 12580
142.114 12920
142.117 13260
142.121 13600
142.124 13940
142.127 14280
142.13 14620
142.133 14960
142.136 15300
142.149 10540
142.466 10880
142.473 11220
142.485 11560
142.51 11900
142.548 12240
142.614 12580
142.696 12920
142.797 13260
142.908 13600
143.021 13940
143.204 14280
143.365 14620
143.607 14960
143.85 15300
146.52 15640
146.873 15980
147.119 16320
147.317 16660
147.484 17000
147.626 17340
147.759 17680
147.875 18020
147.989 18360
148.086 18700
148.181 19040
148.272 19380
148.351 19720
148.433 20060
148.509 20400
148.581 20740
148.717 21080
148.783 21420
148.903 21760
149.023 22100
149.193 22440
149.312 22780
149.404 23120
149.495 23460
149.574 23800
149.634 24140
149.703 24480
149.773 24820
149.823 25160
149.877 25500
149.933 25840
149.996 26180
150.034 26520
150.078 26860
150.123 27200
150.173 27540
150.223 27880
150.268 28220
150.305 28560
150.349 28900
150.394 29240
150.438 29580
150.482 29920
150.513 30260
150.551 30600
150.589 30940
150.633 31280
150.671 31620
150.703 31960
150.734 32300
150.772 32640
150.81 32980
150.848 33320
150.885 33660
150.911 34000
150.948 34340
150.98 34680
151.018 35020
151.049 35360
151.081 35700
151.112 36040
151.144 36380
151.175 36720
151.207 37060
151.238 37400
151.264 37740
151.295 38080
151.327 38420
151.358 38760
151.383 39100
151.415 39440
151.44 39780
151.472 40120
151.497 40460
151.528 40800
151.554 41140
151.585 41480
151.61 41820
151.642 42160
151.661 42500
151.686 42840
151.717 43180
151.743 43520
151.768 43860
151.793 44200
151.818 44540
151.844 44880
151.869 45220
151.894 45560
151.919 45900
151.944 46240
151.97 46580
151.995 46920
152.02 47260
152.045 47600
152.07 47940
152.096 48280
152.115 48620
152.14 48960
152.165 49300
152.19 49640
152.209 49980
152.228 50320
152.253 50660
152.272 51000
152.297 51340
152.316 51680
152.342 52020
152.36 52360
152.386 52700
152.405 53040
152.43 53380
152.449 53720
152.474 54060
152.493 54400
152.518 54740
152.537 55080
152.562 55420
152.581 55760
152.606 56100
152.625 56440
152.644 56780
152.663 57120
152.682 57460
152.707 57800
152.726 58140
152.739 58480
152.758 58820
152.777 59160
152.795 59500
152.821 59840
152.833 60180
152.852 60520
152.871 60860
152.89 61200
152.909 61540
152.928 61880
152.947 62220
152.966 62560
152.985 62900
153.003 63240
153.022 63580
153.041 63920
153.06 64260
153.079 64600
153.098 64940
153.117 65280
153.136 65620
153.155 65960
153.174 66300
153.193 66640
153.212 66980
153.23 67320
153.249 67660
153.268 68000
153.287 68340
153.306 68680
153.325 69020
153.344 69360
153.363 69700
153.382 70040
153.394 70380
153.407 70720
153.426 71060
153.438 71400
153.457 71740
153.476 72080
153.489 72420
153.508 72760
153.52 73100
153.539 73440
153.552 73780
153.571 74120
153.583 74460
153.599 52020
155.179 340
155.311 2720
155.566 5100
155.588 7480
155.723 9860
155.745 12240
155.767 14620
155.789 17000
155.879 19380
155.902 21760
155.924 24140
155.946 26520
155.968 28900
155.99 31280
156.012 33660
156.034 36040
156.056 38420
156.132 38760
156.192 39100
156.251 39440
156.305 39780
156.352 27540
157.715 340
157.872 680
158.196 1020
158.199 1360
158.334 1700
158.337 2040
158.34 2380
158.343 2720
158.472 3060
158.475 3400
158.478 3740
158.481 4080
158.484 4420
158.488 4760
158.491 5100
158.494 5440
158.61 5780
158.613 6120
158.616 6460
158.619 6800
158.622 7140
158.625 7480
158.628 7820
158.632 8160
158.635 8500
158.638 8840
158.641 9180
158.644 9520
158.647 9860
158.651 10200
158.654 10540
158.657 10880
158.747 11220
158.751 11560
158.754 11900
158.757 12240
158.76 12580
158.763 12920
158.766 13260
158.769 13600
158.773 13940
158.776 14280
158.779 14620
158.782 14960
158.785 15300
158.788 15640
158.791 15980
158.804 10880
159.134 11220
159.147 11560
159.166 11900
159.191 12240
159.216 12580
159.279 12920
159.355 13260
159.44 13600
159.547 13940
159.661 14280
159.78 14620
159.947 14960
160.155 15300
160.414 15640
160.675 15980
163.266 16320
163.613 16660
163.859 17000
164.061 17340
164.225 17680
164.37 18020
164.499 18360
164.622 18700
164.726 19040
164.83 19380
164.921 19720
165.009 20060
165.095 20400
165.177 20740
165.252 21080
165.561 21420
165.712 21760
165.857 22100
165.924 22440
166.012 22780
166.11 23120
166.179 23460
166.236 23800
166.305 24140
166.381 24480
166.437 24820
166.494 25160
166.551 25500
166.608 25840
166.664 26180
166.708 26520
166.746 26860
166.797 27200
166.847 27540
166.898 27880
166.948 28220
166.986 28560
167.024 28900
167.068 29240
167.112 29580
167.156 29920
167.2 30260
167.232 30600
167.269 30940
167.307 31280
167.351 31620
167.389 31960
167.427 32300
167.459 32640
167.496 32980
167.534 33320
167.572 33660
167.61 34000
167.641 34340
167.679 34680
167.711 35020
167.749 35360
167.78 35700
167.805 36040
167.837 36380
167.868 36720
167.9 37060
167.931 37400
167.963 37740
167.994 38080
168.026 38420
168.057 38760
168.089 39100
168.114 39440
168.146 39780
168.171 40120
168.202 40460
168.228 40800
168.259 41140
168.284 41480
168.316 41820
168.341 42160
168.373 42500
168.392 42840
168.423 43180
168.448 43520
168.48 43860
168.505 44200
168.524 44540
168.549 44880
168.574 45220
168.6 45560
168.625 45900
168.65 46240
168.675 46580
168.7 46920
168.726 47260
168.751 47600
168.776 47940
168.801 48280
168.827 48620
168.845 48960
168.871 49300
168.896 49640
168.921 49980
168.94 50320
168.965 50660
168.984 51000
169.009 51340
169.028 51680
169.054 52020
169.072 52360
169.098 52700
169.117 53040
169.142 53380
169.161 53720
169.186 54060
169.205 54400
169.23 54740
169.249 55080
169.274 55420
169.293 55760
169.318 56100
169.337 56440
169.362 56780
169.381 57120
169.4 57460
169.419 57800
169.444 58140
169.463 58480
169.476 58820
169.495 59160
169.514 59500
169.539 59840
169.558 60180
169.57 60520
169.589 60860
169.608 61200
169.627 61540
169.646 61880
169.665 62220
169.684 62560
169.703 62900
169.722 63240
169.741 63580
169.76 63920
169.778 64260
169.797 64600
169.816 64940
169.835 65280
169.854 65620
169.873 65960
169.892 66300
169.911 66640
169.93 66980
169.949 67320
169.968 67660
169.987 68000
170.005 68340
170.024 68680
170.043 69020
170.062 69360
170.081 69700
170.1 70040
170.119 70380
170.138 70720
170.15 71060
170.169 71400
170.188 71740
170.201 72080
170.22 72420
170.232 72760
170.245 73100
170.264 73440
170.283 73780
170.295 74120
170.317 51680
171.897 340
172.032 2720
172.287 5100
172.31 7480
172.444 9860
172.466 12240
172.488 14620
172.51 17000
172.601 19380
172.623 21760
172.645 24140
172.667 26520
172.689 28900
172.711 31280
172.733 33660
172.755 36040
172.822 36380
172.881 36720
172.941 37060
172.995 37400
173.064 26180
174.405 340
174.495 680
174.892 1020
174.896 1360
175.03 1700
175.033 2040
175.036 2380
175.04 2720
175.168 3060
175.171 3400
175.174 3740
175.177 4080
175.181 4420
175.184 4760
175.187 5100
175.19 5440
175.306 5780
175.309 6120
175.312 6460
175.315 6800
175.318 7140
175.322 7480
175.325 7820
175.328 8160
175.331 8500
175.334 8840
175.337 9180
175.34 9520
175.344 9860
175.347 10200
175.35 10540
175.353 10880
175.444 11220
175.447 11560
175.459 7820
175.704 8160
175.714 8500
175.72 8840
175.733 9180
175.77 9520
175.862 9860
175.991 10200
176.111 10540
176.294 10880
176.473 11220
176.789 11560
179.502 11900
179.855 12240
180.108 12580
180.3 12920
180.464 13260
180.609 13600
180.747 13940
180.858 14280
180.968 14620
181.069 14960
181.51 15300
181.617 15640
181.756 15980
181.851 16320
181.926 16660
182.002 17000
182.071 17340
182.134 17680
182.204 18020
182.267 18360
182.323 18700
182.38 19040
182.437 19380
182.494 19720
182.55 20060
182.651 20400
182.702 20740
182.79 21080
182.853 21420
182.922 21760
182.979 22100
183.023 22440
183.074 22780
183.124 23120
183.175 23460
183.219 23800
183.263 24140
183.307 24480
183.351 24820
183.395 25160
183.439 25500
183.477 25840
183.515 26180
183.553 26520
183.591 26860
183.635 27200
183.673 27540
183.71 27880
183.742 28220
183.78 28560
183.818 28900
183.855 29240
183.893 29580
183.925 29920
183.95 30260
183.988 30600
184.019 30940
184.057 31280
184.089 31620
184.12 31960
184.152 32300
184.183 32640
184.215 32980
184.246 33320
184.278 33660
184.303 34000
184.334 34340
184.366 34680
184.397 35020
184.429 35360
184.454 35700
184.486 36040
184.511 36380
184.542 36720
184.568 37060
184.599 37400
184.624 37740
184.656 38080
184.681 38420
184.706 38760
184.732 39100
184.757 39440
184.782 39780
184.814 40120
184.839 40460
184.858 40800
184.883 41140
184.908 41480
184.933 41820
184.959 42160
184.984 42500
185.009 42840
185.034 43180
185.059 43520
185.085 43860
185.11 44200
185.135 44540
185.16 44880
185.179 45220
185.204 45560
185.223 45900
185.249 46240
185.274 46580
185.293 46920
185.312 47260
185.337 47600
185.356 47940
185.381 48280
185.4 48620
185.425 48960
185.444 49300
185.469 49640
185.488 49980
185.513 50320
185.532 50660
185.557 51000
185.576 51340
185.602 51680
185.62 52020
185.646 52360
185.665 52700
185.684 53040
185.709 53380
185.728 53720
185.74 54060
185.759 54400
185.778 54740
185.803 55080
185.822 55420
185.841 55760
185.86 56100
185.879 56440
185.898 56780
185.917 57120
185.936 57460
185.955 57800
185.973 58140
185.992 58480
186.011 58820
186.03 59160
186.049 59500
186.068 59840
186.087 60180
186.106 60520
186.125 60860
186.144 61200
186.163 61540
186.182 61880
186.2 62220
186.219 62560
186.238 62900
186.257 63240
186.276 63580
186.295 63920
186.314 64260
186.333 64600
186.352 64940
186.371 65280
186.383 65620
186.402 65960
186.421 66300
186.44 66640
186.453 66980
186.465 67320
186.484 67660
186.503 68000
186.516 68340
186.535 68680
186.547 69020
186.566 69360
186.585 69700
186.598 70040
186.61 70380
186.629 70720
186.642 71060
186.661 71400
186.673 71740
186.692 72080
186.705 72420
186.724 72760
186.736 73100
186.755 73440
186.768 73780
186.787 74120
186.799 74460
186.818 74800
186.831 75140
186.853 52360
188.433 340
188.558 2720
188.82 5100
188.842 7480
188.976 9180
188.992 11560
189.014 13940
189.036 16320
189.127 18020
189.143 19720
189.158 22100
189.18 24480
189.203 26180
189.218 28560
189.24 30260
189.256 32640
189.278 35020
189.3 36720
189.354 37060
189.429 37400
189.483 37740
189.543 38080
189.597 38420
189.959 26860
191 340
191.072 680
191.236 1020
191.239 1360
191.373 1700
191.376 2040
191.38 2380
191.383 2720
191.511 3060
191.514 3400
191.517 3740
191.521 4080
191.524 4420
191.527 4760
191.53 5100
191.533 5440
191.649 5780
191.652 6120
191.655 6460
191.658 6800
191.662 7140
191.665 7480
191.668 7820
191.671 8160
191.674 8500
191.677 8840
191.68 9180
191.684 9520
191.687 9860
191.69 10200
191.693 10540
191.696 10880
191.787 11220
191.79 11560
191.793 11900
191.796 12240
191.809 8500
192.066 8840
192.076 9180
192.082 9520
192.088 9860
192.095 10200
192.101 10540
192.186 10880
192.353 11220
192.552 11560
192.801 11900
193.151 12240
195.865 12580
196.218 12920
196.463 13260
196.665 13600
196.826 13940
196.974 14280
197.106 14620
197.22 14960
197.333 15300
197.434 15640
197.526 15980
197.614 16320
197.702 16660
197.778 17000
197.853 17340
198.238 17680
198.32 18020
198.414 18360
198.496 18700
198.566 19040
198.635 19380
198.704 19720
198.768 20060
198.824 20400
198.881 20740
198.931 21080
198.982 21420
199.032 21760
199.083 22100
199.127 22440
199.171 22780
199.272 23120
199.347 23460
199.411 23800
199.474 24140
199.518 24480
199.574 24820
199.631 25160
199.663 25500
199.713 25840
199.757 26180
199.808 26520
199.845 26860
199.877 27200
199.921 27540
199.959 27880
200.003 28220
200.041 28560
200.072 28900
200.11 29240
200.148 29580
200.186 29920
200.224 30260
200.255 30600
200.293 30940
200.325 31280
200.362 31620
200.394 31960
200.425 32300
200.457 32640
200.489 32980
200.52 33320
200.552 33660
200.583 34000
200.608 34340
200.64 34680
200.671 35020
200.703 35360
200.734 35700
200.76 36040
200.791 36380
200.816 36720
200.848 37060
200.873 37400
200.905 37740
200.93 38080
200.961 38420
200.987 38760
201.018 39100
201.037 39440
201.062 39780
201.094 40120
201.119 40460
201.144 40800
201.169 41140
201.195 41480
201.22 41820
201.245 42160
201.27 42500
201.295 42840
201.321 43180
201.346 43520
201.371 43860
201.396 44200
201.421 44540
201.447 44880
201.472 45220
201.491 45560
201.516 45900
201.535 46240
201.56 46580
201.585 46920
201.604 47260
201.63 47600
201.648 47940
201.674 48280
201.693 48620
201.718 48960
201.737 49300
201.762 49640
201.781 49980
201.806 50320
201.825 50660
201.85 51000
201.869 51340
201.894 51680
201.913 52020
201.938 52360
201.957 52700
201.976 53040
202.001 53380
202.02 53720
202.039 54060
202.058 54400
202.077 54740
202.102 55080
202.121 55420
202.14 55760
202.159 56100
202.178 56440
202.197 56780
202.216 57120
202.235 57460
202.254 57800
202.273 58140
202.291 58480
202.31 58820
202.329 59160
202.348 59500
202.367 59840
202.386 60180
202.405 60520
202.424 60860
202.443 61200
202.462 61540
202.481 61880
202.499 62220
202.518 62560
202.537 62900
202.556 63240
202.575 63580
202.594 63920
202.613 64260
202.632 64600
202.651 64940
202.67 65280
202.682 65620
202.701 65960
202.72 66300
202.739 66640
202.752 66980
202.771 67320
202.789 67660
202.808 68000
202.821 68340
202.834 68680
202.853 69020
202.865 69360
202.884 69700
202.903 70040
202.916 70380
202.928 70720
202.947 71060
202.96 71400
202.979 71740
202.991 72080
203.01 72420
203.023 72760
203.042 73100
203.054 73440
203.073 73780
203.086 74120
203.105 74460
203.117 74800
203.136 75140
203.152 52360
204.732 340
204.857 2720
205.119 5100
205.141 7480
205.275 9180
205.291 11560
205.313 13940
205.335 16320
205.426 18020
205.442 20400
205.464 22780
205.486 25160
205.508 26860
205.524 28560
205.539 30940
205.561 32640
205.577 35020
205.599 37400
205.675 37740
205.728 38080
205.788 38420
205.864 38760
205.911 26860
207.264 340
207.434 680
207.749 1020
207.752 1360
207.887 1700
207.89 2040
207.893 2380
207.896 2720
208.025 3060
208.028 3400
208.031 3740
208.034 4080
208.037 4420
208.04 4760
208.043 5100
208.047 5440
208.162 5780
208.165 6120
208.169 6460
208.172 6800
208.175 7140
208.178 7480
208.181 7820
208.184 8160
208.188 8500
208.191 8840
208.194 9180
208.197 9520
208.2 9860
208.203 10200
208.206 10540
208.21 10880
208.3 11220
208.303 11560
208.306 11900
208.31 12240
208.313 12580
208.316 12920
208.319 13260
208.322 13600
208.325 13940
208.338 9520
208.63 9860
208.636 10200
208.643 10540
208.668 10880
208.7 11220
208.775 11560
208.86 11900
208.955 12240
209.09 12580
209.273 12920
209.396 8840
209.642 9180
209.648 9520
209.655 9860
209.661 10200
209.705 10540
209.737 10880
209.837 11220
210.017 11560
210.118 11900
210.329 12240
210.531 12580
210.815 12920
213.532 13260
213.888 13600
214.13 13940
214.329 14280
214.496 14620
214.641 14960
214.773 15300
214.884 15640
214.997 15980
215.098 16320
215.193 16660
215.278 17000
215.363 17340
215.448 17680
215.524 18020
215.596 18360
215.665 18700
215.735 19040
215.792 19380
215.914 19720
216.012 20060
216.167 20400
216.324 20740
216.453 21080
216.513 21420
216.602 21760
216.684 22100
216.756 22440
216.819 22780
216.876 23120
216.933 23460
216.983 23800
217.04 24140
217.09 24480
217.141 24820
217.178 25160
217.223 25500
217.273 25840
217.317 26180
217.368 26520
217.405 26860
217.437 27200
217.481 27540
217.519 27880
217.563 28220
217.601 28560
217.639 28900
217.676 29240
217.714 29580
217.752 29920
217.79 30260
217.821 30600
217.859 30940
217.891 31280
217.929 31620
217.96 31960
217.998 32300
218.023 32640
218.055 32980
218.086 33320
218.118 33660
218.156 34000
218.187 34340
218.219 34680
218.25 35020
218.282 35360
218.313 35700
218.338 36040
218.364 36380
218.395 36720
218.42 37060
218.452 37400
218.483 37740
218.509 38080
218.534 38420
218.565 38760
218.59 39100
218.622 39440
218.641 39780
218.672 40120
218.698 40460
218.729 40800
218.754 41140
218.773 41480
218.799 41820
218.824 42160
218.849 42500
218.874 42840
218.899 43180
218.925 43520
218.95 43860
218.975 44200
219 44540
219.025 44880
219.051 45220
219.076 45560
219.101 45900
219.12 46240
219.145 46580
219.17 46920
219.196 47260
219.215 47600
219.24 47940
219.259 48280
219.284 48620
219.303 48960
219.328 49300
219.347 49640
219.372 49980
219.391 50320
219.416 50660
219.435 51000
219.46 51340
219.479 51680
219.505 52020
219.523 52360
219.549 52700
219.568 53040
219.593 53380
219.612 53720
219.637 54060
219.656 54400
219.668 54740
219.694 55080
219.713 55420
219.732 55760
219.75 56100
219.769 56440
219.788 56780
219.807 57120
219.832 57460
219.845 57800
219.864 58140
219.883 58480
219.902 58820
219.921 59160
219.94 59500
219.958 59840
219.977 60180
219.996 60520
220.015 60860
220.034 61200
220.053 61540
220.072 61880
220.091 62220
220.11 62560
220.129 62900
220.148 63240
220.166 63580
220.185 63920
220.204 64260
220.223 64600
220.242 64940
220.261 65280
220.28 65620
220.299 65960
220.318 66300
220.337 66640
220.356 66980
220.368 67320
220.387 67660
220.406 68000
220.425 68340
220.438 68680
220.456 69020
220.469 69360
220.488 69700
220.501 70040
220.52 70380
220.532 70720
220.551 71060
220.564 71400
220.583 71740
220.595 72080
220.614 72420
220.627 72760
220.646 73100
220.658 73440
220.677 73780
220.69 74120
220.709 74460
220.721 74800
220.743 52360
222.323 340
222.458 2720
222.713 5100
222.735 7480
222.87 9860
222.892 12240
222.914 14620
222.936 17000
223.027 19380
223.049 21080
223.065 23460
223.087 25840
223.109 28220
223.131 29920
223.146 32300
223.169 34000
223.184 36380
223.244 36720
223.32 37060
223.373 37400
223.433 37740
223.496 26180
224.84 340
225.028 680
225.328 1020
225.331 1360
225.465 1700
225.469 2040
225.472 2380
225.475 2720
225.603 3060
225.606 3400
225.61 3740
225.613 4080
225.616 4420
225.619 4760
225.622 5100
225.625 5440
225.741 5780
225.744 6120
225.747 6460
225.751 6800
225.754 7140
225.757 7480
225.76 7820
225.763 8160
225.766 8500
225.769 8840
225.773 9180
225.776 9520
225.779 9860
225.782 10200
225.785 10540
225.788 10880
225.879 11220
225.882 11560
225.885 11900
225.898 8160
226.152 8500
226.158 8840
226.165 9180
226.19 9520
226.247 9860
226.335 10200
226.442 10540
226.597 10880
226.779 11220
226.965 11560
227.233 11900
229.95 12240
230.303 12580
230.552 12920
230.748 13260
230.915 13600
231.06 13940
231.189 14280
231.309 14620
231.419 14960
231.523 15300
231.936 15640
232.046 15980
232.191 16320
232.28 16660
232.355 17000
232.437 17340
232.513 17680
232.576 18020
232.639 18360
232.702 18700
232.765 19040
232.822 19380
232.879 19720
232.935 20060
233.042 20400
233.093 20740
233.175 21080
233.238 21420
233.301 21760
233.37 22100
233.421 22440
233.471 22780
233.522 23120
233.572 23460
233.622 23800
233.66 24140
233.704 24480
233.749 24820
233.793 25160
233.837 25500
233.881 25840
233.919 26180
233.95 26520
233.988 26860
234.032 27200
234.07 27540
234.114 27880
234.152 28220
234.183 28560
234.221 28900
234.259 29240
234.297 29580
234.335 29920
234.36 30260
234.398 30600
234.429 30940
234.467 31280
234.499 31620
234.53 31960
234.562 32300
234.593 32640
234.625 32980
234.656 33320
234.688 33660
234.719 34000
234.751 34340
234.782 34680
234.814 35020
234.845 35360
234.871 35700
234.896 36040
234.927 36380
234.953 36720
234.984 37060
235.009 37400
235.041 37740
235.066 38080
235.098 38420
235.123 38760
235.148 39100
235.173 39440
235.198 39780
235.224 40120
235.255 40460
235.28 40800
235.299 41140
235.325 41480
235.35 41820
235.375 42160
235.4 42500
235.425 42840
235.451 43180
235.476 43520
235.501 43860
235.526 44200
235.551 44540
235.577 44880
235.602 45220
235.621 45560
235.646 45900
235.665 46240
235.69 46580
235.715 46920
235.734 47260
235.759 47600
235.778 47940
235.804 48280
235.823 48620
235.848 48960
235.867 49300
235.892 49640
235.911 49980
235.936 50320
235.955 50660
235.98 51000
235.999 51340
236.024 51680
236.043 52020
236.068 52360
236.087 52700
236.106 53040
236.131 53380
236.15 53720
236.169 54060
236.182 54400
236.201 54740
236.226 55080
236.245 55420
236.264 55760
236.283 56100
236.302 56440
236.321 56780
236.339 57120
236.358 57460
236.377 57800
236.396 58140
236.415 58480
236.434 58820
236.453 59160
236.472 59500
236.491 59840
236.51 60180
236.529 60520
236.547 60860
236.566 61200
236.585 61540
236.604 61880
236.623 62220
236.642 62560
236.661 62900
236.68 63240
236.699 63580
236.718 63920
236.737 64260
236.756 64600
236.774 64940
236.793 65280
236.806 65620
236.825 65960
236.844 66300
236.863 66640
236.875 66980
236.894 67320
236.913 67660
236.932 68000
236.945 68340
236.957 68680
236.976 69020
236.989 69360
237.008 69700
237.02 70040
237.039 70380
237.052 70720
237.071 71060
237.083 71400
237.102 71740
237.115 72080
237.134 72420
237.146 72760
237.165 73100
237.178 73440
237.197 73780
237.209 74120
237.228 74460
237.241 74800
237.26 75140
237.276 52360
238.856 340
238.981 2720
239.242 5100
239.265 7480
239.399 9180
239.415 11560
239.437 13940
239.459 16320
239.55 18020
239.565 20400
239.587 22780
239.609 25160
239.632 26860
239.647 28560
239.663 30940
239.685 32640
239.701 35020
239.723 36720
239.776 37060
239.852 37400
239.912 37740
239.966 38080
240.035 26520
241.382 340
241.564 680
241.869 1020
241.873 1360
242.007 1700
242.01 2040
242.014 2380
242.017 2720
242.145 3060
242.148 3400
242.151 3740
242.154 4080
242.158 4420
242.161 4760
242.164 5100
242.167 5440
242.283 5780
242.286 6120
242.289 6460
242.292 6800
242.295 7140
242.299 7480
242.302 7820
242.305 8160
242.308 8500
242.311 8840
242.314 9180
242.317 9520
242.321 9860
242.324 10200
242.327 10540
242.33 10880
242.421 11220
242.424 11560
242.427 11900
242.43 12240
242.433 12580
242.446 8500
242.713 8840
242.719 9180
242.725 9520
242.744 9860
242.776 10200
242.861 10540
242.946 10880
243.091 11220
243.217 11560
243.413 11900
243.608 12240
243.889 12580
246.602 12920
246.955 13260
247.201 13600
247.4 13940
247.564 14280
247.709 14620
247.838 14960
247.958 15300
248.071 15640
248.166 15980
248.264 16320
248.352 16660
248.434 17000
248.821 17340
248.922 17680
249.061 18020
249.143 18360
249.219 18700
249.282 19040
249.345 19380
249.401 19720
249.464 20060
249.521 20400
249.609 20740
249.704 21080
249.78 21420
249.836 21760
249.899 22100
249.969 22440
250.013 22780
250.057 23120
250.107 23460
250.158 23800
250.215 24140
250.259 24480
250.303 24820
250.347 25160
250.391 25500
250.435 25840
250.486 26180
250.524 26520
250.555 26860
250.593 27200
250.637 27540
250.675 27880
250.719 28220
250.757 28560
250.788 28900
250.826 29240
250.864 29580
250.902 29920
250.94 30260
250.971 30600
251.009 30940
251.04 31280
251.078 31620
251.11 31960
251.141 32300
251.173 32640
251.204 32980
251.236 33320
251.267 33660
251.305 34000
251.33 34340
251.362 34680
251.393 35020
251.425 35360
251.456 35700
251.482 36040
251.507 36380
251.538 36720
251.564 37060
251.595 37400
251.627 37740
251.652 38080
251.677 38420
251.709 38760
251.734 39100
251.765 39440
251.784 39780
251.816 40120
251.841 40460
251.873 40800
251.898 41140
251.917 41480
251.942 41820
251.967 42160
251.992 42500
252.018 42840
252.043 43180
252.068 43520
252.093 43860
252.118 44200
252.144 44540
252.169 44880
252.194 45220
252.219 45560
252.238 45900
252.263 46240
252.289 46580
252.314 46920
252.333 47260
252.352 47600
252.377 47940
252.396 48280
252.421 48620
252.44 48960
252.465 49300
252.484 49640
252.509 49980
252.528 50320
252.553 50660
252.572 51000
252.598 51340
252.616 51680
252.642 52020
252.661 52360
252.686 52700
252.705 53040
252.73 53380
252.749 53720
252.774 54060
252.787 54400
252.806 54740
252.831 55080
252.85 55420
252.869 55760
252.888 56100
252.906 56440
252.925 56780
252.944 57120
252.963 57460
252.982 57800
253.001 58140
253.02 58480
253.039 58820
253.058 59160
253.077 59500
253.096 59840
253.114 60180
253.133 60520
253.152 60860
253.171 61200
253.19 61540
253.209 61880
253.228 62220
253.247 62560
253.266 62900
253.285 63240
253.304 63580
253.322 63920
253.341 64260
253.36 64600
253.379 64940
253.398 65280
253.417 65620
253.436 65960
253.455 66300
253.474 66640
253.486 66980
253.505 67320
253.524 67660
253.543 68000
253.556 68340
253.568 68680
253.587 69020
253.6 69360
253.619 69700
253.638 70040
253.65 70380
253.669 70720
253.682 71060
253.701 71400
253.713 71740
253.732 72080
253.745 72420
253.764 72760
253.776 73100
253.795 73440
253.808 73780
253.827 74120
253.839 74460
253.858 74800
253.88 52360
255.46 340
255.595 2720
255.85 5100
255.872 7480
256.007 9860
256.029 12240
256.051 14620
256.073 17000
256.164 18700
256.18 21080
256.202 23460
256.224 25840
256.246 27540
256.262 29240
256.277 31620
256.299 33320
256.315 35700
256.337 38080
256.397 38420
256.451 38760
256.526 39100
256.586 39440
256.633 27540
257.993 340
258.156 680
258.477 1020
258.481 1360
258.615 1700
258.618 2040
258.621 2380
258.625 2720
258.753 3060
258.756 3400
258.759 3740
258.762 4080
258.766 4420
258.769 4760
258.772 5100
258.775 5440
258.891 5780
258.894 6120
258.897 6460
258.9 6800
258.903 7140
258.907 7480
258.91 7820
258.913 8160
258.916 8500
258.919 8840
258.922 9180
258.925 9520
258.929 9860
258.932 10200
258.935 10540
258.938 10880
259.029 11220
259.032 11560
259.035 11900
259.038 12240
259.041 12580
259.044 12920
259.047 13260
259.051 13600
259.054 13940
259.057 14280
259.06 14620
259.063 14960
259.066 15300
259.079 10540
259.396 10880
259.403 11220
259.415 11560
259.441 11900
259.478 12240
259.545 12580
259.627 12920
259.727 13260
259.838 13600
259.951 13940
260.134 14280
260.295 14620
260.537 14960
260.78 15300
263.447 15640
263.803 15980
264.046 16320
264.251 16660
264.414 17000
264.556 17340
264.689 17680
264.805 18020
264.912 18360
265.013 18700
265.108 19040
265.196 19380
265.281 19720
265.363 20060
265.436 20400
265.508 20740
265.65 21080
265.71 21420
265.997 21760
266.06 22100
266.154 22440
266.293 22780
266.35 23120
266.419 23460
266.492 23800
266.561 24140
266.637 24480
266.712 24820
266.756 25160
266.807 25500
266.864 25840
266.92 26180
266.971 26520
267.015 26860
267.065 27200
267.116 27540
267.166 27880
267.204 28220
267.242 28560
267.28 28900
267.324 29240
267.368 29580
267.412 29920
267.45 30260
267.488 30600
267.525 30940
267.57 31280
267.607 31620
267.645 31960
267.677 32300
267.715 32640
267.752 32980
267.79 33320
267.822 33660
267.853 34000
267.885 34340
267.916 34680
267.954 35020
267.986 35360
268.017 35700
268.049 36040
268.08 36380
268.112 36720
268.143 37060
268.175 37400
268.206 37740
268.238 38080
268.269 38420
268.301 38760
268.326 39100
268.351 39440
268.383 39780
268.408 40120
268.44 40460
268.465 40800
268.496 41140
268.521 41480
268.553 41820
268.578 42160
268.597 42500
268.622 42840
268.654 43180
268.679 43520
268.711 43860
268.73 44200
268.755 44540
268.78 44880
268.805 45220
268.83 45560
268.856 45900
268.881 46240
268.906 46580
268.931 46920
268.956 47260
268.982 47600
269.007 47940
269.032 48280
269.051 48620
269.076 48960
269.101 49300
269.127 49640
269.146 49980
269.164 50320
269.19 50660
269.209 51000
269.234 51340
269.253 51680
269.278 52020
269.297 52360
269.322 52700
269.341 53040
269.366 53380
269.385 53720
269.41 54060
269.429 54400
269.454 54740
269.473 55080
269.499 55420
269.518 55760
269.543 56100
269.562 56440
269.581 56780
269.599 57120
269.618 57460
269.644 57800
269.662 58140
269.675 58480
269.694 58820
269.713 59160
269.732 59500
269.757 59840
269.77 60180
269.789 60520
269.807 60860
269.826 61200
269.845 61540
269.864 61880
269.883 62220
269.902 62560
269.921 62900
269.94 63240
269.959 63580
269.978 63920
269.997 64260
270.016 64600
270.034 64940
270.053 65280
270.072 65620
270.091 65960
270.11 66300
270.129 66640
270.148 66980
270.167 67320
270.186 67660
270.205 68000
270.224 68340
270.242 68680
270.261 69020
270.28 69360
270.299 69700
270.318 70040
270.331 70380
270.35 70720
270.362 71060
270.381 71400
270.4 71740
270.413 72080
270.425 72420
270.444 72760
270.457 73100
270.476 73440
270.495 73780
270.507 74120
270.52 74460
270.536 52020
272.116 340
272.25 2720
272.506 5100
272.528 7480
272.662 9860
272.684 12240
272.706 14620
272.728 17000
272.819 19380
272.841 21760
272.863 24140
272.885 26520
272.907 28900
272.929 31280
272.951 33660
272.973 36040
272.996 38420
273.055 38760
273.137 39100
273.191 39440
273.251 39780
273.292 27540
274.654 340
274.811 680
275.136 1020
275.139 1360
275.274 1700
275.277 2040
275.28 2380
275.283 2720
275.411 3060
275.414 3400
275.418 3740
275.421 4080
275.424 4420
275.427 4760
275.43 5100
275.433 5440
275.549 5780
275.552 6120
275.555 6460
275.559 6800
275.562 7140
275.565 7480
275.568 7820
275.571 8160
275.574 8500
275.577 8840
275.581 9180
275.584 9520
275.587 9860
275.59 10200
275.593 10540
275.596 10880
275.687 11220
275.69 11560
275.693 11900
275.696 12240
275.7 12580
275.703 12920
275.706 13260
275.709 13600
275.712 13940
275.715 14280
275.718 14620
275.722 14960
275.725 15300
275.728 15640
275.731 15980
275.744 10880
276.074 11220
276.086 11560
276.105 11900
276.13 12240
276.156 12580
276.219 12920
276.294 13260
276.379 13600
276.487 13940
276.6 14280
276.72 14620
276.887 14960
277.095 15300
277.353 15640
277.615 15980
280.206 16320
280.553 16660
280.799 17000
281 17340
281.164 17680
281.309 18020
281.438 18360
281.555 18700
281.665 19040
281.769 19380
281.861 19720
281.949 20060
282.034 20400
282.116 20740
282.192 21080
282.501 21420
282.652 21760
282.797 22100
282.869 22440
282.951 22780
283.059 23120
283.122 23460
283.178 23800
283.241 24140
283.311 24480
283.38 24820
283.424 25160
283.481 25500
283.538 25840
283.601 26180
283.651 26520
283.695 26860
283.739 27200
283.79 27540
283.84 27880
283.891 28220
283.928 28560
283.966 28900
284.01 29240
284.055 29580
284.099 29920
284.143 30260
284.174 30600
284.212 30940
284.256 31280
284.294 31620
284.338 31960
284.37 32300
284.401 32640
284.439 32980
284.477 33320
284.515 33660
284.553 34000
284.584 34340
284.616 34680
284.653 35020
284.685 35360
284.723 35700
284.748 36040
284.78 36380
284.811 36720
284.843 37060
284.874 37400
284.906 37740
284.937 38080
284.969 38420
285 38760
285.032 39100
285.057 39440
285.088 39780
285.114 40120
285.145 40460
285.17 40800
285.202 41140
285.227 41480
285.259 41820
285.284 42160
285.315 42500
285.334 42840
285.366 43180
285.391 43520
285.423 43860
285.448 44200
285.467 44540
285.492 44880
285.517 45220
285.542 45560
285.568 45900
285.593 46240
285.618 46580
285.643 46920
285.668 47260
285.694 47600
285.719 47940
285.744 48280
285.769 48620
285.788 48960
285.813 49300
285.839 49640
285.864 49980
285.883 50320
285.908 50660
285.927 51000
285.952 51340
285.971 51680
285.996 52020
286.015 52360
286.04 52700
286.059 53040
286.084 53380
286.103 53720
286.129 54060
286.148 54400
286.173 54740
286.192 55080
286.217 55420
286.236 55760
286.261 56100
286.28 56440
286.305 56780
286.324 57120
286.343 57460
286.362 57800
286.387 58140
286.406 58480
286.419 58820
286.437 59160
286.456 59500
286.482 59840
286.501 60180
286.513 60520
286.532 60860
286.551 61200
286.57 61540
286.589 61880
286.608 62220
286.627 62560
286.646 62900
286.664 63240
286.683 63580
286.702 63920
286.721 64260
286.74 64600
286.759 64940
286.778 65280
286.797 65620
286.816 65960
286.835 66300
286.854 66640
286.872 66980
286.891 67320
286.91 67660
286.929 68000
286.948 68340
286.967 68680
286.986 69020
287.005 69360
287.024 69700
287.043 70040
287.062 70380
287.08 70720
287.093 71060
287.112 71400
287.131 71740
287.144 72080
287.156 72420
287.175 72760
287.188 73100
287.207 73440
287.225 73780
287.238 74120
287.26 51680
288.84 340
288.975 2720
289.23 5100
289.252 7480
289.387 9860
289.409 12240
289.431 14620
289.453 17000
289.544 19380
289.566 21760
289.588 24140
289.61 26520
289.632 28900
289.654 31280
289.676 33660
289.698 36040
289.764 36380
289.824 36720
289.884 37060
289.938 37400
290.007 26180
291.347 340
291.536 680
291.835 1020
291.838 1360
291.973 1700
291.976 2040
291.979 2380
291.982 2720
292.111 3060
292.114 3400
292.117 3740
292.12 4080
292.123 4420
292.126 4760
292.13 5100
292.133 5440
292.248 5780
292.252 6120
292.255 6460
292.258 6800
292.261 7140
292.264 7480
292.267 7820
292.271 8160
292.274 8500
292.277 8840
292.28 9180
292.283 9520
292.286 9860
292.289 10200
292.293 10540
292.296 10880
292.386 11220
292.399 7820
292.641 8160
292.647 8500
292.66 8840
292.685 9180
292.745 9520
292.839 9860
292.997 10200
293.164 10540
293.337 10880
293.63 11220
296.344 11560
296.697 11900
296.946 12240
297.145 12580
297.309 12920
297.457 13260
297.586 13600
297.7 13940
297.816 14280
297.911 14620
298.009 14960
298.097 15300
298.185 15640
298.261 15980
298.333 16320
298.409 16660
298.478 17000
298.544 17340
298.948 17680
299.03 18020
299.112 18360
299.181 18700
299.25 19040
299.307 19380
299.389 19720
299.484 20060
299.566 20400
299.616 20740
299.666 21080
299.73 21420
299.793 21760
299.837 22100
299.881 22440
299.931 22780
299.982 23120
300.032 23460
300.076 23800
300.12 24140
300.164 24480
300.209 24820
300.253 25160
300.297 25500
300.328 25840
300.366 26180
300.404 26520
300.442 26860
300.486 27200
300.524 27540
300.555 27880
300.587 28220
300.625 28560
300.663 28900
300.7 29240
300.738 29580
300.77 29920
300.795 30260
300.833 30600
300.864 30940
300.902 31280
300.934 31620
300.965 31960
300.997 32300
301.028 32640
301.06 32980
301.091 33320
301.123 33660
301.148 34000
301.179 34340
301.211 34680
301.242 35020
301.268 35360
301.293 35700
301.324 36040
301.35 36380
301.381 36720
301.406 37060
301.438 37400
301.463 37740
301.495 38080
301.52 38420
301.545 38760
301.57 39100
301.596 39440
301.621 39780
301.652 40120
301.677 40460
301.696 40800
301.722 41140
301.747 41480
301.772 41820
301.797 42160
301.822 42500
301.848 42840
301.873 43180
301.898 43520
301.923 43860
301.949 44200
301.974 44540
301.999 44880
302.018 45220
302.037 45560
302.062 45900
302.081 46240
302.106 46580
302.131 46920
302.15 47260
302.175 47600
302.194 47940
302.22 48280
302.239 48620
302.264 48960
302.283 49300
302.308 49640
302.327 49980
302.352 50320
302.371 50660
302.396 51000
302.415 51340
302.44 51680
302.459 52020
302.478 52360
302.497 52700
302.522 53040
302.541 53380
302.56 53720
302.579 54060
302.598 54400
302.617 54740
302.636 55080
302.655 55420
302.673 55760
302.692 56100
302.711 56440
302.73 56780
302.749 57120
302.768 57460
302.787 57800
302.806 58140
302.825 58480
302.844 58820
302.863 59160
302.882 59500
302.9 59840
302.919 60180
302.938 60520
302.957 60860
302.976 61200
302.995 61540
303.014 61880
303.033 62220
303.052 62560
303.071 62900
303.09 63240
303.108 63580
303.127 63920
303.146 64260
303.165 64600
303.184 64940
303.197 65280
303.216 65620
303.235 65960
303.253 66300
303.266 66640
303.285 66980
303.298 67320
303.316 67660
303.335 68000
303.348 68340
303.367 68680
303.38 69020
303.398 69360
303.411 69700
303.43 70040
303.443 70380
303.461 70720
303.474 71060
303.493 71400
303.506 71740
303.525 72080
303.537 72420
303.556 72760
303.569 73100
303.588 73440
303.6 73780
303.619 74120
303.632 74460
303.651 74800
303.663 75140
303.685 52360
305.265 340
305.391 2720
305.652 5100
305.674 6800
305.803 9180
305.825 11560
305.847 13940
305.943 15640
305.959 18020
305.981 19720
305.997 22100
306.019 24480
306.041 26180
306.057 28560
306.088 30260
306.103 32640
306.125 34340
306.141 36720
306.201 37060
306.277 37400
306.33 37740
306.39 38080
306.453 26520
307.8 340
307.982 680
308.288 1020
308.291 1360
308.425 1700
308.429 2040
308.432 2380
308.435 2720
308.563 3060
308.566 3400
308.57 3740
308.573 4080
308.576 4420
308.579 4760
308.582 5100
308.585 5440
308.701 5780
308.704 6120
308.707 6460
308.711 6800
308.714 7140
308.717 7480
308.72 7820
308.723 8160
308.726 8500
308.729 8840
308.733 9180
308.736 9520
308.739 9860
308.742 10200
308.745 10540
308.748 10880
308.839 11220
308.842 11560
308.845 11900
308.848 12240
308.851 12580
308.864 8500
309.131 8840
309.137 9180
309.144 9520
309.169 9860
309.194 10200
309.286 10540
309.371 10880
309.509 11220
309.645 11560
309.837 11900
310.033 12240
310.307 12580
313.021 12920
313.371 13260
313.62 13600
313.815 13940
313.982 14280
314.13 14620
314.263 14960
314.373 15300
314.489 15640
314.587 15980
314.679 16320
314.767 16660
314.855 17000
314.931 17340
315.006 17680
315.366 18020
315.473 18360
315.558 18700
315.646 19040
315.731 19380
315.794 19720
315.857 20060
315.914 20400
316.025 20740
316.088 21080
316.176 21420
316.226 21760
316.283 22100
316.346 22440
316.409 22780
316.453 23120
316.504 23460
316.554 23800
316.611 24140
316.655 24480
316.699 24820
316.743 25160
316.787 25500
316.831 25840
316.882 26180
316.92 26520
316.951 26860
316.989 27200
317.033 27540
317.071 27880
317.115 28220
317.153 28560
317.184 28900
317.222 29240
317.26 29580
317.298 29920
317.336 30260
317.374 30600
317.405 30940
317.443 31280
317.474 31620
317.512 31960
317.537 32300
317.569 32640
317.601 32980
317.632 33320
317.664 33660
317.701 34000
317.727 34340
317.758 34680
317.79 35020
317.821 35360
317.853 35700
317.878 36040
317.903 36380
317.935 36720
317.96 37060
317.991 37400
318.023 37740
318.048 38080
318.073 38420
318.105 38760
318.13 39100
318.162 39440
318.18 39780
318.212 40120
318.237 40460
318.269 40800
318.294 41140
318.313 41480
318.338 41820
318.363 42160
318.389 42500
318.414 42840
318.439 43180
318.464 43520
318.489 43860
318.515 44200
318.54 44540
318.565 44880
318.59 45220
318.615 45560
318.634 45900
318.66 46240
318.685 46580
318.71 46920
318.729 47260
318.748 47600
318.773 47940
318.792 48280
318.817 48620
318.836 48960
318.861 49300
318.88 49640
318.905 49980
318.924 50320
318.95 50660
318.968 51000
318.994 51340
319.013 51680
319.038 52020
319.057 52360
319.082 52700
319.101 53040
319.126 53380
319.145 53720
319.17 54060
319.183 54400
319.202 54740
319.227 55080
319.246 55420
319.265 55760
319.284 56100
319.303 56440
319.322 56780
319.34 57120
319.359 57460
319.378 57800
319.397 58140
319.416 58480
319.435 58820
319.454 59160
319.473 59500
319.492 59840
319.511 60180
319.53 60520
319.548 60860
319.567 61200
319.586 61540
319.605 61880
319.624 62220
319.643 62560
319.662 62900
319.681 63240
319.7 63580
319.719 63920
319.738 64260
319.756 64600
319.775 64940
319.794 65280
319.813 65620
319.832 65960
319.851 66300
319.87 66640
319.883 66980
319.901 67320
319.92 67660
319.939 68000
319.952 68340
319.965 68680
319.983 69020
319.996 69360
320.015 69700
320.034 70040
320.046 70380
320.065 70720
320.078 71060
320.097 71400
320.11 71740
320.128 72080
320.141 72420
320.16 72760
320.173 73100
320.191 73440
320.204 73780
320.223 74120
320.236 74460
320.255 74800
320.277 52360
321.857 340
321.991 2720
322.247 5100
322.269 7480
322.403 9860
322.425 12240
322.447 14620
322.469 17000
322.56 18700
322.576 21080
322.598 23460
322.62 25840
322.642 27540
322.658 29240
322.673 31620
322.696 33320
322.711 35700
322.733 38080
322.793 38420
322.847 38760
322.922 39100
322.982 39440
323.03 27540
324.389 340
324.552 680
324.874 1020
324.877 1360
325.011 1700
325.014 2040
325.018 2380
325.021 2720
325.149 3060
325.152 3400
325.155 3740
325.159 4080
325.162 4420
325.165 4760
325.168 5100
325.171 5440
325.287 5780
325.29 6120
325.293 6460
325.296 6800
325.3 7140
325.303 7480
325.306 7820
325.309 8160
325.312 8500
325.315 8840
325.318 9180
325.322 9520
325.325 9860
325.328 10200
325.331 10540
325.334 10880
325.425 11220
325.428 11560
325.431 11900
325.434 12240
325.437 12580
325.44 12920
325.444 13260
325.447 13600
325.45 13940
325.453 14280
325.456 14620
325.459 14960
325.463 15300
325.475 10540
325.793 10880
325.799 11220
325.812 11560
325.837 11900
325.875 12240
325.941 12580
326.023 12920
326.124 13260
326.234 13600
326.347 13940
326.53 14280
326.691 14620
326.934 14960
327.176 15300
329.843 15640
330.199 15980
330.442 16320
330.647 16660
330.811 17000
330.952 17340
331.085 17680
331.201 18020
331.309 18360
331.409 18700
331.504 19040
331.592 19380
331.677 19720
331.759 20060
331.832 20400
331.904 20740
332.046 21080
332.106 21420
332.393 21760
332.456 22100
332.551 22440
332.689 22780
332.746 23120
332.815 23460
332.888 23800
332.957 24140
333.033 24480
333.108 24820
333.153 25160
333.203 25500
333.26 25840
333.316 26180
333.367 26520
333.411 26860
333.461 27200
333.512 27540
333.562 27880
333.6 28220
333.638 28560
333.676 28900
333.72 29240
333.764 29580
333.808 29920
333.846 30260
333.884 30600
333.922 30940
333.966 31280
334.004 31620
334.041 31960
334.073 32300
334.111 32640
334.149 32980
334.186 33320
334.218 33660
334.249 34000
334.281 34340
334.312 34680
334.35 35020
334.382 35360
334.413 35700
334.445 36040
334.476 36380
334.508 36720
334.539 37060
334.571 37400
334.602 37740
334.634 38080
334.665 38420
334.697 38760
334.722 39100
334.747 39440
334.779 39780
334.804 40120
334.836 40460
334.861 40800
334.892 41140
334.918 41480
334.949 41820
334.974 42160
334.993 42500
335.019 42840
335.05 43180
335.075 43520
335.107 43860
335.126 44200
335.151 44540
335.176 44880
335.201 45220
335.227 45560
335.252 45900
335.277 46240
335.302 46580
335.327 46920
335.353 47260
335.378 47600
335.403 47940
335.428 48280
335.447 48620
335.472 48960
335.498 49300
335.523 49640
335.542 49980
335.561 50320
335.586 50660
335.605 51000
335.63 51340
335.649 51680
335.674 52020
335.693 52360
335.718 52700
335.737 53040
335.762 53380
335.781 53720
335.807 54060
335.825 54400
335.851 54740
335.87 55080
335.895 55420
335.914 55760
335.939 56100
335.958 56440
335.977 56780
335.996 57120
336.015 57460
336.04 57800
336.059 58140
336.071 58480
336.09 58820
336.109 59160
336.128 59500
336.153 59840
336.166 60180
336.185 60520
336.204 60860
336.223 61200
336.241 61540
336.26 61880
336.279 62220
336.298 62560
336.317 62900
336.336 63240
336.355 63580
336.374 63920
336.393 64260
336.412 64600
336.431 64940
336.45 65280
336.468 65620
336.487 65960
336.506 66300
336.525 66640
336.544 66980
336.563 67320
336.582 67660
336.601 68000
336.62 68340
336.639 68680
336.658 69020
336.676 69360
336.695 69700
336.714 70040
336.727 70380
336.746 70720
336.758 71060
336.777 71400
336.796 71740
336.809 72080
336.821 72420
336.84 72760
336.853 73100
336.872 73440
336.891 73780
336.903 74120
336.916 74460
336.932 52020
338.512 340
338.646 2720
338.902 5100
338.924 7480
339.058 9860
339.081 12240
339.103 14620
339.125 17000
339.215 19380
339.237 21760
339.259 24140
339.281 26520
339.303 28900
339.326 31280
339.348 33660
339.37 36040
339.392 38420
339.452 38760
339.534 39100
339.587 39440
339.647 39780
339.688 27540
341.05 340
341.201 680
341.529 1020
341.532 1360
341.667 1700
341.67 2040
341.673 2380
341.676 2720
341.804 3060
341.808 3400
341.811 3740
341.814 4080
341.817 4420
341.82 4760
341.823 5100
341.826 5440
341.942 5780
341.945 6120
341.948 6460
341.952 6800
341.955 7140
341.958 7480
341.961 7820
341.964 8160
341.967 8500
341.971 8840
341.974 9180
341.977 9520
341.98 9860
341.983 10200
341.986 10540
341.989 10880
342.08 11220
342.083 11560
342.086 11900
342.089 12240
342.093 12580
342.096 12920
342.099 13260
342.102 13600
342.105 13940
342.108 14280
342.111 14620
342.115 14960
342.118 15300
342.121 15640
342.124 15980
342.137 10880
342.467 11220
342.479 11560
342.498 11900
342.523 12240
342.549 12580
342.612 12920
342.687 13260
342.772 13600
342.88 13940
342.993 14280
343.113 14620
343.28 14960
343.488 15300
343.746 15640
344.008 15980
346.599 16320
346.946 16660
347.192 17000
347.393 17340
347.557 17680
347.702 18020
347.831 18360
347.954 18700
348.058 19040
348.162 19380
348.254 19720
348.342 20060
348.427 20400
348.509 20740
348.585 21080
348.894 21420
349.045 21760
349.19 22100
349.256 22440
349.344 22780
349.442 23120
349.511 23460
349.568 23800
349.638 24140
349.713 24480
349.77 24820
349.827 25160
349.883 25500
349.94 25840
349.997 26180
350.041 26520
350.079 26860
350.129 27200
350.18 27540
350.23 27880
350.281 28220
350.318 28560
350.356 28900
350.4 29240
350.444 29580
350.489 29920
350.533 30260
350.564 30600
350.602 30940
350.64 31280
350.684 31620
350.722 31960
350.76 32300
350.791 32640
350.829 32980
350.867 33320
350.905 33660
350.942 34000
350.974 34340
351.012 34680
351.043 35020
351.081 35360
351.113 35700
351.138 36040
351.169 36380
351.201 36720
351.232 37060
351.264 37400
351.295 37740
351.327 38080
351.359 38420
351.39 38760
351.422 39100
351.447 39440
351.478 39780
351.504 40120
351.535 40460
351.56 40800
351.592 41140
351.617 41480
351.649 41820
351.674 42160
351.705 42500
351.724 42840
351.756 43180
351.781 43520
351.812 43860
351.838 44200
351.857 44540
351.882 44880
351.907 45220
351.932 45560
351.957 45900
351.983 46240
352.008 46580
352.033 46920
352.058 47260
352.083 47600
352.109 47940
352.134 48280
352.159 48620
352.178 48960
352.203 49300
352.228 49640
352.254 49980
352.273 50320
352.298 50660
352.317 51000
352.342 51340
352.361 51680
352.386 52020
352.405 52360
352.43 52700
352.449 53040
352.474 53380
352.493 53720
352.518 54060
352.537 54400
352.563 54740
352.582 55080
352.607 55420
352.626 55760
352.651 56100
352.67 56440
352.695 56780
352.714 57120
352.733 57460
352.752 57800
352.777 58140
352.796 58480
352.808 58820
352.827 59160
352.846 59500
352.871 59840
352.89 60180
352.903 60520
352.922 60860
352.941 61200
352.96 61540
352.979 61880
352.998 62220
353.016 62560
353.035 62900
353.054 63240
353.073 63580
353.092 63920
353.111 64260
353.13 64600
353.149 64940
353.168 65280
353.187 65620
353.206 65960
353.225 66300
353.243 66640
353.262 66980
353.281 67320
353.3 67660
353.319 68000
353.338 68340
353.357 68680
353.376 69020
353.395 69360
353.414 69700
353.433 70040
353.451 70380
353.47 70720
353.483 71060
353.502 71400
353.521 71740
353.533 72080
353.552 72420
353.565 72760
353.578 73100
353.596 73440
353.615 73780
353.628 74120
353.65 51680
355.23 340
355.365 2720
355.62 5100
355.642 7480
355.777 9860
355.799 12240
355.821 14620
355.843 17000
355.933 19380
355.956 21760
355.978 24140
356 26520
356.022 28900
356.044 31280
356.066 33660
356.088 36040
356.154 36380
356.214 36720
356.274 37060
356.327 37400
356.397 26180
357.737 340
357.932 680
358.228 1020
358.231 1360
358.366 1700
358.369 2040
358.372 2380
358.375 2720
358.504 3060
358.507 3400
358.51 3740
358.513 4080
358.516 4420
358.519 4760
358.523 5100
358.526 5440
358.641 5780
358.645 6120
358.648 6460
358.651 6800
358.654 7140
358.657 7480
358.66 7820
358.664 8160
358.667 8500
358.67 8840
358.673 9180
358.676 9520
358.679 9860
358.682 10200
358.686 10540
358.689 10880
358.779 11220
358.792 7820
359.034 8160
359.04 8500
359.053 8840
359.078 9180
359.138 9520
359.232 9860
359.39 10200
359.557 10540
359.73 10880
360.023 11220
362.737 11560
363.09 11900
363.339 12240
363.538 12580
363.702 12920
363.85 13260
363.979 13600
364.093 13940
364.209 14280
364.304 14620
364.402 14960
364.49 15300
364.578 15640
364.654 15980
364.726 16320
364.802 16660
364.871 17000
364.937 17340
365.341 17680
365.423 18020
365.505 18360
365.574 18700
365.643 19040
365.7 19380
365.782 19720
365.877 20060
365.959 20400
366.009 20740
366.06 21080
366.123 21420
366.186 21760
366.23 22100
366.274 22440
366.324 22780
366.375 23120
366.425 23460
366.469 23800
366.513 24140
366.558 24480
366.602 24820
366.646 25160
366.69 25500
366.721 25840
366.759 26180
366.797 26520
366.835 26860
366.879 27200
366.917 27540
366.948 27880
366.98 28220
367.018 28560
367.056 28900
367.093 29240
367.131 29580
367.163 29920
367.188 30260
367.226 30600
367.257 30940
367.295 31280
367.327 31620
367.358 31960
367.39 32300
367.421 32640
367.453 32980
367.484 33320
367.516 33660
367.541 34000
367.572 34340
367.604 34680
367.636 35020
367.661 35360
367.686 35700
367.717 36040
367.743 36380
367.774 36720
367.799 37060
367.831 37400
367.856 37740
367.888 38080
367.913 38420
367.938 38760
367.963 39100
367.989 39440
368.014 39780
368.045 40120
368.07 40460
368.089 40800
368.115 41140
368.14 41480
368.165 41820
368.19 42160
368.215 42500
368.241 42840
368.266 43180
368.291 43520
368.316 43860
368.342 44200
368.367 44540
368.392 44880
368.411 45220
368.43 45560
368.455 45900
368.474 46240
368.499 46580
368.524 46920
368.543 47260
368.569 47600
368.587 47940
368.613 48280
368.632 48620
368.657 48960
368.676 49300
368.701 49640
368.72 49980
368.745 50320
368.764 50660
368.789 51000
368.808 51340
368.833 51680
368.852 52020
368.871 52360
368.89 52700
368.915 53040
368.934 53380
368.953 53720
368.972 54060
368.991 54400
369.01 54740
369.029 55080
369.048 55420
369.067 55760
369.085 56100
369.104 56440
369.123 56780
369.142 57120
369.161 57460
369.18 57800
369.199 58140
369.218 58480
369.237 58820
369.256 59160
369.275 59500
369.293 59840
369.312 60180
369.331 60520
369.35 60860
369.369 61200
369.388 61540
369.407 61880
369.426 62220
369.445 62560
369.464 62900
369.483 63240
369.502 63580
369.52 63920
369.539 64260
369.558 64600
369.577 64940
369.59 65280
369.609 65620
369.628 65960
369.646 66300
369.659 66640
369.678 66980
369.691 67320
369.71 67660
369.728 68000
369.741 68340
369.76 68680
369.773 69020
369.791 69360
369.804 69700
369.823 70040
369.836 70380
369.855 70720
369.867 71060
369.886 71400
369.899 71740
369.918 72080
369.93 72420
369.949 72760
369.962 73100
369.981 73440
369.993 73780
370.012 74120
370.025 74460
370.044 74800
370.056 75140
370.078 52360
371.658 340
371.784 2720
372.045 5100
372.067 6800
372.196 9180
372.218 11560
372.24 13940
372.337 15640
372.352 18020
372.374 19720
372.39 22100
372.412 24480
372.434 26180
372.45 28560
372.481 30260
372.496 32640
372.518 34340
372.534 36720
372.594 37060
372.67 37400
372.723 37740
372.783 38080
372.846 26520
374.193 340
374.375 680
374.681 1020
374.684 1360
374.819 1700
374.822 2040
374.825 2380
374.828 2720
374.956 3060
374.959 3400
374.963 3740
374.966 4080
374.969 4420
374.972 4760
374.975 5100
374.978 5440
375.094 5780
375.097 6120
375.1 6460
375.104 6800
375.107 7140
375.11 7480
375.113 7820
375.116 8160
375.119 8500
375.122 8840
375.126 9180
375.129 9520
375.132 9860
375.135 10200
375.138 10540
375.141 10880
375.232 11220
375.235 11560
375.238 11900
375.241 12240
375.244 12580
375.248 115600
375.411 80580
376.584 340
376.646 680
376.857 1020
376.861 1360
376.995 1700
376.998 2040
377.002 2380
377.005 2720
377.133 3060
377.136 3400
377.139 3740
377.142 4080
377.146 4420
377.149 4760
377.152 5100
377.155 5440
377.271 5780
377.274 6120
377.277 6460
377.28 6800
377.283 7140
377.287 7480
377.29 7820
377.293 8160
377.296 8500
377.299 8840
377.302 9180
377.305 9520
377.309 9860
377.312 10200
377.315 10540
377.318 10880
377.409 11220
377.412 11560
377.415 11900
377.418 12240
377.421 12580
377.424 12920
377.428 13260
377.431 13600
377.434 13940
377.437 14280
377.44 14620
377.443 14960
377.446 15300
377.45 15640
377.453 15980
377.456 16320
377.459 16660
377.462 17000
377.465 17340
377.468 17680
377.472 18020
377.475 18360
377.478 18700
377.481 19040
377.484 19380
377.487 19720
377.491 20060
377.494 20400
377.497 20740
377.5 21080
377.503 21420
377.506 21760
377.546 22100
377.55 22440
377.553 22780
377.556 23120
377.559 23460
377.562 23800
377.565 24140
377.568 24480
377.572 24820
377.575 25160
377.578 25500
377.581 25840
377.584 26180
377.587 26520
377.591 26860
377.594 27200
377.597 27540
377.6 27880
377.603 28220
377.606 28560
377.609 28900
377.613 29240
377.616 29580
377.619 29920
377.622 30260
377.625 30600
377.628 30940
377.632 31280
377.635 31620
377.638 31960
377.641 32300
377.644 32640
377.647 32980
377.65 33320
377.654 33660
377.657 34000
377.66 34340
377.663 34680
377.666 35020
377.669 35360
377.672 35700
377.676 36040
377.679 36380
377.682 36720
377.685 37060
377.688 37400
377.691 37740
377.695 38080
377.698 38420
377.701 38760
377.704 39100
377.707 39440
377.71 39780
377.713 40120
377.717 40460
377.72 40800
377.723 41140
377.726 41480
377.729 41820
377.732 42160
377.736 42500
377.739 42840
377.742 43180
377.745 43520
377.748 43860
377.751 44200
377.754 44540
377.758 44880
377.761 45220
377.764 45560
377.767 45900
377.77 46240
377.773 46580
377.776 46920
377.78 47260
377.783 47600
377.786 47940
377.789 48280
377.792 48620
377.795 48960
377.799 49300
377.802 49640
377.805 49980
377.808 50320
377.811 50660
377.814 51000
377.817 51340
377.821 51680
377.824 52020
377.827 52360
377.83 52700
377.833 53040
377.836 53380
377.84 53720
377.843 54060
377.846 54400
377.849 54740
377.852 55080
377.855 55420
377.858 55760
377.862 56100
377.887 56440
377.95 56780
377.978 57120
378.136 57460
378.139 57800
378.167 40120
379.596 340
380.008 680
380.146 1020
380.149 1360
380.284 1700
380.287 2040
380.29 2380
380.293 2720
380.421 3060
380.425 3400
380.428 3740
380.431 4080
380.434 4420
380.437 4760
380.44 5100
380.444 5440
380.559 5780
380.562 6120
380.566 6460
380.569 6800
380.572 7140
380.575 7480
380.578 7820
380.581 8160
380.585 8500
380.588 8840
380.591 9180
380.594 9520
380.597 9860
380.6 10200
380.603 10540
380.607 10880
380.697 11220
380.7 11560
380.703 11900
380.707 12240
380.71 12580
380.713 12920
380.716 13260
380.719 13600
380.722 13940
380.725 14280
380.729 14620
380.732 14960
380.735 15300
380.738 15640
380.741 15980
380.744 16320
380.748 16660
380.751 17000
380.754 17340
380.757 17680
380.76 18020
380.763 18360
380.766 18700
380.77 19040
380.773 19380
380.776 19720
380.779 20060
380.782 20400
380.785 20740
380.788 21080
380.792 21420
380.795 21760
380.835 22100
380.838 22440
380.841 22780
380.844 23120
380.847 23460
380.851 23800
380.854 24140
380.857 24480
380.86 24820
380.863 25160
380.866 25500
380.87 25840
380.873 26180
380.876 26520
380.879 26860
380.882 27200
380.885 27540
380.888 27880
380.936 28220
380.999 28560
381.021 19720
381.544 20060
381.566 20400
381.585 20740
381.604 21080
381.629 21420
381.661 21760
381.692 22100
381.724 22440
381.799 22780
381.875 23120
381.957 23460
382.029 23800
382.108 24140
382.19 24480
382.275 24820
382.383 25160
382.493 25500
382.591 25840
382.691 26180
382.833 26520
382.962 26860
383.104 27200
383.281 27540
383.486 27880
383.71 28220
384.182 28560
386.348 28900
386.698 29240
386.947 29580
387.142 29920
387.309 30260
387.454 30600
387.665 30940
387.914 31280
388.012 31620
388.179 31960
388.261 32300
388.387 32640
388.488 32980
388.592 33320
388.687 33660
388.772 34000
388.85 34340
388.929 34680
389.002 35020
389.058 35360
389.134 35700
389.203 36040
389.257 36380
389.32 36720
389.386 37060
389.434 37400
389.487 37740
389.525 26180
391.095 340
391.542 5100
391.68 8500
391.712 12580
391.84 16660
391.878 20060
391.953 13940
392.343 14280
392.35 14620
392.356 14960
392.375 15300
392.4 15640
392.438 15980
392.498 16320
392.58 16660
392.671 17000
392.766 17340
392.863 17680
393.005 18020
393.112 18360
393.267 18700
393.421 19040
393.614 19380
393.91 19720
394.244 20060
396.68 20400
397.03 20740
397.282 21080
397.478 21420
397.645 21760
397.787 22100
397.922 22440
398.042 22780
398.146 23120
398.25 23460
398.345 23800
398.518 24140
398.673 24480
398.773 24820
398.881 25160
398.972 25500
399.067 25840
399.139 26180
399.221 26520
399.293 26860
399.366 27200
399.429 27540
399.492 27880
399.561 28220
399.637 28560
399.703 28900
399.782 29240
399.855 29580
399.911 29920
399.965 30260
400.018 30600
400.069 30940
