0.0 0
0.38356 3400
0.770207 3740
0.776511 4420
0.782815 5100
0.789119 5780
0.795423 6460
0.998575 6800
1.15957 7480
1.16588 8160
1.17218 8840
1.17849 9520
1.18479 10200
1.19109 10880
1.1974 11560
1.2037 12240
1.21001 12920
1.38794 13600
1.54894 14280
1.55525 14960
1.56155 15640
1.56785 16320
1.57416 17000
1.58046 17680
1.58677 18360
1.59307 19040
1.59937 19720
1.60568 20400
1.61198 21080
1.61829 21760
1.62459 22440
1.63089 23120
1.6372 23800
1.6435 24480
1.64981 25160
1.65611 25840
1.77731 26520
1.78361 27200
1.93831 27880
1.94461 28560
1.95092 29240
1.95722 29920
1.96353 30600
1.96983 31280
1.97613 31960
1.98244 32640
1.98874 33320
1.99505 34000
2.00135 34680
2.00765 35360
2.01396 36040
2.02026 36720
2.02657 37400
2.03287 38080
2.04233 38420
2.05178 26860
2.53886 27200
2.54974 27540
2.55605 27880
2.56235 28220
2.56865 28560
2.71074 28900
2.71705 29240
2.72335 29580
2.72965 29920
2.77378 30260
2.84313 30600
2.91247 30940
3.10011 31280
3.13793 31620
3.18836 31960
3.2451 32300
3.30184 32640
3.36488 32980
3.52415 33320
3.58719 33660
3.64392 34000
3.72588 34340
3.87254 34680
3.94819 35020
4.03014 35360
4.11209 35700
4.26506 36040
4.37223 36380
4.4857 36720
4.65758 37060
4.82779 37400
5.04695 37740
5.22346 38080
5.61913 38420
6.83136 26860
7.60379 27200
7.7473 27540
7.75361 27880
7.75991 28220
7.76622 28560
7.77252 28900
7.77882 29240
7.78513 29580
7.79143 29920
7.79774 30260
7.80404 30600
7.81034 30940
7.81665 31280
7.87338 31620
7.93642 31960
8.13667 32300
8.19341 32640
8.29427 32980
8.39514 33320
8.56386 33660
8.63951 34000
8.71516 34340
8.79711 34680
8.95323 35020
9.03518 35360
9.14235 35700
9.30477 36040
9.39933 36380
9.51281 36720
9.69099 37060
9.85489 37400
10.0251 37740
10.2632 38080
10.2821 26520
11.0577 26860
11.1617 27200
11.168 27540
11.1743 27880
11.1806 28220
11.1869 28560
11.1932 28900
11.239 29240
11.2453 29580
11.2957 29920
11.3651 30260
11.4376 30600
11.5857 30940
11.6567 31280
11.7072 31620
11.7639 31960
11.8206 32300
11.9625 32640
12.043 32980
12.0997 33320
12.1627 33660
12.2384 34000
12.3739 34340
12.4638 34680
12.5458 35020
12.6214 35360
12.7633 35700
12.8879 24820
13.2741 25160
13.3781 25500
13.3844 25840
13.3907 26180
13.397 26520
13.4033 26860
13.4096 27200
13.4159 27540
13.4222 27880
13.4853 28220
13.542 28560
13.6382 28900
13.7927 29240
13.8746 29580
13.9314 29920
13.9961 30260
14.1537 30600
14.1978 30940
14.2766 31280
14.3523 31620
14.4216 31960
14.584 32300
14.6691 32640
14.7448 32980
14.8457 33320
15.0364 33660
15.1436 34000
15.2445 34340
15.4826 34680
15.7049 35020
15.8372 24480
16.2235 24820
16.3243 25160
16.3306 25500
16.3369 25840
16.3432 26180
16.3495 26520
16.3558 26860
16.3622 27200
16.3685 27540
16.4063 27880
16.5435 28220
16.7105 28560
16.761 28900
16.8177 29240
16.9076 29580
16.9833 29920
17.1283 30260
17.185 30600
17.2718 30940
17.3411 31280
17.3695 21760
17.7589 22100
17.9385 22440
17.9448 22780
17.9511 23120
17.9574 23460
17.9637 23800
17.9701 24140
17.9764 24480
17.9827 24820
18.0379 25160
18.1136 25500
18.3374 25840
18.3941 26180
18.4445 26520
18.5013 26860
18.711 27200
18.7677 27540
18.8307 27880
18.9064 28220
19.0972 28560
19.1791 28900
19.2485 29240
19.343 29580
19.559 29920
19.6977 30260
19.9516 30600
20.1407 30940
20.4891 31280
22.86 31620
23.2115 31960
23.459 32300
23.6544 32640
23.8232 32980
23.9682 33320
24.1432 33660
24.2125 34000
24.326 34340
24.5326 34680
24.6051 35020
24.7501 35360
24.9188 35700
24.9881 36040
25.0638 36380
25.1457 36720
25.2277 37060
25.3586 37400
25.4153 37740
25.4657 38080
25.5225 38420
25.5729 38760
25.636 39100
25.7322 39440
25.7826 39780
25.8331 40120
25.8835 40460
25.9339 40800
25.9843 41140
26.0285 41480
26.0995 41820
26.1436 42160
26.1814 42500
26.2193 42840
26.2634 43180
26.3075 43520
26.3517 43860
26.3958 44200
26.4336 44540
26.4763 44880
26.5204 45220
26.5582 45560
26.596 45900
26.6339 46240
26.6717 46580
26.7095 46920
26.7473 47260
26.7851 47600
26.8167 47940
26.8545 48280
26.886 48620
26.9238 48960
26.9554 49300
26.9932 49640
27.0247 49980
27.0625 50320
27.094 50660
27.1256 51000
27.1571 51340
27.1886 51680
27.2201 52020
27.2516 52360
27.2832 52700
27.3147 53040
27.3462 53380
27.3714 53720
27.3966 54060
27.4282 54400
27.4597 54740
27.4912 55080
27.5164 55420
27.5416 55760
27.5731 56100
27.5984 56440
27.6299 56780
27.6551 57120
27.6866 57460
27.7118 57800
27.7371 58140
27.7623 58480
27.7938 58820
27.819 59160
27.8442 59500
27.8694 59840
27.8947 60180
27.9199 60520
27.9451 60860
27.9703 61200
27.9955 61540
28.0207 61880
28.0459 43180
29.0136 43520
29.0199 43860
29.0262 44200
29.0325 44540
29.0388 44880
29.0451 45220
29.0514 45560
29.0577 45900
29.064 46240
29.0956 46580
29.1649 46920
29.2343 47260
29.2847 47600
29.3477 47940
29.3982 48280
29.4549 48620
29.5053 48960
29.5621 49300
29.6188 49640
29.6755 49980
29.726 50320
29.7764 50660
29.8268 51000
29.8773 51340
29.9277 51680
29.9907 52020
30.0412 52360
30.0979 52700
30.1609 53040
30.2177 53380
30.2807 53720
30.3375 54060
30.4005 54400
30.4635 54740
30.5266 55080
30.5959 55420
30.6716 55760
30.7409 56100
30.8166 56440
30.8859 56780
30.9742 57120
31.0498 57460
31.1381 57800
31.2263 58140
31.3272 58480
31.4217 58820
31.5289 59160
31.6424 59500
31.7685 59840
31.9071 60180
32.0837 60520
32.235 60860
32.4367 61200
32.7015 61540
33.2562 42840
33.8236 43180
33.8299 43520
33.8425 43860
33.8488 44200
33.8551 44540
33.8614 44880
33.8677 45220
33.874 45560
33.8803 45900
33.8866 46240
33.8929 46580
33.8992 46920
33.9055 47260
33.9244 47600
34.0442 47940
34.1262 48280
34.1514 33660
34.5958 34000
34.6763 34340
34.6826 34680
34.6889 35020
34.6952 35360
34.7015 35700
34.7078 36040
34.7141 36380
34.7204 36720
34.7267 37060
34.7519 37400
34.8213 37740
34.9001 38080
34.9631 38420
35.0909 38760
35.1539 39100
35.2106 39440
35.2737 39780
35.3304 40120
35.3935 40460
35.4834 40800
35.5401 41140
35.6032 41480
35.6662 41820
35.7292 42160
35.7923 42500
35.8696 42840
35.9515 43180
36.0146 43520
36.0965 43860
36.1722 44200
36.2541 44540
36.355 44880
36.4622 45220
36.563 45560
36.6702 45900
36.8089 46240
36.9539 46580
37.0926 46920
37.2628 47260
37.4582 47600
37.6788 47940
38.1201 48280
40.3265 48620
40.6795 48960
40.8056 34000
41.2532 34340
41.3337 34680
41.34 35020
41.3463 35360
41.3526 35700
41.3589 36040
41.3652 36380
41.3715 36720
41.3778 37060
41.3841 37400
41.3904 37740
41.3967 38080
41.403 38420
41.4093 38760
41.4472 39100
41.4976 39440
41.5417 39780
41.6426 40120
41.8018 40460
41.8964 40800
41.9784 41140
42.0477 41480
42.1408 41820
42.2164 42160
42.2921 42500
42.3677 42840
42.4497 43180
42.5302 43520
42.6121 43860
42.6878 44200
42.7697 44540
42.8517 44880
42.9525 45220
43.0408 45560
43.1416 45900
43.2488 46240
43.356 46580
43.4947 46920
43.6397 47260
43.7846 47600
43.9549 47940
44.1503 48280
44.3772 48620
44.8248 48960
47.0186 49300
47.3716 49640
47.6238 49980
47.8192 50320
47.9831 50660
48.1281 51000
48.2605 51340
48.4874 51680
48.5883 52020
48.7711 52360
48.8657 52700
49.0107 53040
49.1115 53380
49.2187 53720
49.307 54060
49.4015 54400
49.4835 54740
49.5654 55080
49.6411 55420
49.7104 55760
49.7861 56100
49.8365 56440
49.8995 56780
49.9626 57120
50.0193 57460
50.076 57800
50.1328 58140
50.1895 58480
50.2399 58820
50.2967 59160
50.3471 59500
50.3912 59840
50.4417 60180
50.4921 60520
50.5299 60860
50.5741 61200
50.6182 61540
50.6623 61880
50.7064 62220
50.7506 62560
50.7947 62900
50.8325 63240
50.8703 63580
50.9145 63920
50.9523 64260
50.9901 64600
51.0279 64940
51.0658 65280
51.0973 65620
51.1351 65960
51.1729 66300
51.2108 66640
51.2423 66980
51.2801 67320
51.3116 67660
51.3494 68000
51.381 68340
51.4125 68680
51.444 69020
51.4755 69360
51.507 69700
51.5386 70040
51.5701 70380
51.6016 70720
51.6331 71060
51.6583 71400
51.6899 71740
51.7214 72080
51.7466 72420
51.7781 72760
51.8033 73100
51.8349 73440
51.8601 73780
51.8916 74120
51.9168 74460
51.9483 74800
51.9735 75140
52.0051 75480
52.024 75820
52.0492 76160
52.0744 76500
52.1059 76840
52.1248 77180
52.1501 77520
52.1753 77860
52.2005 78200
52.2257 78540
52.2509 78880
52.2761 79220
52.3014 79560
52.3266 79900
52.3518 80240
52.377 80580
52.4022 80920
52.4274 81260
52.4526 81600
52.4779 81940
52.5031 82280
52.522 82620
52.5409 82960
52.5661 83300
52.585 83640
52.6102 83980
52.6292 84320
52.6544 84660
52.6733 85000
52.6985 85340
52.7174 85680
52.7426 86020
52.7615 86360
52.7868 86700
52.8057 87040
52.8309 87380
52.8498 87720
52.875 88060
52.8939 88400
52.9191 88740
52.9381 89080
52.9633 89420
52.9822 89760
53.0011 90100
53.02 90440
53.0452 90780
53.0641 91120
53.0767 91460
53.0957 91800
53.1146 92140
53.1335 92480
53.1524 92820
53.1713 93160
53.1902 93500
53.2091 93840
53.228 94180
53.247 94520
53.2659 94860
53.2848 95200
53.3037 95540
53.3226 95880
53.3415 96220
53.3604 96560
53.3793 96900
53.3982 97240
53.4172 97580
53.4361 97920
53.455 98260
53.4739 98600
53.4928 98940
53.5117 99280
53.5306 99620
53.5495 99960
53.5685 100300
53.5874 100640
53.6063 100980
53.6252 101320
53.6441 101660
53.663 102000
53.6819 102340
53.7008 102680
53.7198 103020
53.7324 103360
53.7513 103700
53.7639 104040
53.7828 104380
53.7954 104720
53.8143 105060
53.8269 105400
53.8458 105740
53.8584 106080
53.8774 106420
53.89 106760
53.9089 107100
53.9215 107440
53.9404 107780
53.953 108120
53.9719 108460
53.9845 108800
54.0034 109140
54.016 109480
54.035 109820
54.0476 110160
54.0665 110500
54.0791 110840
54.098 111180
54.1106 111520
54.1295 111860
54.1421 112200
54.161 112540
54.1736 112880
54.1926 113220
54.2052 113560
54.2241 113900
54.2367 114240
54.2556 114580
54.2682 114920
54.2871 115260
54.2997 115600
54.3186 115940
54.3312 116280
54.3502 116620
54.3628 116960
54.3817 117300
54.3943 117640
54.4132 117980
54.4258 118320
54.4447 118660
54.4573 119000
54.4762 119340
54.4888 119680
54.5078 120020
54.5204 120360
54.5393 120700
54.5519 121040
54.5708 121380
54.5834 121720
54.6023 122060
54.6149 122400
54.6275 122740
54.6464 123080
54.659 123420
54.6654 123760
54.678 124100
54.6969 124440
54.7095 124780
54.7221 125120
54.7284 125460
54.741 125800
54.7599 126140
54.7725 126480
54.7788 126820
54.7914 127160
54.804 127500
54.823 127840
54.8293 128180
54.8419 128520
54.8545 128860
54.8671 129200
54.8797 129540
54.8923 129880
54.9049 130220
54.9175 130560
54.9301 130900
54.9427 131240
54.9553 131580
54.9679 131920
54.9806 132260
54.9932 132600
55.0058 132940
55.0184 133280
55.031 133620
55.0436 133960
55.0562 134300
55.0688 134640
55.0814 134980
55.094 135320
55.1066 135660
55.1192 136000
55.1318 136340
55.1445 136680
55.1571 137020
55.1697 137360
55.1823 137700
55.1949 138040
55.2075 138380
55.2201 138720
55.2327 139060
55.2453 139400
55.2579 139740
55.2705 140080
55.2831 140420
55.2958 140760
55.3084 141100
55.321 141440
55.3336 141780
55.3462 142120
55.3588 142460
55.3714 142800
55.384 143140
55.3966 143480
55.4092 143820
55.4218 144160
55.4376 100640
57.6187 340
57.8741 2040
58.3059 4420
58.6921 6120
58.7079 8500
58.73 10200
59.091 12580
59.113 14280
59.1288 16660
59.1508 18360
59.1666 20740
59.4803 22440
59.4961 24820
59.5181 26520
59.5339 28900
59.556 30600
59.5717 32300
59.5875 34680
59.6096 36380
59.6253 37400
59.6348 39100
59.6505 41480
59.8665 43180
59.8823 44880
59.8981 45900
59.9075 47600
59.9233 49980
59.9453 51680
59.9611 52700
59.9706 54400
59.9863 56100
60.0021 58480
60.0241 59500
60.0336 61200
60.0494 62900
60.0651 64600
60.0809 66300
60.0966 68000
60.1124 69700
60.1282 71400
60.1912 71740
60.2559 72080
60.3189 72420
60.382 72760
60.445 73100
60.5081 73440
60.5711 73780
60.6341 74120
60.6972 74460
60.7602 74800
60.7854 52360
62.5757 340
62.7239 680
63.4489 1020
63.452 1360
63.8351 1700
63.8382 2040
63.8414 2380
63.8445 2720
64.2213 3060
64.2245 3400
64.2276 3740
64.2308 4080
64.2339 4420
64.2371 4760
64.2402 5100
64.2434 5440
64.6075 5780
64.6107 6120
64.6138 6460
64.617 6800
64.6201 7140
64.6233 7480
64.6264 7820
64.6296 8160
64.6327 8500
64.6359 8840
64.639 9180
64.6422 9520
64.6453 9860
64.6485 10200
64.6517 10540
64.6548 10880
64.9937 11220
64.9969 11560
65 11900
65.0032 12240
65.0063 12580
65.0095 12920
65.0127 13260
65.0158 13600
65.019 13940
65.0221 14280
65.0253 14620
65.0284 14960
65.0316 15300
65.0347 15640
65.0379 15980
65.041 16320
65.0442 16660
65.0473 17000
65.0505 17340
65.0536 17680
65.0568 18020
65.0599 18360
65.0631 18700
65.0662 19040
65.0694 19380
65.0725 19720
65.0757 20060
65.0788 20400
65.082 20740
65.0851 21080
65.0883 21420
65.0915 21760
65.38 22100
65.3831 22440
65.3863 22780
65.3894 23120
65.3926 23460
65.3957 23800
65.3989 24140
65.402 24480
65.4052 24820
65.4083 25160
65.4115 25500
65.4146 25840
65.4178 26180
65.4209 26520
65.4241 26860
65.4272 27200
65.4304 27540
65.4335 27880
65.4367 28220
65.4398 28560
65.443 28900
65.4461 29240
65.4493 29580
65.4525 29920
65.4556 30260
65.4588 30600
65.4619 30940
65.4651 31280
65.4682 31620
65.4714 31960
65.4745 32300
65.4777 32640
65.4808 32980
65.4934 22780
66.6739 23120
66.6803 23460
66.6866 23800
66.6929 24140
66.6992 24480
66.7055 24820
66.7118 25160
66.7181 25500
66.7244 25840
66.7307 26180
66.737 26520
66.7433 26860
66.7496 27200
66.7559 27540
66.7622 27880
66.7685 28220
66.7748 28560
66.8252 28900
66.9135 29240
67.0018 29580
67.1089 29920
67.2224 30260
67.3548 30600
67.4998 30940
67.6794 31280
67.8686 31620
68.0829 31960
68.3697 32300
68.603 32640
69.1357 32980
71.1813 33320
71.5312 33660
71.777 34000
71.9788 34340
72.1395 34680
72.42 35020
72.5367 35360
72.7447 35700
72.9086 36040
73.0567 36380
73.1828 36720
73.3058 37060
73.3909 37400
73.4886 37740
73.5674 38080
73.6651 38420
73.7439 38760
73.8258 39100
73.8952 39440
73.933 27540
74.5981 27880
74.6044 28220
74.617 28560
74.6296 28900
74.6485 29240
74.6611 29580
74.68 29920
74.6989 30260
74.7115 30600
74.7305 30940
74.7557 31280
74.7746 31620
74.7998 31960
74.8313 32300
74.8628 32640
74.8881 32980
74.9259 33320
74.9637 33660
75.0078 34000
75.052 34340
75.1024 34680
75.1717 35020
75.2537 24480
75.8809 24820
75.8872 25160
75.8935 25500
75.8999 25840
75.9062 26180
75.9125 26520
75.9314 26860
75.9503 27200
75.9692 27540
75.9944 27880
76.0196 28220
76.0448 28560
76.0764 28900
76.1079 29240
76.1457 29580
76.1835 29920
76.2277 30260
76.2718 30600
76.3285 30940
76.3853 31280
76.4767 31620
76.5901 31960
76.7288 32300
76.8644 32640
76.9999 32980
77.126 33320
77.3056 33660
77.4948 34000
77.7217 34340
77.955 34680
78.5349 35020
79.1527 24480
80.3032 24820
80.3095 25160
80.3158 25500
80.3221 25840
80.3284 26180
80.3347 26520
80.341 26860
80.3473 27200
80.3536 27540
80.3599 27880
80.3662 28220
80.3725 28560
80.3788 28900
80.3851 29240
80.3915 29580
80.3978 29920
80.4041 30260
80.4104 30600
80.4167 30940
80.423 31280
80.4986 31620
80.6751 31960
80.7886 32300
80.9872 32640
81.1763 32980
81.3812 22780
82.497 23120
82.5033 23460
82.5096 23800
82.5159 24140
82.5222 24480
82.5285 24820
82.5348 25160
82.5411 25500
82.5474 25840
82.5537 26180
82.56 26520
82.5663 26860
82.5726 27200
82.5789 27540
82.5852 27880
82.5915 28220
82.5979 28560
82.6042 28900
82.6231 29240
82.7302 29580
82.8689 29920
83.0076 30260
83.1841 30600
83.326 30940
83.4804 21420
84.0761 21760
84.0824 22100
84.0887 22440
84.0951 22780
84.1014 23120
84.1077 23460
84.114 23800
84.1203 24140
84.1266 24480
84.1518 24820
84.1833 25160
84.2085 25500
84.24 25840
84.2779 26180
84.3157 26520
84.3661 26860
84.4103 27200
84.4733 27540
84.5363 27880
84.6498 28220
84.8043 28560
84.9303 28900
85.0974 29240
85.2392 29580
85.4189 29920
85.6647 30260
85.9043 30600
86.4149 30940
88.4322 21420
89.0248 21760
89.0311 22100
89.0374 22440
89.0437 22780
89.05 23120
89.0563 23460
89.0626 23800
89.0689 24140
89.0752 24480
89.0815 24820
89.0878 25160
89.0941 25500
89.1004 25840
89.1067 26180
89.113 26520
89.1193 26860
89.1256 27200
89.1319 27540
89.1509 27880
89.258 28220
89.4787 28560
89.6142 28900
89.7119 20060
90.2887 20400
90.295 20740
90.3013 21080
90.3076 21420
90.3139 21760
90.3203 22100
90.3266 22440
90.3329 22780
90.3392 23120
90.3455 23460
90.3518 23800
90.3896 24140
90.4211 24480
90.4652 24820
90.522 25160
90.5787 25500
90.6418 25840
90.7174 26180
90.812 26520
90.9443 26860
91.0988 27200
91.2848 27540
91.4676 27880
91.7008 28220
91.9467 28560
92.4195 28900
94.5944 29240
94.9505 29580
95.1964 29920
95.3918 30260
95.5589 30600
95.707 30940
95.8804 31280
96.1231 31620
96.2996 31960
96.4288 32300
96.5581 32640
96.6652 32980
96.7503 33320
96.8575 33660
96.9521 34000
97.0435 34340
97.1128 34680
97.1885 35020
97.2578 35360
97.3082 35700
97.3776 36040
97.4532 36380
97.5163 36720
97.5825 37060
97.6392 37400
97.6991 37740
97.7558 38080
97.8126 38420
97.8661 38760
97.9134 39100
97.9575 39440
98.0048 39780
98.0521 40120
98.1057 40460
98.1561 40800
98.2066 41140
98.2381 41480
98.2854 41820
98.3232 42160
98.3705 42500
98.4146 42840
98.4524 43180
98.4902 43520
98.5312 43860
98.5722 44200
98.6163 44540
98.6415 44880
98.6794 45220
98.7203 45560
98.7582 45900
98.7928 46240
98.8338 46580
98.8685 46920
98.9063 47260
98.9378 47600
98.9788 47940
99.0103 48280
99.0418 48620
99.0702 48960
99.1017 49300
99.1427 49640
99.1994 49980
99.253 50320
99.2814 35020
100.019 35360
100.032 35700
100.05 36040
100.069 36380
100.088 36720
100.107 37060
100.126 37400
100.151 37740
100.17 38080
100.195 38420
100.221 38760
100.246 39100
100.277 39440
100.303 39780
100.334 40120
100.366 40460
100.403 40800
100.441 41140
100.479 41480
100.523 41820
100.574 42160
100.665 42500
100.753 42840
100.851 43180
100.952 43520
101.034 43860
101.094 30600
102.175 30940
102.181 31280
102.188 31620
102.194 31960
102.2 32300
102.206 32640
102.213 32980
102.219 33320
102.225 33660
102.232 34000
102.238 34340
102.244 34680
102.251 35020
102.257 35360
102.263 35700
102.301 36040
102.414 36380
102.49 36720
102.604 37060
102.745 37400
102.89 37740
103.026 38080
103.143 38420
103.212 38760
103.281 39100
103.395 39440
103.53 39780
103.647 40120
103.716 40460
103.811 40800
103.899 41140
104.031 41480
104.132 41820
104.265 42160
104.43 42500
104.594 42840
104.796 43180
105.029 43520
105.395 43860
106.643 30600
107.043 30940
107.155 31280
107.162 31620
107.168 31960
107.174 32300
107.18 32640
107.187 32980
107.193 33320
107.199 33660
107.206 34000
107.212 34340
107.218 34680
107.225 35020
107.237 35360
107.288 35700
107.401 36040
107.541 36380
107.636 36720
107.705 37060
107.787 37400
107.869 37740
107.994 38080
108.07 38420
108.151 38760
108.221 39100
108.336 39440
108.424 39780
108.519 40120
108.607 40460
108.729 40800
108.823 41140
108.937 41480
109.044 41820
109.184 42160
109.316 42500
109.514 42840
109.709 43180
109.911 43520
110.314 43860
110.503 30600
110.907 30940
111.019 31280
111.025 31620
111.031 31960
111.038 32300
111.044 32640
111.05 32980
111.057 33320
111.063 33660
111.069 34000
111.075 34340
111.101 34680
111.157 35020
111.22 24480
111.641 24820
111.81 25160
111.816 25500
111.823 25840
111.829 26180
111.835 26520
111.842 26860
111.848 27200
111.854 27540
111.86 27880
111.911 28220
111.999 28560
112.209 28900
112.259 29240
112.329 29580
112.379 29920
112.448 30260
112.63 30600
112.693 30940
112.756 31280
112.825 31620
113.01 31960
113.079 32300
113.18 32640
113.364 32980
113.453 33320
113.56 33660
113.792 34000
113.949 34340
114.184 34680
114.577 35020
114.96 24480
116.118 24820
116.125 25160
116.225 25500
116.232 25840
116.238 26180
116.244 26520
116.251 26860
116.257 27200
116.263 27540
116.27 27880
116.276 28220
116.314 28560
116.486 28900
116.646 29240
116.722 29580
116.804 29920
116.888 30260
117.039 30600
117.108 30940
117.178 31280
117.283 31620
117.431 31960
117.526 32300
117.641 32640
117.824 32980
117.925 33320
118.04 33660
118.264 34000
118.423 34340
118.656 34680
119.049 35020
121.35 35360
121.705 35700
121.951 36040
122.151 36380
122.315 36720
122.465 37060
122.591 37400
122.711 37740
122.816 38080
123.012 38420
123.1 38760
123.266 39100
123.341 39440
123.461 39780
123.586 40120
123.674 40460
123.743 40800
123.819 41140
123.895 41480
123.978 41820
124.041 42160
124.104 42500
124.167 42840
124.218 43180
124.274 43520
124.331 43860
124.393 44200
124.437 44540
124.487 44880
124.538 45220
124.588 45560
124.639 45900
124.676 46240
124.727 46580
124.771 46920
124.821 47260
124.859 47600
124.897 47940
124.941 48280
124.985 48620
125.029 48960
125.067 49300
125.111 49640
125.149 49980
125.187 50320
125.225 50660
125.263 51000
125.301 51340
125.338 51680
125.37 52020
125.408 52360
125.439 52700
125.477 53040
125.509 53380
125.546 53720
125.578 54060
125.616 54400
125.641 54740
125.672 55080
125.704 55420
125.736 55760
125.767 56100
125.799 56440
125.83 56780
125.862 57120
125.893 57460
125.918 57800
125.95 58140
125.981 58480
126.013 58820
126.038 59160
126.07 59500
126.095 59840
126.126 60180
126.152 60520
126.183 60860
126.208 61200
126.234 61540
126.265 61880
126.29 62220
126.315 62560
126.341 62900
126.366 63240
126.391 63580
126.416 63920
126.442 64260
126.467 64600
126.492 64940
126.517 65280
126.542 65620
126.568 65960
126.593 66300
126.618 66640
126.643 66980
126.668 67320
126.687 67660
126.713 68000
126.738 68340
126.763 68680
126.782 69020
126.801 69360
126.826 69700
126.845 70040
126.87 70380
126.889 70720
126.914 71060
126.933 71400
126.958 71740
126.977 72080
127.003 72420
127.022 72760
127.047 73100
127.066 73440
127.091 73780
127.11 74120
127.135 74460
127.154 74800
127.179 75140
127.198 75480
127.223 75820
127.236 76160
127.261 76500
127.28 76840
127.299 77180
127.318 77520
127.337 77860
127.356 78200
127.375 78540
127.393 78880
127.412 79220
127.431 79560
127.45 79900
127.469 80240
127.488 80580
127.507 80920
127.526 81260
127.545 81600
127.564 81940
127.583 82280
127.601 82620
127.62 82960
127.639 83300
127.658 83640
127.677 83980
127.696 84320
127.715 84660
127.734 85000
127.753 85340
127.772 85680
127.791 86020
127.81 86360
127.828 86700
127.847 87040
127.866 87380
127.885 87720
127.904 88060
127.923 88400
127.942 88740
127.961 89080
127.973 89420
127.992 89760
128.011 90100
128.024 90440
128.036 90780
128.055 91120
128.068 91460
128.087 91800
128.1 92140
128.118 92480
128.131 92820
128.15 93160
128.163 93500
128.181 93840
128.194 94180
128.213 94520
128.226 94860
128.244 95200
128.257 95540
128.276 95880
128.289 96220
128.308 96560
128.32 96900
128.339 97240
128.352 97580
128.371 97920
128.383 98260
128.402 98600
128.415 98940
128.434 99280
128.446 99620
128.465 99960
128.478 100300
128.497 100640
128.509 100980
128.528 101320
128.541 101660
128.56 102000
128.572 102340
128.591 102680
128.604 103020
128.623 103360
128.635 103700
128.654 104040
128.667 104380
128.686 104720
128.698 105060
128.717 105400
128.73 105740
128.749 106080
128.761 106420
128.78 106760
128.793 107100
128.812 107440
128.824 107780
128.843 108120
128.856 108460
128.875 108800
128.888 109140
128.9 109480
128.919 109820
128.925 110160
128.938 110500
128.957 110840
128.969 111180
128.982 111520
128.988 111860
129.001 112200
129.02 112540
129.032 112880
129.039 113220
129.051 113560
129.064 113900
129.083 114240
129.089 114580
129.102 114920
129.114 115260
129.127 115600
129.14 115940
129.152 116280
129.165 116620
129.177 116960
129.19 117300
129.203 117640
129.215 117980
129.228 118320
129.241 118660
129.253 119000
129.266 119340
129.278 119680
129.291 120020
129.304 120360
129.316 120700
129.329 121040
129.341 121380
129.354 121720
129.367 122060
129.379 122400
129.392 122740
129.404 123080
129.417 123420
129.43 123760
129.442 124100
129.455 124440
129.467 124780
129.48 125120
129.493 125460
129.505 125800
129.518 126140
129.531 126480
129.543 126820
129.556 127160
129.568 127500
129.581 127840
129.594 128180
129.606 128520
129.619 128860
129.631 129200
129.644 129540
129.657 129880
129.669 130220
129.682 130560
129.694 130900
129.707 131240
129.72 131580
129.732 131920
129.745 132260
129.757 132600
129.77 132940
129.783 133280
129.795 133620
129.808 133960
129.82 134300
129.833 134640
129.846 134980
129.871 94180
130.893 340
130.943 42160
131.595 43860
131.611 45560
131.627 47260
131.642 48960
131.658 50660
131.674 52360
131.69 54060
131.705 55760
131.721 57460
131.737 59160
131.753 60860
131.768 62560
131.784 64260
131.8 65960
131.863 66300
131.926 66640
131.989 66980
132.052 67320
132.115 67660
132.178 68000
132.241 68340
132.304 68680
132.367 69020
132.43 69360
132.456 48280
134.124 340
134.41 680
135.012 1020
135.015 1360
135.398 1700
135.401 2040
135.404 2380
135.408 2720
135.784 3060
135.787 3400
135.791 3740
135.794 4080
135.797 4420
135.8 4760
135.803 5100
135.806 5440
136.17 5780
136.174 6120
136.177 6460
136.18 6800
136.183 7140
136.186 7480
136.189 7820
136.193 8160
136.196 8500
136.199 8840
136.202 9180
136.205 9520
136.208 9860
136.211 10200
136.215 10540
136.218 10880
136.557 11220
136.56 11560
136.563 11900
136.566 12240
136.569 12580
136.572 12920
136.576 13260
136.579 13600
136.582 13940
136.585 14280
136.588 14620
136.591 14960
136.595 15300
136.598 15640
136.601 15980
136.604 16320
136.607 16660
136.61 17000
136.613 17340
136.617 17680
136.62 18020
136.623 18360
136.626 18700
136.629 19040
136.632 19380
136.636 19720
136.639 20060
136.642 20400
136.645 20740
136.648 21080
136.651 21420
136.654 21760
136.943 22100
136.956 15300
137.547 15640
137.553 15980
137.566 16320
137.578 16660
137.597 17000
137.616 17340
137.635 17680
137.66 18020
137.731 18360
137.788 18700
137.857 19040
137.927 19380
138.002 19720
138.084 20060
138.206 20400
138.329 20740
138.483 21080
138.663 21420
138.877 21760
139.192 22100
141.597 22440
141.944 22780
142.196 23120
142.388 23460
142.555 23800
142.7 24140
142.836 24480
142.952 24820
143.06 25160
143.161 25500
143.365 25840
143.507 26180
143.633 26520
143.737 26860
143.838 27200
143.926 27540
144.012 27880
144.097 28220
144.157 28560
144.239 28900
144.302 29240
144.368 29580
144.431 29920
144.491 30260
144.557 30600
144.62 30940
144.673 31280
144.724 31620
144.963 31960
145.105 32300
145.19 32640
145.269 32980
145.332 33320
145.395 33660
145.446 34000
145.51 34340
145.592 34680
145.646 35020
145.693 35360
145.737 35700
145.791 36040
145.829 36380
145.878 36720
145.916 37060
145.972 37400
146.01 37740
146.051 38080
146.089 38420
146.124 38760
146.158 39100
146.193 39440
146.224 39780
146.256 40120
146.289 40460
146.327 40800
146.374 41140
146.409 41480
146.437 41820
146.463 42160
146.494 42500
146.519 42840
146.551 43180
146.576 43520
146.608 43860
146.633 44200
146.664 44540
146.689 44880
146.721 45220
146.751 45560
146.783 45900
146.808 46240
146.839 46580
146.865 46920
146.896 47260
146.921 47600
146.946 47940
146.972 48280
146.997 48620
147.022 48960
147.054 49300
147.079 49640
147.104 49980
147.129 50320
147.154 50660
147.18 51000
147.205 51340
147.23 51680
147.255 52020
147.281 52360
147.306 52700
147.331 53040
147.356 53380
147.381 53720
147.407 54060
147.426 54400
147.451 54740
147.476 55080
147.501 55420
147.52 55760
147.539 56100
147.564 56440
147.583 56780
147.608 57120
147.627 57460
147.653 57800
147.671 58140
147.697 58480
147.716 58820
147.741 59160
147.76 59500
147.785 59840
147.804 60180
147.829 60520
147.848 60860
147.873 61200
147.892 61540
147.917 61880
147.936 62220
147.961 62560
147.98 62900
148.006 63240
148.024 63580
148.037 63920
148.056 64260
148.081 64600
148.1 64940
148.119 65280
148.138 65620
148.157 65960
148.176 66300
148.195 66640
148.214 66980
148.236 67320
148.245 46920
148.863 47260
148.869 47600
148.875 47940
148.882 48280
148.888 48620
148.894 48960
148.901 49300
148.907 49640
148.913 49980
148.92 50320
148.926 50660
148.964 51000
149.033 51340
149.102 51680
149.165 52020
149.229 52360
149.285 52700
149.348 53040
149.392 53380
149.449 53720
149.5 54060
149.556 54400
149.607 54740
149.663 55080
149.72 55420
149.771 55760
149.821 56100
149.872 56440
149.922 56780
149.979 57120
150.042 39780
150.954 40120
150.975 40460
150.981 40800
150.988 41140
150.994 41480
151 41820
151.006 42160
151.013 42500
151.019 42840
151.025 43180
151.032 43520
151.076 43860
151.155 44200
151.237 44540
151.306 44880
151.383 45220
151.434 45560
151.497 45900
151.553 46240
151.616 46580
151.673 46920
151.736 47260
151.793 47600
151.856 47940
151.913 48280
151.976 48620
152.039 48960
152.102 49300
152.165 49640
152.228 49980
152.291 50320
152.348 35020
152.808 35360
152.879 35700
152.885 36040
152.892 36380
152.898 36720
152.904 37060
152.91 37400
152.917 37740
152.923 38080
152.929 38420
152.936 38760
153.024 39100
153.1 39440
153.169 39780
153.281 40120
153.331 40460
153.388 40800
153.445 41140
153.502 41480
153.565 41820
153.621 42160
153.692 42500
153.755 42840
153.825 43180
153.888 43520
153.957 43860
154.02 44200
154.089 44540
154.153 44880
154.228 45220
154.304 45560
154.386 45900
154.474 46240
154.556 46580
154.651 46920
154.751 47260
154.859 47600
154.966 47940
155.095 48280
155.104 33660
155.932 34000
156.012 34340
156.019 34680
156.025 35020
156.031 35360
156.038 35700
156.044 36040
156.05 36380
156.057 36720
156.075 37060
156.138 37400
156.208 37740
156.28 38080
156.402 38420
156.44 38760
156.496 39100
156.553 39440
156.603 39780
156.66 40120
156.723 40460
156.81 40800
156.873 41140
156.936 41480
156.999 41820
157.062 42160
157.125 42500
157.203 42840
157.284 43180
157.348 43520
157.429 43860
157.505 44200
157.587 44540
157.688 44880
157.795 45220
157.896 45560
158.003 45900
158.142 46240
158.287 46580
158.426 46920
158.589 47260
158.791 47600
159.012 47940
159.453 48280
161.659 48620
162.012 48960
162.258 49300
162.454 49640
162.624 49980
162.769 50320
162.895 50660
163.122 51000
163.223 51340
163.362 51680
163.519 52020
163.645 52360
163.759 52700
163.86 53040
163.954 53380
164.042 53720
164.118 54060
164.2 54400
164.269 54740
164.339 55080
164.414 55420
164.477 55760
164.54 56100
164.603 56440
164.66 56780
164.717 57120
164.774 57460
164.805 40120
165.332 40460
165.355 40800
165.362 41140
165.368 41480
165.374 41820
165.381 42160
165.387 42500
165.393 42840
165.399 43180
165.406 43520
165.418 43860
165.494 44200
165.576 44540
165.645 44880
165.715 45220
165.773 45560
165.836 45900
165.893 46240
165.956 46580
166.006 46920
166.063 47260
166.12 47600
166.176 47940
166.233 48280
166.284 48620
166.347 48960
166.41 49300
166.441 34340
166.892 34680
166.969 35020
166.976 35360
166.982 35700
166.988 36040
166.995 36380
167.007 36720
167.013 37060
167.02 37400
167.026 37740
167.032 38080
167.114 38420
167.184 38760
167.253 39100
167.384 39440
167.434 39780
167.491 40120
167.554 40460
167.605 40800
167.668 41140
167.745 41480
167.808 41820
167.865 42160
167.928 42500
167.991 42840
168.054 43180
168.131 43520
168.194 43860
168.276 44200
168.345 44540
168.427 44880
168.509 45220
168.591 45560
168.692 45900
168.78 31960
169.2 32300
169.299 32640
169.305 32980
169.312 33320
169.318 33660
169.324 34000
169.331 34340
169.337 34680
169.343 35020
169.349 35360
169.356 35700
169.419 36040
169.488 36380
169.57 36720
169.717 37060
169.773 37400
169.83 37740
169.887 38080
169.944 38420
170.007 38760
170.106 39100
170.169 39440
170.226 39780
170.302 40120
170.358 40460
170.464 40800
170.54 41140
170.615 41480
170.691 41820
170.779 42160
170.875 42500
170.976 29580
171.364 29920
171.485 30260
171.492 30600
171.498 30940
171.504 31280
171.511 31620
171.517 31960
171.523 32300
171.53 32640
171.536 32980
171.542 33320
171.605 33660
171.681 34000
171.875 34340
171.906 34680
171.969 35020
172.032 35360
172.095 35700
172.165 36040
172.289 36380
172.352 36720
172.409 37060
172.478 37400
172.548 37740
172.672 38080
172.742 38420
172.824 38760
172.899 39100
172.988 39440
173.115 39780
173.223 40120
173.33 40460
173.48 40800
173.606 41140
173.795 41480
173.998 41820
174.194 42160
174.589 42500
176.896 42840
177.25 43180
177.495 43520
177.697 43860
177.861 44200
178.006 44540
178.138 44880
178.258 45220
178.365 45560
178.561 45900
178.668 46240
178.8 32300
179.223 32640
179.319 32980
179.325 33320
179.331 33660
179.338 34000
179.344 34340
179.35 34680
179.357 35020
179.363 35360
179.369 35700
179.376 36040
179.413 36380
179.495 36720
179.584 37060
179.727 37400
179.784 37740
179.841 38080
179.897 38420
179.96 38760
180.023 39100
180.126 39440
180.189 39780
180.246 40120
180.321 40460
180.391 40800
180.493 41140
180.569 41480
180.645 41820
180.72 42160
180.802 42500
180.908 42840
181.002 43180
181.103 43520
181.204 43860
181.337 44200
181.475 44540
181.608 44880
181.809 45220
181.954 45560
182.169 45900
182.591 46240
184.873 46580
185.226 46920
185.472 47260
185.674 47600
185.838 47940
185.983 48280
186.115 48620
186.228 48960
186.443 49300
186.563 49640
186.714 49980
186.865 50320
186.947 50660
187.061 51000
187.155 51340
187.25 51680
187.332 52020
187.407 52360
187.483 52700
187.546 53040
187.615 53380
187.685 53720
187.735 54060
187.798 54400
187.861 54740
187.912 55080
187.968 55420
188.025 55760
188.082 56100
188.126 56440
188.176 56780
188.227 57120
188.277 57460
188.321 57800
188.372 58140
188.416 58480
188.46 58820
188.504 59160
188.548 59500
188.586 59840
188.624 60180
188.668 60520
188.706 60860
188.744 61200
188.782 61540
188.819 61880
188.857 62220
188.895 62560
188.933 62900
188.971 63240
189.002 63580
189.034 63920
189.072 64260
189.103 64600
189.141 64940
189.172 65280
189.21 65620
189.242 65960
189.273 66300
189.305 66640
189.336 66980
189.368 67320
189.399 67660
189.431 68000
189.462 68340
189.494 68680
189.525 69020
189.551 69360
189.582 69700
189.607 70040
189.639 70380
189.664 70720
189.696 71060
189.721 71400
189.752 71740
189.778 72080
189.809 72420
189.834 72760
189.86 73100
189.885 73440
189.91 73780
189.942 74120
189.96 74460
189.986 74800
190.011 75140
190.036 75480
190.061 75820
190.087 76160
190.112 76500
190.137 76840
190.162 77180
190.187 77520
190.213 77860
190.238 78200
190.263 78540
190.282 78880
190.307 79220
190.332 79560
190.358 79900
190.376 80240
190.402 80580
190.421 80920
190.446 81260
190.465 81600
190.49 81940
190.515 82280
190.534 82620
190.553 82960
190.578 83300
190.597 83640
190.622 83980
190.641 84320
190.666 84660
190.685 85000
190.711 85340
190.73 85680
190.755 86020
190.774 86360
190.799 86700
190.818 87040
190.837 87380
190.856 87720
190.875 88060
190.9 88400
190.912 88740
190.931 89080
190.95 89420
190.969 89760
190.988 90100
191.007 90440
191.026 90780
191.045 91120
191.064 91460
191.083 91800
191.101 92140
191.12 92480
191.139 92820
191.158 93160
191.177 93500
191.196 93840
191.215 94180
191.234 94520
191.253 94860
191.272 95200
191.291 95540
191.309 95880
191.328 96220
191.347 96560
191.366 96900
191.385 97240
191.404 97580
191.423 97920
191.442 98260
191.461 98600
191.48 98940
191.499 99280
191.524 99620
191.53 99960
191.549 100300
191.568 100640
191.581 100980
191.599 101320
191.612 101660
191.631 102000
191.65 102340
191.663 102680
191.675 103020
191.694 103360
191.707 103700
191.726 104040
191.738 104380
191.757 104720
191.77 105060
191.789 105400
191.801 105740
191.82 106080
191.833 106420
191.852 106760
191.864 107100
191.883 107440
191.896 107780
191.915 108120
191.927 108460
191.946 108800
191.959 109140
191.978 109480
191.99 109820
192.009 110160
192.022 110500
192.041 110840
192.053 111180
192.072 111520
192.085 111860
192.104 112200
192.116 112540
192.135 112880
192.148 113220
192.167 113560
192.179 113900
192.198 114240
192.211 114580
192.23 114920
192.242 115260
192.261 115600
192.274 115940
192.293 116280
192.306 116620
192.324 116960
192.337 117300
192.356 117640
192.369 117980
192.387 118320
192.4 118660
192.419 119000
192.432 119340
192.451 119680
192.463 120020
192.482 120360
192.488 120700
192.507 121040
192.52 121380
192.532 121720
192.539 122060
192.551 122400
192.57 122740
192.583 123080
192.589 123420
192.602 123760
192.614 124100
192.633 124440
192.64 124780
192.652 125120
192.665 125460
192.677 125800
192.69 126140
192.703 126480
192.715 126820
192.728 127160
192.74 127500
192.753 127840
192.766 128180
192.778 128520
192.791 128860
192.804 129200
192.816 129540
192.829 129880
192.841 130220
192.854 130560
192.867 130900
192.879 131240
192.892 131580
192.904 131920
192.917 132260
192.93 132600
192.942 132940
192.955 133280
192.967 133620
192.98 133960
192.993 134300
193.005 134640
193.018 134980
193.03 135320
193.043 135660
193.056 136000
193.068 136340
193.081 136680
193.094 137020
193.106 137360
193.119 137700
193.131 138040
193.144 138380
193.157 138720
193.169 139060
193.182 139400
193.194 139740
193.207 140080
193.22 140420
193.232 140760
193.245 141100
193.257 141440
193.27 141780
193.283 142120
193.295 142460
193.308 142800
193.32 143140
193.333 143480
193.346 143820
193.358 144160
193.371 144500
193.383 144840
193.393 101320
195.574 340
195.826 2720
196.258 4420
196.274 6800
196.657 8500
196.673 10880
196.695 12580
196.711 14960
197.056 16660
197.072 19040
197.094 20060
197.103 22440
197.125 24140
197.141 25840
197.157 26860
197.166 28560
197.182 30940
197.451 32640
197.467 33660
197.477 35360
197.492 37060
197.508 39440
197.53 40460
197.54 42160
197.555 43860
197.571 45560
197.587 47260
197.603 48960
197.618 50660
197.634 52360
197.65 54060
197.666 55760
197.682 57460
197.697 59160
197.713 60860
197.729 62560
197.844 64260
197.86 65960
197.875 67660
197.891 69360
197.907 71060
197.97 71400
198.033 71740
198.096 72080
198.159 72420
198.222 72760
198.285 73100
198.348 73440
198.411 73780
198.474 74120
198.537 74460
198.569 74800
198.692 75140
199.395 52360
200.595 340
200.957 680
201.343 1020
201.346 1360
201.729 1700
201.732 2040
201.736 2380
201.739 2720
202.115 3060
202.119 3400
202.122 3740
202.125 4080
202.128 4420
202.131 4760
202.134 5100
202.138 5440
202.502 5780
202.505 6120
202.508 6460
202.511 6800
202.514 7140
202.517 7480
202.521 7820
202.524 8160
202.527 8500
202.53 8840
202.533 9180
202.536 9520
202.54 9860
202.543 10200
202.546 10540
202.549 10880
202.888 11220
202.891 11560
202.894 11900
202.897 12240
202.901 12580
202.904 12920
202.907 13260
202.91 13600
202.913 13940
202.916 14280
202.919 14620
202.923 14960
202.926 15300
202.929 15640
202.932 15980
202.935 16320
202.938 16660
202.942 17000
202.945 17340
202.948 17680
202.951 18020
202.954 18360
202.957 18700
202.96 19040
202.964 19380
202.967 19720
202.97 20060
202.973 20400
202.976 20740
202.979 21080
202.982 21420
202.986 21760
203.274 22100
203.277 22440
203.28 22780
203.284 23120
203.287 23460
203.29 23800
203.293 24140
203.296 24480
203.299 24820
203.303 25160
203.306 25500
203.309 25840
203.312 26180
203.315 26520
203.318 26860
203.321 27200
203.325 27540
203.328 27880
203.331 28220
203.334 28560
203.337 28900
203.34 29240
203.343 29580
203.347 29920
203.35 30260
203.353 30600
203.356 30940
203.359 31280
203.362 31620
203.366 31960
203.369 32300
203.372 32640
203.384 22780
204.168 23120
204.177 23460
204.184 23800
204.19 24140
204.196 24480
204.202 24820
204.209 25160
204.215 25500
204.221 25840
204.228 26180
204.234 26520
204.24 26860
204.247 27200
204.253 27540
204.259 27880
204.266 28220
204.272 28560
204.278 28900
204.284 29240
204.341 29580
204.445 29920
204.552 30260
204.666 21080
205.246 21420
205.252 21760
205.258 22100
205.265 22440
205.271 22780
205.277 23120
205.284 23460
205.29 23800
205.296 24140
205.303 24480
205.309 24820
205.315 25160
205.321 25500
205.366 25840
205.422 26180
205.473 26520
205.536 26860
205.618 27200
205.7 27540
205.816 27880
205.964 28220
206.125 28560
206.295 28900
206.513 29240
206.762 29580
206.995 29920
207.496 30260
207.834 21080
208.414 21420
208.42 21760
208.426 22100
208.432 22440
208.439 22780
208.445 23120
208.451 23460
208.458 23800
208.464 24140
208.47 24480
208.477 24820
208.483 25160
208.489 25500
208.54 25840
208.59 26180
208.647 26520
208.704 26860
208.786 27200
208.867 27540
208.984 27880
209.139 28220
209.299 28560
209.469 28900
209.687 29240
209.939 29580
210.172 29920
210.683 30260
212.77 30600
213.123 30940
213.375 31280
213.573 31620
213.737 31960
213.882 32300
214.128 32640
214.342 32980
214.45 33320
214.61 33660
214.724 34000
214.755 23800
215.361 24140
215.373 24480
215.386 24820
215.402 25160
215.411 17340
215.944 17680
215.95 18020
215.963 18360
215.975 18700
215.994 19040
216.007 19380
216.026 19720
216.045 20060
216.063 20400
216.089 20740
216.12 21080
216.152 21420
216.19 21760
216.24 22100
216.29 22440
216.36 22780
216.47 23120
216.59 23460
216.766 23800
216.924 24140
217.116 24480
217.368 24820
217.731 25160
218.317 17340
218.84 17680
218.847 18020
218.853 18360
218.859 18700
218.866 19040
218.872 19380
218.878 19720
218.885 20060
218.891 20400
218.897 20740
218.903 21080
218.91 21420
218.916 21760
218.922 22100
218.992 22440
219.099 22780
219.2 23120
219.329 23460
219.505 23800
219.72 24140
219.922 24480
220.275 24820
220.52 25160
220.873 17340
221.838 17680
221.844 18020
221.851 18360
221.857 18700
221.863 19040
221.869 19380
221.876 19720
221.882 20060
221.888 20400
221.895 20740
221.901 21080
221.907 21420
221.914 21760
221.92 22100
221.926 22440
221.932 22780
222.033 23120
222.159 23460
222.345 23800
222.673 24140
222.919 24480
223.152 24820
223.559 25160
225.989 25500
226.339 25840
226.591 26180
226.78 26520
226.95 26860
227.095 27200
227.225 27540
227.341 27880
227.553 28220
227.644 28560
227.82 28900
227.902 29240
228.051 29580
228.151 29920
228.252 30260
228.322 30600
228.422 30940
228.501 31280
228.596 31620
228.659 31960
228.725 32300
228.791 32640
228.845 32980
228.911 33320
228.98 33660
229.031 34000
229.091 34340
229.151 34680
229.204 35020
229.248 24480
229.857 24820
229.863 25160
229.876 25500
229.888 25840
229.901 26180
229.92 26520
229.939 26860
229.957 27200
229.976 27540
229.995 27880
230.021 28220
230.046 28560
230.077 28900
230.109 29240
230.14 29580
230.178 29920
230.222 30260
230.266 30600
230.323 30940
230.396 31280
230.493 31620
230.594 31960
230.727 32300
230.834 32640
230.966 32980
231.095 33320
231.275 33660
231.464 34000
231.694 34340
231.915 34680
232.473 35020
234.405 35360
234.761 35700
234.994 24820
236.116 25160
236.123 25500
236.129 25840
236.135 26180
236.142 26520
236.148 26860
236.154 27200
236.161 27540
236.167 27880
236.173 28220
236.18 28560
236.186 28900
236.192 29240
236.198 29580
236.205 29920
236.211 30260
236.217 30600
236.224 30940
236.23 31280
236.236 31620
236.249 31960
236.356 32300
236.533 32640
236.671 32980
236.892 33320
237.034 33660
237.22 34000
237.396 34340
237.645 34680
237.86 35020
238.121 35360
238.698 35700
240.715 36040
241.071 36380
241.314 36720
241.51 37060
241.699 37400
242.008 37740
242.219 38080
242.38 38420
242.521 38760
242.647 39100
242.78 39440
242.865 39780
243.095 40120
243.262 40460
243.398 40800
243.495 41140
243.58 41480
243.684 41820
243.776 42160
243.861 42500
243.949 42840
244.022 43180
244.082 43520
244.132 43860
244.182 44200
244.242 44540
244.305 44880
244.356 45220
244.419 45560
244.476 45900
244.539 46240
244.595 46580
244.652 46920
244.718 47260
244.762 47600
244.813 47940
244.857 48280
244.901 48620
244.945 48960
244.989 49300
245.034 49640
245.071 49980
245.115 50320
245.163 50660
245.201 51000
245.238 51340
245.276 51680
245.314 52020
245.346 52360
245.377 52700
245.415 53040
245.453 53380
245.484 53720
245.516 54060
245.554 54400
245.585 54740
245.623 55080
245.654 55420
245.686 55760
245.717 56100
245.749 56440
245.781 56780
245.812 57120
245.844 57460
245.869 57800
245.9 58140
245.932 58480
245.963 58820
245.989 59160
246.02 59500
246.045 59840
246.077 60180
246.102 60520
246.134 60860
246.159 61200
246.19 61540
246.216 61880
246.247 62220
246.272 62560
246.297 62900
246.323 63240
246.348 63580
246.373 63920
246.398 64260
246.424 64600
246.449 64940
246.474 65280
246.499 65620
246.524 65960
246.55 66300
246.575 66640
246.6 66980
246.625 67320
246.65 67660
246.676 68000
246.701 68340
246.726 68680
246.745 69020
246.77 69360
246.789 69700
246.814 70040
246.833 70380
246.859 70720
246.877 71060
246.903 71400
246.922 71740
246.947 72080
246.966 72420
246.991 72760
247.01 73100
247.035 73440
247.054 73780
247.079 74120
247.098 74460
247.123 74800
247.142 75140
247.167 75480
247.186 75820
247.212 76160
247.23 76500
247.249 76840
247.275 77180
247.287 77520
247.306 77860
247.325 78200
247.344 78540
247.369 78880
247.382 79220
247.401 79560
247.42 79900
247.438 80240
247.457 80580
247.476 80920
247.495 81260
247.514 81600
247.533 81940
247.552 82280
247.571 82620
247.59 82960
247.609 83300
247.628 83640
247.647 83980
247.665 84320
247.684 84660
247.703 85000
247.722 85340
247.741 85680
247.76 86020
247.779 86360
247.798 86700
247.817 87040
247.836 87380
247.855 87720
247.873 88060
247.892 88400
247.911 88740
247.93 89080
247.949 89420
247.962 89760
247.981 90100
248 90440
248.012 90780
248.031 91120
248.044 91460
248.063 91800
248.081 92140
248.094 92480
248.107 92820
248.126 93160
248.138 93500
248.157 93840
248.17 94180
248.189 94520
248.201 94860
248.22 95200
248.233 95540
248.252 95880
248.264 96220
248.283 96560
248.296 96900
248.315 97240
248.327 97580
248.346 97920
248.359 98260
248.378 98600
248.39 98940
248.409 99280
248.422 99620
248.441 99960
248.453 100300
248.472 100640
248.485 100980
248.504 101320
248.516 101660
248.535 102000
248.548 102340
248.567 102680
248.58 103020
248.598 103360
248.611 103700
248.63 104040
248.643 104380
248.661 104720
248.674 105060
248.693 105400
248.706 105740
248.724 106080
248.737 106420
248.756 106760
248.769 107100
248.788 107440
248.8 107780
248.819 108120
248.832 108460
248.851 108800
248.863 109140
248.882 109480
248.895 109820
248.907 110160
248.92 110500
248.939 110840
248.951 111180
248.964 111520
248.97 111860
248.983 112200
249.002 78200
249.992 340
250.036 113220
250.099 113560
250.162 113900
250.225 114240
250.288 114580
250.351 114920
250.414 115260
250.477 115600
250.54 115940
250.603 116280
250.666 116620
250.726 81600
251.717 340
251.801 680
252.475 1020
252.479 1360
252.862 1700
252.865 2040
252.868 2380
252.871 2720
253.248 3060
253.251 3400
253.254 3740
253.257 4080
253.26 4420
253.264 4760
253.267 5100
253.27 5440
253.634 5780
253.637 6120
253.64 6460
253.643 6800
253.647 7140
253.65 7480
253.653 7820
253.656 8160
253.659 8500
253.662 8840
253.666 9180
253.669 9520
253.672 9860
253.675 10200
253.678 10540
253.681 10880
254.02 11220
254.023 11560
254.027 11900
254.03 12240
254.033 12580
254.036 12920
254.039 13260
254.042 13600
254.045 13940
254.049 14280
254.052 14620
254.055 14960
254.058 15300
254.061 15640
254.064 15980
254.068 16320
254.071 16660
254.074 17000
254.077 17340
254.08 17680
254.083 18020
254.086 18360
254.09 18700
254.093 19040
254.096 19380
254.099 19720
254.102 20060
254.105 20400
254.108 20740
254.112 21080
254.115 21420
254.118 21760
254.406 22100
254.41 22440
254.413 22780
254.416 23120
254.419 23460
254.422 23800
254.425 24140
254.429 24480
254.432 24820
254.435 25160
254.438 25500
254.441 25840
254.444 26180
254.447 26520
254.451 26860
254.454 27200
254.457 27540
254.46 27880
254.463 28220
254.466 28560
254.469 28900
254.473 29240
254.476 29580
254.479 29920
254.482 30260
254.485 30600
254.488 30940
254.492 31280
254.495 31620
254.498 31960
254.501 32300
254.504 32640
254.507 32980
254.51 33320
254.514 33660
254.517 34000
254.52 34340
254.523 34680
254.526 35020
254.529 35360
254.533 35700
254.536 36040
254.539 36380
254.542 36720
254.545 37060
254.548 37400
254.551 37740
254.555 38080
254.558 38420
254.561 38760
254.564 39100
254.567 39440
254.57 39780
254.574 40120
254.577 47260
254.827 54400
254.894 61540
254.96 61880
255.026 62220
255.092 62560
255.158 62900
255.224 63240
255.291 63580
255.357 63920
255.433 44540
257.019 340
257.399 680
257.923 1020
257.926 1360
258.309 1700
258.312 2040
258.315 2380
258.318 2720
258.695 3060
258.698 3400
258.701 3740
258.704 4080
258.708 4420
258.711 4760
258.714 5100
258.717 5440
259.081 5780
259.084 6120
259.088 6460
259.091 6800
259.094 7140
259.097 7480
259.1 7820
259.103 8160
259.106 8500
259.11 8840
259.113 9180
259.116 9520
259.119 9860
259.122 10200
259.125 10540
259.129 10880
259.467 11220
259.48 7820
259.97 8160
259.977 8500
259.983 8840
259.989 9180
259.996 9520
260.027 9860
260.325 10200
260.401 10540
260.686 10880
261.047 11220
261.974 7820
262.36 8160
262.57 8500
262.576 8840
262.586 9180
262.592 9520
262.601 9860
262.608 10200
262.614 10540
262.718 10880
263.073 11220
265.789 11560
266.14 11900
266.432 12240
266.586 12580
266.818 12920
266.897 13260
267.029 13600
267.204 13940
267.255 14280
267.353 14620
267.591 14960
267.597 15300
267.625 15640
267.783 15980
267.983 16320
268.015 16660
268.363 17000
268.505 17340
268.571 17680
268.749 18020
268.809 18360
268.866 18700
268.923 19040
268.989 19380
269.158 19720
269.208 20060
269.243 20400
269.29 20740
269.321 21080
269.369 21420
269.528 21760
269.56 22100
269.588 22440
269.619 22780
269.651 23120
269.679 23460
269.708 23800
269.739 24140
269.908 24480
269.921 24820
269.939 25160
269.961 25500
269.987 25840
270.015 26180
270.037 26520
270.069 26860
270.088 27200
270.113 27540
270.151 27880
270.3 28220
270.319 28560
270.338 28900
270.357 29240
270.376 29580
270.401 29920
270.42 30260
270.445 30600
270.464 30940
270.49 31280
270.515 31620
270.534 31960
270.683 32300
270.696 32640
270.715 32980
270.734 33320
270.753 33660
270.772 34000
270.791 34340
270.816 34680
270.835 35020
270.854 35360
270.879 35700
270.898 36040
270.923 36380
270.942 36720
270.967 37060
271.079 37400
271.098 37740
271.117 38080
271.136 38420
271.155 38760
271.174 39100
271.193 39440
271.212 39780
271.23 40120
271.249 40460
271.268 40800
271.293 41140
271.312 41480
271.338 41820
271.357 42160
271.375 42500
271.394 42840
271.459 43180
271.478 43520
271.497 43860
271.516 44200
271.535 44540
271.554 44880
271.573 45220
271.591 45560
271.61 45900
271.629 46240
271.648 46580
271.667 46920
271.686 47260
271.705 47600
271.73 47940
271.749 48280
271.774 48620
271.787 48960
271.806 49300
271.825 49640
271.844 49980
271.869 50320
271.888 50660
271.907 51000
271.926 51340
271.944 51680
271.963 52020
271.982 52360
272.008 52700
272.026 53040
272.045 53380
272.058 53720
272.077 54060
272.096 54400
272.115 54740
272.14 55080
272.153 55420
272.171 55760
272.19 56100
272.209 56440
272.228 56780
272.247 57120
272.266 57460
272.285 57800
272.304 58140
272.323 58480
272.342 58820
272.361 59160
272.379 59500
272.398 59840
272.417 60180
272.436 60520
272.455 60860
272.474 61200
272.493 61540
272.512 61880
272.531 62220
272.55 62560
272.569 62900
272.587 63240
272.606 63580
272.625 63920
272.644 64260
272.663 64600
272.682 64940
272.701 65280
272.714 65620
272.732 65960
272.751 66300
272.764 66640
272.783 66980
272.796 67320
272.814 67660
272.833 68000
272.846 68340
272.865 68680
272.877 69020
272.896 69360
272.909 69700
272.928 70040
272.941 70380
272.959 70720
272.972 71060
272.991 71400
273.004 71740
273.022 72080
273.035 72420
273.054 72760
273.067 73100
273.085 73440
273.098 73780
273.117 74120
273.13 74460
273.149 74800
273.161 75140
273.18 75480
273.193 75820
273.212 76160
273.224 76500
273.243 76840
273.256 77180
273.275 77520
273.287 77860
273.306 78200
273.319 78540
273.338 78880
273.35 79220
273.369 79560
273.382 79900
273.401 80240
273.413 80580
273.432 80920
273.445 81260
273.464 81600
273.476 81940
273.495 82280
273.508 82620
273.527 82960
273.539 83300
273.558 83640
273.571 83980
273.59 84320
273.602 84660
273.621 85000
273.634 85340
273.647 85680
273.665 86020
273.678 86360
273.691 86700
273.703 87040
273.716 87380
273.735 87720
273.741 88060
273.754 88400
273.773 88740
273.785 89080
273.798 89420
273.804 89760
273.817 90100
273.836 90440
273.848 90780
273.861 91120
273.867 91460
273.88 91800
273.899 92140
273.911 92480
273.918 92820
273.93 93160
273.943 93500
273.962 93840
273.974 94180
273.981 94520
273.993 94860
274.006 95200
274.025 95540
274.031 95880
274.044 96220
274.056 96560
274.069 96900
274.082 97240
274.094 97580
274.107 97920
274.119 98260
274.132 98600
274.145 98940
274.157 99280
274.17 99620
274.182 99960
274.195 100300
274.208 100640
274.22 100980
274.233 101320
274.245 101660
274.258 102000
274.271 102340
274.283 102680
274.296 103020
274.308 103360
274.321 103700
274.334 104040
274.346 104380
274.359 104720
274.372 105060
274.384 105400
274.397 105740
274.409 106080
274.422 106420
274.435 106760
274.447 107100
274.46 107440
274.472 107780
274.485 108120
274.498 108460
274.51 108800
274.523 109140
274.535 109480
274.548 109820
274.561 110160
274.573 110500
274.586 110840
274.598 111180
274.611 111520
274.624 111860
274.636 112200
274.649 112540
274.661 112880
274.674 113220
274.687 113560
274.699 113900
274.712 114240
274.725 114580
274.737 114920
274.75 115260
274.762 115600
274.775 115940
274.788 116280
274.8 116620
274.813 116960
274.825 117300
274.838 117640
274.851 117980
274.863 118320
274.876 118660
274.888 119000
274.901 119340
274.914 119680
274.926 120020
274.939 120360
274.951 120700
274.964 121040
274.977 121380
274.989 121720
275.002 122060
275.015 122400
275.027 122740
275.04 123080
275.052 123420
275.065 123760
275.078 124100
275.09 124440
275.096 124780
275.109 125120
275.122 125460
275.128 125800
275.141 126140
275.147 126480
275.16 126820
275.172 127160
275.178 127500
275.191 127840
275.204 128180
275.21 128520
275.216 128860
275.229 129200
275.241 129540
275.248 129880
275.26 130220
275.267 130560
275.279 130900
275.286 131240
275.298 131580
275.305 131920
275.317 132260
275.323 132600
275.336 132940
275.342 133280
275.355 133620
275.368 133960
275.374 134300
275.38 134640
275.393 134980
275.405 135320
275.412 135660
275.418 136000
275.431 136340
275.443 136680
275.449 137020
275.456 137360
275.468 137700
275.481 138040
275.487 138380
275.494 138720
275.506 139060
275.513 139400
275.525 139740
275.531 140080
275.544 140420
275.55 140760
275.563 141100
275.569 141440
275.582 141780
275.588 142120
275.601 142460
275.607 142800
275.62 143140
275.626 143480
275.639 143820
275.645 144160
275.658 144500
275.664 144840
275.676 145180
275.683 145520
275.695 145860
275.702 146200
275.714 146540
275.721 146880
275.733 147220
275.739 147560
275.752 147900
275.758 148240
275.771 148580
275.777 148920
275.79 149260
275.796 149600
275.809 149940
275.815 150280
275.828 150620
275.834 150960
275.847 151300
275.853 151640
275.866 151980
275.872 152320
275.888 106420
278.074 340
278.274 2040
278.737 3740
278.753 5440
279.136 7140
279.152 8840
279.167 10540
279.183 12240
279.535 13940
279.55 15640
279.566 17340
279.582 19040
279.598 20740
279.613 22440
279.629 24140
279.645 25840
279.934 27540
279.949 29240
279.965 30940
279.981 32640
279.997 34340
280.012 36040
280.028 37060
280.038 38760
280.053 40460
280.069 41480
280.078 43180
280.094 44200
280.104 45900
280.119 47600
280.135 48620
280.145 50320
280.16 52020
280.323 53040
280.332 54060
280.342 55760
280.358 57460
280.373 58480
280.383 60180
280.399 61200
280.408 62900
280.427 63920
280.433 65620
281.542 340
281.928 57460
282.314 57800
282.425 58140
282.491 58480
282.56 40800
284.205 340
284.543 69700
284.556 70040
284.619 70380
284.682 70720
284.745 71060
284.808 71400
284.871 71740
284.934 72080
284.997 72420
285.06 72760
285.126 50660
287.313 340
287.95 680
288.336 1020
288.34 1360
288.723 1700
288.726 2040
288.729 2380
288.732 2720
289.109 3060
289.112 3400
289.115 3740
289.118 4080
289.121 4420
289.125 4760
289.128 5100
289.131 5440
289.495 5780
290.604 340
290.99 10540
291.376 10880
291.443 11220
291.797 11560
291.863 11900
292.212 12240
292.278 12580
292.62 12920
292.696 8840
293.199 9180
293.393 9520
293.399 9860
293.405 10200
293.411 10540
293.418 10880
293.424 11220
293.437 11560
293.528 11900
293.591 12240
293.883 12580
294.225 12920
296.593 13260
296.954 13600
297.255 13940
297.397 14280
297.641 14620
297.704 14960
297.833 15300
298.027 15640
298.059 15980
298.16 16320
298.42 16660
298.508 17000
298.587 17340
298.659 17680
298.825 18020
298.894 18360
299.397 18700
299.572 19040
299.66 19380
299.723 19720
299.808 20060
299.983 20400
300.046 20740
300.091 21080
300.132 21420
300.182 21760
300.229 22100
300.376 22440
300.407 22780
300.448 23120
300.483 23460
300.511 23800
300.562 24140
300.587 24480
300.734 24820
300.762 25160
300.791 25500
300.822 25840
300.85 26180
300.879 26520
300.904 26860
300.939 27200
300.97 27540
300.999 27880
301.129 28220
301.155 28560
301.18 28900
301.208 29240
301.233 29580
301.252 29920
301.278 30260
301.303 30600
301.331 30940
301.36 31280
301.385 31620
301.513 31960
301.535 32300
301.554 32640
301.572 32980
301.594 33320
301.62 33660
301.639 34000
301.664 34340
301.683 34680
301.708 35020
301.727 35360
301.752 35700
301.777 36040
301.803 36380
301.911 36720
301.93 37060
301.949 37400
301.968 37740
301.987 38080
302.012 38420
302.031 38760
302.056 39100
302.075 27200
302.487 27540
302.575 27880
302.581 28220
302.588 28560
302.594 28900
302.6 29240
302.606 29580
302.613 29920
302.671 30260
302.696 30600
302.766 30940
302.835 31280
302.974 31620
303.061 31960
303.105 32300
303.168 32640
303.224 32980
303.351 33320
303.407 33660
303.491 34000
303.554 34340
303.617 34680
303.737 35020
303.833 35360
303.902 35700
303.984 36040
304.073 36380
304.219 36720
304.326 37060
304.44 37400
304.605 37740
304.782 38080
305.001 38420
305.108 26860
305.884 27200
305.988 27540
305.994 27880
306 28220
306.007 28560
306.013 28900
306.019 29240
306.026 29580
306.032 29920
306.089 30260
306.175 30600
306.245 30940
306.402 31280
306.453 31620
306.51 31960
306.574 32300
306.631 32640
306.789 32980
306.839 33320
306.896 33660
306.97 34000
307.039 34340
307.184 34680
307.21 24140
307.599 24480
307.697 24820
307.703 25160
307.709 25500
307.716 25840
307.722 26180
307.728 26520
307.734 26860
307.747 27200
307.829 27540
307.963 27880
308.105 28220
308.155 28560
308.206 28900
308.311 29240
308.368 29580
308.501 29920
308.551 30260
308.62 30600
308.723 30940
308.874 31280
308.95 31620
309.019 31960
309.144 32300
309.317 32640
309.418 32980
309.533 33320
309.766 33660
309.875 34000
310.118 34340
310.495 34680
312.181 24140
312.568 24480
312.668 24820
312.743 25160
312.749 25500
312.755 25840
312.762 26180
312.768 26520
312.774 26860
312.78 27200
312.79 27540
312.796 27880
312.803 28220
312.821 28560
312.891 28900
312.957 29240
313.058 29580
313.173 29920
313.286 30260
313.447 30600
313.584 30940
313.679 31280
313.774 31620
313.98 31960
314.049 32300
314.15 32640
314.347 32980
314.486 33320
314.686 33660
314.844 34000
315.088 34340
315.471 34680
315.49 24140
315.876 24480
315.977 24820
315.984 25160
315.99 25500
315.996 25840
316.003 26180
316.009 26520
316.015 26860
316.028 27200
316.11 27540
316.244 27880
316.386 28220
316.436 28560
316.487 28900
316.55 29240
316.649 29580
316.788 29920
316.844 30260
316.914 30600
316.958 21080
317.35 21420
317.551 21760
317.557 22100
317.563 22440
317.57 22780
317.576 23120
317.582 23460
317.588 23800
317.595 24140
317.601 24480
317.67 24820
317.937 25160
317.962 25500
318.019 25840
318.082 26180
318.157 26520
318.373 26860
318.424 27200
318.487 27540
318.712 27880
318.763 28220
318.845 28560
318.933 28900
319.155 29240
319.288 29580
319.548 29920
319.731 30260
320.079 30600
322.444 30940
322.795 31280
323.043 31620
323.238 31960
323.407 32300
323.552 32640
323.758 32980
323.803 33320
323.91 33660
324.148 34000
324.192 23800
324.578 24140
324.676 24480
324.682 24820
324.688 25160
324.695 25500
324.701 25840
324.707 26180
324.714 26520
324.72 26860
324.777 27200
324.923 27540
325.062 27880
325.119 28220
325.182 28560
325.245 28900
325.448 29240
325.486 29580
325.555 29920
325.625 30260
325.73 30600
325.885 30940
325.954 31280
326.049 31620
326.249 31960
326.35 32300
326.451 32640
326.692 32980
326.843 33320
327.088 33660
327.477 34000
328.171 23800
328.557 24140
328.655 24480
328.661 24820
328.667 25160
328.674 25500
328.68 25840
328.686 26180
328.692 26520
328.699 26860
328.705 27200
328.711 27540
328.831 27880
329.041 28220
329.072 28560
329.161 28900
329.249 29240
329.443 29580
329.512 29920
329.581 30260
329.67 30600
329.857 30940
329.927 31280
330.021 31620
330.114 22100
330.501 22440
330.68 22780
330.687 23120
330.693 23460
330.699 23800
330.705 24140
330.712 24480
330.718 24820
330.724 25160
330.743 25500
330.819 25840
330.893 26180
331.12 26520
331.183 26860
331.24 27200
331.456 27540
331.5 27880
331.563 28220
331.639 28560
331.845 28900
331.915 29240
331.984 29580
332.078 29920
332.291 30260
332.43 30600
332.687 30940
332.876 31280
333.221 31620
335.592 31960
335.947 32300
336.191 32640
336.393 32980
336.559 33320
336.704 33660
336.882 34000
336.951 34340
337.058 34680
337.268 35020
337.344 35360
337.482 35700
337.657 36040
337.727 36380
337.796 36720
337.878 37060
337.966 37400
338.094 37740
338.151 38080
338.201 38420
338.258 38760
338.308 39100
338.371 39440
338.439 27540
338.825 27880
338.939 28220
338.945 28560
338.952 28900
338.958 29240
338.964 29580
338.97 29920
338.977 30260
338.983 30600
339.002 30940
339.078 31280
339.141 31620
339.328 31960
339.379 32300
339.435 32640
339.498 32980
339.555 33320
339.715 33660
339.765 34000
339.828 34340
339.891 34680
339.954 35020
340.104 35360
340.167 35700
340.243 36040
340.325 36380
340.413 36720
340.559 37060
340.667 37400
340.78 37740
340.949 38080
341.125 38420
341.341 38760
341.524 39100
341.917 39440
344.237 39780
344.589 40120
344.836 40460
345.032 40800
345.107 28560
345.5 28900
345.628 29240
345.634 29580
345.64 29920
345.646 30260
345.653 30600
345.659 30940
345.665 31280
345.672 31620
345.678 31960
345.684 32300
345.691 32640
345.697 32980
345.735 33320
345.791 33660
345.848 34000
346.014 34340
346.064 34680
346.178 35020
346.278 35360
346.435 35700
346.517 36040
346.599 36380
346.662 25160
347.054 25500
347.217 25840
347.223 26180
347.229 26520
347.235 26860
347.242 27200
347.248 27540
347.254 27880
347.261 28220
347.267 28560
347.305 28900
347.393 29240
347.603 29580
347.641 29920
347.697 30260
347.748 30600
347.792 21080
348.188 21420
348.388 21760
348.394 22100
348.4 22440
348.407 22780
348.413 23120
348.419 23460
348.426 23800
348.432 24140
348.438 24480
348.514 24820
348.774 25160
348.805 25500
348.862 25840
348.919 26180
349.16 26520
349.185 26860
349.248 27200
349.324 27540
349.393 27880
349.603 28220
349.691 28560
349.78 28900
349.999 29240
350.131 29580
350.391 29920
350.568 30260
350.923 30600
351.761 21080
352.147 21420
352.344 21760
352.351 22100
352.357 22440
352.363 22780
352.37 23120
352.376 23460
352.382 23800
352.389 24140
352.395 24480
352.401 24820
352.408 25160
352.464 25500
352.731 25840
352.775 26180
352.863 26520
352.958 26860
353.155 27200
353.237 27540
353.319 27880
353.547 28220
353.629 28560
353.73 28900
353.937 29240
354.075 29580
354.329 29920
354.525 30260
354.867 30600
355.623 21080
356.01 21420
356.101 21760
356.213 22100
356.219 22440
356.226 22780
356.232 23120
356.238 23460
356.244 23800
356.251 24140
356.257 24480
356.263 24820
356.27 25160
356.352 25500
356.621 25840
356.697 26180
356.779 26520
356.989 26860
357.052 27200
357.134 27540
357.215 27880
357.422 28220
357.51 28560
357.599 28900
357.818 29240
357.95 29580
358.21 29920
358.387 30260
358.741 30600
359.178 21080
359.564 21420
359.755 21760
359.761 22100
359.774 22440
359.78 22780
359.787 23120
359.793 23460
359.799 23800
359.805 24140
359.812 24480
359.818 24820
359.881 25160
359.954 25500
360.16 25840
360.179 18020
360.565 18360
360.641 18700
360.647 19040
360.654 19380
360.66 19720
360.666 20060
360.685 20400
360.914 20740
360.933 21080
361.049 21420
361.112 21760
361.163 22100
361.347 22440
361.458 22780
361.527 23120
361.721 23460
361.834 23800
361.904 24140
362.098 24480
362.268 24820
362.49 25160
362.682 25500
363.053 25840
363.769 18020
364.541 18360
364.62 18700
364.626 19040
364.632 19380
364.639 19720
364.645 20060
364.651 20400
364.658 20740
364.67 21080
364.826 21420
364.911 21760
365.085 22100
365.235 22440
365.411 22780
365.48 23120
365.627 23460
365.8 23800
365.876 24140
366.073 24480
366.231 24820
366.409 25160
366.658 25500
367.016 25840
368.928 18020
369.314 18360
369.39 18700
369.445 19040
369.458 19380
369.464 19720
369.47 20060
369.477 20400
369.483 20740
369.489 21080
369.514 21420
369.6 21760
369.678 22100
369.779 22440
369.866 22780
370.068 23120
370.287 23460
370.46 23800
370.645 24140
370.752 24480
371.034 24820
371.148 25160
371.43 25500
371.819 25840
373.072 18020
373.459 18360
373.578 18700
373.588 19040
373.597 13260
373.987 13600
374.146 13940
374.152 14280
374.159 14620
374.165 14960
374.171 15300
374.177 15640
374.184 15980
374.354 16320
374.373 16660
374.535 17000
374.624 17340
374.772 17680
374.934 18020
375.133 18360
375.38 18700
375.757 19040
375.782 13260
376.168 13600
376.304 13940
376.31 14280
376.317 14620
376.323 14960
376.329 15300
376.498 15640
376.555 15980
376.719 16320
376.89 16660
376.953 17000
377.117 17340
377.311 17680
377.507 18020
377.704 18360
378.021 18700
378.292 19040
380.631 19380
380.983 19720
381.227 20060
381.522 20400
381.591 20740
381.742 21080
381.908 21420
381.984 21760
382.129 22100
382.297 22440
382.398 22780
382.556 23120
382.709 23460
382.759 23800
382.904 24140
382.942 24480
383.073 24820
383.117 25160
383.161 25500
383.205 25840
383.319 26180
383.357 26520
383.481 26860
383.513 27200
383.551 27540
383.582 27880
383.683 28220
383.715 28560
383.746 28900
383.858 29240
383.883 29580
383.915 29920
383.946 30260
383.984 30600
384.016 30940
384.098 31280
384.129 31620
384.161 31960
384.257 32300
384.282 32640
384.307 32980
384.333 33320
384.364 33660
384.389 34000
384.421 34340
384.484 34680
384.509 35020
384.541 35360
384.627 35700
384.653 36040
384.678 36380
384.703 36720
384.728 37060
384.753 37400
384.785 37740
384.81 38080
384.845 38420
384.864 38760
384.895 39100
384.92 39440
384.946 39780
385.017 40120
385.042 40460
385.067 40800
385.092 41140
385.118 41480
385.143 41820
385.168 42160
385.193 42500
385.218 42840
385.244 43180
385.269 43520
385.294 43860
385.319 44200
385.344 44540
385.37 44880
385.416 45220
385.441 45560
385.466 45900
385.485 46240
385.51 46580
385.535 46920
385.56 47260
385.586 47600
385.611 47940
385.63 48280
385.655 48620
385.674 48960
385.699 49300
385.724 49640
385.75 49980
385.775 50320
385.794 50660
385.819 51000
385.838 51340
385.863 51680
385.888 52020
385.907 52360
385.926 52700
385.951 53040
385.97 53380
385.995 53720
386.014 54060
386.04 54400
386.059 54740
386.084 55080
386.103 55420
386.128 55760
386.147 56100
386.172 56440
386.191 56780
386.216 57120
386.235 57460
386.26 57800
386.279 58140
386.304 58480
386.323 58820
386.348 59160
386.367 59500
386.386 59840
386.412 60180
386.43 60520
386.449 60860
386.468 61200
386.487 61540
386.506 61880
386.531 62220
386.544 62560
386.563 62900
386.582 63240
386.601 63580
386.62 63920
386.638 64260
386.657 64600
386.676 64940
386.695 65280
386.714 65620
386.733 65960
386.752 66300
386.771 66640
386.79 66980
386.809 67320
386.828 67660
386.847 68000
386.865 68340
386.884 68680
386.903 69020
386.922 69360
386.941 69700
386.96 70040
386.979 70380
386.998 70720
387.017 71060
387.036 71400
387.055 71740
387.073 72080
387.092 72420
387.111 72760
387.13 73100
387.143 73440
387.162 73780
387.181 74120
387.193 74460
387.212 74800
387.225 75140
387.244 75480
387.263 75820
387.275 76160
387.288 76500
387.307 76840
387.319 77180
387.338 77520
387.351 77860
387.37 78200
387.382 78540
387.401 78880
387.414 79220
387.433 79560
387.445 79900
387.464 80240
387.477 80580
387.496 80920
387.508 81260
387.527 81600
387.54 81940
387.559 82280
387.571 82620
387.59 82960
387.603 83300
387.622 83640
387.635 83980
387.653 84320
387.666 84660
387.685 85000
387.698 85340
387.716 85680
387.729 86020
387.748 86360
387.761 86700
387.78 87040
387.792 87380
387.811 87720
387.824 88060
387.843 88400
387.855 88740
387.874 89080
387.887 89420
387.906 89760
387.918 90100
387.937 90440
387.95 90780
387.969 91120
387.981 91460
388 91800
388.013 92140
388.032 92480
388.044 92820
388.063 93160
388.076 93500
388.088 93840
388.101 94180
388.12 94520
388.133 94860
388.151 66300
389.025 66640
389.031 66980
389.037 67320
389.043 67660
389.05 68000
389.056 68340
389.062 68680
389.069 69020
389.075 69360
389.081 69700
389.088 70040
389.094 70380
389.1 70720
389.106 71060
389.125 71400
389.214 71740
389.27 72080
389.34 72420
389.396 72760
389.453 73100
389.504 73440
389.554 73780
389.605 74120
389.655 74460
389.699 74800
389.75 75140
389.794 75480
389.838 75820
389.882 76160
389.926 76500
389.97 76840
390.021 77180
390.058 77520
390.103 77860
390.147 78200
390.191 78540
390.235 78880
390.279 79220
390.323 79560
390.367 79900
390.411 80240
390.462 80580
390.506 80920
390.55 81260
390.601 81600
390.651 81940
390.701 82280
390.752 82620
390.802 82960
390.853 83300
390.903 83640
390.954 83980
391.01 84320
391.061 84660
391.117 85000
391.168 85340
391.231 85680
391.288 86020
391.351 86360
391.407 86700
391.477 87040
391.534 87380
391.603 87720
391.666 88060
391.691 61540
392.501 61880
392.508 62220
392.514 62560
392.52 62900
392.526 63240
392.533 63580
392.539 63920
392.545 64260
392.552 64600
392.558 64940
392.564 65280
392.571 65620
392.577 65960
392.583 66300
392.659 66640
392.734 66980
392.804 67320
392.861 67660
392.917 68000
392.974 68340
393.024 68680
393.075 69020
393.125 69360
393.169 69700
393.22 70040
393.264 70380
393.314 70720
393.352 71060
393.396 71400
393.447 71740
393.491 72080
393.541 72420
393.585 72760
393.636 73100
393.68 73440
393.73 73780
393.775 74120
393.825 74460
393.869 74800
393.92 75140
393.964 75480
394.014 75820
394.058 76160
394.109 76500
394.165 76840
394.216 77180
394.273 77520
394.323 77860
394.38 78200
394.43 78540
394.493 78880
394.544 79220
394.607 79560
394.663 79900
394.727 80240
394.79 80580
394.859 80920
394.922 81260
394.991 81600
395.067 81940
395.143 82280
395.218 82620
395.3 82960
395.388 83300
395.47 83640
395.565 83980
395.66 84320
395.76 84660
395.868 85000
395.981 85340
396.107 85680
396.239 86020
396.397 86360
396.555 86700
396.756 87040
397.021 87380
397.425 87720
398.238 88060
398.868 61540
