0.0 0
0.384488 3400
0.775151 3740
0.787759 4420
0.800367 5100
0.812975 5780
0.825583 6460
1.03189 6800
1.17125 7480
1.18386 8160
1.19647 8840
1.20908 9520
1.22169 10200
1.23429 10880
1.2469 11560
1.25951 12240
1.27212 12920
1.42799 13600
1.56736 14280
1.57997 14960
1.59257 15640
1.60518 16320
1.61779 17000
1.6304 17680
1.64301 18360
1.65561 19040
1.66822 19720
1.68083 20400
1.69344 21080
1.70605 21760
1.71865 22440
1.73126 23120
1.74387 23800
1.75648 24480
1.76909 25160
1.78169 25840
1.82409 26520
1.8367 27200
1.96346 27880
1.97607 28560
1.98868 29240
2.00129 29920
2.01389 30600
2.0265 31280
2.03911 31960
2.05172 32640
2.06433 33320
2.07693 34000
2.08954 34680
2.10215 35360
2.11476 36040
2.12737 36720
2.13997 37400
2.15258 38080
2.16519 38760
2.1778 39440
2.19041 40120
2.20301 40800
2.21562 41480
2.22823 42160
2.24084 42840
2.25345 43520
2.26605 44200
2.27866 44880
2.29127 45560
2.30388 46240
2.31649 46920
2.32909 47600
2.3417 48280
2.35431 48960
2.36692 49640
2.37953 50320
2.39213 51000
2.40474 51680
2.41735 52360
2.42996 53040
2.44257 53720
2.45517 54400
2.46778 55080
2.48039 55760
2.493 56440
2.50561 57120
2.51821 57800
2.53082 58480
2.54343 59160
2.55604 59840
2.56865 60520
2.58125 61200
2.59386 61880
2.60647 62560
2.61908 63240
2.63169 63920
2.64429 64600
2.6569 65280
2.66951 65960
2.68212 66640
2.69473 67320
2.70733 68000
2.71994 68680
2.73255 69360
2.74516 70040
2.75777 70720
2.77037 71400
2.78298 72080
2.79559 72760
2.8082 73440
2.82081 74120
2.83341 74800
2.84602 75480
2.85863 76160
2.87124 76840
2.88385 77520
2.90906 54060
3.88385 340
4.29594 73440
4.94525 51340
6.4937 340
6.67885 680
7.49207 1020
7.49837 1360
7.88187 1700
7.88817 2040
7.89448 2380
7.90078 2720
8.27167 3060
8.27797 3400
8.28428 3740
8.29058 4080
8.29689 4420
8.30319 4760
8.30949 5100
8.3158 5440
8.66147 5780
8.66777 6120
8.67408 6460
8.68038 6800
8.68668 7140
8.69299 7480
8.69929 7820
8.7056 8160
8.7119 8500
8.7182 8840
8.72451 9180
8.73081 9520
8.73712 9860
8.74342 10200
8.74972 10540
8.75603 10880
9.05127 11220
9.05757 11560
9.06388 11900
9.07018 12240
9.07648 12580
9.08279 12920
9.08909 13260
9.0954 13600
9.1017 13940
9.108 14280
9.11431 14620
9.12061 14960
9.12692 15300
9.13322 15640
9.13952 15980
9.14583 16320
9.15213 16660
9.15844 17000
9.16474 17340
9.17104 17680
9.17735 18020
9.18365 18360
9.18996 18700
9.19626 19040
9.20256 19380
9.20887 19720
9.21517 20060
9.22148 20400
9.22778 20740
9.23408 21080
9.24039 21420
9.24669 21760
9.44107 22100
9.44737 22440
9.45368 22780
9.45998 23120
9.46628 23460
9.47259 23800
9.47889 24140
9.4852 24480
9.4915 24820
9.4978 25160
9.50411 25500
9.51041 25840
9.51672 26180
9.52302 26520
9.52932 26860
10.5293 340
10.9191 35700
11.3278 24820
12.6454 25160
12.658 25500
12.6706 25840
12.7084 26180
12.7588 26520
12.7967 26860
12.8471 27200
12.8975 27540
12.948 27880
12.9984 28220
13.0614 28560
13.1434 28900
13.2569 29240
13.3577 29580
13.4586 29920
13.5721 30260
13.6729 30600
13.7927 30940
13.8999 31280
14.0133 31620
14.1268 31960
14.2529 32300
14.3853 32640
14.5429 32980
14.6942 33320
14.8896 33660
15.0535 34000
15.2741 34340
15.5515 34680
15.9424 35020
16.5034 35360
17.6444 35700
17.9975 36040
18.0227 25160
18.9975 340
19.3087 39100
19.3213 39440
19.4033 39780
19.5293 40120
19.6554 40460
19.7815 40800
19.9076 41140
20.0337 41480
20.1408 28900
21.7838 340
22.0762 7480
22.9524 14620
23.0848 21760
23.4683 22100
23.6196 15300
24.4328 15640
24.4454 15980
24.458 16320
24.4706 16660
24.5211 17000
24.5589 17340
24.6219 17680
24.6724 18020
24.7795 18360
24.9056 18700
25.0443 19040
25.1704 19380
25.2901 19720
25.4477 20060
25.6117 20400
25.7945 20740
26.0088 21080
26.2294 21420
26.5888 21760
27.3074 22100
28.8015 22440
29.1671 22780
29.539 23120
29.9173 23460
30.0434 23800
30.2829 24140
30.4342 24480
30.5855 24820
30.7305 25160
30.844 25500
30.9574 25840
31.0709 26180
31.1529 26520
31.2537 26860
31.3357 27200
31.4239 27540
31.5185 27880
31.5878 28220
31.6572 28560
31.7202 28900
31.8022 29240
31.8589 29580
31.9157 29920
31.985 30260
32.0354 30600
32.1174 30940
32.1741 31280
32.2309 31620
32.2813 31960
32.3254 32300
32.3885 32640
32.4452 32980
32.5019 33320
32.5461 33660
32.5776 34000
32.6217 34340
32.6784 34680
32.7037 35020
32.7541 35360
32.7982 35700
32.8423 36040
32.8739 36380
32.9243 36720
32.9495 37060
32.981 37400
33.0252 37740
33.063 38080
33.1071 38420
33.1386 38760
33.1765 39100
33.208 39440
33.2395 39780
33.2647 40120
33.3088 40460
33.353 40800
33.3782 41140
33.4223 41480
33.4475 41820
33.4727 42160
33.498 42500
33.5232 42840
33.561 43180
33.5988 43520
33.6303 43860
33.6745 44200
33.706 44540
33.7186 44880
33.7627 45220
33.7879 45560
33.8005 45900
33.8258 46240
33.851 46580
33.8762 46920
33.9077 47260
33.9329 47600
33.9771 47940
33.9897 48280
34.0149 48620
34.0275 48960
34.0527 49300
34.0779 49640
34.1031 49980
34.1157 50320
34.141 50660
34.1662 51000
34.1977 51340
34.2229 51680
34.2544 52020
34.267 52360
34.2923 52700
34.3175 53040
34.3427 53380
34.3553 53720
34.3805 54060
34.3931 54400
34.4183 54740
34.4436 55080
34.4562 55420
34.4814 55760
34.5066 56100
34.5318 56440
34.5444 56780
34.5696 57120
34.5822 57460
34.6075 57800
34.6327 58140
34.6516 58480
34.6768 58820
34.6894 59160
34.7146 59500
34.7272 59840
34.7525 60180
34.7651 60520
34.7903 60860
34.8029 61200
34.8281 61540
34.8533 61880
34.8722 62220
34.9037 62560
34.9164 62900
34.9416 63240
34.9542 63580
34.9794 63920
34.992 64260
35.0172 64600
35.0298 64940
35.055 65280
35.0677 65620
35.0929 65960
35.1055 66300
35.1307 66640
35.1433 66980
35.1685 67320
35.1811 67660
35.2063 68000
35.2316 68340
35.2442 68680
35.2694 69020
35.282 69360
35.3072 69700
35.3198 70040
35.345 70380
35.3576 70720
35.3829 71060
35.3955 71400
35.4207 71740
35.4333 72080
35.4585 72420
35.4711 72760
35.4963 73100
35.5089 73440
35.5341 73780
35.5468 74120
35.572 74460
35.5846 74800
35.6098 75140
35.6224 75480
35.6476 75820
35.6602 76160
35.6854 76500
35.6981 76840
35.7233 77180
35.7359 77520
35.7611 77860
35.7737 78200
35.7989 78540
35.8115 78880
35.8367 79220
35.8493 79560
35.8746 79900
35.8872 80240
35.9124 80580
35.925 80920
35.9502 81260
35.9628 81600
35.988 81940
36.0006 82280
36.0259 82620
36.0385 82960
36.0637 83300
36.0763 83640
36.1015 83980
36.1141 84320
36.1393 84660
36.1519 85000
36.1772 85340
36.1898 85680
36.215 86020
36.2276 86360
36.2528 86700
36.2654 87040
36.2906 87380
36.3032 87720
36.3158 88060
36.3411 88400
36.3537 88740
36.3663 89080
36.3789 89420
36.3915 89760
36.4041 90100
36.4167 90440
36.4293 90780
36.4545 91120
36.4671 91460
36.4797 91800
36.4924 92140
36.505 92480
36.5176 92820
36.5302 93160
36.5428 93500
36.5617 93840
36.5806 65620
37.9195 340
37.9675 25500
38.7996 27200
38.8311 28220
38.8501 29920
38.8816 30940
38.9005 32640
38.932 33660
38.9509 35360
38.9824 36380
39.0013 38080
39.0329 39100
39.0518 40800
39.0833 41820
39.1022 43520
39.1337 44540
39.1526 46240
39.285 46580
39.4048 46920
39.5372 47260
39.657 47600
39.7957 47940
39.9217 48280
40.073 33660
42.2692 340
42.5694 680
43.4015 1020
43.4078 1360
43.7913 1700
43.7976 2040
43.8039 2380
43.8103 2720
44.1811 3060
44.1874 3400
44.1937 3740
44.2 4080
44.2064 4420
44.2127 4760
44.219 5100
44.2253 5440
44.5709 5780
44.5772 6120
44.5835 6460
44.5898 6800
44.5962 7140
44.6025 7480
44.6088 7820
44.6151 8160
44.6214 8500
44.6277 8840
44.634 9180
44.6403 9520
44.6466 9860
44.6529 10200
44.6592 10540
44.6655 10880
44.9607 11220
44.967 11560
44.9733 11900
44.9796 12240
44.986 12580
44.9923 12920
44.9986 13260
45.0049 13600
45.0112 13940
45.0175 14280
45.0238 14620
45.0301 14960
45.0364 15300
45.0427 15640
45.049 15980
45.0553 16320
45.0616 16660
45.0679 17000
45.0742 17340
45.0805 17680
45.0868 18020
45.0931 18360
45.0994 18700
45.1057 58820
45.6594 41140
46.9983 340
47.0526 680
48.0739 1020
48.0802 1360
48.4637 1700
48.47 2040
48.4763 2380
48.4826 2720
48.8535 3060
48.8598 3400
48.8661 3740
48.8724 4080
48.8787 4420
48.885 4760
48.8913 5100
48.8976 5440
49.2433 5780
49.2496 6120
49.2559 6460
49.2622 6800
49.2685 7140
49.2748 7480
49.2811 7820
49.2874 8160
49.2937 8500
49.3 8840
49.3063 9180
49.3126 38420
49.7718 38760
49.8978 39100
50.0239 39440
50.1689 27540
52.2453 340
52.7094 680
53.4281 1020
53.4344 1360
53.8179 1700
53.8242 2040
53.8305 2380
53.8368 2720
54.2077 3060
54.214 3400
54.2392 2380
54.692 2720
54.9936 3060
55.0062 3400
56.8599 3740
57.2497 4080
57.345 4420
57.6395 4760
57.7222 5100
57.7915 3400
58.1813 3740
58.2191 4080
58.4191 4420
58.4317 4760
58.4444 5100
60.7579 5440
60.9603 5780
61.2108 6120
61.5501 6460
61.5628 6800
62.5321 7140
62.7195 7480
62.8211 7820
62.9219 8160
63.1219 8500
63.1472 8840
63.2361 9180
63.5117 9520
63.5622 9860
63.6322 10200
63.7205 10540
63.9331 10880
63.9709 11220
64.0094 11560
64.0472 11900
64.1166 12240
64.304 12580
64.3355 12920
64.3607 13260
64.4118 9180
64.8072 9520
64.8899 9860
64.9025 10200
65.0709 10540
65.0836 10880
65.0962 11220
65.197 11560
65.5175 11900
65.6183 12240
65.9136 12580
66.2593 12920
66.4358 13260
68.9879 13600
69.3777 13940
69.4785 14280
69.7738 14620
69.8368 14960
69.9881 15300
70.1699 15640
70.2329 15980
70.3716 16320
70.6227 16660
70.711 17000
70.7488 11900
71.1512 12240
71.2394 12580
71.3456 12920
71.3582 13260
71.3771 13600
71.3897 13940
71.4401 14280
71.6355 14620
71.7858 14960
71.9119 15300
72.1504 15640
72.2765 15980
72.5276 16320
72.7545 16660
73.0939 17000
73.8294 11900
74.2192 12240
74.32 12580
74.3326 12920
74.3452 13260
74.3578 13600
74.3704 13940
74.3831 14280
74.4766 14620
74.7161 14960
74.8727 15300
75.1059 15640
75.2814 15980
75.4957 16320
75.8855 16660
76.0862 17000
76.3825 11900
76.7723 12240
76.891 12580
76.9036 12920
76.9162 13260
76.9288 13600
76.9414 13940
77.0675 14280
77.1306 14620
77.3123 14960
77.4825 15300
77.7147 15640
77.8786 15980
78.1171 16320
78.4565 16660
78.6835 17000
81.0916 17340
81.4373 17680
81.6821 18020
81.8901 18360
82.053 18700
82.1917 19040
82.2295 13260
82.6319 13600
82.7328 13940
82.801 14280
82.8137 14620
82.8263 14960
82.8389 15300
82.8515 15640
82.8641 15980
82.9145 16320
83.0154 16660
83.2665 17000
83.4052 17340
83.6311 17680
83.795 18020
84.0335 18360
84.3729 18700
84.6124 19040
87.133 19380
87.4482 19720
87.693 20060
87.8821 20400
88.0513 20740
88.1017 14280
88.4915 14620
88.6176 14960
88.6302 15300
88.6428 15640
88.6554 15980
88.668 16320
88.6806 16660
88.7111 17000
88.7237 17340
88.7993 17680
89.0074 18020
89.02 18360
89.2217 18700
89.4539 19040
89.6304 19380
89.8563 19720
90.0454 20060
90.3722 20400
90.6611 20740
93.0829 21080
93.4349 21420
93.6797 21760
93.8814 22100
94.0453 22440
94.184 22780
94.3227 23120
94.4362 23460
94.5497 23800
94.7388 24140
94.8901 24480
95.0414 24820
95.1548 25160
95.2683 25500
95.3566 25840
95.4574 26180
95.5331 26520
95.6087 26860
95.697 27200
95.7474 27540
95.8231 27880
95.8861 28220
95.9491 28560
96.0122 28900
96.0752 29240
96.1257 29580
96.1887 29920
96.2391 30260
96.2896 30600
96.3526 30940
96.403 31280
96.4535 31620
96.5039 31960
96.5669 22100
97.1532 22440
97.1658 22780
97.1784 23120
97.191 23460
97.2036 23800
97.2163 24140
97.2289 24480
97.2541 24820
97.3802 25160
97.4684 25500
97.5819 25840
97.6575 26180
97.7458 26520
97.8467 26860
97.9349 27200
98.0358 27540
98.1366 27880
98.2375 28220
98.3384 28560
98.4644 28900
98.5779 29240
98.6914 20400
99.2272 20740
99.2514 21080
99.264 21420
99.2766 21760
99.2892 22100
99.3018 22440
99.3144 22780
99.3649 23120
99.4531 23460
99.5918 23800
99.679 24140
99.7799 24480
99.8934 24820
100.007 25160
100.12 25500
100.234 25840
100.36 26180
100.473 26520
100.599 26860
100.713 27200
100.877 27540
101.053 27880
101.217 28220
101.482 28560
101.747 28900
102.276 29240
104.218 29580
104.571 29920
104.81 30260
105.012 30600
105.176 30940
105.453 31280
105.63 31620
105.819 31960
105.97 32300
106.109 32640
106.235 32980
106.349 33320
106.437 33660
106.538 34000
106.613 34340
106.664 23800
107.294 24140
107.307 24480
107.319 24820
107.332 25160
107.345 25500
107.357 25840
107.37 26180
107.383 26520
107.483 26860
107.572 27200
107.672 27540
107.773 27880
107.874 28220
107.975 28560
108.063 28900
108.152 29240
108.24 29580
108.328 29920
108.442 30260
108.542 30600
108.656 30940
108.769 31280
108.883 31620
109.009 31960
109.148 32300
109.286 32640
109.463 32980
109.639 33320
109.841 33660
110.156 34000
110.787 34340
112.527 34680
112.88 35020
113.132 35360
113.371 35700
113.46 24820
114.109 25160
114.121 25500
114.134 25840
114.147 26180
114.159 26520
114.172 26860
114.185 27200
114.197 27540
114.26 27880
114.386 28220
114.487 28560
114.588 28900
114.676 29240
114.764 29580
114.853 29920
114.941 30260
115.029 30600
115.13 30940
115.218 31280
115.319 31620
115.433 31960
115.521 32300
115.647 32640
115.761 32980
115.887 33320
116.038 33660
116.189 34000
116.34 34340
116.555 34680
116.769 35020
117.084 35360
117.74 35700
119.379 36040
119.732 36380
119.984 36720
120.35 37060
120.489 37400
120.741 37740
120.892 38080
121.068 38420
121.22 38760
121.346 39100
121.459 39440
121.585 39780
121.661 40120
121.762 40460
121.85 40800
121.938 41140
122.014 41480
122.102 41820
122.165 42160
122.241 42500
122.304 42840
122.38 43180
122.43 43520
122.493 43860
122.556 44200
122.619 44540
122.67 44880
122.733 45220
122.783 45560
122.834 45900
122.884 46240
122.934 46580
122.985 46920
123.035 47260
123.086 47600
123.136 47940
123.174 48280
123.224 48620
123.262 48960
123.313 49300
123.351 49640
123.401 49980
123.439 50320
123.477 50660
123.514 51000
123.552 51340
123.59 51680
123.628 52020
123.666 52360
123.704 52700
123.741 53040
123.779 53380
123.817 53720
123.855 54060
123.893 54400
123.931 54740
123.956 55080
123.994 55420
124.019 55760
124.057 56100
124.082 56440
124.12 56780
124.145 57120
124.183 57460
124.208 57800
124.246 58140
124.271 58480
124.309 58820
124.334 59160
124.372 59500
124.397 59840
124.435 60180
124.46 60520
124.498 60860
124.523 61200
124.561 61540
124.586 61880
124.611 62220
124.637 62560
124.662 62900
124.687 63240
124.712 63580
124.737 63920
124.763 64260
124.788 64600
124.813 64940
124.838 65280
124.863 65620
124.889 65960
124.914 66300
124.939 66640
124.964 66980
124.99 67320
125.015 67660
125.04 68000
125.065 68340
125.09 68680
125.116 69020
125.141 69360
125.166 69700
125.191 70040
125.217 70380
125.242 70720
125.267 71060
125.292 71400
125.317 71740
125.343 72080
125.368 72420
125.393 72760
125.418 73100
125.443 73440
125.469 73780
125.494 74120
125.519 74460
125.532 74800
125.557 75140
125.57 75480
125.595 75820
125.607 76160
125.633 76500
125.645 76840
125.67 77180
125.683 77520
125.708 77860
125.721 78200
125.746 78540
125.759 78880
125.784 79220
125.796 79560
125.822 79900
125.834 80240
125.86 80580
125.872 80920
125.897 81260
125.91 81600
125.935 81940
125.948 82280
125.973 82620
125.986 82960
126.011 83300
126.023 83640
126.049 83980
126.061 84320
126.086 84660
126.099 85000
126.124 85340
126.137 85680
126.162 86020
126.175 86360
126.2 86700
126.213 87040
126.238 87380
126.25 87720
126.276 88060
126.288 88400
126.313 88740
126.326 89080
126.351 89420
126.364 89760
126.389 90100
126.402 90440
126.427 90780
126.439 91120
126.465 91460
126.477 91800
126.503 92140
126.515 92480
126.54 92820
126.553 93160
126.578 93500
126.591 93840
126.616 94180
126.629 94520
126.654 94860
126.666 95200
126.692 95540
126.704 95880
126.729 96220
126.742 96560
126.767 96900
126.78 97240
126.805 97580
126.818 97920
126.843 98260
126.856 98600
126.881 98940
126.893 99280
126.919 99620
126.931 99960
126.956 100300
126.988 70040
129.844 340
130.045 2040
130.701 3060
130.72 4760
131.103 5780
131.122 7480
131.154 8500
131.173 10200
131.506 11220
131.525 12920
131.556 13940
131.575 15640
131.607 16660
131.626 18360
131.657 19380
131.676 21080
131.908 22100
131.927 23800
131.959 24820
131.978 26520
132.009 27540
132.028 29240
132.06 30260
132.078 31960
132.11 32980
132.129 34680
132.16 35700
132.179 37400
132.211 38420
132.23 40120
132.261 41140
132.28 42840
132.312 43860
132.331 45560
132.362 46580
132.381 48280
132.413 49300
132.532 49640
132.665 49980
132.784 50320
132.917 50660
133.037 51000
133.169 51340
133.289 51680
133.339 36040
135.754 340
135.817 680
136.869 1020
136.876 1360
137.259 1700
137.266 2040
137.272 2380
137.278 2720
137.649 3060
137.655 3400
137.662 3740
137.668 4080
137.674 4420
137.681 4760
137.687 5100
137.693 5440
138.039 5780
138.045 6120
138.051 6460
138.058 6800
138.064 7140
138.07 7480
138.077 7820
138.083 8160
138.089 8500
138.096 8840
138.102 9180
138.108 9520
138.115 9860
138.121 10200
138.127 10540
138.133 10880
138.429 11220
138.435 11560
138.441 11900
138.448 12240
138.454 12580
138.46 12920
138.466 13260
138.473 13600
138.479 13940
138.485 14280
138.492 14620
138.498 14960
138.504 15300
138.511 15640
138.517 15980
138.523 16320
138.53 16660
138.536 17000
138.542 17340
138.548 17680
138.555 18020
138.561 18360
138.567 18700
138.574 19040
138.58 19380
138.586 19720
138.593 20060
138.599 20400
138.605 20740
138.611 21080
138.618 21420
138.624 21760
138.818 22100
138.825 22440
138.831 22780
138.837 23120
138.844 23460
138.85 23800
138.856 24140
138.863 24480
138.869 24820
138.875 25160
138.932 25500
139.417 17680
140.874 18020
140.886 18360
140.899 18700
140.911 19040
140.924 19380
140.937 19720
140.949 20060
140.962 20400
140.974 20740
140.987 21080
141 21420
141.012 21760
141.025 22100
141.037 22440
141.05 22780
141.063 23120
141.075 23460
141.088 23800
141.113 24140
141.403 24480
141.655 24820
142.002 25160
142.695 25500
144.543 17680
145.482 18020
145.494 18360
145.507 18700
145.52 19040
145.532 19380
145.545 19720
145.557 20060
145.57 20400
145.583 20740
145.595 21080
145.608 21420
145.62 21760
145.633 22100
145.646 22440
145.658 22780
145.671 23120
145.684 23460
145.696 23800
145.81 24140
146.011 24480
146.27 24820
146.617 25160
147.241 25500
149.327 25840
149.674 26180
149.932 26520
150.285 26860
150.569 27200
150.746 27540
150.985 27880
151.111 28220
151.244 28560
151.37 28900
151.515 29240
151.628 29580
151.735 29920
151.824 30260
151.918 30600
152.013 30940
152.088 31280
152.158 31620
152.214 31960
152.278 32300
152.347 32640
152.41 32980
152.473 33320
152.536 33660
152.618 34000
152.681 34340
152.731 34680
152.794 35020
152.839 35360
152.895 35700
152.952 36040
153.009 36380
153.053 36720
153.103 37060
153.166 37400
153.211 37740
153.255 38080
153.286 38420
153.33 38760
153.381 39100
153.431 39440
153.488 39780
153.557 40120
153.614 40460
153.664 40800
153.734 41140
153.784 41480
153.841 41820
153.898 42160
153.948 42500
153.98 42840
154.024 43180
154.068 43520
154.112 43860
154.15 44200
154.2 44540
154.238 44880
154.27 45220
154.314 45560
154.358 45900
154.396 46240
154.427 46580
154.465 46920
154.497 47260
154.522 47600
154.547 47940
154.572 48280
154.597 48620
154.623 48960
154.648 49300
154.673 49640
154.698 49980
154.73 50320
154.768 50660
154.78 51000
154.805 51340
154.818 51680
154.856 52020
154.875 52360
154.9 52700
154.931 53040
154.957 53380
154.988 53720
155.026 54060
155.039 54400
155.07 54740
155.083 55080
155.108 55420
155.133 55760
155.165 56100
155.19 56440
155.203 56780
155.228 57120
155.24 57460
155.266 57800
155.285 58140
155.31 58480
155.322 58820
155.348 59160
155.36 59500
155.392 59840
155.404 60180
155.436 60520
155.448 60860
155.48 61200
155.493 61540
155.518 61880
155.53 62220
155.562 62560
155.587 62900
155.6 63240
155.612 63580
155.638 63920
155.663 64260
155.675 64600
155.688 64940
155.713 65280
155.738 65620
155.751 65960
155.764 66300
155.789 66640
155.82 66980
155.839 67320
155.864 67660
155.877 68000
155.902 68340
155.915 68680
155.94 69020
155.953 69360
155.978 69700
156.009 70040
156.022 70380
156.054 70720
156.073 71060
156.098 71400
156.117 71740
156.148 72080
156.173 72420
156.186 72760
156.211 73100
156.224 73440
156.249 73780
156.262 74120
156.287 74460
156.312 74800
156.325 75140
156.35 75480
156.363 75820
156.388 76160
156.4 76500
156.426 76840
156.438 77180
156.463 77520
156.476 77860
156.501 78200
156.514 78540
156.539 78880
156.552 79220
156.577 79560
156.589 79900
156.615 80240
156.627 80580
156.652 80920
156.665 81260
156.69 81600
156.703 81940
156.728 82280
156.741 82620
156.766 82960
156.779 83300
156.804 83640
156.816 83980
156.842 84320
156.854 84660
156.879 85000
156.892 85340
156.917 85680
156.93 86020
156.955 86360
156.968 86700
156.993 87040
157.006 87380
157.031 87720
157.043 88060
157.056 88400
157.069 88740
157.081 89080
157.106 89420
157.119 89760
157.132 90100
157.151 90440
157.163 90780
157.176 91120
157.188 91460
157.201 91800
157.214 92140
157.226 92480
157.239 92820
157.251 93160
157.277 93500
157.289 93840
157.302 94180
157.314 94520
157.327 94860
157.34 95200
157.352 95540
157.365 95880
157.377 96220
157.39 96560
157.403 96900
157.415 97240
157.44 97580
157.453 97920
157.466 98260
157.478 98600
157.497 98940
157.51 99280
157.522 99620
157.535 99960
157.548 100300
157.56 100640
157.573 100980
157.585 101320
157.598 101660
157.611 102000
157.623 102340
157.636 102680
157.649 103020
157.661 103360
157.674 103700
157.686 104040
157.705 72760
160.561 340
160.737 1360
161.393 3060
161.783 4080
161.802 5780
161.833 6800
162.185 8500
162.217 9520
162.236 11220
162.267 12240
162.286 13940
162.581 14960
162.6 16660
162.632 17680
162.651 19380
162.682 20400
162.701 22100
162.733 23120
162.752 24820
162.783 25840
162.802 27540
162.834 28560
162.984 30260
163.015 31280
163.034 32980
163.066 34000
163.085 35700
163.116 36720
163.141 38420
163.167 39440
163.186 41140
163.217 42160
163.236 43860
163.267 44880
163.286 46580
163.318 47600
163.337 49300
163.368 50320
163.387 51340
163.513 51680
163.646 52020
163.772 52360
163.885 52700
164.011 53040
164.144 53380
164.276 53720
164.314 37400
166.76 340
166.779 680
167.863 1020
167.869 1360
168.253 1700
168.259 2040
168.266 2380
168.272 2720
168.643 3060
168.649 3400
168.655 3740
168.662 4080
168.668 4420
168.674 4760
168.681 5100
168.687 5440
169.033 5780
169.039 6120
169.045 6460
169.051 6800
169.058 7140
169.064 7480
169.07 7820
169.077 8160
169.083 8500
169.089 8840
169.096 9180
169.102 9520
169.108 9860
169.114 10200
169.121 10540
169.127 10880
169.422 11220
169.429 11560
169.435 11900
169.441 12240
169.448 12580
169.454 12920
169.46 13260
169.466 13600
169.473 13940
169.479 14280
169.485 14620
169.492 14960
169.498 15300
169.504 15640
169.511 15980
169.517 16320
169.523 16660
169.529 17000
169.536 17340
169.542 17680
169.548 18020
169.555 18360
169.561 18700
169.567 19040
169.574 19380
169.58 19720
169.586 20060
169.593 20400
169.599 20740
169.605 21080
169.611 21420
169.618 21760
169.812 22100
169.818 22440
169.825 22780
169.831 23120
169.837 23460
169.844 23800
169.85 24140
169.856 24480
169.863 24820
169.869 25160
169.875 25500
169.881 25840
169.888 26180
170.02 18020
170.985 18360
170.997 18700
171.01 19040
171.022 19380
171.035 19720
171.048 20060
171.06 20400
171.073 20740
171.086 21080
171.111 21420
171.149 21760
171.199 22100
171.249 22440
171.3 22780
171.42 23120
171.558 23460
171.697 23800
171.829 24140
171.962 24480
172.037 17000
172.97 17340
172.983 17680
172.996 18020
173.008 18360
173.033 18700
173.059 19040
173.084 19380
173.109 19720
173.147 20060
173.185 20400
173.223 20740
173.273 21080
173.323 21420
173.386 21760
173.45 22100
173.525 22440
173.626 22780
173.727 23120
173.954 23460
174.212 23800
174.622 24140
175.391 24480
176.759 24820
177.106 25160
177.547 25500
177.799 25840
178.083 26180
178.297 26520
178.455 26860
178.594 27200
178.732 27540
178.839 27880
178.966 28220
179.073 28560
179.18 28900
179.256 29240
179.356 29580
179.419 29920
179.495 30260
179.564 30600
179.646 30940
179.709 31280
179.798 31620
179.848 31960
179.917 32300
179.987 32640
180.056 32980
180.119 33320
180.17 33660
180.207 34000
180.264 34340
180.321 34680
180.371 35020
180.422 35360
180.485 35700
180.523 36040
180.567 36380
180.617 36720
180.661 37060
180.705 37400
180.743 37740
180.781 38080
180.832 38420
180.869 38760
180.907 39100
180.951 39440
181.002 39780
181.046 40120
181.09 40460
181.134 40800
181.172 41140
181.203 41480
181.26 41820
181.292 42160
181.33 42500
181.367 42840
181.411 43180
181.449 43520
181.487 43860
181.531 44200
181.569 44540
181.613 44880
181.638 45220
181.689 45560
181.72 45900
181.764 46240
181.796 46580
181.846 46920
181.878 47260
181.909 47600
181.954 47940
182.01 48280
182.036 48620
182.073 48960
182.099 49300
182.136 49640
182.162 49980
182.187 50320
182.225 50660
182.256 51000
182.275 51340
182.307 51680
182.344 52020
182.37 52360
182.401 52700
182.42 53040
182.452 53380
182.489 53720
182.515 54060
182.54 54400
182.584 54740
182.616 55080
182.628 55420
182.66 55760
182.685 56100
182.704 56440
182.735 56780
182.761 57120
182.786 57460
182.798 57800
182.824 58140
182.855 58480
182.868 58820
182.893 59160
182.906 59500
182.937 59840
182.95 60180
182.975 60520
182.987 60860
183.019 61200
183.032 61540
183.063 61880
183.076 62220
183.101 62560
183.114 62900
183.139 63240
183.164 63580
183.196 63920
183.221 64260
183.246 64600
183.259 64940
183.29 65280
183.309 65620
183.334 65960
183.347 66300
183.372 66640
183.385 66980
183.41 67320
183.429 67660
183.454 68000
183.467 68340
183.498 68680
183.511 69020
183.536 69360
183.549 69700
183.574 70040
183.586 70380
183.612 70720
183.624 71060
183.649 71400
183.662 71740
183.675 72080
183.7 72420
183.712 72760
183.744 73100
183.757 73440
183.775 73780
183.788 74120
183.801 74460
183.813 74800
183.839 75140
183.851 75480
183.864 75820
183.876 76160
183.908 76500
183.92 76840
183.933 77180
183.946 77520
183.958 77860
183.971 78200
183.996 78540
184.009 78880
184.021 79220
184.047 79560
184.059 79900
184.084 80240
184.097 80580
184.11 80920
184.122 81260
184.135 81600
184.147 81940
184.16 82280
184.185 82620
184.198 82960
184.21 83300
184.223 83640
184.236 83980
184.261 84320
184.273 84660
184.286 85000
184.299 85340
184.311 85680
184.337 86020
184.349 86360
184.362 86700
184.374 87040
184.387 87380
184.4 87720
184.412 88060
184.437 88400
184.45 88740
184.463 89080
184.482 89420
184.494 89760
184.507 90100
184.519 90440
184.532 90780
184.545 91120
184.557 91460
184.57 91800
184.595 92140
184.608 92480
184.62 92820
184.633 93160
184.645 93500
184.658 93840
184.671 94180
184.683 94520
184.696 94860
184.708 95200
184.721 95540
184.734 95880
184.746 96220
184.772 96560
184.784 96900
184.797 97240
184.809 97580
184.822 97920
184.835 98260
184.847 98600
184.86 98940
184.872 99280
184.885 99620
184.898 99960
184.91 100300
184.923 100640
184.935 100980
184.948 101320
184.961 101660
184.973 102000
184.986 102340
184.998 102680
185.011 103020
185.024 103360
185.036 103700
185.049 104040
185.061 104380
185.074 104720
185.087 105060
185.099 105400
185.112 105740
185.131 73780
188.001 340
188.119 1360
188.819 3740
189.208 4760
189.227 5780
189.246 6800
189.265 9520
189.636 10540
189.655 11560
189.674 12580
189.693 13600
189.712 15300
189.743 16320
189.762 17340
189.781 19720
190.038 21420
190.07 22440
190.089 23460
190.108 24480
190.127 25500
190.146 26520
190.165 27540
190.183 29240
190.215 30260
190.234 31280
190.253 32300
190.272 33320
190.291 35020
190.322 36040
190.341 37060
190.36 38080
190.379 39100
190.398 40800
190.454 41820
190.472 42840
190.491 43860
190.51 44880
190.529 45900
190.548 46920
190.567 48620
190.599 50320
190.63 52360
190.781 52700
190.907 53040
191.021 53380
191.147 53720
191.279 54060
191.412 54400
191.525 54740
191.582 38080
194.061 340
195.137 680
195.527 1020
195.533 1360
195.917 1700
195.923 2040
195.93 2380
195.936 2720
196.307 3060
196.313 3400
196.319 3740
196.326 4080
196.332 4420
196.338 4760
196.345 5100
196.351 5440
196.697 5780
196.703 6120
196.709 6460
196.715 6800
196.722 7140
196.728 7480
196.734 7820
196.741 8160
196.747 8500
196.753 8840
196.76 9180
196.766 9520
196.772 9860
196.779 10200
196.785 10540
196.791 10880
197.086 11220
197.093 11560
197.099 11900
197.105 12240
197.112 12580
197.118 12920
197.124 13260
197.131 13600
197.137 13940
197.143 14280
197.149 14620
197.156 14960
197.162 15300
197.168 15640
197.175 15980
197.181 16320
197.187 16660
197.194 17000
197.2 17340
197.206 17680
197.212 18020
197.219 18360
197.225 18700
197.231 19040
197.238 19380
197.244 19720
197.25 20060
197.257 20400
197.263 20740
197.269 21080
197.276 21420
197.282 21760
197.476 22100
197.482 22440
197.489 22780
197.495 23120
197.501 23460
197.508 23800
197.514 24140
197.52 24480
197.527 24820
197.533 25160
197.539 25500
197.546 25840
197.552 26180
197.558 26520
197.665 26860
197.716 18700
198.705 19040
198.718 19380
198.731 19720
198.756 20060
198.781 20400
198.794 20740
198.819 21080
198.857 21420
198.882 21760
198.92 22100
198.958 22440
199.008 22780
199.077 23120
199.178 23460
199.292 23800
199.405 24140
199.544 24480
199.657 24820
199.802 25160
199.96 25500
200.168 25840
200.471 26180
200.861 26520
201.738 26860
202.627 27200
203.213 27540
203.522 27880
203.799 28220
204.032 28560
204.221 28900
204.379 29240
204.518 29580
204.638 29920
204.764 30260
204.871 30600
204.965 30940
205.06 31280
205.161 31620
205.255 31960
205.337 32300
205.419 32640
205.501 32980
205.564 33320
205.634 33660
205.69 34000
205.766 34340
205.823 34680
205.898 35020
205.961 35360
206.005 35700
206.056 36040
206.113 36380
206.163 36720
206.214 37060
206.277 37400
206.333 37740
206.384 38080
206.434 38420
206.491 38760
206.522 39100
206.573 39440
206.611 39780
206.661 40120
206.724 40460
206.775 40800
206.819 41140
206.882 41480
206.932 41820
206.976 42160
207.033 42500
207.058 29580
208.243 29920
208.269 30260
208.294 30600
208.319 30940
208.344 31280
208.369 31620
208.395 31960
208.42 32300
208.458 32640
208.483 32980
208.521 33320
208.559 33660
208.596 34000
208.634 34340
208.685 34680
208.723 35020
208.773 35360
208.823 35700
208.874 36040
208.924 36380
209 25160
210.065 25500
210.078 25840
210.09 26180
210.103 26520
210.128 26860
210.154 27200
210.179 27540
210.217 27880
210.242 28220
210.28 28560
210.317 28900
210.355 29240
210.393 29580
210.444 29920
210.494 30260
210.544 30600
210.595 30940
210.658 31280
210.721 31620
210.797 31960
210.872 32300
210.979 32640
211.156 32980
211.332 33320
211.477 33660
211.66 34000
211.837 34340
211.969 34680
212.146 35020
212.379 35360
212.719 35700
213.066 36040
213.759 36380
215.102 36720
215.455 37060
215.808 37400
216.161 37740
216.388 38080
216.577 38420
216.741 38760
216.88 39100
217.019 39440
217.119 39780
217.246 40120
217.321 40460
217.435 40800
217.51 41140
217.599 41480
217.687 41820
217.762 42160
217.838 42500
217.914 42840
217.977 43180
218.052 43520
218.115 43860
218.179 44200
218.242 44540
218.305 44880
218.355 45220
218.418 45560
218.469 45900
218.519 46240
218.582 46580
218.62 46920
218.67 47260
218.721 47600
218.771 47940
218.822 48280
218.859 48620
218.91 48960
218.948 49300
218.998 49640
219.036 49980
219.086 50320
219.124 50660
219.175 51000
219.212 51340
219.238 51680
219.275 52020
219.313 52360
219.351 52700
219.389 53040
219.427 53380
219.465 53720
219.502 54060
219.54 54400
219.578 54740
219.616 55080
219.654 55420
219.691 55760
219.717 56100
219.761 56440
219.78 39440
220.761 340
220.814 57460
220.94 57800
221.066 58140
221.192 58480
221.318 58820
221.444 59160
221.501 41140
223.169 340
223.266 680
224.243 1020
224.249 1360
224.633 1700
224.639 2040
224.645 2380
224.652 2720
225.023 3060
225.029 3400
225.035 3740
225.041 4080
225.048 4420
225.054 4760
225.06 5100
225.067 5440
225.412 5780
225.419 6120
225.425 6460
225.431 6800
225.438 7140
225.444 7480
225.45 7820
225.456 8160
225.463 8500
225.469 8840
225.475 9180
225.482 9520
225.488 9860
225.494 10200
225.501 10540
225.507 10880
225.802 11220
225.808 11560
225.815 11900
225.821 12240
225.827 12580
225.834 12920
225.84 13260
225.846 13600
225.853 13940
225.859 14280
225.865 14620
225.872 14960
225.878 15300
225.884 15640
225.89 15980
225.897 16320
225.903 16660
225.909 17000
225.916 17340
225.922 17680
225.928 18020
225.935 18360
225.941 18700
225.947 25840
226.268 32980
226.4 33320
226.532 33660
226.665 34000
226.816 23800
228.064 24140
228.083 24480
228.096 24820
228.134 25160
228.159 25500
228.197 25840
228.234 26180
228.285 26520
228.323 26860
228.361 27200
228.411 27540
228.474 27880
228.55 28220
228.663 28560
228.777 28900
228.89 29240
229.004 29580
229.117 29920
229.23 30260
229.35 30600
229.47 30940
229.621 31280
229.773 31620
229.943 31960
230.132 32300
230.359 32640
230.611 32980
230.964 33320
231.538 33660
232.672 34000
233.246 34340
233.631 34680
233.933 35020
234.16 35360
234.362 35700
234.526 36040
234.683 36380
234.822 36720
234.948 37060
235.068 37400
235.181 37740
235.282 38080
235.383 38420
235.471 38760
235.56 39100
235.635 39440
235.724 39780
235.787 40120
235.856 40460
235.932 40800
236.001 41140
236.058 41480
236.127 41820
236.19 42160
236.247 42500
236.297 42840
236.36 43180
236.411 43520
236.467 43860
236.512 44200
236.581 44540
236.631 44880
236.682 45220
236.726 45560
236.757 45900
236.802 46240
236.852 46580
236.896 46920
236.94 47260
236.978 47600
237.029 47940
237.073 48280
237.11 48620
237.142 48960
237.186 49300
237.218 49640
237.274 49980
237.319 50320
237.363 50660
237.407 51000
237.438 51340
237.464 51680
237.501 52020
237.533 52360
237.558 52700
237.583 53040
237.621 53380
237.665 37060
240.71 340
241.145 2040
241.788 4080
242.178 5780
242.209 8160
242.568 10200
242.605 11900
242.637 13600
242.669 14960
242.694 16660
242.964 18700
243.002 20400
243.033 22100
243.065 23460
243.09 25160
243.121 26860
243.222 18700
244.652 19040
244.665 19380
244.677 19720
244.69 20060
244.703 20400
244.715 20740
244.728 21080
244.74 21420
244.753 21760
244.766 22100
244.778 22440
244.791 22780
244.803 23120
244.816 23460
244.829 23800
244.841 24140
244.854 24480
244.867 24820
245.043 25160
245.257 25500
245.421 25840
245.749 26180
246.203 26520
247.041 26860
248.58 27200
248.933 27540
249.374 27880
249.683 28220
249.821 28560
250.055 28900
250.244 29240
250.42 29580
250.565 29920
250.666 30260
250.78 30600
250.874 30940
250.994 31280
251.089 31620
251.189 31960
251.284 32300
251.36 32640
251.435 32980
251.517 33320
251.58 33660
251.643 34000
251.706 34340
251.769 34680
251.832 35020
251.883 35360
251.946 35700
252.015 36040
252.072 36380
252.129 36720
252.173 37060
252.242 37400
252.299 37740
252.349 38080
252.412 38420
252.45 38760
252.494 39100
252.545 39440
252.583 39780
252.633 40120
252.677 40460
252.709 40800
252.753 41140
252.803 41480
252.847 41820
252.904 42160
252.955 42500
252.992 42840
253.043 43180
253.1 43520
253.137 43860
253.175 44200
253.219 44540
253.263 44880
253.301 45220
253.352 45560
253.39 45900
253.427 46240
253.471 46580
253.522 46920
253.56 47260
253.604 47600
253.635 47940
253.68 48280
253.698 48620
253.73 48960
253.768 49300
253.799 49640
253.831 49980
253.869 50320
253.894 50660
253.919 51000
253.957 51340
253.97 51680
254.001 52020
254.026 52360
254.039 52700
254.064 53040
254.077 53380
254.102 53720
254.114 54060
254.14 54400
254.165 54740
254.178 55080
254.203 55420
254.215 55760
254.241 56100
254.266 56440
254.291 56780
254.304 57120
254.329 57460
254.341 57800
254.379 58140
254.392 58480
254.417 58820
254.43 59160
254.455 59500
254.468 59840
254.493 60180
254.518 60520
254.531 60860
254.556 61200
254.581 61540
254.625 61880
254.644 62220
254.669 62560
254.682 62900
254.713 63240
254.751 63580
254.764 63920
254.795 64260
254.808 64600
254.846 64940
254.871 65280
254.902 65620
254.915 65960
254.953 66300
254.978 66640
254.991 66980
255.016 67320
255.029 67660
255.054 68000
255.066 68340
255.092 68680
255.117 69020
255.129 69360
255.155 69700
255.167 70040
255.192 70380
255.205 70720
255.23 71060
255.243 71400
255.268 71740
255.281 72080
255.306 72420
255.319 72760
255.344 73100
255.356 73440
255.382 73780
255.394 74120
255.419 74460
255.432 74800
255.457 75140
255.47 75480
255.495 75820
255.508 76160
255.533 76500
255.546 76840
255.571 77180
255.583 77520
255.609 77860
255.621 78200
255.646 78540
255.659 78880
255.684 79220
255.697 79560
255.722 79900
255.735 80240
255.76 80580
255.772 80920
255.798 81260
255.81 81600
255.835 81940
255.861 82280
255.873 82620
255.899 82960
255.911 83300
255.936 83640
255.949 83980
255.974 84320
255.987 84660
256.012 85000
256.025 85340
256.05 85680
256.062 86020
256.088 86360
256.107 86700
256.132 87040
256.157 60860
257.417 340
257.544 35020
258.332 36720
258.363 37740
258.382 39440
258.414 40460
258.433 42160
258.464 43180
258.584 43520
258.716 43860
258.836 44200
260.204 340
261.183 680
261.579 1360
261.975 2040
261.988 2720
262.371 3400
262.384 4080
262.397 4760
262.409 5440
262.768 6120
262.78 6800
262.793 7480
262.805 8160
262.818 8840
262.831 9520
262.843 10200
262.856 10880
263.164 11560
263.176 12240
263.189 12920
263.201 13600
263.214 14280
263.227 14960
263.239 15640
263.252 16320
263.264 17000
263.277 17680
263.29 18360
263.302 19040
263.315 19720
263.328 20400
263.34 21080
263.353 21760
263.56 22440
263.572 23120
263.585 23800
263.598 24480
263.61 25160
263.623 25840
263.635 26520
263.648 27200
263.661 27880
263.673 28560
263.686 29240
263.698 29920
263.711 30600
263.724 31280
263.749 31620
263.875 31960
264.001 32300
264.127 32640
264.253 32980
264.379 33320
264.505 33660
264.631 34000
264.757 34340
264.884 34680
265.01 35020
265.136 35360
265.262 35700
265.388 36040
265.514 36380
265.64 36720
265.766 37060
265.892 37400
266.018 37740
266.144 38080
266.27 38420
266.397 38760
266.523 39100
266.649 39440
266.775 39780
266.901 40120
267.027 40460
267.153 40800
267.279 41140
267.405 41480
267.531 41820
267.657 42160
267.783 42500
267.909 42840
268.023 43180
268.099 43520
268.162 43860
268.237 44200
268.3 44540
268.363 44880
268.426 45220
268.477 45560
268.527 45900
268.578 46240
268.628 46580
268.679 46920
268.729 47260
268.767 47600
268.817 47940
268.855 48280
268.906 48620
268.943 48960
268.981 49300
269.019 49640
269.057 49980
269.095 50320
269.132 50660
269.17 51000
269.208 51340
269.246 51680
269.284 52020
269.322 52360
269.347 52700
269.372 53040
269.41 53380
269.435 53720
269.473 54060
269.498 54400
269.536 54740
269.561 55080
269.599 55420
269.637 38760
270.612 340
270.658 56440
270.772 56780
270.898 57120
271.024 57460
271.15 57800
271.276 58140
271.345 40460
273.013 340
273.117 680
274.081 1020
274.087 1360
274.471 1700
274.477 2040
274.484 2380
274.49 2720
274.861 3060
274.867 3400
274.873 3740
274.88 4080
274.886 4420
274.892 4760
274.899 5100
274.905 5440
275.251 5780
275.257 6120
275.263 6460
275.269 6800
275.276 7140
275.282 7480
275.288 7820
275.295 8160
275.301 8500
275.307 8840
275.314 9180
275.32 9520
275.326 9860
275.332 10200
275.339 10540
275.345 10880
275.64 11220
275.647 11560
275.653 11900
275.659 12240
275.666 12580
275.672 12920
275.678 13260
275.684 13600
275.691 13940
275.697 14280
275.703 14620
275.71 14960
275.716 15300
275.722 15640
275.729 15980
275.735 16320
275.741 16660
275.747 17000
275.754 17340
275.76 17680
275.766 24140
276.074 31280
276.207 31620
276.402 31960
276.471 32300
276.623 22440
277.814 22780
277.827 23120
277.839 23460
277.865 23800
277.89 24140
277.928 24480
277.965 24820
278.003 25160
278.054 25500
278.104 25840
278.142 26180
278.205 26520
278.293 26860
278.407 27200
278.52 27540
278.646 27880
278.772 28220
278.873 28560
278.98 28900
279.125 29240
279.258 29580
279.409 29920
279.567 30260
279.762 30600
279.951 30940
280.166 31280
280.506 31620
281.042 31960
282.107 32300
282.832 32640
283.185 32980
283.563 33320
283.841 33660
283.992 34000
284.162 34340
284.326 34680
284.471 35020
284.616 35360
284.73 35700
284.83 36040
284.931 36380
285.039 36720
285.133 37060
285.221 37400
285.297 37740
285.379 38080
285.448 38420
285.53 38760
285.618 26860
286.593 340
286.905 40120
287.005 40460
287.131 40800
287.258 41140
287.384 41480
287.51 41820
287.636 42160
287.705 29240
289.342 340
289.685 7480
290.51 14620
290.643 21760
291.026 22100
291.178 15300
291.991 15640
292.003 15980
292.016 16320
292.041 16660
292.079 17000
292.117 17340
292.155 17680
292.205 18020
292.256 18360
292.375 18700
292.489 19040
292.627 19380
292.747 19720
292.867 20060
293.018 20400
293.201 20740
293.441 21080
293.649 21420
293.995 21760
294.714 22100
296.17 22440
296.523 22780
296.939 23120
297.28 23460
297.456 23800
297.639 24140
297.809 24480
297.973 24820
298.112 25160
298.232 25500
298.352 25840
298.44 26180
298.522 26520
298.629 26860
298.698 27200
298.787 27540
298.875 27880
298.944 28220
299.026 28560
299.102 28900
299.171 29240
299.24 29580
299.303 29920
299.36 30260
299.423 30600
299.474 30940
299.537 31280
299.575 31620
299.631 31960
299.682 32300
299.738 32640
299.789 32980
299.846 33320
299.89 33660
299.946 34000
299.984 34340
300.035 34680
300.066 35020
300.123 35360
300.154 35700
300.199 36040
300.243 36380
300.281 36720
300.331 37060
300.356 37400
300.4 37740
300.457 38080
300.495 38420
300.526 38760
300.571 39100
300.615 39440
300.646 39780
300.69 40120
300.722 40460
300.753 40800
300.791 41140
300.829 41480
300.861 41820
300.886 42160
300.924 42500
300.955 42840
300.987 43180
301.012 43520
301.031 43860
301.075 44200
301.106 44540
301.125 44880
301.163 45220
301.188 45560
301.226 45900
301.251 46240
301.277 46580
301.308 46920
301.34 47260
301.352 47600
301.377 47940
301.39 48280
301.415 48620
301.44 48960
301.466 49300
301.497 49640
301.522 49980
301.535 50320
301.56 50660
301.573 51000
301.598 51340
301.611 51680
301.649 52020
301.661 52360
301.686 52700
301.699 53040
301.724 53380
301.743 53720
301.775 54060
301.787 54400
301.812 54740
301.825 55080
301.85 55420
301.882 55760
301.894 56100
301.92 56440
301.932 56780
301.97 57120
301.983 57460
302.008 57800
302.02 58140
302.046 58480
302.077 58820
302.102 59160
302.115 59500
302.14 59840
302.153 60180
302.178 60520
302.191 60860
302.216 61200
302.228 61540
302.254 61880
302.266 62220
302.292 62560
302.304 62900
302.329 63240
302.342 63580
302.367 63920
302.38 64260
302.405 64600
302.418 64940
302.443 65280
302.455 65620
302.481 65960
302.506 66300
302.531 66640
302.544 66980
302.569 67320
302.582 67660
302.607 68000
302.619 68340
302.645 68680
302.657 69020
302.682 69360
302.695 69700
302.72 70040
302.733 70380
302.758 70720
302.771 71060
302.796 71400
302.808 71740
302.834 72080
302.846 72420
302.871 72760
302.884 73100
302.909 73440
302.922 73780
302.947 74120
302.972 74460
302.985 74800
303.01 75140
303.023 75480
303.048 75820
303.061 76160
303.086 76500
303.098 76840
303.124 77180
303.136 77520
303.161 77860
303.174 78200
303.206 78540
303.231 78880
303.243 79220
303.269 79560
303.281 79900
303.306 80240
303.319 80580
303.344 80920
303.357 81260
303.382 81600
303.395 81940
303.42 82280
303.433 82620
303.458 82960
303.47 83300
303.496 83640
303.508 83980
303.521 84320
303.546 84660
303.559 85000
303.571 85340
303.584 85680
303.596 86020
303.609 86360
303.634 86700
303.647 87040
303.659 87380
303.672 87720
303.685 88060
303.697 88400
303.71 88740
303.735 89080
303.748 89420
303.76 89760
303.773 90100
303.786 90440
303.798 90780
303.811 91120
303.823 91460
303.836 91800
303.849 92140
303.874 92480
303.886 92820
303.899 93160
303.912 93500
303.924 93840
303.937 94180
303.949 94520
303.962 94860
303.975 95200
303.987 95540
304 95880
304.013 96220
304.025 96560
304.038 96900
304.05 97240
304.063 97580
304.076 97920
304.101 98260
304.113 98600
304.126 98940
304.139 99280
304.151 99620
304.164 99960
304.176 100300
304.189 100640
304.202 100980
304.214 101320
304.227 101660
304.239 102000
304.252 102340
304.265 102680
304.277 103020
304.29 103360
304.303 103700
304.315 104040
304.328 104380
304.34 104720
304.353 105060
304.366 105400
304.378 105740
304.397 73780
307.254 340
307.398 2040
308.072 3060
308.091 4760
308.475 5780
308.494 7480
308.525 8500
308.544 10200
308.877 11220
308.896 14280
308.953 15300
308.972 17000
309.003 17680
309.016 18020
309.022 19720
309.054 20740
309.273 22440
309.305 23460
309.324 25160
309.355 26180
309.374 27880
309.406 28900
309.425 30600
309.456 31620
309.475 33320
309.506 34340
309.525 35360
309.544 37060
309.576 38080
309.595 39100
309.614 40120
309.633 41140
309.651 42160
309.676 43860
309.707 44880
309.726 45900
309.745 46920
309.764 47940
309.783 48960
309.802 49980
309.821 51680
309.947 52020
310.073 52360
310.205 52700
310.338 53040
310.464 53380
310.577 53720
310.709 54060
310.804 54400
311.825 38080
314.524 340
314.921 680
315.475 1020
315.482 1360
315.865 1700
315.871 2040
315.878 2380
315.884 2720
316.255 3060
316.261 3400
316.268 3740
316.274 4080
316.28 4420
316.286 4760
316.293 5100
316.299 5440
316.645 5780
316.651 6120
316.657 6460
316.664 6800
316.67 7140
316.676 7480
316.683 7820
316.689 8160
316.695 37060
317.135 37400
317.261 26180
318.636 26520
318.655 26860
318.667 27200
318.68 27540
318.692 27880
318.705 28220
318.718 28560
318.73 28900
318.743 29240
318.755 29580
318.768 29920
318.781 30260
318.793 30600
318.806 30940
318.819 31280
318.831 31620
318.844 31960
318.856 32300
318.869 32640
318.882 32980
318.894 33320
318.907 33660
318.919 34000
318.932 34340
319.008 34680
319.291 35020
319.531 35360
319.846 35700
320.092 36040
320.344 36380
320.779 36720
321.378 37060
322.626 37400
323.32 37740
323.635 26180
325.022 26520
325.034 26860
325.047 27200
325.059 27540
325.072 27880
325.085 28220
325.097 28560
325.11 28900
325.123 29240
325.135 29580
325.148 29920
325.16 30260
325.173 30600
325.186 30940
325.236 31280
325.286 31620
325.337 31960
325.387 32300
325.45 32640
325.513 32980
325.576 33320
325.652 33660
325.728 34000
325.816 34340
325.904 34680
326.005 24140
327.335 24480
327.348 24820
327.36 25160
327.373 25500
327.386 25840
327.398 26180
327.411 26520
327.436 26860
327.461 27200
327.499 27540
327.524 27880
327.562 28220
327.6 28560
327.65 28900
327.688 29240
327.739 29580
327.802 29920
327.852 30260
327.903 30600
327.978 30940
328.054 31280
328.142 31620
328.23 31960
328.331 32300
328.445 32640
328.634 32980
328.873 33320
329.119 33660
329.51 34000
330.046 34340
331.187 34680
331.931 35020
332.341 35360
332.694 35700
332.908 36040
333.141 36380
333.33 36720
333.488 37060
333.646 37400
333.778 37740
333.879 38080
333.98 38420
334.087 38760
334.188 39100
334.263 39440
334.345 39780
334.44 40120
334.503 40460
334.579 40800
334.654 41140
334.73 41480
334.799 41820
334.862 42160
334.944 42500
335.014 42840
335.07 43180
335.127 43520
335.184 43860
335.222 44200
335.272 44540
335.329 44880
335.398 31280
338.229 340
339.054 3060
339.444 5440
339.488 5780
339.495 8840
339.884 11220
339.929 13600
339.973 16320
340.023 19040
340.299 21420
340.344 23460
340.476 23800
340.589 24140
340.759 16660
341.647 17000
341.66 17340
341.673 17680
341.685 18020
341.698 18360
341.71 18700
341.723 19040
341.736 19380
341.761 19720
341.799 20060
341.849 20400
341.9 20740
341.956 21080
342.082 21420
342.208 21760
342.36 22100
342.486 22440
342.662 22780
342.839 23120
343.104 23460
343.141 16320
344.03 16660
344.043 17000
344.068 17340
344.081 17680
344.106 18020
344.131 18360
344.156 18700
344.194 19040
344.232 19380
344.257 19720
344.308 20060
344.358 20400
344.421 20740
344.484 21080
344.56 21420
344.648 21760
344.768 22100
344.989 22440
345.234 22780
345.619 23120
346.363 23460
347.226 16320
348.109 16660
348.122 17000
348.134 17340
348.147 17680
348.159 18020
348.172 18360
348.185 18700
348.197 19040
348.21 19380
348.222 19720
348.235 20060
348.248 20400
348.26 20740
348.273 21080
348.286 21420
348.424 21760
348.55 22100
348.752 22440
349.029 22780
349.408 23120
350.152 23460
351.841 23800
352.188 24140
352.516 24480
352.887 24820
353.171 25160
353.379 25500
353.524 25840
353.669 26180
353.776 26520
353.902 26860
354.028 27200
354.129 27540
354.249 27880
354.325 28220
354.407 28560
354.495 28900
354.552 29240
354.621 29580
354.703 29920
354.772 30260
354.848 30600
354.911 30940
354.98 31280
355.043 31620
355.1 31960
355.157 32300
355.207 32640
355.277 32980
355.314 33320
355.359 33660
355.415 34000
355.472 34340
355.516 34680
355.56 35020
355.611 35360
355.68 35700
355.743 36040
355.819 36380
355.888 36720
355.958 37060
356.014 37400
356.071 37740
356.134 38080
356.197 38420
356.254 38760
356.298 39100
356.348 39440
356.405 39780
356.449 40120
356.487 40460
356.531 40800
356.582 41140
356.613 41480
356.651 41820
356.682 42160
356.714 42500
356.752 42840
356.777 43180
356.821 43520
356.853 43860
356.89 44200
356.935 44540
356.979 44880
357.017 45220
357.042 45560
357.073 45900
357.099 46240
357.13 46580
357.155 46920
357.18 47260
357.218 47600
357.25 47940
357.275 48280
357.3 48620
357.325 48960
357.344 49300
357.389 49640
357.414 49980
357.426 50320
357.452 50660
357.477 51000
357.508 51340
357.534 51680
357.565 52020
357.59 52360
357.615 52700
357.641 53040
357.666 53380
357.704 53720
357.723 54060
357.748 54400
357.773 54740
357.798 55080
357.811 55420
357.836 55760
357.849 56100
357.874 56440
357.899 56780
357.924 57120
357.956 57460
357.968 57800
357.994 58140
358.006 58480
358.032 58820
358.057 59160
358.082 59500
358.095 59840
358.12 60180
358.145 60520
358.158 60860
358.17 61200
358.195 61540
358.221 61880
358.24 62220
358.271 62560
358.284 62900
358.309 63240
358.322 63580
358.347 63920
358.359 64260
358.385 64600
358.397 64940
358.422 65280
358.435 65620
358.46 65960
358.473 66300
358.498 66640
358.511 66980
358.542 67320
358.555 67660
358.58 68000
358.593 68340
358.618 68680
358.63 69020
358.656 69360
358.668 69700
358.693 70040
358.706 70380
358.731 70720
358.744 71060
358.775 71400
358.788 71740
358.813 72080
358.826 72420
358.851 72760
358.864 73100
358.889 73440
358.901 73780
358.927 74120
358.939 74460
358.965 74800
358.977 75140
359.002 75480
359.015 75820
359.04 76160
359.053 76500
359.078 76840
359.091 77180
359.116 77520
359.128 77860
359.154 78200
359.166 78540
359.191 78880
359.204 79220
359.229 79560
359.242 79900
359.267 80240
359.28 80580
359.305 80920
359.318 81260
359.343 81600
359.355 81940
359.381 82280
359.393 82620
359.418 82960
359.431 83300
359.456 83640
359.469 83980
359.494 84320
359.507 84660
359.532 85000
359.544 85340
359.57 85680
359.582 86020
359.608 86360
359.62 86700
359.645 87040
359.658 87380
359.683 87720
359.696 88060
359.721 88400
359.734 88740
359.759 89080
359.771 89420
359.784 89760
359.797 90100
359.809 90440
359.822 90780
359.847 91120
359.86 91460
359.872 91800
359.885 92140
359.898 92480
359.91 92820
359.923 93160
359.935 93500
359.948 93840
359.961 94180
359.986 94520
359.998 94860
360.011 95200
360.024 95540
360.036 95880
360.049 96220
360.061 96560
360.074 96900
360.087 97240
360.099 97580
360.112 97920
360.124 98260
360.137 98600
360.15 98940
360.162 99280
360.175 99620
360.187 99960
360.2 100300
360.213 100640
360.225 100980
360.238 101320
360.251 101660
360.263 102000
360.276 102340
360.288 102680
360.301 103020
360.326 103360
360.339 103700
360.351 104040
360.364 104380
360.377 104720
360.389 105060
360.402 105400
360.421 73780
363.292 340
363.434 1360
364.121 3060
364.511 4080
364.53 5780
364.561 6800
364.913 8500
364.945 9520
364.964 11220
364.995 12240
365.014 13940
365.309 14960
365.328 16660
365.36 17680
365.379 19380
365.41 20400
365.429 22100
365.461 23120
365.48 24820
365.511 25840
365.53 27540
365.562 28560
365.712 30260
365.743 31280
365.762 32980
365.794 34000
365.813 35700
365.844 36720
365.863 38420
365.895 39440
365.914 41140
365.945 42160
365.964 43860
365.996 44880
366.014 46580
366.046 47600
366.065 49300
366.096 50320
366.115 52020
366.241 52360
366.386 52700
366.513 53040
366.626 53380
366.758 53720
366.891 54060
367.017 54400
367.092 38080
369.567 340
370.333 680
370.723 1020
370.729 1360
371.112 1700
371.119 2040
371.125 2380
371.131 2720
371.502 3060
371.508 3400
371.515 3740
371.521 4080
371.527 4420
371.534 4760
371.54 5100
371.546 5440
371.892 5780
371.898 6120
371.905 6460
371.911 6800
371.917 7140
371.923 7480
371.93 7820
371.936 8160
371.942 8500
371.949 8840
371.955 9180
371.961 9520
371.968 9860
371.974 10200
371.98 10540
371.986 10880
372.282 11220
372.288 11560
372.294 11900
372.301 12240
372.307 12580
372.313 12920
372.32 13260
372.326 13600
372.332 13940
372.338 14280
372.345 14620
372.351 14960
373.829 340
374.219 15300
374.691 10540
375.358 10880
375.371 11220
375.383 11560
375.396 11900
375.409 12240
375.421 12580
375.434 12920
375.446 13260
375.497 13600
375.591 13940
375.755 14280
375.9 14620
376.133 14960
376.613 15300
378.611 15640
378.964 15980
379.185 10880
379.746 11220
379.758 11560
379.771 11900
379.783 12240
379.796 12580
379.809 12920
379.821 13260
379.834 13600
379.847 13940
379.859 14280
379.872 14620
379.884 14960
379.897 15300
380.01 15640
380.363 15980
381.605 10880
382.173 11220
382.185 11560
382.198 11900
382.211 12240
382.223 12580
382.236 12920
382.248 13260
382.261 13600
382.274 13940
382.286 14280
382.299 14620
382.311 14960
382.324 15300
382.488 15640
382.872 15980
385.501 16320
385.861 16660
386.1 17000
386.296 17340
386.466 17680
386.611 18020
386.768 18360
387.039 18700
387.241 19040
387.386 19380
387.5 19720
387.607 20060
387.701 20400
387.827 20740
387.89 21080
387.979 21420
388.073 21760
388.13 22100
388.212 22440
388.281 22780
388.622 23120
388.798 23460
388.931 23800
389.038 24140
389.101 24480
389.183 24820
389.252 25160
389.328 25500
389.403 25840
389.479 26180
389.542 26520
389.593 26860
389.656 27200
389.719 27540
389.756 27880
389.819 28220
389.87 28560
389.92 28900
389.971 29240
390.021 29580
390.072 29920
390.122 30260
390.16 30600
390.21 30940
390.248 31280
390.299 31620
390.336 31960
390.374 32300
390.412 32640
390.45 32980
390.488 33320
390.526 33660
390.563 34000
390.601 34340
390.639 34680
390.677 35020
390.715 35360
390.752 35700
390.778 36040
390.815 36380
390.841 36720
390.879 37060
390.904 37400
390.942 37740
390.967 38080
391.005 38420
391.03 38760
391.068 39100
391.093 39440
391.131 39780
391.156 40120
391.194 40460
391.219 40800
391.257 41140
391.282 41480
391.32 41820
391.345 42160
391.37 42500
391.408 42840
391.433 43180
391.458 43520
391.471 43860
391.496 44200
391.534 44540
391.559 44880
391.572 45220
391.597 45560
391.622 45900
391.648 46240
391.673 46580
391.698 46920
391.723 47260
391.748 47600
391.774 47940
391.799 48280
391.824 48620
391.849 48960
391.875 49300
391.9 49640
391.925 49980
391.95 50320
391.975 50660
392.001 51000
392.026 51340
392.051 51680
392.076 52020
392.102 52360
392.127 52700
392.152 53040
392.177 53380
392.202 53720
392.228 54060
392.253 54400
392.278 54740
392.303 55080
392.328 55420
392.354 55760
392.379 56100
392.391 56440
392.417 56780
392.429 57120
392.455 57460
392.48 57800
392.492 58140
392.505 58480
392.53 58820
392.555 59160
392.568 59500
392.581 59840
392.606 60180
392.618 60520
392.644 60860
392.656 61200
392.681 61540
392.694 61880
392.719 62220
392.732 62560
392.757 62900
392.77 63240
392.795 63580
392.808 63920
392.833 64260
392.845 64600
392.871 64940
392.883 65280
392.908 65620
392.921 65960
392.946 66300
392.959 66640
392.984 66980
392.997 67320
393.022 67660
393.034 68000
393.06 68340
393.072 68680
393.098 69020
393.11 69360
393.135 69700
393.148 70040
393.173 70380
393.186 70720
393.211 71060
393.224 71400
393.249 71740
393.261 72080
393.287 72420
393.299 72760
393.324 73100
393.337 73440
393.362 73780
393.375 74120
393.4 74460
393.413 74800
393.438 75140
393.451 75480
393.476 75820
393.488 76160
393.514 76500
393.526 76840
393.551 77180
393.564 77520
393.589 77860
393.602 78200
393.627 78540
393.64 78880
393.665 79220
393.678 79560
393.703 79900
393.715 80240
393.741 80580
393.753 80920
393.778 81260
393.791 81600
393.816 81940
393.829 82280
393.854 82620
393.867 82960
393.892 83300
393.904 83640
393.93 83980
393.942 84320
393.955 84660
393.967 85000
393.98 85340
393.993 85680
394.005 86020
394.031 86360
394.043 86700
394.056 87040
394.068 87380
394.081 87720
394.094 88060
394.106 88400
394.119 88740
394.131 89080
394.144 89420
394.157 89760
394.169 90100
394.182 90440
394.194 90780
394.207 91120
394.239 91460
394.257 63920
395.569 340
395.644 33660
396.464 35360
396.495 36380
396.514 38080
396.546 39100
396.565 40800
396.596 41820
396.615 43520
396.647 44540
396.766 44880
396.899 45220
397.019 45560
398.349 340
398.739 1360
399.148 680
399.556 1020
399.927 1360
