0.0 0
0.010928 3400
0.024944 3740
0.031248 4420
0.037552 5100
0.043856 5780
0.05016 6460
0.056464 7140
0.062768 7820
0.069072 8500
0.075376 9180
0.08168 9860
0.087984 10540
0.094288 11220
0.100592 11900
0.106896 12580
0.1132 13260
0.119504 13940
0.125808 14620
0.132112 15300
0.138416 15980
0.14472 16660
0.151024 17340
0.157328 18020
0.163632 18700
0.169936 19380
0.17624 20060
0.182544 20740
0.188848 21420
0.195152 22100
0.201456 22780
0.20776 23460
0.214064 24140
0.220368 24820
0.226672 25500
0.232976 26180
0.23928 26860
0.245584 27540
0.251888 28220
0.258192 28900
0.264496 29580
0.2708 30260
0.277104 30940
0.283408 31620
0.289712 32300
0.296016 32980
0.30232 33660
0.308624 34340
0.314928 35020
0.321232 35700
0.327536 36380
0.33384 37060
0.340144 37740
0.346448 38420
0.352752 39100
0.359056 39780
0.36536 40460
0.371664 41140
0.377968 41820
0.384272 42500
0.390576 43180
0.39688 43860
0.403184 44540
0.409488 45220
0.415792 45900
0.422096 46580
0.4284 47260
0.434704 47940
0.441008 48620
0.447312 49300
0.453616 49980
0.45992 50660
0.466224 51340
0.472528 52020
0.478832 52700
0.485136 53380
0.49144 54060
0.497744 54740
0.504048 55420
0.510352 56100
0.516656 56780
0.52296 57460
0.529264 58140
0.535568 58820
0.541872 59500
0.548176 60180
0.55448 60860
0.560784 61540
0.567088 62220
0.573392 62900
0.579696 63580
0.586 64260
0.592304 64940
0.598608 65620
0.604912 66300
0.611216 66980
0.61752 67660
0.623824 68340
0.630128 69020
0.636432 69700
0.642736 70380
0.64904 71060
0.655344 71740
0.661648 72420
0.667952 73100
0.674256 73440
0.683712 51340
2.02098 340
2.03592 1360
2.18406 1700
2.18722 2720
2.19765 3060
2.2008 4080
2.21026 4420
2.21341 5440
2.22286 5780
2.22602 6800
2.23547 7140
2.23862 8160
2.24808 8500
2.25123 9520
2.26069 9860
2.26384 10880
2.2733 11220
2.27645 12240
2.2859 12580
2.28906 13600
2.29851 13940
2.30166 14960
2.31112 15300
2.31427 16320
2.32373 16660
2.32688 17680
2.33634 18020
2.33949 19040
2.34894 19380
2.3521 20400
2.36155 20740
2.3647 21760
2.37416 22100
2.37731 23120
2.38677 23460
2.38992 24480
2.39938 24820
2.40253 25840
2.41198 26180
2.41514 27200
2.42459 27540
2.42774 28560
2.4372 28900
2.44035 29920
2.44981 30260
2.45296 31280
2.46242 31620
2.46557 32640
2.47502 32980
2.47818 34000
2.48763 34340
2.49078 35360
2.50024 35700
2.56328 36040
2.62632 36380
2.68936 36720
2.7524 37060
2.81544 25840
4.1401 340
4.34416 680
4.39459 1020
4.39774 1360
4.40818 1700
4.41133 2040
4.41448 2380
4.41763 2720
4.42176 3060
4.42491 3400
4.42806 3740
4.43122 4080
4.43437 4420
4.43752 4760
4.44067 5100
4.44382 5440
4.44698 5780
4.45013 6120
4.45328 6460
4.45643 6800
4.45958 7140
4.46274 7480
4.46589 7820
4.46904 8160
4.47219 8500
4.47534 8840
4.4785 9180
4.48165 9520
4.4848 9860
4.48795 10200
4.4911 10540
4.49426 10880
4.49741 11220
4.50056 11560
4.50371 11900
4.50686 12240
4.51002 12580
4.51317 12920
4.51632 13260
4.51947 13600
4.52262 13940
4.52578 14280
4.52893 14620
4.53208 14960
4.53523 15300
4.53838 15640
4.54154 15980
4.54469 16320
4.54784 16660
4.55099 17000
4.55414 17340
4.5573 17680
4.56045 18020
4.57306 18360
4.6361 18700
4.69914 19040
4.7275 13260
5.89771 340
5.91581 680
6.21307 1360
6.22666 2040
6.23296 2720
6.24339 3400
6.2497 4080
6.256 4760
6.2623 5440
6.26861 6120
6.27491 6800
6.28122 7480
6.28752 8160
6.29382 8840
6.30013 9520
6.35056 9860
6.4136 10200
6.47664 10540
6.53968 10880
6.60272 11220
6.66576 11560
6.7288 11900
6.79184 12240
6.85488 12580
6.91792 12920
6.98096 13260
7.044 13600
7.10704 13940
7.17008 14280
7.23312 14620
7.29616 14960
7.3592 15300
7.42224 15640
7.48528 15980
7.54832 16320
7.61136 16660
7.6744 17000
7.73744 17340
7.80048 17680
7.86352 18020
7.92656 18360
7.9896 18700
8.05264 19040
8.11568 19380
8.17872 19720
8.24176 20060
8.3048 20400
8.36784 20740
8.43088 21080
8.49392 21420
8.55696 21760
8.62 22100
8.68304 22440
8.74608 22780
8.80912 23120
8.87216 23460
8.9352 23800
8.99824 24140
9.06128 24480
9.12432 24820
9.18736 25160
9.2504 25500
9.31344 25840
9.37648 26180
9.43952 26520
9.50256 26860
9.5656 27200
9.62864 27540
9.69168 27880
9.75472 28220
9.81776 28560
9.8808 28900
9.94384 29240
10.0069 29580
10.0699 29920
10.133 30260
10.196 30600
10.259 30940
10.3221 31280
10.3851 31620
10.4482 31960
10.5112 32300
10.5742 32640
10.6373 32980
10.7003 33320
10.7634 33660
10.8264 34000
10.8894 34340
10.9525 34680
11.0155 35020
11.0786 35360
11.1416 35700
11.2046 36040
11.2677 36380
11.3307 36720
11.3938 37060
11.4568 37400
11.5198 37740
11.5829 38080
11.6459 38420
11.6806 26860
13.0147 340
13.1967 129540
13.2345 129880
13.2692 90780
14.3322 340
14.3545 680
14.4017 1020
14.4049 1360
14.4153 1700
14.4185 2040
14.4216 2380
14.4248 2720
14.4289 3060
14.4321 3400
14.4352 3740
14.4384 4080
14.4415 4420
14.4447 4760
14.4478 5100
14.451 5440
14.4541 5780
14.4573 6120
14.4604 6460
14.4636 6800
14.4667 7140
14.4699 7480
14.473 7820
14.4762 8160
14.4793 8500
14.4825 8840
14.4856 9180
14.4888 9520
14.492 9860
14.4951 10200
14.4983 10540
14.5014 10880
14.5046 11220
14.5077 11560
14.5109 11900
14.514 12240
14.5172 12580
14.5203 12920
14.5235 13260
14.5266 13600
14.5298 13940
14.5329 14280
14.5361 14620
14.5392 14960
14.5424 15300
14.5455 15640
14.5487 15980
14.5518 16320
14.555 16660
14.5581 17000
14.5613 17340
14.5644 17680
14.5676 18020
14.5708 18360
14.5739 18700
14.5771 19040
14.5802 19380
14.5834 19720
14.5865 20060
14.5897 20400
14.5928 20740
14.596 21080
14.5991 21420
14.6023 21760
14.6054 22100
14.6086 22440
14.6117 22780
14.6149 23120
14.618 23460
14.6212 23800
14.6243 24140
14.6275 24480
14.6306 24820
14.6338 25160
14.6369 25500
14.6401 25840
14.6432 26180
14.6464 26520
14.6496 26860
14.6527 27200
14.6559 27540
14.659 27880
14.6622 28220
14.6653 28560
14.6685 28900
14.6716 29240
14.6748 29580
14.6779 29920
14.6811 30260
14.6842 30600
14.6874 30940
14.6905 31280
14.6937 31620
14.6968 31960
14.7 32300
14.7031 32640
14.7063 32980
14.7094 33320
14.7126 33660
14.7157 34000
14.7189 34340
14.722 34680
14.7252 35020
14.7284 35360
14.7315 35700
14.7347 36040
14.7378 36380
14.741 36720
14.7441 37060
14.7473 37400
14.7504 37740
14.7536 38080
14.7567 38420
14.7599 38760
14.763 39100
14.7662 39440
14.7693 39780
14.7725 40120
14.7756 40460
14.7788 40800
14.7819 41140
14.7851 41480
14.7882 41820
14.7914 42160
14.7945 42500
14.7977 42840
14.8008 43180
14.804 43520
14.8072 43860
14.8103 44200
14.8135 44540
14.8166 44880
14.8198 45220
14.8229 45560
14.8261 45900
14.8292 46240
14.8324 46580
14.8355 46920
14.8387 47260
14.8418 47600
14.845 47940
14.8481 48280
14.8513 48620
14.8544 48960
14.8576 49300
14.8607 49640
14.8639 49980
14.867 50320
14.8702 50660
14.8733 51000
14.8765 51340
14.8796 51680
14.8828 52020
14.886 52360
14.8891 52700
14.8923 53040
14.8954 53380
14.8986 53720
14.9017 54060
14.9049 54400
14.908 54740
14.9112 55080
14.9143 55420
14.9175 55760
14.9206 56100
14.9238 56440
14.9269 56780
14.9301 57120
14.9332 57460
14.9364 57800
14.9395 58140
14.9427 58480
14.9458 58820
14.949 59160
14.9521 59500
14.9553 59840
14.9584 60180
14.9616 60520
14.9648 60860
14.9679 61200
14.9711 61540
14.9742 61880
14.9774 62220
14.9805 62560
14.9837 62900
14.9868 63240
15.0309 63580
16.0782 340
16.0918 1020
16.1054 1700
16.1117 2380
16.1221 3060
16.1284 3740
16.1347 4420
16.141 5100
16.1473 5780
16.1536 6460
16.16 7140
16.1663 7820
16.1726 8500
16.1789 9180
16.1852 9860
16.1915 10540
16.1978 11220
16.2041 11900
16.2104 12580
16.2167 13260
16.223 13940
16.2293 14620
16.2356 15300
16.2419 15980
16.2482 16660
16.2545 17340
16.2608 18020
16.2671 18700
16.2734 19380
16.2797 20060
16.286 20740
16.2923 21420
16.2986 26180
16.3522 18020
17.5886 340
17.7486 680
17.8683 1020
17.8715 1360
17.8819 1700
17.8851 2040
17.8882 2380
17.8914 2720
17.8955 3060
17.8987 3400
17.9018 3740
17.905 4080
17.9081 4420
17.9113 4760
17.9144 5100
17.9176 5440
17.9207 5780
17.9239 6120
17.927 6460
17.9302 6800
17.9333 7140
17.9365 7480
17.9396 7820
17.9428 8160
17.9459 8500
17.9491 8840
17.9522 9180
17.9554 9520
17.9585 9860
17.9617 10200
17.9648 10540
17.968 10880
17.9712 11220
17.9743 11560
17.9775 11900
17.9806 12240
17.9838 12580
17.9995 12920
18.0153 8840
18.2643 9180
18.2895 9520
18.321 9860
18.403 10200
18.4912 10540
18.5795 10880
18.6961 11220
18.8632 11560
18.9546 11900
19.15 12240
19.358 12580
19.6606 12920
22.3745 13260
22.7307 13600
22.9765 13940
23.1751 14280
23.3422 14620
23.4872 14960
23.6164 15300
23.733 15640
23.8402 15980
23.9442 16320
24.0356 16660
24.1302 17000
24.209 17340
24.2972 17680
24.3697 18020
24.4391 18360
24.5084 18700
24.5809 19040
24.6408 19380
24.8015 19720
24.8961 20060
25.0033 20400
25.0695 20740
25.142 21080
25.2208 21420
25.2901 21760
25.3531 22100
25.4099 22440
25.4603 22780
25.5044 23120
25.5486 23460
25.6053 23800
25.6557 24140
25.7125 24480
25.7566 24820
25.7944 25160
25.8322 25500
25.8827 25840
25.9268 26180
25.9772 26520
26.0151 26860
26.0466 27200
26.0907 27540
26.1285 27880
26.1727 28220
26.2105 28560
26.2483 28900
26.2861 29240
26.324 29580
26.3618 29920
26.3996 30260
26.4374 30600
26.4689 30940
26.5068 31280
26.5383 31620
26.5761 31960
26.6076 32300
26.6392 32640
26.6707 32980
26.7022 33320
26.7337 33660
26.7652 34000
26.7968 34340
26.8283 34680
26.8598 35020
26.8913 35360
26.9228 35700
26.948 36040
26.9796 36380
27.0048 36720
27.0363 37060
27.0615 37400
27.093 37740
27.1183 38080
27.1498 38420
27.175 38760
27.2065 39100
27.2317 39440
27.2569 39780
27.2822 40120
27.3137 40460
27.3389 40800
27.3547 28560
28.6888 340
28.8392 3400
28.9338 7140
28.9653 10200
28.9937 13260
29.0221 16320
29.0504 20060
29.1229 13940
30.3026 340
30.3049 680
30.5981 1020
30.6012 1360
30.6116 1700
30.6148 2040
30.618 2380
30.6211 2720
30.6347 1700
30.6788 2040
30.6883 2380
30.9436 2720
33.399 3060
34.3257 3400
34.5715 3740
34.767 4080
34.9372 4420
35.0822 4760
35.2082 5100
35.328 5440
35.4352 5780
35.536 6120
35.6306 6460
35.7189 6800
35.8071 7140
35.8828 7480
35.9584 7820
36.0341 8160
36.1034 8500
36.1728 8840
36.2358 9180
36.2988 9520
36.3556 9860
36.4186 10200
36.4753 10540
36.5321 10880
36.5825 11220
36.6329 11560
36.6834 11900
36.7338 12240
36.7842 12580
36.8284 12920
36.8788 13260
36.9229 13600
36.9671 13940
37.0112 14280
37.0553 14620
37.0931 14960
37.1373 15300
37.1751 15640
37.2192 15980
37.257 16320
37.2949 16660
37.3327 17000
37.3705 17340
37.4399 17680
37.4777 18020
37.547 18360
37.5785 18700
37.6353 19040
37.6794 19380
37.7235 19720
37.7677 20060
37.8055 20400
37.837 20740
37.8748 21080
37.9127 21420
37.9505 21760
37.9883 22100
38.0135 22440
38.0513 22780
38.0829 23120
38.1207 23460
38.1522 23800
38.1837 24140
38.2089 24480
38.2405 24820
38.272 25160
38.3035 25500
38.335 25840
38.3602 26180
38.3918 26520
38.417 26860
38.4485 27200
38.48 27540
38.5115 27880
38.5368 28220
38.562 28560
38.5935 28900
38.6187 29240
38.6502 29580
38.6754 29920
38.6944 30260
38.7196 30600
38.7511 30940
38.7763 31280
38.8078 31620
38.8267 31960
38.852 32300
38.8772 32640
38.9024 32980
38.9276 33320
38.9528 33660
38.978 34000
39.0032 34340
39.0285 34680
39.0537 35020
39.0789 35360
39.1041 35700
39.1293 36040
39.1545 36380
39.1735 36720
39.1924 37060
39.2176 37400
39.2365 37740
39.2617 38080
39.2869 38420
39.3058 38760
39.3248 39100
39.35 39440
39.3689 39780
39.3941 40120
39.413 40460
39.4382 40800
39.4571 41140
39.4824 41480
39.5013 41820
39.5233 29240
40.8574 340
40.9922 2720
41.0993 5100
41.1214 8160
41.1498 10540
41.1718 13600
41.2002 15980
41.2223 19040
41.2506 21420
41.3326 14960
42.5248 340
42.792 680
42.8203 1020
42.8235 1360
42.8339 1700
42.8371 2040
42.8402 2380
42.8434 2720
42.8475 3060
42.8506 3400
42.8538 3740
42.8569 4080
42.8601 4420
42.8632 4760
42.8664 5100
42.879 3400
42.9704 3740
42.9767 4080
43.0019 4420
43.2541 4760
43.604 5100
46.3178 5440
46.6677 5780
46.9199 6120
47.1184 6460
47.2824 6800
47.6827 7140
47.8213 7480
47.9411 7820
48.0483 8160
48.1492 8500
48.2437 8840
48.332 9180
48.4202 9520
48.4959 9860
48.5778 10200
48.6472 10540
48.7165 10880
48.7859 11220
48.8489 11560
48.9119 11900
48.975 12240
49.0317 12580
49.0884 12920
49.1452 13260
49.1956 13600
49.246 13940
49.2965 14280
49.3469 14620
49.3973 14960
49.4478 15300
49.4919 15640
49.536 15980
49.5802 16320
49.6243 16660
49.6684 17000
49.7062 17340
49.7504 17680
49.7882 18020
49.8323 18360
49.8701 18700
49.908 19040
49.9458 19380
49.9836 19720
50.053 20060
50.0908 20400
50.1601 20740
50.1916 21080
50.2547 21420
50.2988 21760
50.3492 22100
50.3934 22440
50.4312 22780
50.4753 23120
50.5132 23460
50.5447 23800
50.5762 24140
50.614 24480
50.6518 24820
50.6834 25160
50.7149 25500
50.7464 25840
50.7779 26180
50.8094 26520
50.8473 26860
50.8725 27200
50.8977 27540
50.9292 27880
50.9607 28220
50.9923 28560
51.0238 28900
51.049 29240
51.0805 29580
51.1057 29920
51.1372 30260
51.1625 30600
51.194 30940
51.2192 31280
51.2507 31620
51.2759 31960
51.3075 32300
51.3327 32640
51.3516 32980
51.3768 33320
51.402 33660
51.4335 34000
51.4588 34340
51.484 34680
51.5092 35020
51.5344 35360
51.5596 35700
51.5848 36040
51.61 36380
51.6353 36720
51.6605 37060
51.6857 37400
51.7109 37740
51.7298 38080
51.755 38420
51.7803 38760
51.8055 39100
51.8307 39440
51.8496 39780
51.8685 40120
51.8937 40460
51.9126 40800
51.9379 41140
51.9568 41480
51.9851 28900
53.3192 340
53.454 3400
53.5611 6460
53.5895 9520
53.6179 11900
53.6399 14280
53.662 17340
53.6904 19720
53.7124 22780
53.7723 15640
54.9772 340
55.2065 680
55.2664 1020
55.2695 1360
55.28 1700
55.2831 2040
55.2863 2380
55.2894 2720
55.2935 3060
55.2967 3400
55.2998 3740
55.303 4080
55.3061 4420
55.3093 4760
55.3124 5100
55.3156 5440
55.3188 5780
55.3219 6120
55.3251 6460
55.3282 6800
55.3314 7140
55.3345 7480
55.3377 7820
55.3503 5440
55.4921 5780
55.4984 6120
55.5678 6460
55.6812 6800
55.7979 7140
56.0437 7480
56.3999 7820
59.1138 8160
59.4636 8500
59.7126 8840
59.9081 9180
60.0751 9520
60.2264 9860
60.3493 10200
60.4723 10540
60.7024 10880
60.8726 11220
60.9987 11560
61.0932 11900
61.1752 12240
61.2571 12580
61.3328 12920
61.4021 13260
61.4715 13600
61.5408 13940
61.6038 14280
61.6669 14620
61.7299 14960
61.7867 15300
61.8434 15640
61.9001 15980
61.9506 16320
62.0073 16660
62.0577 17000
62.1082 17340
62.1523 17680
62.2027 18020
62.2468 18360
62.291 18700
62.3351 19040
62.3792 19380
62.4675 19720
62.5305 20060
62.5936 20400
62.6566 20740
62.7007 21080
62.7512 21420
62.7953 21760
62.8457 22100
62.8836 22440
62.9151 22780
62.9592 23120
62.997 23460
63.0412 23800
63.0853 24140
63.1168 24480
63.1483 24820
63.1861 25160
63.224 25500
63.2618 25840
63.2996 26180
63.3248 26520
63.3627 26860
63.3942 27200
63.432 27540
63.4635 27880
63.495 28220
63.5266 28560
63.5581 28900
63.5896 29240
63.6211 29580
63.6526 29920
63.6842 30260
63.7094 30600
63.7409 30940
63.7724 31280
63.8039 31620
63.8355 31960
63.8607 32300
63.8922 32640
63.9174 32980
63.9489 33320
63.9741 33660
63.9994 34000
64.0246 34340
64.0561 34680
64.0813 35020
64.1128 35360
64.1317 35700
64.157 36040
64.1822 36380
64.2074 36720
64.2389 37060
64.2641 37400
64.283 37740
64.3083 38080
64.3335 38420
64.3587 38760
64.3839 39100
64.4091 39440
64.4343 39780
64.4596 40120
64.4848 40460
64.51 40800
64.5289 41140
64.5573 28560
65.8914 340
66.0261 3400
66.1333 6460
66.1616 9520
66.19 12580
66.2184 15640
66.2467 18700
66.2751 21760
66.335 14960
67.5304 340
67.7534 680
67.8164 1020
67.8196 1360
67.83 1700
67.8332 2040
67.8363 2380
67.8395 2720
67.8436 3060
67.8468 3400
67.8499 3740
67.8531 4080
67.8562 4420
67.8594 4760
67.8625 5100
67.8657 5440
67.8688 5780
67.8814 3740
67.9854 4080
67.9917 4420
68.0201 4760
68.1588 5100
68.411 5440
68.764 5780
71.4779 6120
71.834 6460
72.0767 6800
72.2722 7140
72.6788 7480
72.849 7820
72.9814 8160
73.1011 8500
73.2083 8840
73.3092 9180
73.4037 9520
73.492 9860
73.5739 10200
73.6559 10540
73.7315 10880
73.8072 11220
73.8765 11560
73.9396 11900
74.0089 12240
74.072 12580
74.1287 12920
74.1854 13260
74.2422 13600
74.2989 13940
74.3556 14280
74.4061 14620
74.4565 14960
74.5069 15300
74.5574 15640
74.6015 15980
74.6519 16320
74.696 16660
74.7402 17000
74.7843 17340
74.8221 17680
74.8663 18020
74.9104 18360
74.9482 18700
74.986 19040
75.0239 19380
75.068 19720
75.1058 20060
75.1625 20400
75.2508 20740
75.2886 21080
75.3517 21420
75.3832 21760
75.4336 22100
75.484 22440
75.5156 22780
75.5597 23120
75.5975 23460
75.6416 23800
75.6669 24140
75.7047 24480
75.7425 24820
75.7803 25160
75.8119 25500
75.8434 25840
75.8749 26180
75.9064 26520
75.9442 26860
75.9758 27200
76.0073 27540
76.0325 27880
76.064 28220
76.0955 28560
76.1271 28900
76.1586 29240
76.1838 29580
76.2153 29920
76.2405 30260
76.272 30600
76.3036 30940
76.3288 31280
76.354 31620
76.3855 31960
76.4107 32300
76.4423 32640
76.4675 32980
76.4927 33320
76.5116 33660
76.5431 34000
76.5683 34340
76.5999 34680
76.6188 35020
76.644 35360
76.6692 35700
76.6944 36040
76.7196 36380
76.7448 36720
76.7701 37060
76.7953 37400
76.8205 37740
76.8457 38080
76.8709 38420
76.8961 38760
76.9214 39100
76.9466 39440
76.9655 39780
76.9844 40120
77.0096 40460
77.0285 40800
77.0537 41140
77.079 41480
77.0947 28900
78.4288 340
78.5636 3400
78.6707 6460
78.6991 9520
78.7275 11900
78.7495 14280
78.7716 17340
78.8 19720
78.822 22780
78.8882 15640
80.0931 340
80.3161 680
80.3791 1020
80.3823 1360
80.3927 1700
80.3958 2040
80.399 2380
80.4021 2720
80.4063 3060
80.4094 3400
80.4126 3740
80.4157 4080
80.4189 4420
80.422 4760
80.4252 5100
80.4283 5440
80.4315 5780
80.4346 6120
80.4378 6460
80.4409 6800
80.4441 7140
80.4472 7480
80.4504 7820
80.4536 56100
80.5355 39100
81.7971 340
81.9917 680
82.0053 1020
82.0085 1360
82.0189 1700
82.022 2040
82.0252 2380
82.0284 2720
82.0325 3060
82.0356 3400
82.0388 3740
82.0419 4080
82.0451 4420
82.0482 4760
82.0514 5100
82.0545 5440
82.0577 5780
82.0608 6120
82.064 6460
82.0672 6800
82.0703 7140
82.0735 7480
82.0766 7820
82.0798 8160
82.0829 8500
82.0861 8840
82.0892 9180
82.0924 9520
82.0955 9860
82.0987 10200
82.1018 10540
82.105 10880
82.1081 11220
82.1113 11560
82.1144 11900
82.1176 12240
82.1207 12580
82.1239 12920
82.127 13260
82.1302 13600
82.1333 13940
82.1365 14280
82.1396 14620
82.1428 14960
82.146 15300
82.1491 15640
82.1523 15980
82.1554 16320
82.1586 16660
82.1617 17000
82.1649 17340
82.168 17680
82.1712 18020
82.1743 18360
82.1775 18700
82.1806 19040
82.1838 19380
82.1869 19720
82.1901 20060
82.1932 20400
82.1964 20740
82.1995 21080
82.2027 21420
82.2058 21760
82.209 22100
82.2121 22440
82.2153 22780
82.2184 23120
82.2216 23460
82.2248 23800
82.2279 24140
82.2311 24480
82.2342 24820
82.2374 25160
82.2405 25500
82.2437 25840
82.2468 26180
82.25 26520
82.2531 26860
82.2563 27200
82.2846 27540
82.3477 27880
82.4107 28220
82.4485 19720
83.7039 340
83.8323 680
83.9804 1020
83.9836 1360
83.994 1700
83.9972 2040
84.0003 2380
84.0035 2720
84.0076 3060
84.0107 3400
84.0139 3740
84.017 4080
84.0202 4420
84.0233 4760
84.0265 5100
84.0296 5440
84.0328 5780
84.036 6120
84.0391 6460
84.0423 6800
84.0454 7140
84.0486 7480
84.0517 7820
84.0549 8160
84.058 8500
84.0612 8840
84.0643 9180
84.0675 9520
84.0706 9860
84.0738 10200
84.0769 10540
84.0801 10880
84.0832 11220
84.0864 11560
84.0895 11900
84.0927 12240
84.0958 12580
84.099 12920
84.1021 13260
84.1053 13600
84.1431 13940
84.1652 9520
84.4331 9860
84.4583 10200
84.4835 10540
84.5655 10880
84.6348 11220
84.7262 11560
84.8303 11900
84.9563 12240
85.1265 12580
85.2432 12920
85.4575 13260
85.6781 13600
85.9272 13940
88.6379 14280
88.9909 14620
89.2368 14960
89.4322 15300
89.6055 15640
89.7442 15980
89.8798 16320
89.9932 16660
90.1067 17000
90.2013 17340
90.299 17680
90.3841 18020
90.4755 18360
90.5511 18700
90.6268 19040
90.7024 19380
90.7938 19720
90.8632 20060
90.9893 20400
91.0807 20740
91.1878 21080
91.2698 21420
91.3423 21760
91.4274 22100
91.4904 22440
91.5566 22780
91.6102 23120
91.6669 23460
91.7174 23800
91.7741 24140
91.834 24480
91.8718 24820
91.916 25160
91.9601 25500
92.0105 25840
92.0672 26180
92.1114 26520
92.1492 26860
92.187 27200
92.2248 27540
92.269 27880
92.3068 28220
92.3509 28560
92.3951 28900
92.4266 29240
92.4644 29580
92.5022 29920
92.54 30260
92.5779 30600
92.6157 30940
92.6472 31280
92.6787 31620
92.7166 31960
92.7481 32300
92.7859 32640
92.8237 32980
92.8489 33320
92.8805 33660
92.912 34000
92.9498 34340
92.9813 34680
93.0128 35020
93.0444 35360
93.0759 35700
93.1074 36040
93.1389 36380
93.1641 36720
93.1957 37060
93.2209 37400
93.2524 37740
93.2839 38080
93.3154 38420
93.3407 38760
93.3722 39100
93.3974 39440
93.4289 39780
93.4541 40120
93.4793 40460
93.514 28220
94.8481 340
94.9986 3400
95.0932 7140
95.1247 10200
95.1531 13940
95.1877 17000
95.2161 20060
95.2539 13940
96.4336 340
96.4359 680
96.7291 1020
96.7322 1360
96.7426 1700
96.7458 2040
96.7489 2380
96.7521 2720
96.7657 1700
96.8098 2040
96.8193 2380
97.0746 2720
99.5426 3060
100.457 3400
100.703 3740
100.898 4080
101.068 4420
101.213 4760
101.339 5100
101.459 5440
101.566 5780
101.667 6120
101.762 6460
101.85 6800
101.938 7140
102.014 7480
102.089 7820
102.165 8160
102.234 8500
102.304 8840
102.367 9180
102.43 9520
102.487 9860
102.55 10200
102.606 10540
102.663 10880
102.714 11220
102.764 11560
102.814 11900
102.865 12240
102.915 12580
102.959 12920
103.01 13260
103.054 13600
103.098 13940
103.142 14280
103.186 14620
103.224 14960
103.268 15300
103.306 15640
103.35 15980
103.388 16320
103.426 16660
103.464 17000
103.502 17340
103.571 17680
103.609 18020
103.678 18360
103.716 18700
103.773 19040
103.817 19380
103.861 19720
103.905 20060
103.936 20400
103.968 20740
104.006 21080
104.044 21420
104.081 21760
104.119 22100
104.145 22440
104.182 22780
104.214 23120
104.252 23460
104.283 23800
104.315 24140
104.34 24480
104.371 24820
104.403 25160
104.434 25500
104.466 25840
104.491 26180
104.523 26520
104.548 26860
104.579 27200
104.611 27540
104.643 27880
104.668 28220
104.693 28560
104.724 28900
104.75 29240
104.781 29580
104.806 29920
104.825 30260
104.851 30600
104.882 30940
104.907 31280
104.939 31620
104.958 31960
104.983 32300
105.008 32640
105.033 32980
105.059 33320
105.084 33660
105.109 34000
105.134 34340
105.159 34680
105.185 35020
105.21 35360
105.235 35700
105.26 36040
105.286 36380
105.304 36720
105.323 37060
105.349 37400
105.367 37740
105.393 38080
105.418 38420
105.437 38760
105.456 39100
105.481 39440
105.5 39780
105.525 40120
105.544 40460
105.569 40800
105.588 41140
105.613 41480
105.632 41820
105.654 29240
106.988 340
107.123 2720
107.23 5100
107.252 8160
107.281 10540
107.303 13600
107.331 15980
107.353 19040
107.382 21420
107.464 14960
108.656 340
108.923 680
108.951 1020
108.954 1360
108.965 1700
108.968 2040
108.971 2380
108.974 2720
108.978 3060
108.982 3400
108.985 3740
108.988 4080
108.991 4420
108.994 4760
108.997 5100
109.01 3400
109.101 3740
109.108 4080
109.133 4420
109.385 4760
109.735 5100
112.449 5440
112.799 5780
113.051 6120
113.249 6460
113.413 6800
113.814 7140
113.952 7480
114.072 7820
114.179 8160
114.28 8500
114.375 8840
114.463 9180
114.551 9520
114.627 9860
114.709 10200
114.778 10540
114.848 10880
114.917 11220
114.98 11560
115.043 11900
115.106 12240
115.163 12580
115.219 12920
115.276 13260
115.327 13600
115.377 13940
115.427 14280
115.478 14620
115.528 14960
115.579 15300
115.623 15640
115.667 15980
115.711 16320
115.755 16660
115.799 17000
115.837 17340
115.881 17680
115.919 18020
115.963 18360
116.001 18700
116.039 19040
116.077 19380
116.115 19720
116.184 20060
116.222 20400
116.291 20740
116.323 21080
116.386 21420
116.43 21760
116.48 22100
116.524 22440
116.562 22780
116.606 23120
116.644 23460
116.676 23800
116.707 24140
116.745 24480
116.783 24820
116.814 25160
116.846 25500
116.877 25840
116.909 26180
116.94 26520
116.978 26860
117.003 27200
117.029 27540
117.06 27880
117.092 28220
117.123 28560
117.155 28900
117.18 29240
117.212 29580
117.237 29920
117.268 30260
117.293 30600
117.325 30940
117.35 31280
117.382 31620
117.407 31960
117.438 32300
117.464 32640
117.483 32980
117.508 33320
117.533 33660
117.565 34000
117.59 34340
117.615 34680
117.64 35020
117.665 35360
117.691 35700
117.716 36040
117.741 36380
117.766 36720
117.791 37060
117.817 37400
117.842 37740
117.861 38080
117.886 38420
117.911 38760
117.936 39100
117.962 39440
117.981 39780
118 40120
118.025 40460
118.044 40800
118.069 41140
118.088 41480
118.116 28900
119.45 340
119.585 3400
119.692 6460
119.72 9520
119.749 11900
119.771 14280
119.793 17340
119.821 19720
119.843 22780
119.903 15640
121.108 340
121.337 680
121.397 1020
121.401 1360
121.411 1700
121.414 2040
121.417 2380
121.42 2720
121.425 3060
121.428 3400
121.431 3740
121.434 4080
121.437 4420
121.44 4760
121.443 5100
121.447 5440
121.45 5780
121.453 6120
121.456 6460
121.459 6800
121.462 7140
121.466 7480
121.469 7820
121.481 5440
121.623 5780
121.629 6120
121.699 6460
121.812 6800
121.929 7140
122.175 7480
122.531 7820
125.245 8160
125.595 8500
125.844 8840
126.039 9180
126.206 9520
126.357 9860
126.48 10200
126.603 10540
126.833 10880
127.004 11220
127.13 11560
127.224 11900
127.306 12240
127.388 12580
127.464 12920
127.533 13260
127.602 13600
127.672 13940
127.735 14280
127.798 14620
127.861 14960
127.918 15300
127.974 15640
128.031 15980
128.082 16320
128.138 16660
128.189 11560
128.34 11900
128.346 12240
128.39 12580
128.479 12920
128.567 13260
128.662 13600
128.762 13940
128.87 14280
128.989 14620
129.115 14960
129.26 15300
129.431 15640
129.626 15980
129.872 16320
130.225 16660
132.942 17000
133.295 17340
133.541 17680
133.736 18020
133.906 18360
134.051 18700
134.178 19040
134.297 19380
134.404 19720
134.505 20060
134.6 20400
134.688 20740
134.776 21080
134.852 21420
134.928 21760
135.003 22100
135.073 22440
135.142 22780
135.205 23120
135.268 23460
135.325 23800
135.388 24140
135.445 24480
135.495 24820
135.552 25160
135.602 25500
135.653 25840
135.703 26180
135.754 26520
135.798 26860
135.848 27200
135.892 27540
135.936 27880
136.025 28220
136.069 28560
136.157 28900
136.226 29240
136.289 29580
136.34 29920
136.397 30260
136.447 30600
136.485 30940
136.535 31280
136.579 31620
136.623 31960
136.661 32300
136.705 32640
136.743 32980
136.781 33320
136.819 33660
136.857 34000
136.895 34340
136.926 34680
136.958 35020
136.995 35360
137.027 35700
137.065 36040
137.096 36380
137.128 36720
137.159 37060
137.191 37400
137.222 37740
137.254 38080
137.285 38420
137.317 38760
137.348 39100
137.38 39440
137.405 39780
137.437 40120
137.462 40460
137.478 28220
138.812 340
138.962 4080
139.057 7820
139.091 11560
139.126 14620
139.155 18360
139.189 21420
139.227 14960
140.419 340
140.686 680
140.715 1020
140.718 1360
140.728 1700
140.732 2040
140.735 2380
140.738 2720
140.742 3060
140.745 3400
140.748 3740
140.751 4080
140.755 4420
140.758 4760
140.761 5100
140.773 3400
140.877 3740
140.896 4080
140.969 4420
141.139 4760
141.495 5100
144.209 5440
144.559 5780
144.811 6120
145.01 6460
145.174 6800
145.315 7140
145.448 7480
145.832 7820
145.94 8160
146.04 8500
146.135 8840
146.223 9180
146.312 9520
146.387 9860
146.469 10200
146.538 10540
146.608 10880
146.677 11220
146.74 11560
146.803 11900
146.866 12240
146.923 12580
146.98 12920
147.036 13260
147.087 13600
147.137 13940
147.188 14280
147.238 14620
147.289 14960
147.339 15300
147.383 15640
147.427 15980
147.471 16320
147.516 16660
147.56 17000
147.598 17340
147.642 17680
147.679 18020
147.724 18360
147.761 18700
147.799 19040
147.837 19380
147.913 19720
147.982 20060
148.02 20400
148.07 20740
148.121 21080
148.165 21420
148.215 21760
148.247 22100
148.285 22440
148.322 22780
148.367 23120
148.404 23460
148.436 23800
148.467 24140
148.505 24480
148.543 24820
148.575 25160
148.606 25500
148.638 25840
148.669 26180
148.701 26520
148.739 26860
148.764 27200
148.789 27540
148.821 27880
148.852 28220
148.884 28560
148.915 28900
148.94 29240
148.972 29580
148.997 29920
149.029 30260
149.054 30600
149.085 30940
149.11 31280
149.142 31620
149.167 31960
149.199 32300
149.224 32640
149.243 32980
149.268 33320
149.293 33660
149.325 34000
149.35 34340
149.375 34680
149.4 35020
149.426 35360
149.451 35700
149.476 36040
149.501 36380
149.527 36720
149.552 37060
149.577 37400
149.602 37740
149.621 38080
149.646 38420
149.672 38760
149.697 39100
149.722 39440
149.741 39780
149.766 40120
149.785 40460
149.81 40800
149.829 41140
149.854 41480
149.876 28900
151.211 340
151.345 3400
151.452 6460
151.481 9520
151.509 11900
151.531 14960
151.56 17340
151.582 20400
151.632 20740
151.67 14280
152.856 340
153.129 680
153.151 1020
153.155 1360
153.165 1700
153.168 2040
153.171 2380
153.174 2720
153.179 3060
153.182 3400
153.185 3740
153.197 2380
153.27 2720
153.317 3060
153.374 3400
153.727 3740
156.444 4080
156.794 4420
157.046 4760
157.528 5100
157.698 5440
157.843 5780
157.976 6120
158.089 6460
158.203 6800
158.304 7140
158.398 7480
158.486 7820
158.568 8160
158.65 8500
158.726 8840
158.795 9180
158.865 9520
158.934 9860
158.997 10200
159.06 10540
159.123 10880
159.18 11220
159.237 11560
159.293 11900
159.344 12240
159.401 12580
159.451 12920
159.495 13260
159.546 13600
159.596 13940
159.64 14280
159.684 14620
159.728 14960
159.773 15300
159.817 15640
159.861 15980
159.899 16320
159.943 16660
159.981 17000
160.018 17340
160.056 17680
160.094 18020
160.132 18360
160.17 18700
160.207 19040
160.239 19380
160.277 19720
160.308 20060
160.378 20400
160.441 20740
160.491 21080
160.542 21420
160.586 21760
160.63 22100
160.668 22440
160.706 22780
160.75 23120
160.775 23460
160.813 23800
160.844 24140
160.882 24480
160.914 24820
160.945 25160
160.977 25500
161.008 25840
161.04 26180
161.071 26520
161.103 26860
161.128 27200
161.159 27540
161.191 27880
161.222 28220
161.248 28560
161.279 28900
161.304 29240
161.336 29580
161.361 29920
161.393 30260
161.412 30600
161.443 30940
161.468 31280
161.5 31620
161.525 31960
161.55 32300
161.575 32640
161.601 32980
161.626 33320
161.651 33660
161.676 34000
161.702 34340
161.727 34680
161.752 35020
161.777 35360
161.796 35700
161.821 36040
161.847 36380
161.872 36720
161.897 37060
161.922 37400
161.941 37740
161.96 38080
161.985 38420
162.01 38760
162.036 39100
162.055 39440
162.08 39780
162.099 40120
162.124 40460
162.143 40800
162.168 41140
162.187 41480
162.212 41820
162.222 29240
163.559 340
163.709 3400
163.804 6460
163.832 8840
163.854 11900
163.883 14280
163.905 17340
163.933 19720
163.955 22780
164.015 15640
165.22 340
165.449 680
165.509 1020
165.512 1360
165.523 1700
165.526 2040
165.529 2380
165.532 2720
165.536 3060
165.539 3400
165.543 3740
165.546 4080
165.549 4420
165.552 4760
165.555 5100
165.558 5440
165.562 5780
165.565 6120
165.568 6460
165.571 6800
165.574 7140
165.577 7480
165.58 7820
165.593 5440
165.735 5780
165.754 6120
165.842 6460
165.899 6800
166.044 7140
166.286 7480
166.643 7820
169.353 8160
169.713 8500
169.959 8840
170.151 9180
170.321 9520
170.469 9860
170.595 10200
170.715 10540
170.974 10880
171.144 11220
171.251 11560
171.339 11900
171.421 12240
171.503 12580
171.579 12920
171.654 13260
171.724 13600
171.787 13940
171.856 14280
171.913 14620
171.976 14960
172.033 15300
172.089 15640
172.146 15980
172.203 16320
172.253 16660
172.304 17000
172.354 17340
172.405 17680
172.449 18020
172.493 18360
172.543 18700
172.587 19040
172.631 19380
172.688 19720
172.776 20060
172.84 20400
172.903 20740
172.947 21080
172.997 21420
173.041 21760
173.092 22100
173.129 22440
173.167 22780
173.205 23120
173.243 23460
173.287 23800
173.331 24140
173.363 24480
173.394 24820
173.432 25160
173.464 17340
173.691 17680
173.697 18020
173.766 18360
173.842 18700
173.93 19040
174.018 19380
174.107 19720
174.17 20060
174.258 20400
174.321 20740
174.416 21080
174.516 21420
174.611 21760
174.712 22100
174.813 22440
174.92 22780
175.021 23120
175.128 23460
175.298 23800
175.456 24140
175.683 24480
175.91 24820
176.136 25160
178.809 25500
179.162 25840
179.408 26180
179.604 26520
179.774 26860
179.919 27200
180.045 27540
180.165 27880
180.272 28220
180.373 28560
180.467 28900
180.556 29240
180.644 29580
180.72 29920
180.795 30260
180.871 30600
180.94 30940
181.009 31280
181.11 31620
181.255 31960
181.312 32300
181.4 32640
181.476 32980
181.552 33320
181.621 33660
181.671 34000
181.734 34340
181.797 34680
181.854 35020
181.905 35360
181.961 35700
182.012 36040
182.056 36380
182.1 36720
182.151 37060
182.195 37400
182.245 37740
182.277 38080
182.321 38420
182.365 38760
182.409 39100
182.45 27200
183.784 340
183.95 5440
184.032 10540
184.089 7140
184.281 7480
184.288 7820
184.325 8160
184.404 8500
184.53 8840
184.678 9180
184.836 9520
184.997 9860
185.161 10200
185.514 10540
188.228 10880
188.581 11220
188.826 11560
189.025 11900
189.195 12240
189.334 12580
189.466 12920
189.583 13260
189.696 13600
189.86 13940
189.999 14280
190.103 14620
190.239 14960
190.333 15300
190.415 15640
190.484 15980
190.554 16320
190.623 16660
190.686 17000
190.749 17340
190.812 17680
190.869 18020
190.926 18360
190.982 18700
191.033 19040
191.083 19380
191.159 19720
191.247 20060
191.329 20400
191.373 20740
191.436 21080
191.499 21420
191.55 21760
191.594 22100
191.644 22440
191.695 22780
191.745 23120
191.783 23460
191.821 23800
191.865 24140
191.909 24480
191.953 24820
191.997 25160
192.029 25500
192.067 25840
192.105 26180
192.142 26520
192.18 26860
192.224 27200
192.256 27540
192.287 27880
192.319 28220
192.357 28560
192.395 28900
192.432 29240
192.464 29580
192.495 29920
192.527 30260
192.565 30600
192.596 30940
192.634 31280
192.659 31620
192.691 31960
192.722 32300
192.754 32640
192.785 32980
192.817 33320
192.842 33660
192.874 34000
192.905 34340
192.937 34680
192.962 35020
192.987 35360
193.019 35700
193.044 36040
193.075 36380
193.101 36720
193.126 37060
193.157 37400
193.183 37740
193.214 38080
193.239 38420
193.258 38760
193.283 39100
193.309 39440
193.334 39780
193.365 40120
193.384 40460
193.409 40800
193.435 41140
193.45 28560
194.785 340
194.919 2720
195.026 5780
195.052 8840
195.08 11900
195.108 15640
195.143 18020
195.165 21080
195.231 14620
196.42 340
196.688 680
196.716 1020
196.719 1360
196.729 1700
196.733 2040
196.736 2380
196.739 2720
196.743 3060
196.746 3400
196.749 3740
196.753 4080
196.756 4420
196.768 3060
196.847 3400
196.86 3740
196.961 4080
197.314 4420
200.027 4760
200.377 5100
200.626 5440
201.109 5780
201.272 6120
201.417 6460
201.55 6800
201.67 7140
201.777 7480
201.878 7820
201.972 8160
202.06 8500
202.142 8840
202.224 9180
202.3 9520
202.376 9860
202.445 10200
202.508 10540
202.577 10880
202.64 11220
202.697 11560
202.754 11900
202.811 12240
202.867 12580
202.924 12920
202.975 13260
203.025 13600
203.075 13940
203.126 14280
203.17 14620
203.214 14960
203.265 15300
203.309 15640
203.353 15980
203.391 16320
203.435 16660
203.479 17000
203.517 17340
203.555 17680
203.592 18020
203.636 18360
203.674 18700
203.706 19040
203.744 19380
203.781 19720
203.819 20060
203.889 20400
203.92 20740
203.99 21080
204.04 21420
204.09 21760
204.141 22100
204.179 22440
204.223 22780
204.261 23120
204.298 23460
204.33 23800
204.368 24140
204.399 24480
204.437 24820
204.469 25160
204.494 25500
204.525 25840
204.557 26180
204.595 26520
204.626 26860
204.651 27200
204.683 27540
204.714 27880
204.746 28220
204.778 28560
204.803 28900
204.828 29240
204.859 29580
204.885 29920
204.916 30260
204.941 30600
204.967 30940
204.998 31280
205.023 31620
205.055 31960
205.08 32300
205.105 32640
205.131 32980
205.156 33320
205.181 33660
205.206 34000
205.231 34340
205.257 34680
205.282 35020
205.307 35360
205.332 35700
205.357 36040
205.383 36380
205.408 36720
205.433 37060
205.458 37400
205.477 37740
205.502 38080
205.528 38420
205.553 38760
205.572 39100
205.591 39440
205.616 39780
205.635 40120
205.66 40460
205.679 40800
205.704 41140
205.723 41480
205.748 41820
205.758 29240
207.095 340
207.246 3400
207.34 5780
207.362 8160
207.384 11220
207.413 13600
207.435 16660
207.463 19040
207.485 22100
207.545 15300
208.744 340
208.992 680
209.036 1020
209.039 1360
209.049 1700
209.053 2040
209.056 2380
209.059 2720
209.063 3060
209.066 3400
209.069 3740
209.072 4080
209.076 4420
209.079 4760
209.082 5100
209.085 5440
209.088 5780
209.091 6120
209.095 6460
209.107 4420
209.224 4760
209.236 5100
209.309 5440
209.4 5780
209.646 6120
210.002 6460
212.716 6800
213.072 7140
213.312 7480
213.517 7820
213.681 8160
213.823 8500
214.191 8840
214.324 9180
214.437 9520
214.538 9860
214.626 10200
214.721 10540
214.803 10880
214.885 11220
214.96 11560
215.03 11900
215.099 12240
215.168 12580
215.232 12920
215.295 13260
215.358 13600
215.414 13940
215.471 14280
215.528 14620
215.578 14960
215.629 15300
215.685 15640
215.73 15980
215.78 16320
215.83 16660
215.875 17000
215.919 17340
215.963 17680
216.007 18020
216.051 18360
216.095 18700
216.133 19040
216.171 19380
216.215 19720
216.291 20060
216.366 20400
216.41 20740
216.473 21080
216.511 21420
216.555 21760
216.606 22100
216.644 22440
216.688 22780
216.726 23120
216.77 23460
216.801 23800
216.833 24140
216.864 24480
216.902 24820
216.94 25160
216.978 25500
217.009 25840
217.041 26180
217.079 26520
217.11 26860
217.148 27200
217.173 27540
217.205 27880
217.236 28220
217.268 28560
217.299 28900
217.331 29240
217.362 29580
217.387 29920
217.419 30260
217.444 30600
217.476 30940
217.507 31280
217.532 31620
217.564 31960
217.589 32300
217.621 32640
217.646 32980
217.671 33320
217.696 33660
217.722 34000
217.753 34340
217.778 34680
217.804 35020
217.829 35360
217.854 35700
217.879 36040
217.904 36380
217.93 36720
217.955 37060
217.98 37400
218.005 37740
218.03 38080
218.056 38420
218.081 38760
218.106 39100
218.131 39440
218.15 39780
218.175 40120
218.194 40460
218.22 40800
218.245 41140
218.27 41480
218.279 28900
219.617 340
219.767 3400
219.862 6460
219.89 9520
219.919 11900
219.941 14960
219.969 17340
219.991 20400
220.057 14280
221.24 340
221.526 680
221.54 1020
221.543 1360
221.553 1700
221.556 2040
221.56 2380
221.563 2720
221.567 3060
221.579 2040
221.633 2380
221.639 2720
221.898 3060
224.615 3400
225.274 3740
225.519 4080
225.715 4420
225.885 4760
226.03 5100
226.156 5440
226.276 5780
226.383 6120
226.484 6460
226.578 6800
226.667 7140
226.755 7480
226.831 7820
226.906 8160
226.982 8500
227.051 8840
227.121 9180
227.184 9520
227.247 9860
227.303 10200
227.366 10540
227.423 10880
227.48 11220
227.53 11560
227.581 11900
227.631 12240
227.682 12580
227.732 12920
227.776 13260
227.827 13600
227.871 13940
227.915 14280
227.959 14620
228.003 14960
228.041 15300
228.085 15640
228.123 15980
228.167 16320
228.205 16660
228.243 17000
228.281 17340
228.318 17680
228.356 18020
228.388 18360
228.426 18700
228.457 19040
228.495 19380
228.526 19720
228.564 20060
228.596 20400
228.652 20740
228.722 21080
228.779 21420
228.829 21760
228.873 22100
228.905 22440
228.949 22780
228.987 23120
229.024 23460
229.056 23800
229.094 24140
229.125 24480
229.157 24820
229.188 25160
229.22 25500
229.251 25840
229.283 26180
229.308 26520
229.34 26860
229.365 27200
229.396 27540
229.428 27880
229.459 28220
229.485 28560
229.516 28900
229.541 29240
229.573 29580
229.598 29920
229.623 30260
229.642 30600
229.674 30940
229.699 31280
229.73 31620
229.756 31960
229.775 32300
229.8 32640
229.825 32980
229.85 33320
229.875 33660
229.901 34000
229.926 34340
229.951 34680
229.976 35020
230.002 35360
230.027 35700
230.052 36040
230.077 36380
230.102 36720
230.121 37060
230.147 37400
230.165 37740
230.191 38080
230.216 38420
230.235 38760
230.26 39100
230.279 39440
230.304 39780
230.323 40120
230.348 40460
230.367 40800
230.392 41140
230.411 41480
230.437 41820
230.452 29240
231.786 340
231.921 2720
232.028 5780
232.054 8160
232.076 11220
232.104 13600
232.126 16660
232.154 19040
232.176 22100
232.265 15300
233.463 340
233.711 680
233.756 1020
233.759 1360
233.769 1700
233.772 2040
233.775 2380
233.779 2720
233.783 3060
233.786 3400
233.789 3740
233.792 4080
233.795 4420
233.799 4760
233.802 5100
233.805 5440
233.808 5780
233.811 6120
233.814 6460
233.827 4420
233.944 4760
233.95 5100
233.969 5440
234.117 5780
234.369 6120
234.719 6460
237.439 6800
237.789 7140
238.035 7480
238.237 7820
238.404 8160
238.545 8500
238.902 8840
239.047 9180
239.154 9520
239.255 9860
239.349 10200
239.437 10540
239.519 10880
239.601 11220
239.677 11560
239.753 11900
239.822 12240
239.885 12580
239.954 12920
240.017 13260
240.074 13600
240.131 13940
240.188 14280
240.244 14620
240.301 14960
240.352 15300
240.402 15640
240.452 15980
240.503 16320
240.547 16660
240.591 17000
240.642 17340
240.686 17680
240.73 18020
240.768 18360
240.812 18700
240.856 19040
240.894 19380
240.931 19720
240.969 20060
241.058 20400
241.121 20740
241.184 21080
241.234 21420
241.278 21760
241.329 22100
241.366 22440
241.398 22780
241.442 23120
241.48 23460
241.524 23800
241.556 24140
241.587 24480
241.625 24820
241.663 25160
241.701 25500
241.732 25840
241.757 26180
241.789 26520
241.827 26860
241.858 27200
241.896 27540
241.921 27880
241.953 28220
241.984 28560
242.016 28900
242.047 29240
242.079 29580
242.104 29920
242.136 30260
242.161 30600
242.192 30940
242.224 31280
242.255 31620
242.281 31960
242.312 32300
242.337 32640
242.369 32980
242.388 33320
242.413 33660
242.444 34000
242.47 34340
242.501 34680
242.526 35020
242.545 35360
242.571 35700
242.596 36040
242.621 36380
242.646 36720
242.671 37060
242.697 37400
242.722 37740
242.747 38080
242.772 38420
242.797 38760
242.823 39100
242.848 39440
242.873 39780
242.892 40120
242.917 40460
242.936 40800
242.961 41140
242.987 41480
242.996 28900
244.333 340
244.484 3400
244.578 6460
244.607 9520
244.635 12580
244.663 14960
244.686 18020
244.714 20400
244.774 14280
245.957 340
246.243 680
246.256 1020
246.259 1360
246.27 1700
246.273 2040
246.276 2380
246.279 2720
246.283 3060
246.296 2040
246.35 2380
246.356 2720
246.614 3060
249.331 3400
249.99 3740
250.236 4080
250.431 4420
250.602 4760
250.747 5100
250.873 5440
250.992 5780
251.1 6120
251.2 6460
251.295 6800
251.383 7140
251.472 7480
251.547 7820
251.623 8160
251.698 8500
251.768 8840
251.837 9180
251.9 9520
251.963 9860
252.026 10200
252.083 10540
252.14 10880
252.197 11220
252.247 11560
252.297 11900
252.348 12240
252.398 12580
252.449 12920
252.493 13260
252.543 13600
252.587 13940
252.631 14280
252.676 14620
252.72 14960
252.758 15300
252.802 15640
252.84 15980
252.884 16320
252.921 16660
252.959 17000
252.997 17340
253.035 17680
253.073 18020
253.104 18360
253.142 18700
253.174 19040
253.211 19380
253.243 19720
253.281 20060
253.312 20400
253.375 20740
253.407 21080
253.47 21420
253.501 21760
253.564 22100
253.602 22440
253.653 22780
253.684 23120
253.728 23460
253.766 23800
253.798 24140
253.829 24480
253.867 24820
253.899 25160
253.93 25500
253.962 25840
253.993 26180
254.025 26520
254.05 26860
254.081 27200
254.113 27540
254.144 27880
254.176 28220
254.201 28560
254.226 28900
254.258 29240
254.283 29580
254.315 29920
254.34 30260
254.359 30600
254.39 30940
254.416 31280
254.447 31620
254.472 31960
254.491 32300
254.516 32640
254.542 32980
254.567 33320
254.592 33660
254.617 34000
254.642 34340
254.668 34680
254.693 35020
254.718 35360
254.743 35700
254.769 36040
254.794 36380
254.819 36720
254.838 37060
254.863 37400
254.882 37740
254.907 38080
254.932 38420
254.951 38760
254.977 39100
254.995 39440
255.021 39780
255.04 40120
255.065 40460
255.084 40800
255.109 41140
255.128 41480
255.153 41820
255.169 29240
256.503 340
256.638 2720
256.745 5780
256.77 8160
256.792 11220
256.82 13600
256.843 16660
256.871 19040
256.893 22100
256.981 15300
258.18 340
258.428 680
258.472 1020
258.475 1360
258.486 1700
258.489 2040
258.492 2380
258.495 2720
258.499 3060
258.502 3400
258.506 3740
258.509 4080
258.512 4420
258.515 4760
258.518 5100
258.521 5440
258.525 5780
258.528 6120
258.531 6460
258.543 4420
258.66 4760
258.666 5100
258.685 5440
258.833 5780
259.086 6120
259.435 6460
262.156 6800
262.506 7140
262.751 7480
262.953 7820
263.12 8160
263.262 8500
263.618 8840
263.763 9180
263.87 9520
263.971 9860
264.066 10200
264.154 10540
264.236 10880
264.318 11220
264.394 11560
264.469 11900
264.539 12240
264.602 12580
264.671 12920
264.734 13260
264.791 13600
264.847 13940
264.904 14280
264.961 14620
265.018 14960
265.068 15300
265.119 15640
265.169 15980
265.2 10880
265.345 11220
265.352 11560
265.421 11900
265.509 12240
265.598 12580
265.692 12920
265.793 13260
265.9 13600
266.02 13940
266.146 14280
266.291 14620
266.461 14960
266.657 15300
266.903 15640
267.256 15980
268.176 10880
268.318 11220
268.324 11560
268.393 11900
268.482 12240
268.57 12580
268.665 12920
268.765 13260
268.873 13600
268.992 13940
269.118 14280
269.263 14620
269.434 14960
269.629 15300
269.875 15640
270.228 15980
272.945 16320
273.298 16660
273.544 17000
273.739 17340
273.909 17680
274.054 18020
274.181 18360
274.3 18700
274.407 19040
274.508 19380
274.603 19720
274.691 20060
274.779 20400
274.855 20740
274.931 21080
275.006 21420
275.076 21760
275.145 22100
275.208 22440
275.271 22780
275.328 23120
275.391 23460
275.448 23800
275.498 24140
275.555 24480
275.605 24820
275.656 25160
275.706 25500
275.757 25840
275.801 26180
275.851 26520
275.895 26860
275.939 27200
275.983 27540
276.028 27880
276.065 28220
276.11 28560
276.147 28900
276.191 29240
276.229 29580
276.267 29920
276.305 30260
276.374 30600
276.463 30940
276.532 31280
276.589 31620
276.645 31960
276.69 32300
276.74 32640
276.778 32980
276.822 33320
276.866 33660
276.904 34000
276.942 34340
276.979 34680
277.017 35020
277.049 35360
277.08 35700
277.118 36040
277.15 36380
277.181 36720
277.213 37060
277.244 37400
277.276 37740
277.307 38080
277.339 38420
277.37 38760
277.402 39100
277.433 39440
277.459 39780
277.49 40120
277.515 40460
277.531 28220
278.865 340
279.016 4080
279.11 7820
279.145 11560
279.18 14620
279.208 18360
279.243 21420
279.28 14960
280.473 340
280.74 680
280.768 1020
280.771 1360
280.782 1700
280.785 2040
280.788 2380
280.791 2720
280.795 3060
280.799 3400
280.802 3740
280.805 4080
280.808 4420
280.811 4760
280.814 5100
280.827 3400
280.931 3740
280.95 4080
281.022 4420
281.193 4760
281.549 5100
284.263 5440
284.612 5780
284.865 6120
285.063 6460
285.227 6800
285.369 7140
285.501 7480
285.886 7820
285.993 8160
286.094 8500
286.188 8840
286.277 9180
286.365 9520
286.441 9860
286.523 10200
286.592 10540
286.661 10880
286.731 11220
286.794 11560
286.857 11900
286.92 12240
286.976 12580
287.033 12920
287.09 13260
287.14 13600
287.191 13940
287.241 14280
287.292 14620
287.342 14960
287.392 15300
287.437 15640
287.481 15980
287.525 16320
287.569 16660
287.613 17000
287.651 17340
287.695 17680
287.733 18020
287.777 18360
287.815 18700
287.853 19040
287.891 19380
287.966 19720
288.036 20060
288.073 20400
288.124 20740
288.174 21080
288.218 21420
288.269 21760
288.3 22100
288.338 22440
288.376 22780
288.42 23120
288.458 23460
288.489 23800
288.521 24140
288.559 24480
288.597 24820
288.628 25160
288.66 25500
288.691 25840
288.723 26180
288.754 26520
288.792 26860
288.817 27200
288.842 27540
288.874 27880
288.905 28220
288.937 28560
288.968 28900
288.994 29240
289.025 29580
289.05 29920
289.082 30260
289.107 30600
289.139 30940
289.164 31280
289.195 31620
289.221 31960
289.252 32300
289.277 32640
289.296 32980
289.322 33320
289.347 33660
289.378 34000
289.403 34340
289.429 34680
289.454 35020
289.479 35360
289.504 35700
289.53 36040
289.555 36380
289.58 36720
289.605 37060
289.63 37400
289.656 37740
289.675 38080
289.7 38420
289.725 38760
289.75 39100
289.775 39440
289.794 39780
289.813 40120
289.838 40460
289.857 40800
289.883 41140
289.901 41480
289.93 28900
291.264 340
291.399 3400
291.506 6460
291.534 9520
291.563 11900
291.585 14280
291.607 17340
291.635 19720
291.657 22780
291.717 15640
292.922 340
293.151 680
293.211 1020
293.214 1360
293.225 1700
293.228 2040
293.231 2380
293.234 2720
293.238 3060
293.241 3400
293.245 3740
293.248 4080
293.251 4420
293.254 4760
293.257 5100
293.26 5440
293.263 5780
293.267 6120
293.27 6460
293.273 6800
293.276 7140
293.279 7480
293.282 7820
293.295 5440
293.437 5780
293.443 6120
293.512 6460
293.626 6800
293.743 7140
293.988 7480
294.345 7820
297.058 8160
297.408 8500
297.657 8840
297.853 9180
298.02 9520
298.171 9860
298.294 10200
298.417 10540
298.647 10880
298.817 11220
298.943 11560
299.038 11900
299.12 12240
299.202 12580
299.277 12920
299.347 13260
299.416 13600
299.486 13940
299.549 14280
299.612 14620
299.675 14960
299.731 15300
299.788 15640
299.845 15980
299.895 16320
299.952 16660
300.002 17000
300.053 17340
300.097 17680
300.147 18020
300.192 18360
300.236 18700
300.28 19040
300.324 19380
300.412 19720
300.475 20060
300.538 20400
300.601 20740
300.645 21080
300.696 21420
300.74 21760
300.79 22100
300.828 22440
300.86 22780
300.904 23120
300.942 23460
300.986 23800
301.03 24140
301.062 24480
301.093 24820
301.131 25160
301.169 25500
301.207 25840
301.244 26180
301.27 26520
301.307 26860
301.339 27200
301.377 27540
301.408 27880
301.44 28220
301.471 28560
301.503 28900
301.534 29240
301.566 29580
301.597 29920
301.629 30260
301.654 30600
301.686 30940
301.717 31280
301.749 31620
301.78 31960
301.805 32300
301.837 32640
301.862 32980
301.894 33320
301.919 33660
301.944 34000
301.969 34340
302.001 34680
302.026 35020
302.058 35360
302.076 35700
302.102 36040
302.127 36380
302.152 36720
302.184 37060
302.209 37400
302.228 37740
302.253 38080
302.278 38420
302.303 38760
302.329 39100
302.354 39440
302.379 39780
302.404 40120
302.429 40460
302.455 40800
302.474 41140
302.502 28560
303.836 340
303.971 3400
304.078 6460
304.106 9520
304.135 12580
304.163 15640
304.191 18700
304.22 21760
304.28 14960
305.475 340
305.723 680
305.767 1020
305.771 1360
305.781 1700
305.784 2040
305.787 2380
305.79 2720
305.795 3060
305.798 3400
305.801 3740
305.804 4080
305.807 4420
305.81 4760
305.814 5100
305.817 5440
305.82 5780
305.832 3740
305.936 4080
305.943 4420
305.971 4760
306.11 5100
306.362 5440
306.715 5780
309.426 6120
309.785 6460
310.025 6800
310.223 7140
310.397 7480
310.535 7820
310.664 8160
311.04 8500
311.153 8840
311.254 9180
311.348 9520
311.437 9860
311.519 10200
311.601 10540
311.676 10880
311.752 11220
311.821 11560
311.884 11900
311.954 12240
312.01 12580
312.073 12920
312.13 13260
312.187 13600
312.244 13940
312.3 14280
312.351 14620
312.401 14960
312.452 15300
312.502 15640
312.546 15980
312.59 16320
312.641 16660
312.685 17000
312.729 17340
312.767 17680
312.811 18020
312.849 18360
312.893 18700
312.931 19040
312.969 19380
313.006 19720
313.057 20060
313.151 20400
313.214 20740
313.265 21080
313.309 21420
313.353 21760
313.397 22100
313.435 22440
313.473 22780
313.517 23120
313.555 23460
313.586 23800
313.618 24140
313.656 24480
313.694 24820
313.731 25160
313.757 25500
313.788 25840
313.82 26180
313.851 26520
313.889 26860
313.92 27200
313.952 27540
313.977 27880
314.009 28220
314.04 28560
314.072 28900
314.103 29240
314.129 29580
314.16 29920
314.185 30260
314.217 30600
314.248 30940
314.274 31280
314.299 31620
314.33 31960
314.355 32300
314.387 32640
314.412 32980
314.431 33320
314.456 33660
314.488 34000
314.513 34340
314.545 34680
314.563 35020
314.589 35360
314.614 35700
314.639 36040
314.664 36380
314.69 36720
314.715 37060
314.74 37400
314.765 37740
314.79 38080
314.816 38420
314.841 38760
314.866 39100
314.891 39440
314.91 39780
314.929 40120
314.954 40460
314.973 40800
314.998 41140
315.024 41480
315.039 28900
316.374 340
316.508 3400
316.615 6460
316.644 9520
316.672 11900
316.694 14280
316.716 17340
316.745 19720
316.767 22780
316.833 15640
318.038 340
318.267 680
318.327 1020
318.33 1360
318.341 1700
318.344 2040
318.347 2380
318.35 2720
318.354 3060
318.357 3400
318.36 3740
318.364 4080
318.367 4420
318.37 4760
318.373 5100
318.376 5440
318.379 5780
318.383 6120
318.386 6460
318.389 6800
318.392 7140
318.395 7480
318.398 7820
318.411 5440
318.553 5780
318.559 6120
318.635 6460
318.748 6800
318.865 7140
319.104 7480
319.457 7820
322.174 8160
322.524 8500
322.773 8840
322.969 9180
323.136 9520
323.287 9860
323.41 10200
323.618 7140
323.763 7480
323.769 7820
323.776 8160
323.955 8500
324.144 8840
324.346 9180
324.548 9520
324.794 9860
325.147 10200
327.864 10540
328.217 10880
328.463 11220
328.658 11560
328.828 11900
328.973 12240
329.106 12580
329.219 12920
329.326 13260
329.427 13600
329.522 13940
329.616 14280
329.698 14620
329.78 14960
329.856 15300
329.925 15640
329.994 15980
330.064 16320
330.127 16660
330.19 17000
330.253 17340
330.31 17680
330.366 18020
330.423 18360
330.474 18700
330.524 19040
330.581 19380
330.625 19720
330.675 20060
330.726 20400
330.77 20740
330.814 21080
330.858 21420
330.902 21760
330.946 22100
330.991 22440
331.028 22780
331.066 23120
331.11 23460
331.148 23800
331.186 24140
331.224 24480
331.262 24820
331.299 25160
331.331 25500
331.369 25840
331.407 26180
331.438 26520
331.47 26860
331.507 27200
331.539 27540
331.608 27880
331.69 28220
331.753 28560
331.804 28900
331.848 29240
331.892 29580
331.936 29920
331.968 30260
332.005 30600
332.043 30940
332.075 31280
332.113 31620
332.144 31960
332.176 32300
332.207 32640
332.239 32980
332.27 33320
332.302 33660
332.333 34000
332.365 34340
332.396 34680
332.428 35020
332.453 35360
332.478 35700
332.51 36040
332.535 36380
332.567 36720
332.592 37060
332.617 37400
332.648 26180
333.692 26520
333.698 26860
333.704 27200
333.793 27540
333.843 27880
333.944 28220
333.994 28560
334.07 28900
334.158 29240
334.228 29580
334.291 29920
334.36 30260
334.429 30600
334.499 30940
334.568 31280
334.644 31620
334.713 31960
334.789 32300
334.858 32640
334.946 32980
335.035 33320
335.135 33660
335.243 34000
335.343 34340
335.451 34680
335.558 35020
335.665 35360
335.81 35700
335.936 36040
336.1 36380
336.27 36720
336.611 37060
336.62 25840
336.957 26180
336.964 26520
337.014 26860
337.058 27200
337.159 27540
337.216 27880
337.298 28220
337.373 28560
337.43 28900
337.493 29240
337.562 29580
337.625 29920
337.695 30260
337.764 30600
337.834 30940
337.903 31280
337.978 31620
338.048 31960
338.123 32300
338.212 32640
338.294 32980
338.395 33320
338.495 33660
338.603 34000
338.703 34340
338.811 34680
338.918 35020
339.075 35360
339.189 35700
339.353 36040
339.523 36380
339.857 36720
340.198 37060
340.207 25840
340.544 26180
340.557 26520
340.601 26860
340.683 27200
340.765 27540
340.847 27880
340.904 28220
340.96 28560
341.017 28900
341.086 29240
341.149 29580
341.219 29920
341.288 30260
341.357 30600
341.427 30940
341.496 31280
341.565 31620
341.641 31960
341.71 32300
341.799 32640
341.887 32980
341.988 33320
342.089 33660
342.19 34000
342.297 34340
342.398 34680
342.505 35020
342.662 35360
342.776 35700
342.94 36040
343.11 36380
343.444 36720
343.794 25500
344.128 25840
344.134 26180
344.141 26520
344.229 26860
344.292 27200
344.38 27540
344.456 27880
344.544 28220
344.601 28560
344.658 28900
344.714 29240
344.784 29580
344.847 29920
344.916 30260
344.985 30600
345.055 30940
345.13 31280
345.212 31620
345.294 31960
345.37 32300
345.464 32640
345.565 32980
345.666 33320
345.767 33660
345.874 34000
345.975 34340
346.082 34680
346.24 35020
346.404 35360
346.568 35700
346.732 36040
347.047 36380
347.236 36720
347.586 25500
347.92 25840
347.926 26180
347.933 26520
348.021 26860
348.078 27200
348.172 27540
348.248 27880
348.33 28220
348.393 28560
348.462 28900
348.525 29240
348.594 29580
348.657 29920
348.727 30260
348.796 30600
348.866 30940
348.935 31280
349.01 31620
349.086 31960
349.174 32300
349.25 32640
349.351 32980
349.452 33320
349.553 33660
349.66 34000
349.761 34340
349.874 34680
350.025 35020
350.189 35360
350.353 35700
350.517 36040
350.839 36380
351.021 36720
351.371 25500
351.705 25840
351.712 26180
351.718 26520
351.806 26860
351.863 27200
351.958 27540
352.033 27880
352.115 28220
352.178 28560
352.248 28900
352.311 29240
352.38 29580
352.443 29920
352.512 30260
352.582 30600
352.651 30940
352.72 31280
352.796 31620
352.872 31960
352.96 32300
353.036 32640
353.136 32980
353.237 33320
353.338 33660
353.445 34000
353.546 34340
353.66 34680
353.811 35020
353.975 35360
354.139 35700
354.303 36040
354.624 36380
354.807 36720
355.157 25500
355.491 25840
355.497 26180
355.504 26520
355.592 26860
355.649 27200
355.743 27540
355.819 27880
355.901 28220
355.964 28560
356.033 28900
356.096 29240
356.166 29580
356.229 29920
356.298 30260
356.367 30600
356.437 30940
356.506 31280
356.582 31620
356.657 31960
356.746 32300
356.821 32640
356.922 32980
357.023 33320
357.124 33660
357.231 34000
357.332 34340
357.445 34680
357.597 35020
357.76 35360
357.924 35700
358.088 36040
358.41 36380
358.593 36720
358.942 25500
359.277 25840
359.283 26180
359.289 26520
359.377 26860
359.434 27200
359.529 27540
359.604 27880
359.686 28220
359.749 28560
359.819 28900
359.882 29240
359.951 29580
360.014 29920
360.083 30260
360.153 30600
360.222 30940
360.292 31280
360.367 31620
360.443 31960
360.531 32300
360.607 32640
360.708 32980
360.808 33320
360.909 33660
361.016 34000
361.117 34340
361.231 34680
361.382 35020
361.546 35360
361.71 35700
361.874 36040
362.195 36380
362.378 36720
362.728 25500
363.062 25840
363.068 26180
363.075 26520
363.163 26860
363.22 27200
363.314 27540
363.39 27880
363.472 28220
363.535 28560
363.604 28900
363.667 29240
363.737 29580
363.8 29920
363.869 30260
363.938 30600
364.008 30940
364.077 31280
364.153 31620
364.228 31960
364.317 32300
364.392 32640
364.493 32980
364.594 33320
364.695 33660
364.802 34000
364.903 34340
365.016 34680
365.168 35020
365.332 35360
365.495 35700
365.659 36040
365.981 36380
366.164 36720
366.514 25500
366.848 25840
366.854 26180
366.86 26520
366.949 26860
367.005 27200
367.1 27540
367.175 27880
367.257 28220
367.32 28560
367.39 28900
367.453 29240
367.522 29580
367.585 29920
367.655 30260
367.724 30600
367.793 30940
367.863 31280
367.938 31620
368.014 31960
368.102 32300
368.178 32640
368.279 32980
368.38 33320
368.48 33660
368.588 34000
368.688 34340
368.802 34680
368.953 35020
369.117 35360
369.281 35700
369.445 36040
369.766 36380
369.949 36720
370.299 25500
370.633 25840
370.64 26180
370.646 26520
370.734 26860
370.791 27200
370.866 19040
371.112 19380
371.119 19720
371.201 20060
371.264 20400
371.339 20740
371.434 21080
371.528 21420
371.598 21760
371.667 22100
371.755 22440
371.837 22780
371.907 23120
372.014 23460
372.121 23800
372.228 24140
372.342 24480
372.455 24820
372.569 25160
372.682 25500
372.802 25840
372.991 26180
373.161 26520
373.407 26860
373.659 27200
376.307 27540
376.66 27880
376.906 28220
377.101 28560
377.265 28900
377.416 29240
377.542 29580
377.662 29920
377.769 30260
377.87 30600
377.965 30940
378.053 31280
378.141 31620
378.217 31960
378.293 32300
378.368 32640
378.438 32980
378.57 33320
378.677 33660
378.784 34000
378.86 34340
378.942 34680
379.018 35020
379.068 35360
379.131 35700
379.194 36040
379.257 36380
379.301 36720
379.358 37060
379.415 37400
379.471 37740
379.509 38080
379.56 38420
379.61 38760
379.651 26860
380.985 340
381.151 6120
381.243 4080
381.35 4420
381.359 4760
381.41 5100
381.523 5440
381.769 5780
382.122 6120
384.842 6460
385.463 6800
385.716 7140
385.911 7480
386.075 7820
386.22 8160
386.352 8500
386.472 8840
386.579 9180
386.68 9520
386.775 9860
386.863 10200
386.945 10540
387.027 10880
387.102 11220
387.178 11560
387.247 11900
387.31 12240
387.38 12580
387.443 12920
387.5 13260
387.556 13600
387.613 13940
387.67 14280
387.727 14620
387.777 14960
387.827 15300
387.878 15640
387.928 15980
387.972 16320
388.023 16660
388.067 17000
388.111 17340
388.155 17680
388.193 18020
388.237 18360
388.281 18700
388.319 19040
388.357 19380
388.401 19720
388.439 20060
388.477 20400
388.515 20740
388.609 21080
388.672 21420
388.723 21760
388.767 22100
388.817 22440
388.861 22780
388.899 23120
388.943 23460
388.981 23800
389.013 24140
389.044 24480
389.082 24820
389.12 25160
389.158 25500
389.183 25840
389.214 26180
389.252 26520
389.284 26860
389.321 27200
389.347 27540
389.378 27880
389.41 28220
389.441 28560
389.473 28900
389.504 29240
389.529 29580
389.561 29920
389.586 30260
389.618 30600
389.649 30940
389.674 31280
389.706 31620
389.731 31960
389.763 32300
389.788 32640
389.813 32980
389.838 33320
389.864 33660
389.895 34000
389.92 34340
389.952 34680
389.971 35020
389.996 35360
390.021 35700
390.046 36040
390.072 36380
390.097 36720
390.122 37060
390.147 37400
390.172 37740
390.198 38080
390.223 38420
390.248 38760
390.273 39100
390.299 39440
390.317 39780
390.336 40120
390.362 40460
390.38 40800
390.406 41140
390.431 41480
390.447 28900
391.781 340
391.912 3400
392.02 6460
392.048 9520
392.076 11900
392.098 14280
392.12 17340
392.149 19720
392.171 22780
392.228 23120
392.448 15980
393.744 340
393.942 680
393.999 1020
394.002 1360
394.013 1700
394.016 2040
394.019 2380
394.022 2720
394.026 3060
394.039 2040
394.092 2380
394.099 2720
394.357 3060
397.074 3400
397.638 3740
397.979 4080
398.174 4420
398.344 4760
398.489 5100
398.615 5440
398.735 5780
398.842 6120
398.943 6460
399.038 6800
399.126 7140
399.214 7480
399.29 7820
399.366 8160
399.441 8500
399.511 8840
399.58 9180
399.643 9520
399.706 9860
399.763 10200
399.826 10540
399.883 10880
399.939 11220
399.99 11560
400.04 11900
400.091 12240
