0.0 0
0.570803 3400
1.14778 3740
1.16039 4420
1.173 5100
1.18561 5780
1.19821 6460
1.40452 6800
1.7302 7480
1.74281 8160
1.75542 8840
1.76803 9520
1.78063 10200
1.79324 10880
1.80585 11560
1.81846 12240
1.83107 12920
1.98694 13600
2.31262 14280
2.32523 14960
2.33784 15640
2.35045 16320
2.36305 17000
2.37566 17680
2.38827 18360
2.40088 19040
2.41349 19720
2.42609 20400
2.4387 21080
2.45131 21760
2.46392 22440
2.47653 23120
2.48913 23800
2.50174 24480
2.51435 25160
2.52696 25840
2.56936 26520
2.58197 27200
2.89504 27880
2.90765 28560
2.92026 29240
2.93286 29920
2.94547 30600
2.97069 21080
4.60984 340
4.76207 31960
5.33819 32300
5.83621 22440
6.60529 22780
6.62421 15640
7.65573 340
7.93789 8500
8.53292 5780
9.26033 6120
9.27294 6460
9.28554 6800
9.29815 7140
9.31076 7480
9.54228 7820
9.9247 8160
10.4756 8500
11.6152 5780
12.1913 6120
12.2481 6460
12.2607 6800
12.4229 7140
12.4355 7480
12.5657 7820
12.654 8160
13.1608 8500
13.1797 5780
13.8125 6120
13.8377 6460
13.8882 6800
13.926 4760
14.5778 5100
14.7399 5440
14.7651 5780
14.9269 6120
15.0719 6460
15.4904 6800
16.4998 4760
17.0822 5100
17.2188 5440
17.2314 5780
17.244 6120
17.2755 6460
17.3007 4420
17.8768 4760
17.921 5100
17.9336 5440
18.0407 5780
18.3773 6120
18.4656 6460
20.7448 4420
21.8718 4760
21.8844 5100
21.897 5440
21.9412 5780
22.0168 6120
22.4227 6460
24.4032 4420
25.4861 4760
25.4987 5100
25.5429 5440
25.7302 5780
25.7492 6120
25.9803 6460
28.7978 6800
28.8546 4760
29.4307 5100
29.4748 5440
29.5063 5780
29.5189 6120
29.582 6460
29.95 6800
32.6688 7140
33.0261 7480
33.413 7820
33.4887 8160
33.6337 8500
33.8337 8840
33.9955 9180
34.0396 9520
34.1405 9860
34.4098 10200
34.4224 10540
34.5779 10880
34.5905 11220
34.6157 11560
34.6598 11900
34.7418 12240
34.9859 12580
34.9985 12920
35.154 13260
35.1792 13600
35.2296 13940
35.3305 14280
35.5683 14620
35.5809 14960
35.7364 15300
35.749 15640
35.7869 15980
35.8121 16320
35.8499 16660
35.894 17000
35.9318 17340
35.9571 11900
37.5584 340
37.7106 14620
38.3056 10200
39.1591 10540
39.197 10880
39.2348 11220
39.2852 11560
39.4579 11900
39.5335 12240
39.647 12580
39.792 12920
39.8929 13260
40.1223 13600
40.3618 13940
40.5975 9520
41.1736 9860
41.2682 10200
41.2808 10540
41.306 10880
41.3312 7480
41.9199 7820
41.9956 8160
42.0397 8500
42.0901 8840
42.1406 9180
42.2288 9520
42.4645 9860
42.6474 10200
42.902 10540
43.0533 7140
43.6294 7480
43.7302 7820
43.7618 8160
43.8122 8500
43.8563 8840
43.8752 6120
44.5081 6460
44.5333 6800
44.5774 7140
44.7312 7480
44.8888 7820
44.9266 8160
45.1598 8500
45.6288 8840
45.9212 6120
46.4973 6460
46.6423 6800
46.6549 7140
46.6676 7480
46.7369 7820
46.8819 8160
47.2689 8500
47.4832 8840
47.8261 6120
48.4022 6460
48.4589 6800
48.4715 7140
48.522 4760
49.1107 5100
49.1485 5440
49.1863 3740
50.3197 4080
50.3323 4420
50.3449 4760
50.3764 5100
50.7067 5440
53.4233 5780
53.7574 6120
53.8331 4080
54.4155 4420
54.4533 4760
54.4659 5100
54.5377 5440
54.708 5780
54.8719 3740
55.448 4080
55.511 4420
55.5236 4760
55.5362 5100
55.6182 5440
55.98 5780
56.3102 3740
57.4183 4080
57.4309 4420
57.4435 4760
57.62 5100
57.6327 5440
57.7461 3740
58.3222 4080
58.4042 4420
58.4168 4760
58.4357 5100
58.7849 5440
59.361 3740
60.3304 4080
60.3493 2720
61.9065 340
62.0588 28900
62.6349 29240
62.8177 20400
63.5955 20740
63.6144 21080
63.6271 21420
63.6397 21760
63.6523 22100
63.6649 22440
63.6775 22780
63.6901 23120
63.7027 23460
63.7153 23800
63.7279 24140
63.7405 24480
63.8312 24820
64.033 25160
64.2032 25500
64.3293 25840
64.4427 26180
64.6091 26520
64.7856 26860
64.9117 27200
65.0756 27540
65.2545 27880
65.4626 28220
65.6769 19720
66.8354 20060
67.027 13940
67.5968 14280
67.767 14620
67.7796 14960
67.7922 15300
67.8049 15640
67.8238 15980
67.8427 10880
68.4377 11220
68.5386 11560
68.5512 11900
68.5638 12240
68.5764 12580
68.589 12920
68.6016 13260
68.7491 13600
68.7617 13940
68.9193 14280
69.1147 14620
69.2156 10200
70.3741 10540
70.5804 10880
70.6854 11220
70.698 11560
70.7107 11900
70.7233 12240
70.7359 12580
70.7485 12920
70.8872 13260
71.2805 13600
71.4318 13940
71.844 14280
72.1213 9860
72.6975 10200
73.0592 10540
73.0718 10880
73.0845 11220
73.0971 11560
73.1097 11900
73.1223 12240
73.1727 12580
73.1853 12920
73.6417 13260
73.6543 13600
74.2241 13940
74.3376 14280
74.9326 9860
76.0848 10200
76.1731 10540
76.1857 10880
76.1983 11220
76.2109 11560
76.5411 11900
76.5538 12240
76.5664 12580
76.579 12920
76.5916 13260
77.1236 13600
77.3316 9520
77.9077 9860
78.2821 10200
78.2947 10540
78.3073 10880
78.3199 11220
78.3325 11560
78.3451 11900
78.3577 12240
78.4082 12580
78.915 12920
79.0789 13260
79.6298 13600
80.0357 9520
80.6118 9860
80.6937 10200
80.7063 10540
80.7189 10880
80.7316 11220
80.7442 11560
80.8261 11900
81.1879 12240
81.3707 8500
81.9468 8840
82.2162 9180
82.3338 9520
82.3464 9860
82.359 10200
82.4221 10540
82.4347 10880
82.4473 11220
82.7355 11560
83.036 11900
83.6058 12240
85.822 12580
85.967 8500
87.1193 8840
87.1949 9180
87.376 9520
87.439 9860
87.5567 10200
87.5693 10540
87.5819 10880
87.5945 11220
87.6323 11560
87.6891 11900
87.9521 12240
88.2211 8500
88.7972 8840
88.9296 9180
89.1043 9520
89.1169 9860
89.18 10200
89.1926 10540
89.2913 10880
89.3039 11220
89.6805 11560
89.8801 11900
90.3385 12240
92.5799 8500
93.1561 8840
93.2632 9180
93.2758 9520
93.3557 9860
93.3683 10200
93.3809 10540
93.3935 10880
93.4439 11220
93.7259 11560
93.9381 11900
94.2705 12240
95.0966 8500
95.6727 8840
95.7484 9180
95.761 9520
95.7736 9860
95.7862 10200
95.7988 10540
95.8114 10880
96.1564 11220
96.4064 11560
96.8187 11900
96.97 8160
97.5461 8500
97.7965 8840
97.8974 9180
97.91 9520
97.9772 9860
97.9898 10200
98.0024 10540
98.0591 10880
98.3285 11220
98.6416 11560
99.0748 11900
99.7434 8160
100.319 8500
100.42 8840
100.433 9180
100.446 9520
100.69 6460
101.266 6800
101.459 7140
101.472 7480
101.484 7820
101.573 8160
101.591 8500
101.604 8840
101.842 9180
102.161 9520
102.63 6460
103.206 6800
103.326 7140
103.339 7480
103.351 7820
103.364 8160
103.377 8500
103.776 8840
104.109 9180
104.554 9520
105.725 6460
106.301 6800
106.663 7140
106.676 7480
106.688 7820
106.802 8160
106.814 8500
106.84 8840
106.858 9180
107.245 9520
107.378 6460
108.53 6800
108.593 4760
109.163 5100
109.556 5440
109.569 5780
109.581 6120
109.695 4080
110.847 4420
110.91 4760
111.297 5100
111.31 5440
111.322 5780
111.493 6120
114.209 6460
114.792 6800
114.804 7140
114.899 7480
115.181 7820
115.374 8160
115.45 8500
115.757 8840
115.95 9180
115.963 9520
116.001 9860
116.026 6800
116.621 7140
116.909 7480
116.922 7820
117.109 8160
117.121 8500
117.134 8840
117.184 9180
117.704 9520
118.293 9860
120.341 10200
120.591 10540
120.923 10880
121.173 11220
121.274 11560
121.581 11900
121.793 12240
121.844 12580
122.082 12920
122.138 13260
122.332 13600
122.369 13940
122.42 14280
122.458 14620
122.658 14960
122.721 15300
122.908 15640
122.933 15980
122.958 16320
122.996 16660
123.034 17000
123.059 17340
123.234 17680
123.259 18020
123.303 18360
123.328 18700
123.496 19040
123.528 19380
123.547 13260
124.705 13600
124.819 9520
125.858 9860
125.87 10200
125.965 10540
126.159 7140
126.735 7480
126.959 7820
126.972 8160
126.985 8500
126.997 8840
127.01 9180
127.023 9520
127.304 9860
127.323 6800
127.906 7140
128.168 7480
128.181 7820
128.194 8160
128.206 8500
128.219 8840
128.231 9180
128.751 9520
129.34 9860
131.594 10200
131.945 10540
132.176 10880
132.308 11220
132.527 11560
132.765 11900
132.853 8160
133.429 8500
133.505 8840
133.517 9180
133.53 9520
133.68 9860
133.692 10200
133.974 10540
134.131 10880
134.312 7480
134.889 7820
135.233 8160
135.258 8500
135.271 8840
135.284 9180
135.296 9520
135.309 9860
135.684 10200
135.897 10540
136.06 7140
136.636 7480
137.025 7820
137.037 8160
137.05 8500
137.062 8840
137.075 9180
137.088 9520
137.607 9860
137.632 10200
138.221 10540
140.513 10880
140.688 11220
141.089 11560
141.139 11900
141.489 12240
141.671 12580
141.696 12920
141.772 8840
142.355 9180
142.43 9520
142.641 9860
142.823 10200
142.836 10540
142.849 10880
142.861 11220
142.874 11560
142.924 11900
143.425 12240
143.538 12580
144.127 12920
144.64 8840
145.216 9180
145.298 9520
145.311 9860
145.323 10200
145.528 10540
145.541 10880
145.704 11220
145.717 11560
145.786 11900
146.11 8160
147.263 8500
147.483 5780
148.046 6120
148.116 6460
148.179 6800
148.191 7140
148.204 7480
148.446 7820
148.991 8160
149.388 5440
150.54 5780
150.746 6120
150.952 6460
150.965 6800
151.009 7140
151.078 7480
151.103 5100
151.68 5440
152.111 5780
152.123 6120
152.136 6460
152.167 6800
152.23 7140
152.693 7480
155.061 7820
155.149 5440
155.725 5780
156.181 6120
156.194 6460
156.207 6800
156.219 7140
156.232 7480
156.507 7820
159.106 8160
159.607 8500
159.701 8840
159.977 9180
160.183 9520
160.239 9860
160.34 10200
160.559 10540
160.772 10880
160.872 11220
160.948 11560
161.335 11900
161.348 12240
161.417 12580
161.455 12920
161.492 13260
161.543 13600
161.724 13940
161.918 14280
161.943 14620
161.987 14960
162.012 15300
162.037 10540
163.202 10880
163.278 11220
163.29 11560
163.303 11900
163.315 12240
163.459 12580
163.646 12920
163.715 13260
163.791 13600
164.041 13940
164.297 14280
164.48 14620
164.886 14960
165.475 15300
165.969 10540
166.545 10880
166.652 11220
166.665 11560
166.677 11900
166.69 12240
166.703 12580
166.715 12920
166.778 13260
167.109 13600
167.247 13940
167.373 14280
167.823 9860
168.4 10200
168.488 10540
168.5 10880
168.513 11220
168.526 11560
168.538 11900
168.551 12240
168.863 12580
169.083 12920
169.196 13260
169.659 9180
170.811 9520
170.899 6460
171.469 6800
171.737 7140
171.756 7480
171.85 7820
171.863 8160
171.951 8500
171.963 8840
172.426 9180
172.902 6120
173.478 6460
173.679 6800
173.692 7140
173.704 7480
173.717 7820
173.73 8160
174.054 8500
174.375 8840
174.882 9180
177.155 9520
177.536 9860
177.731 10200
177.876 10540
178.118 10880
178.37 11220
178.707 7820
179.859 8160
180.065 8500
180.086 8840
180.098 9180
180.111 9520
180.13 9860
180.18 6800
180.769 7140
181.238 7480
181.251 7820
181.263 8160
181.276 8500
181.288 8840
181.301 9180
181.333 6120
182.94 340
183.092 16320
183.675 11220
184.245 11560
184.276 7820
184.997 8160
185.048 8500
185.092 5780
186.231 6120
186.244 6460
186.257 6800
186.294 7140
186.307 7480
186.345 5100
186.934 5440
187.138 5780
187.15 6120
187.264 6460
187.352 6800
187.497 7140
188.023 7480
190.315 7820
190.721 8160
190.903 8500
190.998 5780
191.873 6120
191.885 6460
191.898 6800
191.917 7140
191.936 7480
192.043 7820
192.35 8160
192.651 8500
193.639 5780
194.215 6120
194.278 6460
194.297 6800
194.329 7140
194.341 7480
194.404 7820
194.917 8160
195.493 8500
197.077 5780
197.653 6120
197.81 6460
197.836 6800
197.848 7140
197.873 7480
197.937 5100
198.513 5440
198.988 5780
199.001 6120
199.013 6460
199.026 6800
199.038 7140
199.57 7480
201.9 7820
202.201 5440
202.777 5780
203.096 6120
203.109 6460
203.122 6800
203.134 7140
203.147 7480
203.566 7820
205.458 5440
206.61 5780
206.81 6120
206.822 6460
207.029 6800
207.154 7140
207.18 4760
207.756 5100
207.975 5440
207.987 5780
208.181 6120
208.194 6460
208.313 6800
208.544 7140
210.06 4760
210.636 5100
210.887 5440
210.899 5780
211.068 6120
211.08 6460
211.093 6800
211.419 7140
214.08 7480
214.362 7820
214.656 8160
214.882 8500
215.107 8840
215.12 9180
215.258 9520
215.464 9860
215.508 10200
215.683 10540
215.696 10880
215.733 7480
216.322 7820
216.616 8160
216.629 8500
216.667 8840
216.679 9180
216.692 9520
216.835 9860
216.848 10200
217.111 10540
217.487 10880
218.595 7480
219.171 7820
219.241 8160
219.422 8500
219.51 8840
219.522 9180
219.535 9520
219.56 9860
219.573 10200
220.098 10540
220.681 10880
221.257 7480
222.833 340
222.991 13600
223.586 9520
224.39 9860
224.402 10200
224.415 10540
224.427 10880
224.726 11220
224.739 11560
224.751 11900
224.764 12240
224.896 12580
225.315 12920
225.542 13260
226.086 13600
226.581 9520
227.157 9860
227.258 10200
227.27 10540
227.283 10880
227.295 11220
227.308 11560
227.321 11900
227.67 12240
227.916 12580
228.258 12920
228.511 13260
229.093 13600
230.031 9520
231.62 340
231.772 7820
232.373 5440
233.576 5780
233.588 6120
233.614 6460
233.626 6800
233.639 7140
233.933 7480
234.24 7820
234.779 5440
235.906 5780
235.918 6120
235.931 6460
235.975 6800
235.987 7140
236.244 7480
236.564 7820
239.337 8160
239.701 8500
239.913 8840
240.083 9180
240.283 9520
240.489 9860
240.514 10200
240.666 10540
240.872 10880
241.109 11220
241.154 7820
241.73 8160
241.843 8500
241.862 8840
242.018 9180
242.031 9520
242.043 9860
242.274 10200
242.613 10540
242.863 10880
243.452 11220
245.494 11560
245.895 11900
246.07 12240
246.269 8500
246.845 8840
246.921 9180
247.053 9520
247.066 9860
247.079 10200
247.091 10540
247.104 10880
247.422 11220
247.63 11560
248.004 11900
248.307 12240
248.969 8500
249.545 8840
249.758 9180
249.934 9520
249.947 9860
249.959 10200
249.972 10540
249.984 10880
249.997 11220
250.34 11560
250.636 11900
251.181 12240
253.429 8500
254.005 8840
254.08 9180
254.093 9520
254.106 9860
254.124 10200
254.137 10540
254.15 10880
254.398 11220
254.574 11560
254.738 11900
255.151 12240
257.886 12580
258.157 12920
258.469 13260
258.633 13600
258.771 13940
259.051 14280
259.064 14620
259.341 14960
259.467 15300
259.652 15640
259.892 10880
261.468 340
261.62 4080
262.196 26180
262.791 18020
263.431 18360
263.582 12580
264.145 12920
264.271 13260
264.284 13600
264.297 13940
264.309 14280
264.322 14620
264.334 14960
264.347 15300
264.366 15640
264.545 15980
264.873 16320
264.974 16660
265.127 17000
265.487 11900
267.063 340
267.215 13260
267.81 9180
268.626 9520
268.638 9860
268.651 10200
268.676 10540
268.739 10880
268.975 11220
269.019 7820
270.57 340
270.722 17680
271.324 18020
271.919 12580
272.722 12920
272.734 13260
272.747 13600
272.759 13940
272.772 14280
272.785 14620
272.797 14960
272.917 15300
273.209 10540
274.336 10880
274.355 7480
275.489 7820
275.501 8160
275.514 8500
275.653 8840
275.672 6120
277.229 340
277.381 26860
277.957 27200
278.064 19040
279.417 340
279.536 18020
280.115 18360
280.711 12580
281.337 12920
281.356 8840
281.964 9180
282.046 6120
282.609 6460
282.672 4420
283.336 4760
283.355 5100
283.368 5440
283.381 5780
283.53 6120
283.913 6460
286.535 6800
286.894 7140
287.142 7480
287.369 7820
287.563 8160
287.655 8500
287.794 8840
287.945 9180
288.002 9520
288.139 9860
288.219 10200
288.301 10540
288.37 10880
288.522 11220
288.534 11560
288.597 11900
288.728 12240
288.808 12580
288.959 12920
289.104 13260
289.173 13600
289.291 13940
289.34 14280
289.415 14620
289.478 14960
289.56 15300
289.693 15640
289.737 15980
289.781 16320
289.867 11220
290.444 11560
290.593 11900
290.605 12240
290.618 12580
290.637 12920
290.649 13260
290.675 13600
290.719 13940
290.895 14280
291.2 14620
291.308 14960
291.503 15300
291.84 15640
292.073 15980
292.365 10880
292.941 11220
293.055 11560
293.067 11900
293.168 12240
293.181 12580
293.193 12920
293.206 13260
293.219 13600
293.343 13940
293.744 9520
294.897 9860
294.985 6800
296.561 340
296.713 13260
296.726 13600
296.806 13940
297.302 9520
298.212 9860
298.265 6800
299.364 7140
299.377 7480
299.39 7820
299.417 8160
299.726 8500
299.739 8840
299.764 9180
299.89 9520
299.978 6460
300.554 6800
300.904 7140
300.916 7480
300.929 7820
300.948 8160
300.967 8500
301.036 8840
301.105 6120
301.694 6460
302.068 6800
302.081 7140
302.119 7480
302.157 7820
302.232 8160
302.708 8500
303.296 8840
303.898 6120
304.474 6460
304.568 6800
304.581 7140
304.594 7480
304.606 7820
304.968 8160
305.157 5440
305.733 5780
305.79 6120
306.126 6460
306.145 6800
306.196 4760
307.348 5100
307.468 5440
307.518 5780
307.731 6120
307.861 6460
307.924 6800
310.643 7140
310.83 4760
311.406 5100
311.583 5440
311.801 5780
311.814 6120
311.925 6460
311.938 6800
312.159 7140
313.685 4760
314.261 5100
314.482 5440
314.701 5780
314.714 6120
314.819 6460
314.831 6800
315.05 7140
317.018 4760
317.594 5100
317.712 5440
317.724 5780
317.737 6120
317.75 6460
317.943 6800
318.288 7140
321.076 7480
321.413 7820
321.644 8160
321.764 8500
321.989 8840
322.227 9180
322.241 9520
322.346 9860
322.565 10200
322.577 10540
322.809 10880
322.822 11220
322.928 11560
323.141 11900
323.154 12240
323.385 12580
323.398 12920
323.504 13260
323.542 13600
323.717 13940
323.736 9520
324.318 9860
324.556 10200
324.569 10540
324.581 10880
324.594 11220
324.663 11560
324.676 11900
324.732 12240
325.151 12580
325.258 12920
325.445 8840
326.308 340
326.31 7820
326.91 5440
327.625 5780
327.637 6120
327.675 6460
328.062 6800
328.15 7140
328.264 7480
328.815 7820
330.606 5440
331.182 5780
331.506 6120
331.531 6460
331.55 6800
331.563 7140
331.575 7480
331.626 5100
332.221 5440
332.252 5780
332.265 6120
332.278 6460
332.29 6800
332.547 7140
332.86 7480
333.949 5100
334.525 5440
334.588 5780
334.601 6120
334.614 6460
334.626 6800
334.851 7140
335.177 7480
337.751 5100
338.333 5440
338.489 5780
338.501 6120
338.514 6460
338.527 6800
338.552 4760
339.147 5100
339.229 5440
339.248 5780
339.267 6120
339.311 6460
339.66 6800
340.45 4760
341.033 5100
341.201 5440
341.214 5780
341.227 6120
341.376 6460
341.546 6800
343.167 4760
343.75 5100
343.794 5440
343.857 5780
343.869 6120
343.907 6460
344.275 6800
344.683 4760
345.68 5100
345.692 5440
345.823 5780
345.985 6120
346.004 6460
346.174 4420
346.75 4760
346.8 5100
346.813 5440
346.832 5780
346.975 6120
347.269 6460
348.321 4420
348.897 4760
348.954 5100
348.985 5440
349.01 5780
349.054 6120
349.448 6460
350.6 4420
351.176 4760
351.271 5100
351.302 5440
351.327 5780
351.371 6120
351.752 6460
354.484 6800
354.897 7140
354.935 4760
355.511 5100
355.804 5440
355.886 5780
356.05 6120
356.069 4080
357.227 4420
357.433 4760
357.538 5100
357.614 5440
357.778 5780
357.791 6120
360.52 6460
360.928 6800
361.102 7140
361.266 7480
361.504 7820
361.615 8160
361.842 8500
361.855 8840
362.087 9180
362.099 9520
362.192 9860
362.267 10200
362.45 10540
362.669 10880
362.694 11220
362.843 11560
363.007 11900
363.02 12240
363.058 12580
363.245 12920
363.258 13260
363.283 13600
363.419 13940
363.445 14280
363.47 14620
363.602 14960
363.627 15300
363.653 15640
363.678 15980
363.821 16320
363.846 16660
363.872 17000
363.932 17340
364.014 17680
364.04 18020
364.065 18360
364.166 18700
364.191 19040
364.229 13260
365.394 13600
365.594 13940
365.606 14280
365.619 14620
365.631 14960
365.661 15300
365.673 15640
365.736 15980
365.894 10880
367.046 11220
367.253 11560
367.341 11900
367.353 12240
367.372 12580
367.391 12920
367.404 13260
367.417 13600
367.429 13940
367.522 14280
367.622 9860
368.199 10200
368.556 10540
368.569 10880
368.581 11220
368.594 11560
368.607 11900
368.619 12240
368.632 12580
369.139 12920
369.164 13260
369.277 13600
369.759 13940
370.341 14280
370.53 9860
371.683 10200
372.095 7140
372.671 7480
372.753 7820
372.765 8160
372.778 8500
372.791 8840
372.816 9180
373.342 9520
373.63 9860
374.031 10200
375.741 7140
376.317 7480
376.38 7820
376.529 8160
376.736 8500
376.811 8840
376.823 9180
376.836 9520
376.849 9860
377.318 10200
377.475 7140
378.051 7480
378.27 7820
378.47 8160
378.483 8500
378.546 8840
378.558 9180
378.571 9520
379.046 9860
379.235 10200
380.819 7140
381.395 7480
381.477 7820
381.495 8160
381.514 5440
382.097 5780
382.328 6120
382.535 6460
382.547 6800
382.629 7140
382.641 7480
382.654 7820
382.917 5440
383.493 5780
383.787 6120
383.8 6460
383.813 6800
383.825 7140
383.838 7480
384.276 7820
386.769 5440
387.345 5780
387.833 6120
387.852 6460
387.871 4420
388.453 4760
388.491 5100
388.503 5440
388.991 5780
389.004 6120
389.029 6460
390.745 4420
391.257 340
391.321 5780
391.916 3740
392.568 4080
392.587 4420
392.599 4760
392.612 5100
392.774 5440
393.093 5780
394.321 3740
394.897 4080
394.942 4420
394.954 4760
395.085 5100
395.285 5440
395.423 5780
396.113 3740
397.214 4080
397.227 4420
397.259 4760
397.465 5100
397.602 5440
397.734 5780
399.569 3740
