0.0 0
0.197244 3400
0.397576 3740
0.40388 4420
0.410184 5100
0.416488 5780
0.422792 6460
0.597475 7140
0.603779 7820
0.610083 8500
0.616387 9180
0.622691 9860
0.628995 10540
0.635299 11220
0.641603 11900
0.647907 12580
0.797375 13260
0.803679 13940
0.809983 14620
0.816287 15300
0.822591 15980
0.828895 16660
0.835199 17340
0.841503 18020
0.847807 18700
0.854111 19380
0.860415 20060
0.866719 20740
0.873023 21420
0.879327 22100
0.885631 22780
0.891935 23460
0.898239 24140
0.904543 24820
0.997275 25500
1.00358 26180
1.00988 26860
1.01619 27540
1.02249 28220
1.02879 28900
1.0351 29580
1.0414 30260
1.04771 30940
1.05401 31620
1.06031 32300
1.06662 32980
1.07292 33660
1.07923 34340
1.08553 35020
1.09183 35700
1.09814 36380
1.10444 37060
1.11075 37740
1.11705 38420
1.12335 39100
1.12966 39780
1.13596 40460
1.14227 41140
1.14857 41820
1.15487 42500
1.16118 43180
1.16748 43860
1.17379 44540
1.18009 45220
1.18639 45900
1.1927 46580
1.199 47260
1.20531 47940
1.21161 48620
1.21791 49300
1.22422 49980
1.23052 50660
1.23683 51340
1.24313 52020
1.24943 52700
1.25574 53380
1.26204 54060
1.26835 54740
1.27465 55420
1.28095 56100
1.28726 56780
1.29356 57460
1.29987 58140
1.30617 58820
1.31247 59500
1.31878 60180
1.32508 60860
1.33139 61540
1.33769 62220
1.34399 62900
1.3503 63580
1.3566 64260
1.36291 64940
1.36921 65620
1.37551 66300
1.38182 66980
1.38812 67660
1.39443 68340
1.40073 69020
1.40703 69700
1.41334 70380
1.41964 71060
1.42595 71740
1.43225 72420
1.43855 73100
1.44486 73780
1.45116 74460
1.45747 75140
1.46377 75820
1.47007 76500
1.47638 77180
1.48268 77860
1.48899 78540
1.49529 79220
1.50159 79900
1.5079 80580
1.5142 81260
1.52051 81940
1.52681 82620
1.53311 83300
1.53942 83980
1.54572 84660
1.55203 85340
1.55833 86020
1.56463 86700
1.57094 87380
1.57724 88060
1.58355 88740
1.58985 89420
1.59615 90100
1.60246 90780
1.60876 91460
1.61507 92140
1.62137 92820
1.62767 93500
1.63398 94180
1.64028 94860
1.64659 95540
1.65289 96220
1.65919 96900
1.6655 97580
1.6718 98260
1.67811 98940
1.68441 99620
1.69071 100300
1.69702 100980
1.70332 101660
1.70963 102340
1.71593 103020
1.72223 103700
1.72854 104380
1.73484 105060
1.74115 105740
1.74745 106420
1.75375 107100
1.76006 107780
1.76636 108460
1.77267 109140
1.77897 109820
1.78527 110500
1.79158 111180
1.79788 111860
1.80419 112540
1.81049 113220
1.81679 113900
1.8231 114580
1.8294 115260
1.83571 115940
1.84201 116620
1.84831 117300
1.85462 117980
1.86092 118660
1.86723 119340
1.87353 120020
1.87983 120700
1.88614 121380
1.89244 122060
1.89875 122740
1.90505 123420
1.91135 124100
1.91766 124780
1.92396 125460
1.93027 126140
1.93657 126820
1.94287 127500
1.94918 128180
1.95548 128860
1.96179 129540
1.96809 130220
1.97439 130900
1.9807 131580
1.987 132260
1.99331 132940
1.99961 133620
2.00591 134300
2.01222 134980
2.01852 135660
2.02483 136340
2.03113 137020
2.03743 137700
2.04374 138380
2.05004 139060
2.05635 139740
2.06265 140420
2.06895 141100
2.07526 141780
2.08156 142460
2.08787 143140
2.09417 143820
2.10047 144500
2.10678 145180
2.11308 145860
2.11939 146540
2.12569 147220
2.13199 147900
2.1383 148580
2.1446 149260
2.15091 149940
2.15721 150620
2.16351 151300
2.16982 151980
2.17612 152660
2.18558 106760
3.89163 340
4.04526 1360
4.24516 1700
4.24831 2720
4.44506 3060
4.44821 4080
4.45767 4420
4.46082 5440
4.64496 5780
4.64811 6800
4.65757 7140
4.66072 8160
4.67017 8500
4.67333 9520
4.68278 9860
4.68593 10880
4.84486 11220
4.84801 12240
4.85747 12580
4.86062 13600
4.87007 13940
4.87323 14960
4.88268 15300
4.88583 16320
4.89529 16660
4.90159 17680
4.9079 18020
4.91105 19040
4.92051 19380
4.92366 20400
4.93311 20740
4.93627 21760
5.04476 22100
5.04791 23120
5.05737 23460
5.06052 24480
5.06997 24820
5.07313 25840
5.08258 26180
5.08573 27200
5.09519 27540
5.09834 28560
5.1078 28900
5.11095 29920
5.12041 30260
5.12356 31280
5.13301 31620
5.13617 32640
5.14562 32980
5.14877 34000
5.15823 34340
5.16138 35360
5.17084 35700
5.17399 36720
5.18345 37060
5.1866 38080
5.19605 38420
5.19921 39440
5.20866 39780
5.21181 40800
5.22127 41140
5.22442 42160
5.23388 42500
5.23703 43520
5.24649 43860
5.24964 44880
5.25909 45220
5.26225 46240
5.2717 46580
5.27485 47600
5.28431 47940
5.28746 48960
5.29692 49300
5.30007 50320
5.30953 50660
5.31268 51680
5.32213 52020
5.32529 53040
5.33474 53380
5.33789 54400
5.34735 54740
5.3505 55760
5.35996 56100
5.36311 57120
5.37257 57460
5.37572 58480
5.38517 58820
5.38833 59840
5.39778 60180
5.40093 61200
5.41039 61540
5.41354 62560
5.423 62900
5.42615 63920
5.43561 64260
5.43876 65280
5.44821 65620
5.45137 66640
5.46082 66980
5.46397 68000
5.47343 68340
5.47658 69360
5.48604 69700
5.48919 70720
5.49865 71060
5.5018 72080
5.51125 72420
5.51441 73440
5.52386 73780
5.52701 74800
5.59005 75140
5.65309 75480
5.71613 75820
5.77917 76160
5.84221 76500
5.90525 76840
5.96829 77180
6.03133 77520
6.09437 77860
6.15741 78200
6.22045 78540
6.24252 54740
7.93596 340
8.40794 680
8.60784 1020
8.61099 1360
8.80774 1700
8.81089 2040
8.81405 2380
8.8172 2720
9.00764 3060
9.01079 3400
9.01395 3740
9.0171 4080
9.02025 4420
9.0234 4760
9.02655 5100
9.02971 5440
9.20754 5780
9.21069 6120
9.21385 6460
9.217 6800
9.22015 7140
9.2233 7480
9.22645 7820
9.22961 8160
9.23276 8500
9.23591 8840
9.23906 9180
9.24221 9520
9.24537 9860
9.24852 10200
9.25167 10540
9.25482 10880
9.40744 11220
9.41059 11560
9.41374 11900
9.4169 12240
9.42005 12580
9.4232 12920
9.42635 13260
9.4295 13600
9.43266 13940
9.43581 14280
9.43896 14620
9.44211 14960
9.44526 15300
9.44842 15640
9.45157 15980
9.45472 16320
9.45787 16660
9.46102 17000
9.46418 17340
9.46733 17680
9.47048 18020
9.47363 18360
9.47678 18700
9.47994 19040
9.48309 19380
9.48624 19720
9.48939 20060
9.49254 20400
9.4957 20740
9.49885 21080
9.502 21420
9.50515 21760
9.60734 22100
9.61049 22440
9.61364 22780
9.6168 23120
9.61995 23460
9.6231 23800
9.62625 24140
9.6294 24480
9.63256 24820
9.63571 25160
9.63886 25500
9.64201 25840
9.64516 26180
9.64832 26520
9.65147 26860
9.65462 27200
9.65777 27540
9.66092 27880
9.66408 28220
9.66723 28560
9.67038 28900
9.67353 29240
9.67668 29580
9.67984 29920
9.68299 30260
9.68614 30600
9.68929 30940
9.69244 31280
9.6956 31620
9.69875 31960
9.7019 32300
9.70505 32640
9.7082 32980
9.71136 33320
9.71451 33660
9.71766 34000
9.72081 34340
9.72396 34680
9.72712 35020
9.73027 35360
9.73342 35700
9.73657 36040
9.73972 36380
9.74288 36720
9.74603 37060
9.74918 37400
9.75233 37740
9.75548 38080
9.81537 38420
9.87841 38760
9.94145 39100
10.0045 39440
10.0675 39780
10.1274 27540
11.4899 340
12.0123 680
12.2122 1020
12.2154 1360
12.4121 1700
12.4153 2040
12.4184 2380
12.4216 2720
12.6215 1700
12.8403 2040
12.8497 2380
13.0213 2720
16.0544 3060
16.4574 3400
16.6573 3740
16.8603 4080
17.0602 4420
17.0665 4760
17.2633 5100
17.4663 5440
17.4727 5780
17.6662 6120
17.6726 6460
17.7041 6800
17.8661 7140
17.8725 7480
18.0692 7820
18.0755 8160
18.0881 8500
18.2723 8840
18.2786 9180
18.3227 9520
18.4721 9860
18.51 10200
18.5478 10540
18.6878 10880
18.7193 11220
18.7445 11560
18.8751 11900
18.894 12240
18.9255 12580
18.9507 12920
19.0782 13260
19.0908 13600
19.1223 13940
19.1475 14280
19.179 14620
19.2812 14960
19.3064 15300
19.3379 15640
19.3632 15980
19.3947 16320
19.4874 16660
19.5126 17000
19.5378 17340
19.5631 17680
19.5946 18020
19.6198 18360
19.6968 18700
19.722 19040
19.7472 19380
19.7787 19720
19.8039 20060
19.8355 20400
19.8935 20740
19.9187 21080
19.9439 21420
19.9692 21760
20.0007 22100
20.0259 22440
20.0574 22780
20.0966 23120
20.1281 23460
20.1533 23800
20.1848 24140
20.2163 24480
20.2416 24820
20.2668 25160
20.2983 25500
20.3235 25840
20.355 26180
20.3802 26520
20.4118 26860
20.437 27200
20.4685 27540
20.4937 27880
20.5189 28220
20.5505 28560
20.5757 28900
20.6072 29240
20.6324 29580
20.6576 29920
20.6828 30260
20.7081 30600
20.7333 30940
20.7648 31280
20.79 31620
20.8152 31960
20.8404 32300
20.8657 32640
20.8909 32980
20.9161 33320
20.9413 33660
20.9665 34000
20.9917 34340
21.0169 34680
21.0422 35020
21.0611 35360
21.0863 35700
21.1115 36040
21.1367 36380
21.1556 36720
21.1809 37060
21.1998 37400
21.225 37740
21.2439 38080
21.2691 38420
21.2943 38760
21.3132 39100
21.3385 39440
21.3574 39780
21.3826 40120
21.4015 40460
21.4267 40800
21.4456 41140
21.4708 41480
21.4897 41820
21.515 42160
21.5339 42500
21.5591 42840
21.578 43180
21.5969 43520
21.6221 43860
21.641 44200
21.66 44540
21.6789 44880
21.6978 45220
21.723 45560
21.7419 45900
21.7608 46240
21.7797 46580
21.7986 46920
21.8176 47260
21.8365 47600
21.8554 47940
21.8743 48280
21.8932 48620
21.9121 48960
21.931 49300
21.9499 49640
21.9689 49980
21.9878 50320
22.0067 50660
22.0256 51000
22.0445 51340
22.0634 51680
22.0823 52020
22.1012 52360
22.1201 52700
22.1391 53040
22.158 53380
22.1769 53720
22.1958 54060
22.2147 54400
22.2336 54740
22.2525 55080
22.2714 55420
22.2904 55760
22.3093 56100
22.3282 56440
22.3408 56780
22.3597 57120
22.3786 57460
22.3975 57800
22.4101 58140
22.429 58480
22.4417 58820
22.4606 59160
22.4795 59500
22.4921 59840
22.511 60180
22.5236 60520
22.5362 60860
22.5551 61200
22.574 61540
22.5866 61880
22.5993 62220
22.6182 62560
22.6308 62900
22.6497 63240
22.6623 63580
22.6812 63920
22.6938 64260
22.7127 64600
22.7253 64940
22.7442 65280
22.7569 65620
22.7758 65960
22.7884 66300
22.8073 66640
22.8199 66980
22.8388 67320
22.8514 67660
22.8703 68000
22.8829 68340
22.9018 68680
22.9145 69020
22.9334 69360
22.946 69700
22.9649 70040
22.9775 70380
22.9964 70720
23.009 71060
23.0279 71400
23.0405 71740
23.0594 72080
23.0721 72420
23.091 72760
23.1036 73100
23.1225 73440
23.1351 73780
23.154 74120
23.1666 74460
23.1855 74800
23.1981 75140
23.217 75480
23.2297 75820
23.2486 76160
23.2612 76500
23.2801 76840
23.2927 77180
23.3116 77520
23.3242 77860
23.3368 78200
23.3494 78540
23.3683 78880
23.3809 79220
23.3936 79560
23.3999 79900
23.4188 80240
23.4314 80580
23.444 80920
23.4566 81260
23.4692 81600
23.4818 81940
23.5007 82280
23.507 82620
23.5196 82960
23.5322 83300
23.5512 83640
23.5575 83980
23.5701 84320
23.5827 84660
23.5953 85000
23.6142 85340
23.6205 85680
23.6331 86020
23.6457 86360
23.6583 86700
23.6709 87040
23.6835 87380
23.6961 87720
23.7088 88060
23.7214 88400
23.734 88740
23.7466 89080
23.7592 89420
23.7718 89760
23.7844 90100
23.797 90440
23.8096 90780
23.8222 91120
23.8348 91460
23.8474 91800
23.8601 92140
23.8727 92480
23.8853 92820
23.8979 93160
23.9105 93500
23.9231 93840
23.9357 94180
23.9483 94520
23.9609 94860
23.9767 66300
25.6827 340
26.0192 2040
26.2191 3740
26.2348 5440
26.4316 7820
26.4536 9520
26.4694 11220
26.6346 12240
26.6441 14620
26.6662 16320
26.6819 18020
26.6977 19720
26.7134 21420
26.7292 23120
26.8408 25500
26.8629 26520
26.8724 28220
26.8881 29920
26.9039 32300
26.9259 33320
26.9354 35020
26.9512 36720
26.9669 38420
26.9827 40800
27.0047 41820
27.0142 43520
27.03 45220
27.0457 46920
27.1088 47260
27.1718 47600
27.2348 47940
27.2979 48280
27.3609 48620
27.424 48960
27.4397 49300
27.8306 34340
29.1521 340
29.6682 680
29.8681 1020
29.8712 1360
30.068 1700
30.0711 2040
30.0743 2380
30.0774 2720
30.2679 3060
30.271 3400
30.2742 3740
30.2773 4080
30.2805 4420
30.2836 4760
30.2868 5100
30.2899 5440
30.4678 5780
30.4709 6120
30.4741 6460
30.4772 6800
30.4804 7140
30.4835 7480
30.4867 7820
30.4993 5440
30.7906 5780
30.8739 6120
30.8802 6460
30.8865 6800
30.8928 7140
30.9779 7480
31.3304 7820
34.0723 8160
34.3983 8500
34.672 8840
34.8782 9180
35.0074 9520
35.6809 9860
35.7881 10200
35.9124 10540
36.0132 10880
36.1154 11220
36.2037 11560
36.2964 11900
36.3752 12240
36.4931 12580
36.5373 12920
36.6066 13260
36.6962 13600
36.7435 13940
36.8097 14280
36.8961 14620
36.9276 14960
36.9938 15300
37.0474 15640
37.0991 15980
37.1559 16320
37.241 16660
37.3589 17000
37.4062 17340
37.4503 17680
37.5399 18020
37.5872 18360
37.6282 18700
37.666 19040
37.7367 19380
37.7808 19720
37.8249 20060
37.8564 20400
37.9208 20740
37.9586 21080
37.9965 21420
38.0343 21760
38.0721 22100
38.1176 22440
38.1554 22780
38.1869 23120
38.2247 23460
38.2562 23800
38.2941 24140
38.3256 24480
38.3634 24820
38.4012 25160
38.4391 25500
38.4706 25840
38.5021 26180
38.5336 26520
38.5651 26860
38.603 27200
38.6345 27540
38.6723 27880
38.6975 28220
38.729 28560
38.7606 28900
38.7921 29240
38.8236 29580
38.8551 29920
38.8866 30260
38.9119 30600
38.9434 30940
38.9749 31280
39.0064 31620
39.0379 31960
39.0632 32300
39.0947 32640
39.1199 32980
39.1514 33320
39.1766 33660
39.2018 34000
39.2271 34340
39.2586 34680
39.2838 35020
39.3153 35360
39.3342 35700
39.3594 36040
39.3847 36380
39.4099 36720
39.4414 37060
39.4666 37400
39.4855 37740
39.5107 38080
39.536 38420
39.5612 38760
39.5864 39100
39.6116 39440
39.6368 39780
39.662 40120
39.6873 40460
39.7062 40800
39.7314 41140
39.7566 41480
39.7818 41820
39.807 42160
39.8259 42500
39.8512 42840
39.8701 43180
39.8953 43520
39.9205 43860
39.9394 44200
39.9583 44540
39.9835 44880
40.0025 45220
40.0277 45560
40.0466 45900
40.0718 46240
40.0907 46580
40.1159 46920
40.1348 47260
40.1601 47600
40.179 47940
40.2042 48280
40.2231 48620
40.2483 48960
40.2672 49300
40.2861 49640
40.2987 49980
40.324 50320
40.3429 50660
40.3681 51000
40.3807 51340
40.3996 51680
40.4185 52020
40.4374 52360
40.4626 52700
40.4753 53040
40.4942 53380
40.5131 53720
40.532 54060
40.5509 54400
40.5698 54740
40.5887 55080
40.6076 55420
40.6265 55760
40.6455 56100
40.6644 56440
40.6833 56780
40.7022 57120
40.7211 57460
40.74 57800
40.7589 58140
40.7778 58480
40.7968 58820
40.8157 59160
40.8346 59500
40.8535 59840
40.8724 60180
40.8913 60520
40.9102 60860
40.9291 61200
40.9481 61540
40.967 61880
40.9859 62220
41.0048 62560
41.0174 62900
41.03 63240
41.0489 63580
41.0678 63920
41.0804 64260
41.0993 64600
41.112 64940
41.1309 65280
41.1498 65620
41.1624 65960
41.175 66300
41.1939 66640
41.2065 66980
41.2254 67320
41.238 67660
41.2569 68000
41.2696 68340
41.2885 68680
41.3011 69020
41.32 69360
41.3326 69700
41.3515 70040
41.3641 70380
41.383 70720
41.3956 71060
41.4145 71400
41.4272 71740
41.4461 72080
41.4587 72420
41.4776 72760
41.4902 73100
41.5091 73440
41.5217 73780
41.5406 74120
41.5532 74460
41.5721 74800
41.5848 75140
41.6037 75480
41.6163 75820
41.6352 76160
41.6478 76500
41.6667 76840
41.6793 77180
41.6982 77520
41.7108 77860
41.7297 78200
41.7424 78540
41.7613 78880
41.7739 79220
41.7928 79560
41.8054 79900
41.8243 80240
41.8369 80580
41.8558 80920
41.8684 81260
41.8873 81600
41.9 81940
41.9189 82280
41.9315 82620
41.9504 82960
41.9567 83300
41.9756 83640
41.9882 83980
42.0008 84320
42.0134 84660
42.026 85000
42.0386 85340
42.0576 85680
42.0639 86020
42.0765 86360
42.0891 86700
42.108 87040
42.1206 87380
42.1269 87720
42.1395 88060
42.1521 88400
42.171 88740
42.1773 89080
42.1899 89420
42.2025 89760
42.2152 90100
42.2341 90440
42.2404 90780
42.253 91120
42.2656 91460
42.2782 91800
42.2908 92140
42.3034 92480
42.316 92820
42.3286 93160
42.3412 93500
42.3538 93840
42.3633 65620
44.0693 340
44.4216 2040
44.6215 4420
44.8214 6120
44.8371 8500
44.8592 10200
45.0339 12580
45.0559 14280
45.0717 16660
45.0937 18360
45.1095 20740
45.2369 22440
45.2527 24820
45.2747 26520
45.2905 28900
45.3126 30600
45.3283 32980
45.3504 34000
45.3598 36380
45.3819 38080
45.3977 39780
45.4134 41480
45.4368 43180
45.4526 44880
45.4683 47260
45.5314 47600
45.6102 47940
45.6732 48280
45.7363 48620
45.7993 48960
45.8718 34000
47.3194 340
47.7094 680
47.9093 1020
47.9125 1360
48.1092 1700
48.1124 2040
48.1155 2380
48.1187 2720
48.3091 3060
48.3123 3400
48.3154 3740
48.3186 4080
48.3217 4420
48.3249 4760
48.328 5100
48.3312 5440
48.509 5780
48.5122 6120
48.5153 6460
48.5185 6800
48.5216 7140
48.5248 7480
48.5279 7820
48.5311 8160
48.5342 8500
48.5374 8840
48.5405 9180
48.5437 9520
48.5468 9860
48.55 10200
48.5531 10540
48.5563 10880
48.7089 11220
48.7121 11560
48.7152 11900
48.7184 12240
48.7215 12580
48.7247 12920
48.7278 13260
48.731 13600
48.7341 13940
48.7373 14280
48.7404 14620
48.7436 14960
48.7467 15300
48.7499 15640
48.753 15980
48.7562 16320
48.7593 16660
48.7625 17000
48.7656 17340
48.7688 17680
48.7719 18020
48.7751 18360
48.7782 18700
48.7814 19040
48.7846 19380
48.7877 19720
48.7909 20060
48.794 20400
48.7972 20740
48.8003 21080
48.912 14620
49.2965 14960
49.306 15300
49.3123 15640
49.3186 15980
49.3249 16320
49.3501 16660
49.3879 17000
49.4257 17340
49.5045 17680
49.6054 18020
49.6937 18360
49.7945 18700
49.9048 19040
50.0593 19380
50.2295 19720
50.3934 20060
50.5573 20400
50.8662 20740
51.0805 21080
53.5769 21420
53.9331 21760
54.1789 22100
54.3807 22440
54.5414 22780
54.6864 23120
54.8157 23460
54.9354 23800
55.0457 24140
55.1466 24480
55.2695 24820
55.465 25160
55.6005 25500
55.7108 25840
55.8054 26180
55.9031 26520
55.9724 26860
56.0481 27200
56.1395 27540
56.1931 27880
56.2561 28220
56.3349 28560
56.3948 28900
56.4641 29240
56.5272 29580
56.5745 29920
56.6217 30260
56.6848 30600
56.7384 30940
56.8077 31280
56.8928 31620
56.9716 31960
57.041 32300
57.104 32640
57.1639 32980
57.2301 33320
57.2679 33660
57.3183 34000
57.3562 34340
57.4003 34680
57.4539 35020
57.4917 35360
57.5327 35700
57.58 36040
57.6272 36380
57.6651 36720
57.7029 37060
57.7407 37400
57.7785 37740
57.8227 38080
57.8605 38420
57.892 38760
57.933 39100
57.9803 39440
58.0118 39780
58.0433 40120
58.0748 40460
58.1063 40800
58.1379 41140
58.1694 41480
58.2009 41820
58.2324 42160
58.2639 42500
58.2955 42840
58.327 43180
58.368 43520
58.3932 43860
58.4247 44200
58.4499 44540
58.4814 44880
58.5066 45220
58.5382 45560
58.5634 45900
58.5949 46240
58.6201 46580
58.6516 46920
58.6769 47260
58.7021 47600
58.7273 47940
58.7525 48280
58.7872 48620
58.8124 48960
58.8376 49300
58.8628 49640
58.888 49980
58.9133 50320
58.9385 50660
58.9637 51000
58.9889 51340
59.0141 51680
59.033 52020
59.0582 52360
59.0835 52700
59.1087 53040
59.1339 53380
59.1528 53720
59.178 54060
59.1969 54400
59.2253 54740
59.2505 55080
59.2694 55420
59.2946 55760
59.3136 56100
59.3388 56440
59.3577 56780
59.3829 57120
59.4018 57460
59.427 57800
59.4459 58140
59.4712 58480
59.4901 58820
59.5153 59160
59.5342 59500
59.5594 59840
59.5783 60180
59.6035 60520
59.6225 60860
59.6477 61200
59.6666 61540
59.6855 61880
59.7044 62220
59.7233 62560
59.7485 62900
59.7674 63240
59.7801 63580
59.799 63920
59.8179 64260
59.8431 64600
59.862 64940
59.8746 65280
59.8935 65620
59.9124 65960
59.9313 66300
59.9503 66640
59.9692 66980
59.9881 67320
60.007 67660
60.0259 68000
60.0448 68340
60.0637 68680
60.0826 69020
60.1016 69360
60.1205 69700
60.1394 70040
60.1583 70380
60.1772 70720
60.1961 71060
60.215 71400
60.2339 71740
60.2529 72080
60.2718 72420
60.2907 72760
60.3096 73100
60.3285 73440
60.3474 73780
60.3663 74120
60.3852 74460
60.4041 74800
60.4231 75140
60.4357 75480
60.4546 75820
60.4735 76160
60.4924 76500
60.505 76840
60.5239 77180
60.5365 77520
60.5554 77860
60.5681 78200
60.587 78540
60.5996 78880
60.6185 79220
60.6311 79560
60.65 79900
60.6626 80240
60.6815 80580
60.6941 80920
60.713 81260
60.7257 81600
60.7446 81940
60.7572 82280
60.7761 82620
60.7887 82960
60.8076 83300
60.8202 83640
60.8391 83980
60.8517 84320
60.8706 84660
60.8833 85000
60.9022 85340
60.9148 85680
60.9337 86020
60.9463 86360
60.9652 86700
60.9778 87040
60.9967 87380
61.0093 87720
61.0282 88060
61.0409 88400
61.0598 88740
61.0724 89080
61.0913 89420
61.1039 89760
61.1228 90100
61.1354 90440
61.1543 90780
61.1669 91120
61.1858 91460
61.1985 91800
61.2079 64260
62.914 340
63.2851 2720
63.485 4420
63.5007 6800
63.6975 8500
63.7132 10880
63.7353 12580
63.7511 14960
63.91 16660
63.9258 19040
63.9478 20740
63.9636 23120
63.9856 24820
64.0014 27200
64.0235 28900
64.0392 31280
64.1225 32980
64.1383 35360
64.1603 37060
64.1761 39440
64.1981 41140
64.2139 43520
64.236 45220
64.3116 45560
64.3652 45900
64.4251 46240
64.5007 46580
64.5543 46920
64.6142 47260
64.6394 32980
66.0713 340
66.4865 680
66.6864 1020
66.6896 1360
66.8863 1700
66.8895 2040
66.8926 2380
66.8958 2720
67.0862 3060
67.0894 3400
67.0925 3740
67.0957 4080
67.0988 4420
67.102 4760
67.1051 5100
67.1083 5440
67.2861 5780
67.2893 6120
67.2924 6460
67.2956 6800
67.2987 7140
67.3019 7480
67.305 7820
67.3082 8160
67.3113 8500
67.3145 8840
67.3176 9180
67.3208 9520
67.3239 9860
67.3271 10200
67.3302 10540
67.3334 10880
67.486 11220
67.4892 11560
67.4923 11900
67.4955 12240
67.4986 12580
67.5018 12920
67.5049 13260
67.5081 13600
67.5112 13940
67.5144 14280
67.5175 14620
67.5207 14960
67.5238 15300
67.527 15640
67.5301 15980
67.5333 16320
67.5364 16660
67.5396 17000
67.5427 17340
67.5459 17680
67.5585 12240
67.9885 12580
68.0011 12920
68.02 13260
68.0389 13600
68.0641 13940
68.102 14280
68.1524 14620
68.2343 14960
68.2942 15300
68.3793 15640
68.518 15980
68.6378 16320
68.7796 16660
68.994 17000
69.1957 17340
69.4762 17680
72.0609 18020
72.4107 18360
72.6566 18700
72.8583 19040
73.0191 19380
73.1672 19720
73.2965 20060
73.4131 20400
73.5234 20740
73.6274 21080
73.7157 21420
73.8102 21760
73.889 22100
74.0214 22440
74.1916 22780
74.2578 23120
74.3744 23460
74.4974 23800
74.6896 24140
74.8094 24480
74.926 24820
75.0143 25160
75.0868 25500
75.1561 25840
75.2192 26180
75.2885 26520
75.3579 26860
75.4209 27200
75.465 27540
75.5218 27880
75.5848 28220
75.6415 28560
75.6857 28900
75.7424 29240
75.7928 29580
75.837 29920
75.8811 30260
75.9252 30600
75.9757 30940
76.0198 31280
76.0576 31620
76.0954 31960
76.1396 32300
76.1774 32640
76.2215 32980
76.2593 33320
76.2972 33660
76.335 34000
76.3728 34340
76.4106 34680
76.4422 35020
76.4737 35360
76.5115 35700
76.543 36040
76.5808 36380
76.6124 36720
76.6439 37060
76.6754 37400
76.7132 37740
76.7447 38080
76.7763 38420
76.8078 38760
76.8393 39100
76.8708 39440
76.9023 39780
76.9339 40120
76.9591 40460
76.9906 40800
77.0221 41140
77.0536 41480
77.0789 41820
77.1041 42160
77.1356 42500
77.1608 42840
77.1923 43180
77.2175 43520
77.2491 43860
77.2743 44200
77.3058 44540
77.331 44880
77.3499 45220
77.3751 45560
77.4004 45900
77.4319 46240
77.4571 46580
77.4823 46920
77.5075 47260
77.5327 47600
77.558 47940
77.5832 48280
77.6084 48620
77.6336 48960
77.6588 49300
77.684 49640
77.7093 49980
77.7345 50320
77.7597 50660
77.7786 51000
77.7975 51340
77.8227 51680
77.8479 52020
77.8732 52360
77.8921 52700
77.911 53040
77.9362 53380
77.9551 53720
77.9803 54060
77.9992 54400
78.0245 54740
78.0434 55080
78.0686 55420
78.0875 55760
78.1127 56100
78.1316 56440
78.1568 56780
78.1758 57120
78.201 57460
78.2199 57800
78.2451 58140
78.264 58480
78.2892 58820
78.3081 59160
78.3207 59500
78.346 59840
78.3649 60180
78.3838 60520
78.4027 60860
78.4216 61200
78.4405 61540
78.4594 61880
78.4783 62220
78.4973 62560
78.5162 62900
78.5351 63240
78.554 63580
78.5729 63920
78.5918 64260
78.6107 64600
78.6296 64940
78.6486 65280
78.6675 65620
78.6864 65960
78.7053 66300
78.7242 66640
78.7431 66980
78.762 67320
78.7809 67660
78.7999 68000
78.8188 68340
78.8377 68680
78.8566 69020
78.8755 69360
78.8944 69700
78.9133 70040
78.9322 70380
78.9511 70720
78.9701 71060
78.989 71400
79.0079 71740
79.0268 72080
79.0394 72420
79.0583 72760
79.0709 73100
79.0898 73440
79.1087 73780
79.1277 51340
80.275 51680
80.2813 52020
80.2876 52360
80.2939 52700
80.3002 53040
80.3065 53380
80.3128 53720
80.3191 54060
80.3254 54400
80.3695 54740
80.4704 55080
80.5524 55420
80.6154 55760
80.6784 56100
80.7352 56440
80.7919 56780
80.8423 57120
80.8928 57460
80.9432 57800
80.9936 58140
81.0441 58480
81.0882 58820
81.1386 59160
81.1828 59500
81.2332 59840
81.2836 60180
81.3341 60520
81.3845 60860
81.4349 61200
81.4854 61540
81.5358 61880
81.5862 62220
81.6367 62560
81.6871 62900
81.7375 63240
81.7879 63580
81.8384 63920
81.8951 64260
81.9519 64600
82.0086 64940
82.0716 65280
82.1284 65620
82.1914 65960
82.2481 66300
82.3175 66640
82.3805 66980
82.4499 67320
82.5192 67660
82.5949 68000
82.6642 68340
82.7462 68680
82.8218 69020
82.9164 69360
83.0046 69700
83.0992 70040
83.2 70380
83.2946 70720
83.4018 71060
83.5342 71400
83.6665 71740
83.8115 72080
83.9628 72420
84.1646 72760
84.3537 73100
84.6941 73440
85.3749 73780
86.8753 74120
87.2283 74460
87.4742 74800
87.8398 75140
88.1172 75480
88.2432 75820
88.445 76160
88.5963 76500
88.735 76840
88.8673 77180
88.9682 77520
89.0754 77860
89.1699 78200
89.2645 78540
89.3118 54740
91.0178 340
91.4867 12240
91.6865 22780
91.7843 33320
91.9684 70720
92.2868 49300
93.6808 340
94.0014 680
94.2013 1020
94.2045 1360
94.4012 1700
94.4044 2040
94.4075 2380
94.4107 2720
94.6011 3060
94.6043 3400
94.6074 3740
94.6106 4080
94.6137 4420
94.6169 4760
94.6201 5100
94.6232 5440
94.801 5780
94.8042 6120
94.8073 6460
94.8105 6800
94.8136 7140
94.8168 7480
94.82 7820
94.8231 8160
94.8263 8500
94.8294 8840
94.8326 9180
94.8357 9520
94.8389 9860
94.842 10200
94.8452 10540
94.8483 10880
95.0009 11220
95.0041 11560
95.0072 11900
95.0104 12240
95.0135 12580
95.0167 12920
95.0199 13260
95.023 13600
95.0262 13940
95.0293 14280
95.0325 14620
95.0356 14960
95.0388 15300
95.0419 15640
95.0451 15980
95.0482 16320
95.0514 16660
95.0545 17000
95.0577 17340
95.0608 17680
95.064 18020
95.0671 18360
95.0703 18700
95.0734 19040
95.0766 19380
95.0797 19720
95.0829 20060
95.086 20400
95.0892 20740
95.0923 21080
95.0955 21420
95.0987 21760
95.2008 22100
95.204 22440
95.2071 22780
95.2103 23120
95.2134 23460
95.2166 23800
95.2198 24140
95.2229 24480
95.2261 24820
95.2292 25160
95.2324 25500
95.2355 25840
95.2387 26180
95.2418 26520
95.245 26860
95.2481 27200
95.2513 27540
95.2544 27880
95.2576 28220
95.2607 28560
95.2639 28900
95.267 29240
95.2702 29580
95.2733 29920
95.2765 30260
95.2796 30600
95.2828 30940
95.2859 31280
95.2891 31620
95.2922 31960
95.2954 32300
95.2986 32640
95.3017 32980
95.3049 33320
95.308 33660
95.3112 34000
95.3143 34340
95.3332 34680
95.3521 24140
95.9983 24480
96.0109 24820
96.0298 25160
96.0487 25500
96.0676 25840
96.0929 26180
96.1181 26520
96.1433 26860
96.1685 27200
96.2 27540
96.2662 27880
96.3356 28220
96.4049 28560
96.4806 28900
96.5467 29240
96.6224 29580
96.6949 29920
96.7768 30260
96.8556 30600
96.9534 30940
97.0574 31280
97.1582 31620
97.2559 31960
97.3789 32300
97.5144 32640
97.6562 32980
97.8359 33320
98.0093 33660
98.1984 34000
98.4789 34340
99.062 34680
99.7649 24140
100.405 24480
100.411 24820
100.417 25160
100.424 25500
100.43 25840
100.436 26180
100.443 26520
100.449 26860
100.455 27200
100.462 27540
100.468 27880
100.474 28220
100.499 28560
100.588 28900
100.676 29240
100.764 29580
100.859 29920
100.922 30260
101.041 30600
101.149 30940
101.281 31280
101.423 31620
101.558 31960
101.662 32300
101.811 32640
101.99 32980
102.179 33320
102.337 33660
102.608 34000
102.816 34340
103.38 34680
105.325 35020
105.678 35360
105.921 35700
106.119 36040
106.29 36380
106.589 36720
106.788 37060
106.977 37400
107.134 37740
107.257 38080
107.374 38420
107.465 38760
107.576 39100
107.661 39440
107.755 39780
107.837 40120
107.919 40460
107.992 40800
108.058 41140
108.121 41480
108.19 41820
108.253 42160
108.316 42500
108.379 42840
108.439 43180
108.493 43520
108.553 43860
108.609 44200
108.654 44540
108.71 44880
108.754 45220
108.802 45560
108.849 45900
108.893 46240
108.947 46580
108.994 46920
109.035 32640
110.728 340
110.885 3740
111.317 7820
111.517 11560
111.552 14620
111.58 18700
111.745 21760
111.774 25500
111.84 25840
111.903 26180
111.967 18020
112.449 18360
112.462 18700
112.481 19040
112.5 19380
112.519 19720
112.544 20060
112.569 20400
112.601 20740
112.661 21080
112.736 21420
112.799 21760
112.872 22100
112.944 22440
113.036 22780
113.127 23120
113.231 23460
113.338 23800
113.455 24140
113.584 24480
113.723 24820
113.921 25160
114.139 25500
114.344 25840
114.776 26180
117.017 26520
117.373 26860
117.619 27200
117.817 27540
117.981 27880
118.129 28220
118.259 28560
118.463 28900
118.678 29240
118.766 29580
118.933 29920
119.018 30260
119.132 30600
119.229 30940
119.333 31280
119.422 31620
119.507 31960
119.576 32300
119.649 32640
119.712 32980
119.781 33320
119.85 33660
119.92 34000
119.98 34340
120.036 34680
120.102 35020
120.15 35360
120.2 35700
120.26 36040
120.31 36380
120.37 36720
120.433 37060
120.493 37400
120.55 37740
120.607 38080
120.664 38420
120.714 38760
120.761 39100
120.812 39440
120.859 39780
120.894 40120
120.931 40460
120.972 40800
121.02 41140
121.058 41480
121.092 41820
121.127 42160
121.158 42500
121.203 42840
121.231 43180
121.272 43520
121.313 43860
121.354 44200
121.385 44540
121.417 44880
121.442 45220
121.47 45560
121.502 45900
121.543 46240
121.568 46580
121.6 46920
121.634 47260
121.666 47600
121.691 47940
121.716 48280
121.748 48620
121.773 48960
121.811 49300
121.836 49640
121.868 49980
121.893 50320
121.927 50660
121.959 51000
121.984 51340
122.016 51680
122.041 52020
122.066 52360
122.091 52700
122.123 53040
122.148 53380
122.173 53720
122.199 54060
122.224 54400
122.249 54740
122.274 55080
122.299 55420
122.325 55760
122.35 56100
122.375 56440
122.403 56780
122.429 57120
122.454 57460
122.479 57800
122.504 58140
122.529 58480
122.555 58820
122.574 59160
122.593 59500
122.618 59840
122.643 60180
122.662 60520
122.681 60860
122.706 61200
122.725 61540
122.75 61880
122.769 62220
122.794 62560
122.813 62900
122.838 63240
122.857 63580
122.883 63920
122.901 64260
122.927 64600
122.946 64940
122.971 65280
122.99 65620
123.015 65960
123.034 66300
123.059 66640
123.078 66980
123.097 67320
123.122 67660
123.141 68000
123.16 68340
123.179 68680
123.198 69020
123.217 69360
123.236 69700
123.254 70040
123.273 70380
123.292 70720
123.311 71060
123.33 71400
123.349 71740
123.368 72080
123.387 72420
123.406 72760
123.425 73100
123.444 73440
123.462 73780
123.481 74120
123.5 74460
123.519 74800
123.538 75140
123.557 75480
123.576 75820
123.595 76160
123.614 76500
123.633 76840
123.652 77180
123.671 77520
123.689 77860
123.708 78200
123.727 78540
123.746 78880
123.765 79220
123.784 79560
123.803 79900
123.822 80240
123.834 80580
123.853 80920
123.866 81260
123.885 81600
123.904 81940
123.916 82280
123.929 82620
123.948 82960
123.961 83300
123.979 83640
123.992 83980
124.011 84320
124.024 84660
124.042 85000
124.055 85340
124.074 85680
124.087 86020
124.105 86360
124.118 86700
124.137 87040
124.15 87380
124.169 87720
124.181 88060
124.2 88400
124.213 88740
124.232 89080
124.244 89420
124.263 89760
124.276 90100
124.295 90440
124.307 90780
124.329 63240
126.035 340
126.406 2720
126.606 5100
126.628 7480
126.825 9860
126.847 12240
126.869 14620
126.891 17000
127.044 19380
127.066 21080
127.082 23460
127.104 25160
127.12 27540
127.142 29920
127.164 31620
127.18 33320
127.195 35700
127.26 37400
127.275 39780
127.297 41480
127.313 43860
127.335 45560
127.389 45900
127.449 46240
127.524 46580
127.578 46920
127.638 47260
127.701 32980
129.133 340
129.548 680
129.748 1020
129.751 1360
129.948 1700
129.951 2040
129.954 2380
129.957 2720
130.148 3060
130.151 3400
130.154 3740
130.157 4080
130.16 4420
130.163 4760
130.167 5100
130.17 5440
130.348 5780
130.351 6120
130.354 6460
130.357 6800
130.36 7140
130.363 7480
130.367 7820
130.37 8160
130.373 8500
130.376 8840
130.379 9180
130.382 9520
130.385 9860
130.389 10200
130.392 10540
130.395 10880
130.547 11220
130.551 11560
130.554 11900
130.557 12240
130.56 12580
130.563 12920
130.566 13260
130.57 13600
130.573 13940
130.576 14280
130.579 14620
130.582 14960
130.585 15300
130.588 15640
130.592 15980
130.595 16320
130.598 16660
130.601 17000
130.604 17340
130.607 17680
130.62 12240
131.041 12580
131.05 12920
131.056 13260
131.063 13600
131.088 13940
131.119 14280
131.163 14620
131.239 14960
131.321 15300
131.444 15640
131.542 15980
131.671 16320
131.81 16660
132.052 17000
132.238 17340
132.525 17680
135.119 18020
135.472 18360
135.721 18700
135.92 19040
136.084 19380
136.232 19720
136.355 20060
136.481 20400
136.588 20740
136.686 21080
136.78 21420
136.872 21760
136.954 22100
137.061 22440
137.237 22780
137.351 23120
137.449 23460
137.53 23800
137.619 24140
137.682 24480
137.742 24820
137.814 25160
137.887 25500
137.947 25840
138.006 26180
138.073 26520
138.123 26860
138.196 27200
138.334 27540
138.432 27880
138.517 28220
138.583 28560
138.631 28900
138.687 29240
138.741 29580
138.801 29920
138.857 30260
138.905 30600
138.955 30940
138.999 31280
139.05 31620
139.088 31960
139.138 32300
139.182 32640
139.22 32980
139.264 33320
139.296 33660
139.333 34000
139.371 34340
139.412 34680
139.45 35020
139.488 35360
139.519 35700
139.557 36040
139.589 36380
139.62 36720
139.652 37060
139.683 37400
139.721 37740
139.753 38080
139.784 38420
139.816 38760
139.847 39100
139.879 39440
139.91 39780
139.935 40120
139.967 40460
139.992 40800
140.024 41140
140.055 41480
140.087 41820
140.112 42160
140.144 42500
140.169 42840
140.2 43180
140.225 43520
140.257 43860
140.282 44200
140.314 44540
140.333 44880
140.358 45220
140.383 45560
140.408 45900
140.44 46240
140.465 46580
140.484 46920
140.509 47260
140.534 47600
140.56 47940
140.585 48280
140.61 48620
140.635 48960
140.66 49300
140.686 49640
140.711 49980
140.736 50320
140.761 50660
140.78 51000
140.805 51340
140.824 51680
140.85 52020
140.875 52360
140.894 52700
140.919 53040
140.938 53380
140.963 53720
140.982 54060
141.007 54400
141.026 54740
141.051 55080
141.07 55420
141.095 55760
141.114 56100
141.14 56440
141.158 56780
141.184 57120
141.203 57460
141.228 57800
141.247 58140
141.272 58480
141.291 58820
141.31 59160
141.329 59500
141.348 59840
141.373 60180
141.392 60520
141.404 60860
141.423 61200
141.442 61540
141.461 61880
141.486 62220
141.499 62560
141.518 62900
141.537 63240
141.556 63580
141.575 63920
141.593 64260
141.612 64600
141.631 64940
141.65 65280
141.669 65620
141.688 65960
141.707 66300
141.726 66640
141.745 66980
141.764 67320
141.783 67660
141.801 68000
141.82 68340
141.839 68680
141.858 69020
141.877 69360
141.896 69700
141.915 70040
141.934 70380
141.953 70720
141.972 71060
141.991 71400
142.009 71740
142.028 72080
142.047 72420
142.06 72760
142.073 73100
142.091 73440
142.11 73780
142.129 74120
142.142 74460
142.154 74800
142.173 75140
142.186 75480
142.205 75820
142.218 76160
142.236 76500
142.249 76840
142.268 77180
142.281 77520
142.299 77860
142.312 78200
142.331 78540
142.344 78880
142.363 79220
142.375 79560
142.394 79900
142.407 80240
142.426 80580
142.438 80920
142.457 81260
142.47 81600
142.489 81940
142.501 82280
142.52 82620
142.533 82960
142.552 83300
142.564 83640
142.583 83980
142.596 84320
142.615 84660
142.627 85000
142.646 85340
142.659 85680
142.678 86020
142.69 86360
142.709 86700
142.722 87040
142.741 87380
142.753 87720
142.772 88060
142.785 88400
142.804 88740
142.816 89080
142.835 89420
142.848 89760
142.867 90100
142.879 90440
142.898 90780
142.911 91120
142.93 91460
142.942 91800
142.952 64260
144.658 340
145.029 2720
145.229 4420
145.245 6800
145.442 8500
145.457 10880
145.479 12580
145.495 14960
145.654 16660
145.67 19040
145.692 20740
145.708 23120
145.73 24820
145.745 27200
145.767 28900
145.783 31280
145.867 32980
145.882 35360
145.904 37060
145.92 39440
145.942 41140
145.958 43520
145.98 45220
146.056 45560
146.109 45900
146.169 46240
146.245 46580
146.298 46920
146.358 47260
146.383 32980
147.815 340
148.231 680
148.43 1020
148.434 1360
148.63 1700
148.633 2040
148.637 2380
148.64 2720
148.83 3060
148.833 3400
148.837 3740
148.84 4080
148.843 4420
148.846 4760
148.849 5100
148.852 5440
149.03 5780
149.033 6120
149.036 6460
149.04 6800
149.043 7140
149.046 7480
149.049 7820
149.052 8160
149.055 8500
149.058 8840
149.062 9180
149.065 9520
149.068 9860
149.071 10200
149.074 10540
149.077 10880
149.23 11220
149.233 11560
149.236 11900
149.239 12240
149.243 12580
149.246 12920
149.249 13260
149.252 13600
149.255 13940
149.258 14280
149.262 14620
149.265 14960
149.268 15300
149.271 15640
149.274 15980
149.277 16320
149.28 16660
149.284 17000
149.287 17340
149.29 17680
149.303 12240
149.733 12580
149.745 12920
149.764 13260
149.783 13600
149.808 13940
149.846 14280
149.896 14620
149.978 14960
150.038 15300
150.123 15640
150.262 15980
150.382 16320
150.524 16660
150.738 17000
150.94 17340
151.22 17680
151.873 12240
152.197 12580
152.204 12920
152.21 13260
152.216 13600
152.223 13940
152.229 14280
152.235 14620
152.242 14960
152.248 15300
152.342 15640
152.5 15980
152.765 16320
152.897 16660
153.178 17000
153.474 17340
153.764 17680
156.276 18020
156.632 18360
156.875 18700
157.077 19040
157.241 19380
157.389 19720
157.521 20060
157.635 20400
157.748 20740
157.846 21080
157.943 21420
158.029 21760
158.117 22100
158.265 22440
158.407 22780
158.479 23120
158.599 23460
158.687 23800
158.785 24140
158.851 24480
158.968 24820
159.103 25160
159.239 25500
159.296 25840
159.368 26180
159.463 26520
159.529 26860
159.586 27200
159.649 27540
159.712 27880
159.784 28220
159.841 28560
159.885 28900
159.936 29240
159.992 29580
160.04 29920
160.084 30260
160.128 30600
160.172 30940
160.222 31280
160.26 31620
160.298 31960
160.336 32300
160.38 32640
160.418 32980
160.462 33320
160.493 33660
160.531 34000
160.569 34340
160.607 34680
160.645 35020
160.676 35360
160.714 35700
160.746 36040
160.783 36380
160.815 36720
160.846 37060
160.878 37400
160.916 37740
160.947 38080
160.979 38420
161.01 38760
161.042 39100
161.073 39440
161.105 39780
161.136 40120
161.162 40460
161.193 40800
161.225 41140
161.256 41480
161.281 41820
161.307 42160
161.338 42500
161.363 42840
161.395 43180
161.42 43520
161.452 43860
161.477 44200
161.508 44540
161.534 44880
161.553 45220
161.578 45560
161.603 45900
161.634 46240
161.66 46580
161.685 46920
161.71 47260
161.735 47600
161.761 47940
161.786 48280
161.811 48620
161.836 48960
161.861 49300
161.887 49640
161.912 49980
161.937 50320
161.962 50660
161.981 51000
162 51340
162.025 51680
162.051 52020
162.076 52360
162.095 52700
162.114 53040
162.139 53380
162.158 53720
162.183 54060
162.202 54400
162.227 54740
162.246 55080
162.271 55420
162.29 55760
162.315 56100
162.334 56440
162.359 56780
162.378 57120
162.404 57460
162.422 57800
162.448 58140
162.467 58480
162.492 58820
162.511 59160
162.523 59500
162.549 59840
162.567 60180
162.586 60520
162.605 60860
162.624 61200
162.643 61540
162.662 61880
162.681 62220
162.7 62560
162.719 62900
162.738 63240
162.757 63580
162.775 63920
162.794 64260
162.813 64600
162.832 64940
162.851 65280
162.87 65620
162.889 65960
162.908 66300
162.927 66640
162.946 66980
162.965 67320
162.984 67660
163.002 68000
163.021 68340
163.04 68680
163.059 69020
163.078 69360
163.097 69700
163.116 70040
163.135 70380
163.154 70720
163.173 71060
163.192 71400
163.21 71740
163.229 72080
163.242 72420
163.261 72760
163.274 73100
163.292 73440
163.311 73780
163.324 74120
163.337 74460
163.355 74800
163.368 75140
163.387 75480
163.406 75820
163.419 76160
163.431 76500
163.45 76840
163.463 77180
163.482 77520
163.494 77860
163.513 78200
163.526 78540
163.545 78880
163.557 79220
163.576 79560
163.589 79900
163.608 80240
163.62 80580
163.639 80920
163.652 81260
163.671 81600
163.683 81940
163.702 82280
163.715 82620
163.734 82960
163.746 83300
163.765 83640
163.778 83980
163.797 84320
163.809 84660
163.828 85000
163.841 85340
163.86 85680
163.872 86020
163.891 86360
163.904 86700
163.923 87040
163.935 87380
163.954 87720
163.967 88060
163.986 88400
163.998 88740
164.017 89080
164.03 89420
164.049 89760
164.062 90100
164.08 90440
164.093 90780
164.112 91120
164.125 91460
164.147 63920
165.853 340
166.224 2040
166.424 4420
166.624 6120
166.639 8500
166.661 10200
166.836 12580
166.858 14280
166.874 16660
166.896 18360
166.912 20740
167.039 22440
167.055 24820
167.077 26520
167.093 28900
167.115 30600
167.131 32980
167.153 34680
167.168 37060
167.19 38760
167.206 41140
167.228 42840
167.252 45220
167.312 45560
167.365 45900
167.441 46240
167.501 46580
167.554 46920
167.639 32640
169.068 340
169.49 680
169.689 1020
169.693 1360
169.889 1700
169.893 2040
169.896 2380
169.899 2720
170.089 3060
170.092 3400
170.096 3740
170.099 4080
170.102 4420
170.105 4760
170.108 5100
170.111 5440
170.289 5780
170.292 6120
170.295 6460
170.299 6800
170.302 7140
170.305 7480
170.308 7820
170.311 8160
170.314 8500
170.318 8840
170.321 9180
170.324 9520
170.327 9860
170.33 10200
170.333 10540
170.336 10880
170.489 11220
170.492 11560
170.495 11900
170.499 12240
170.502 12580
170.505 12920
170.508 13260
170.511 13600
170.514 13940
170.517 14280
170.521 14620
170.524 14960
170.527 15300
170.53 15640
170.533 15980
170.536 16320
170.54 16660
170.543 17000
170.555 11900
170.963 12240
170.973 12580
170.979 12920
170.985 13260
171.004 13600
171.036 13940
171.089 14280
171.178 14620
171.288 14960
171.42 15300
171.553 15640
171.679 15980
171.902 16320
172.082 16660
172.375 17000
174.973 17340
175.326 17680
175.568 18020
175.77 18360
175.934 18700
176.085 19040
176.208 19380
176.325 19720
176.435 20060
176.539 20400
176.63 20740
176.719 21080
176.807 21420
176.965 21760
177.031 22100
177.141 22440
177.264 22780
177.381 23120
177.567 23460
177.721 23800
177.806 24140
177.907 24480
177.995 24820
178.058 25160
178.134 25500
178.197 25840
178.27 26180
178.333 26520
178.389 26860
178.452 27200
178.503 27540
178.553 27880
178.604 28220
178.654 28560
178.705 28900
178.749 29240
178.793 29580
178.837 29920
178.881 30260
178.925 30600
178.963 30940
179.001 31280
179.045 31620
179.083 31960
179.127 32300
179.165 32640
179.196 32980
179.234 33320
179.272 33660
179.31 34000
179.348 34340
179.385 34680
179.417 35020
179.455 35360
179.486 35700
179.524 36040
179.549 36380
179.581 36720
179.612 37060
179.644 37400
179.682 37740
179.713 38080
179.745 38420
179.776 38760
179.808 39100
179.839 39440
179.864 39780
179.89 40120
179.921 40460
179.946 40800
179.978 41140
180.009 41480
180.035 41820
180.066 42160
180.091 42500
180.123 42840
180.148 43180
180.18 43520
180.205 43860
180.236 44200
180.262 44540
180.281 44880
180.306 45220
180.331 45560
180.356 45900
180.388 46240
180.407 46580
180.432 46920
180.457 47260
180.482 47600
180.507 47940
180.533 48280
180.558 48620
180.583 48960
180.608 49300
180.634 49640
180.659 49980
180.684 50320
180.703 50660
180.728 51000
180.747 51340
180.772 51680
180.797 52020
180.816 52360
180.835 52700
180.86 53040
180.879 53380
180.905 53720
180.924 54060
180.949 54400
180.968 54740
180.993 55080
181.012 55420
181.037 55760
181.056 56100
181.081 56440
181.1 56780
181.125 57120
181.144 57460
181.169 57800
181.188 58140
181.213 58480
181.232 58820
181.245 59160
181.264 59500
181.289 59840
181.308 60180
181.327 60520
181.346 60860
181.365 61200
181.384 61540
181.403 61880
181.422 62220
181.44 62560
181.459 62900
181.478 63240
181.497 63580
181.516 63920
181.535 64260
181.554 64600
181.573 64940
181.592 65280
181.611 65620
181.63 65960
181.648 66300
181.667 66640
181.686 66980
181.705 67320
181.724 67660
181.743 68000
181.762 68340
181.781 68680
181.8 69020
181.819 69360
181.838 69700
181.857 70040
181.875 70380
181.894 70720
181.907 71060
181.926 71400
181.945 71740
181.964 72080
181.976 72420
181.989 72760
182.008 73100
182.02 73440
182.039 73780
182.058 74120
182.071 74460
182.09 74800
182.102 75140
182.121 75480
182.134 75820
182.153 76160
182.165 76500
182.184 76840
182.197 77180
182.216 77520
182.228 77860
182.247 78200
182.26 78540
182.279 78880
182.291 79220
182.31 79560
182.323 79900
182.342 80240
182.355 80580
182.373 80920
182.386 81260
182.405 81600
182.418 81940
182.436 82280
182.449 82620
182.468 82960
182.481 83300
182.5 83640
182.512 83980
182.531 84320
182.544 84660
182.563 85000
182.575 85340
182.594 85680
182.607 86020
182.626 86360
182.638 86700
182.657 87040
182.67 87380
182.689 87720
182.701 88060
182.72 88400
182.733 88740
182.752 89080
182.764 89420
182.783 89760
182.796 90100
182.815 90440
182.827 90780
182.846 91120
182.859 91460
182.871 91800
182.881 64260
184.587 340
184.958 2040
185.158 4420
185.358 6120
185.374 8500
185.396 10200
185.57 12580
185.592 14280
185.608 16660
185.63 18360
185.646 20740
185.773 22440
185.789 24820
185.811 26520
185.827 28900
185.849 30600
185.865 32980
185.887 34680
185.903 37060
185.925 38760
185.94 41140
185.963 42840
185.986 45220
186.062 45560
186.121 45900
186.175 46240
186.251 46580
186.311 46920
187.348 340
187.948 680
188.151 1360
188.354 2040
188.361 2720
188.557 3400
188.564 4080
188.57 4760
188.576 5440
188.76 6120
188.767 6800
188.773 7480
188.779 8160
188.786 8840
188.792 9520
188.798 10200
188.805 10880
188.963 11560
188.97 12240
188.976 12920
188.982 13600
188.989 14280
188.995 14960
189.001 15640
189.008 16320
189.014 17000
189.02 17680
189.027 18360
189.033 19040
189.039 19720
189.045 20400
189.052 21080
189.058 21760
189.167 22440
189.173 23120
189.179 23800
189.185 24480
189.192 25160
189.198 25840
189.204 26520
189.211 27200
189.217 27880
189.223 28560
189.23 29240
189.236 29920
189.242 30600
189.248 31280
189.255 31960
189.261 32640
189.28 32980
189.343 33320
189.407 33660
189.47 34000
189.533 34340
189.597 34680
189.66 35020
189.723 35360
189.786 35700
189.849 36040
189.912 36380
189.975 36720
190.038 37060
190.101 37400
190.164 37740
190.227 38080
190.29 38420
190.353 38760
190.416 39100
190.479 39440
190.542 39780
190.605 40120
190.668 40460
190.731 40800
190.794 41140
190.857 41480
190.92 41820
190.983 42160
191.046 42500
191.109 42840
191.173 43180
191.236 43520
191.299 43860
191.362 44200
191.425 44540
191.488 44880
191.551 45220
191.614 45560
191.677 45900
191.74 46240
191.803 46580
191.866 46920
191.929 47260
191.992 47600
192.055 47940
192.118 48280
192.181 48620
192.244 48960
192.307 49300
192.37 49640
192.433 49980
192.496 50320
192.559 50660
192.622 51000
192.685 51340
192.749 51680
192.812 52020
192.875 52360
192.938 52700
193.001 53040
193.064 53380
193.127 53720
193.19 54060
193.253 54400
193.316 54740
193.379 55080
193.442 55420
193.505 55760
193.568 56100
193.631 56440
193.694 56780
193.757 57120
193.82 57460
193.883 57800
193.946 58140
194.009 58480
194.072 58820
194.135 59160
194.198 59500
194.261 59840
194.325 60180
194.388 60520
194.451 60860
194.514 61200
194.577 61540
194.64 61880
194.703 62220
194.766 62560
194.829 62900
194.892 63240
194.955 63580
195.018 63920
195.081 64260
195.144 64600
195.207 64940
195.27 65280
195.333 65620
195.396 65960
195.459 66300
195.522 66640
195.579 66980
195.623 67320
195.667 67660
195.711 68000
195.749 68340
195.781 68680
195.819 69020
195.85 69360
195.882 69700
195.913 70040
195.938 70380
195.97 70720
195.995 71060
196.027 71400
196.052 71740
196.077 72080
196.102 72420
196.127 72760
196.153 73100
196.178 73440
196.203 73780
196.228 74120
196.254 74460
196.272 74800
196.298 75140
196.317 75480
196.342 75820
196.361 76160
196.386 76500
196.405 76840
196.43 77180
196.449 77520
196.474 77860
196.493 78200
196.518 78540
196.537 78880
196.556 79220
196.575 79560
196.594 79900
196.613 80240
196.632 80580
196.651 80920
196.67 81260
196.689 81600
196.707 81940
196.726 82280
196.745 82620
196.764 82960
196.783 83300
196.802 83640
196.821 83980
196.84 84320
196.859 84660
196.878 85000
196.897 85340
196.915 85680
196.934 86020
196.953 86360
196.972 86700
196.991 87040
197.01 87380
197.029 87720
197.048 88060
197.067 88400
197.086 88740
197.101 61880
198.807 340
199.198 3400
199.397 5780
199.419 8840
199.616 11220
199.638 13600
199.66 15980
199.682 18360
199.822 20740
199.844 23120
199.87 25500
199.889 27880
199.911 30260
199.933 32640
199.955 35020
199.977 37400
200.029 39780
200.051 42160
200.073 44540
200.139 44880
200.205 45220
200.271 45560
200.315 45900
200.382 46240
200.435 32300
201.858 340
202.292 680
202.492 1020
202.495 1360
202.692 1700
202.695 2040
202.698 2380
202.701 2720
202.891 3060
202.895 3400
202.898 3740
202.901 4080
202.904 4420
202.907 4760
202.91 5100
202.914 5440
203.091 5780
203.095 6120
203.098 6460
203.101 6800
203.104 7140
203.107 7480
203.11 7820
203.113 8160
203.117 8500
203.12 8840
203.123 9180
203.126 9520
203.129 9860
203.132 10200
203.136 10540
203.139 10880
203.291 11220
203.294 11560
203.298 11900
203.301 12240
203.304 12580
203.307 12920
203.31 13260
203.313 13600
203.316 13940
203.32 14280
203.323 14620
203.326 14960
203.329 15300
203.332 15640
203.345 10880
203.728 11220
203.737 11560
203.743 11900
203.762 12240
203.794 12580
203.832 12920
203.895 13260
203.977 13600
204.084 13940
204.204 14280
204.339 14620
204.569 14960
204.821 15300
205.073 15640
207.655 15980
208.014 16320
208.254 16660
208.452 17000
208.623 17340
208.768 17680
208.897 18020
209.013 18360
209.121 18700
209.225 19040
209.322 19380
209.404 19720
209.493 20060
209.568 20400
209.647 20740
209.738 21080
209.902 21420
210.063 21760
210.268 22100
210.394 22440
210.536 22780
210.608 23120
210.684 23460
210.779 23800
210.848 24140
210.905 24480
210.961 24820
211.037 25160
211.094 25500
211.151 25840
211.214 26180
211.264 26520
211.308 26860
211.352 27200
211.403 27540
211.453 27880
211.504 28220
211.541 28560
211.579 28900
211.623 29240
211.667 29580
211.712 29920
211.749 30260
211.787 30600
211.825 30940
211.869 31280
211.907 31620
211.945 31960
211.976 32300
212.014 32640
212.052 32980
212.09 33320
212.128 33660
212.153 34000
212.191 34340
212.222 34680
212.26 35020
212.292 35360
212.323 35700
212.355 36040
212.386 36380
212.418 36720
212.449 37060
212.481 37400
212.512 37740
212.544 38080
212.575 38420
212.607 38760
212.632 39100
212.657 39440
212.689 39780
212.714 40120
212.745 40460
212.771 40800
212.802 41140
212.827 41480
212.859 41820
212.884 42160
212.909 42500
212.935 42840
212.966 43180
212.991 43520
213.023 43860
213.042 44200
213.067 44540
213.092 44880
213.117 45220
213.143 45560
213.168 45900
213.193 46240
213.218 46580
213.243 46920
213.269 47260
213.294 47600
213.319 47940
213.344 48280
213.363 48620
213.388 48960
213.414 49300
213.439 49640
213.458 49980
213.477 50320
213.502 50660
213.521 51000
213.546 51340
213.565 51680
213.59 52020
213.609 52360
213.634 52700
213.653 53040
213.678 53380
213.697 53720
213.723 54060
213.741 54400
213.767 54740
213.786 55080
213.811 55420
213.83 55760
213.855 56100
213.874 56440
213.899 56780
213.912 57120
213.937 57460
213.956 57800
213.981 58140
213.994 58480
214.013 58820
214.031 59160
214.05 59500
214.076 59840
214.088 60180
214.107 60520
214.126 60860
214.145 61200
214.164 61540
214.183 61880
214.202 62220
214.221 62560
214.239 62900
214.258 63240
214.277 63580
214.296 63920
214.315 64260
214.334 64600
214.353 64940
214.372 65280
214.391 65620
214.41 65960
214.429 66300
214.448 66640
214.466 66980
214.485 67320
214.504 67660
214.523 68000
214.542 68340
214.561 68680
214.58 69020
214.599 69360
214.618 69700
214.637 70040
214.656 70380
214.668 70720
214.681 71060
214.7 71400
214.719 71740
214.731 72080
214.75 72420
214.763 72760
214.782 73100
214.794 73440
214.813 73780
214.826 74120
214.845 74460
214.857 74800
214.876 75140
214.889 75480
214.908 75820
214.92 76160
214.939 76500
214.952 76840
214.971 77180
214.983 77520
215.002 77860
215.015 78200
215.034 78540
215.046 78880
215.065 79220
215.078 79560
215.097 79900
215.109 80240
215.128 80580
215.141 80920
215.16 81260
215.172 81600
215.191 81940
215.204 82280
215.223 82620
215.236 82960
215.254 83300
215.267 83640
215.286 83980
215.299 84320
215.317 84660
215.33 85000
215.349 85340
215.362 85680
215.381 86020
215.393 86360
215.412 86700
215.425 87040
215.444 87380
215.456 87720
215.475 88060
215.488 88400
215.507 88740
215.519 89080
215.538 89420
215.551 89760
215.57 90100
215.582 90440
215.595 90780
215.607 91120
215.62 91460
215.633 91800
215.655 64260
217.361 340
217.732 2720
217.932 4420
217.948 6800
218.144 8500
218.16 10880
218.182 12580
218.198 14960
218.357 16660
218.373 19040
218.395 20740
218.41 23120
218.432 24820
218.448 27200
218.47 28900
218.486 31280
218.569 32980
218.585 35360
218.607 37060
218.623 39440
218.645 41140
218.661 43520
218.683 45220
218.736 45560
218.796 45900
218.872 46240
218.926 46580
218.985 46920
219.048 47260
219.074 32980
220.505 340
220.921 680
221.121 1020
221.124 1360
221.321 1700
221.324 2040
221.327 2380
221.33 2720
221.52 3060
221.524 3400
221.527 3740
221.53 4080
221.533 4420
221.536 4760
221.539 5100
221.542 5440
221.72 5780
221.723 6120
221.727 6460
221.73 6800
221.733 7140
221.736 7480
221.739 7820
221.742 8160
221.746 8500
221.749 8840
221.752 9180
221.755 9520
221.758 9860
221.761 10200
221.764 10540
221.768 10880
221.92 11220
221.923 11560
221.927 11900
221.93 12240
221.933 12580
221.936 12920
221.939 13260
221.942 13600
221.945 13940
221.949 14280
221.952 14620
221.955 14960
221.958 15300
221.961 15640
221.964 15980
221.968 16320
221.971 16660
221.974 17000
221.977 17340
221.98 17680
221.993 12240
222.423 12580
222.435 12920
222.454 13260
222.473 13600
222.498 13940
222.536 14280
222.587 14620
222.669 14960
222.728 15300
222.814 15640
222.952 15980
223.072 16320
223.214 16660
223.428 17000
223.63 17340
223.91 17680
226.495 18020
226.845 18360
227.091 18700
227.293 19040
227.453 19380
227.601 19720
227.731 20060
227.847 20400
227.958 20740
228.062 21080
228.159 21420
228.244 21760
228.333 22100
228.456 22440
228.626 22780
228.692 23120
228.809 23460
228.897 23800
228.985 24140
229.061 24480
229.162 24820
229.288 25160
229.42 25500
229.515 25840
229.606 26180
229.669 26520
229.751 26860
229.805 27200
229.868 27540
229.931 27880
229.994 28220
230.057 28560
230.107 28900
230.164 29240
230.214 29580
230.265 29920
230.303 30260
230.347 30600
230.397 30940
230.441 31280
230.486 31620
230.523 31960
230.567 32300
230.605 32640
230.649 32980
230.681 33320
230.719 33660
230.757 34000
230.794 34340
230.832 34680
230.87 35020
230.902 35360
230.939 35700
230.971 36040
231.009 36380
231.04 36720
231.065 37060
231.097 37400
231.135 37740
231.166 38080
231.204 38420
231.229 38760
231.261 39100
231.292 39440
231.324 39780
231.355 40120
231.381 40460
231.412 40800
231.444 41140
231.475 41480
231.5 41820
231.532 42160
231.557 42500
231.589 42840
231.614 43180
231.645 43520
231.671 43860
231.702 44200
231.727 44540
231.753 44880
231.778 45220
231.803 45560
231.828 45900
231.86 46240
231.885 46580
231.904 46920
231.929 47260
231.954 47600
231.98 47940
232.005 48280
232.03 48620
232.055 48960
232.08 49300
232.106 49640
232.131 49980
232.156 50320
232.181 50660
232.2 51000
232.225 51340
232.244 51680
232.27 52020
232.295 52360
232.314 52700
232.339 53040
232.358 53380
232.383 53720
232.402 54060
232.427 54400
232.446 54740
232.471 55080
232.49 55420
232.515 55760
232.534 56100
232.56 56440
232.578 56780
232.604 57120
232.623 57460
232.648 57800
232.667 58140
232.692 58480
232.711 58820
232.73 59160
232.749 59500
232.768 59840
232.793 60180
232.812 60520
232.824 60860
232.843 61200
232.862 61540
232.881 61880
232.906 62220
232.919 62560
232.938 62900
232.957 63240
232.976 63580
232.995 63920
233.013 64260
233.032 64600
233.051 64940
233.07 65280
233.089 65620
233.108 65960
233.127 66300
233.146 66640
233.165 66980
233.184 67320
233.203 67660
233.221 68000
233.24 68340
233.259 68680
233.278 69020
233.297 69360
233.316 69700
233.335 70040
233.354 70380
233.373 70720
233.392 71060
233.411 71400
233.429 71740
233.448 72080
233.467 72420
233.48 72760
233.493 73100
233.511 73440
233.53 73780
233.543 74120
233.562 74460
233.574 74800
233.593 75140
233.606 75480
233.625 75820
233.638 76160
233.656 76500
233.669 76840
233.688 77180
233.701 77520
233.719 77860
233.732 78200
233.751 78540
233.764 78880
233.783 79220
233.795 79560
233.814 79900
233.827 80240
233.849 80580
233.858 56100
235.561 340
236.008 2040
236.208 4420
236.408 6120
236.423 8500
236.445 10200
236.62 12580
236.642 14280
236.658 16660
236.68 18360
236.705 12580
237.154 12920
237.173 13260
237.192 13600
237.205 13940
237.23 14280
237.271 14620
237.334 14960
237.416 15300
237.488 15640
237.57 15980
237.69 16320
237.797 16660
237.926 17000
238.075 17340
238.305 17680
238.5 18020
238.793 18360
241.368 18700
241.725 19040
241.977 19380
242.166 19720
242.333 20060
242.481 20400
242.613 20740
242.727 21080
242.837 21420
242.935 21760
243.029 22100
243.124 22440
243.203 22780
243.364 23120
243.505 23460
243.594 23800
243.786 24140
243.906 24480
244.035 24820
244.111 25160
244.183 25500
244.252 25840
244.356 26180
244.42 26520
244.483 26860
244.539 27200
244.605 27540
244.669 27880
244.732 28220
244.782 28560
244.832 28900
244.889 29240
244.94 29580
244.99 29920
245.028 30260
245.072 30600
245.122 30940
245.167 31280
245.217 31620
245.248 31960
245.293 32300
245.33 32640
245.375 32980
245.412 33320
245.45 33660
245.488 34000
245.526 34340
245.564 34680
245.602 35020
245.639 35360
245.671 35700
245.709 36040
245.74 36380
245.778 36720
245.816 37060
245.841 37400
245.873 37740
245.91 38080
245.942 38420
245.98 38760
246.005 39100
246.036 39440
246.068 39780
246.1 40120
246.131 40460
246.163 40800
246.194 41140
246.226 41480
246.257 41820
246.282 42160
246.308 42500
246.339 42840
246.364 43180
246.396 43520
246.421 43860
246.453 44200
246.478 44540
246.509 44880
246.535 45220
246.56 45560
246.585 45900
246.61 46240
246.642 46580
246.667 46920
246.686 47260
246.711 47600
246.736 47940
246.761 48280
246.787 48620
246.812 48960
246.837 49300
246.862 49640
246.888 49980
246.913 50320
246.938 50660
246.963 51000
246.988 51340
247.007 51680
247.033 52020
247.058 52360
247.083 52700
247.102 53040
247.127 53380
247.146 53720
247.171 54060
247.19 54400
247.215 54740
247.234 55080
247.259 55420
247.278 55760
247.304 56100
247.323 56440
247.348 56780
247.367 57120
247.392 57460
247.411 57800
247.436 58140
247.455 58480
247.48 58820
247.499 59160
247.518 59500
247.537 59840
247.562 60180
247.581 60520
247.6 60860
247.619 61200
247.638 61540
247.657 61880
247.676 62220
247.694 62560
247.713 62900
247.732 63240
247.751 63580
247.77 63920
247.789 64260
247.808 64600
247.827 64940
247.846 65280
247.865 65620
247.884 65960
247.902 66300
247.921 66640
247.94 66980
247.959 67320
247.978 67660
247.997 68000
248.016 68340
248.035 68680
248.054 69020
248.073 69360
248.092 69700
248.111 70040
248.129 70380
248.148 70720
248.167 71060
248.186 71400
248.199 71740
248.218 72080
248.237 72420
248.255 72760
248.268 73100
248.287 73440
248.306 73780
248.325 74120
248.337 74460
248.35 74800
248.369 75140
248.382 75480
248.4 75820
248.413 76160
248.432 76500
248.445 76840
248.464 77180
248.476 77520
248.495 77860
248.508 78200
248.527 78540
248.539 78880
248.558 79220
248.571 79560
248.59 79900
248.602 80240
248.621 80580
248.634 80920
248.653 81260
248.665 81600
248.684 81940
248.697 82280
248.716 82620
248.728 82960
248.747 83300
248.76 83640
248.779 83980
248.791 84320
248.81 84660
248.823 85000
248.842 85340
248.854 85680
248.873 86020
248.886 86360
248.905 86700
248.917 87040
248.936 87380
248.949 87720
248.968 88060
248.98 88400
248.999 88740
249.012 89080
249.031 89420
249.043 89760
249.062 90100
249.075 90440
249.094 90780
249.107 91120
249.125 91460
249.138 91800
249.148 64260
250.854 340
251.225 2720
251.425 4420
251.44 6800
251.637 8500
251.653 10880
251.675 12580
251.691 14960
251.85 16660
251.865 19040
251.887 20740
251.903 23120
251.925 24820
251.941 27200
251.963 28900
251.979 31280
252.062 32980
252.078 35360
252.1 37060
252.116 39440
252.138 41140
252.154 43520
252.176 45220
252.251 45560
252.305 45900
252.365 46240
252.44 46580
252.494 46920
252.554 47260
252.579 32980
254.011 340
254.426 680
254.626 1020
254.629 1360
254.826 1700
254.829 2040
254.832 2380
254.835 2720
255.026 3060
255.029 3400
255.032 3740
255.035 4080
255.038 4420
255.042 4760
255.045 5100
255.048 5440
255.226 5780
255.229 6120
255.232 6460
255.235 6800
255.238 7140
255.241 7480
255.245 7820
255.248 8160
255.251 8500
255.254 8840
255.257 9180
255.26 9520
255.264 9860
255.267 10200
255.27 10540
255.273 10880
255.426 11220
255.429 11560
255.432 11900
255.435 12240
255.438 12580
255.441 12920
255.445 13260
255.448 13600
255.451 13940
255.454 14280
255.457 14620
255.46 14960
255.463 15300
255.467 15640
255.47 15980
255.473 16320
255.476 16660
255.479 17000
255.482 17340
255.485 17680
255.498 12240
255.928 12580
255.941 12920
255.96 13260
255.979 13600
256.004 13940
256.042 14280
256.092 14620
256.174 14960
256.234 15300
256.319 15640
256.458 15980
256.577 16320
256.719 16660
256.934 17000
257.135 17340
257.416 17680
260 18020
260.35 18360
260.596 18700
260.798 19040
260.959 19380
261.107 19720
261.236 20060
261.353 20400
261.463 20740
261.567 21080
261.665 21420
261.75 21760
261.838 22100
261.961 22440
262.131 22780
262.197 23120
262.314 23460
262.402 23800
262.491 24140
262.566 24480
262.667 24820
262.793 25160
262.926 25500
263.02 25840
263.112 26180
263.175 26520
263.256 26860
263.31 27200
263.373 27540
263.436 27880
263.499 28220
263.562 28560
263.613 28900
263.669 29240
263.72 29580
263.77 29920
263.808 30260
263.852 30600
263.903 30940
263.947 31280
263.991 31620
264.029 31960
264.073 32300
264.111 32640
264.155 32980
264.186 33320
264.224 33660
264.262 34000
264.3 34340
264.338 34680
264.375 35020
264.407 35360
264.445 35700
264.476 36040
264.514 36380
264.546 36720
264.571 37060
264.602 37400
264.64 37740
264.672 38080
264.71 38420
264.735 38760
264.766 39100
264.798 39440
264.829 39780
264.861 40120
264.886 40460
264.918 40800
264.949 41140
264.981 41480
265.006 41820
265.037 42160
265.063 42500
265.094 42840
265.119 43180
265.151 43520
265.176 43860
265.208 44200
265.233 44540
265.258 44880
265.283 45220
265.308 45560
265.334 45900
265.365 46240
265.39 46580
265.409 46920
265.435 47260
265.46 47600
265.485 47940
265.51 48280
265.535 48620
265.561 48960
265.586 49300
265.611 49640
265.636 49980
265.661 50320
265.687 50660
265.706 51000
265.731 51340
265.75 51680
265.775 52020
265.8 52360
265.819 52700
265.844 53040
265.863 53380
265.888 53720
265.907 54060
265.933 54400
265.951 54740
265.977 55080
265.996 55420
266.021 55760
266.04 56100
266.065 56440
266.084 56780
266.109 57120
266.128 57460
266.153 57800
266.172 58140
266.197 58480
266.216 58820
266.235 59160
266.254 59500
266.273 59840
266.298 60180
266.317 60520
266.33 60860
266.349 61200
266.368 61540
266.386 61880
266.412 62220
266.424 62560
266.443 62900
266.462 63240
266.481 63580
266.5 63920
266.519 64260
266.538 64600
266.557 64940
266.576 65280
266.594 65620
266.613 65960
266.632 66300
266.651 66640
266.67 66980
266.689 67320
266.708 67660
266.727 68000
266.746 68340
266.765 68680
266.784 69020
266.802 69360
266.821 69700
266.84 70040
266.859 70380
266.878 70720
266.897 71060
266.916 71400
266.935 71740
266.954 72080
266.973 72420
266.985 72760
266.998 73100
267.017 73440
267.036 73780
267.048 74120
267.067 74460
267.08 74800
267.099 75140
267.111 75480
267.13 75820
267.143 76160
267.162 76500
267.174 76840
267.193 77180
267.206 77520
267.225 77860
267.237 78200
267.256 78540
267.269 78880
267.288 79220
267.301 79560
267.319 79900
267.332 80240
267.351 80580
267.364 80920
267.382 81260
267.395 81600
267.414 81940
267.427 82280
267.446 82620
267.458 82960
267.477 83300
267.49 83640
267.509 83980
267.521 84320
267.54 84660
267.553 85000
267.572 85340
267.584 85680
267.603 86020
267.616 86360
267.635 86700
267.647 87040
267.666 87380
267.679 87720
267.698 88060
267.71 88400
267.729 88740
267.742 89080
267.761 89420
267.773 89760
267.792 90100
267.805 90440
267.824 90780
267.836 91120
267.855 91460
267.868 91800
267.877 64260
269.583 340
269.954 2720
270.154 4420
270.17 6800
270.367 8500
270.383 10880
270.405 12580
270.42 14960
270.579 16660
270.595 19040
270.617 20740
270.633 23120
270.655 24820
270.671 27200
270.693 28900
270.709 31280
270.792 32980
270.808 35360
270.83 37060
270.846 39440
270.868 41140
270.883 43520
270.905 45220
270.981 45560
271.035 45900
271.095 46240
271.17 46580
271.224 46920
271.284 47260
271.309 32980
272.741 340
273.156 680
273.356 1020
273.359 1360
273.556 1700
273.559 2040
273.562 2380
273.565 2720
273.756 3060
273.759 3400
273.762 3740
273.765 4080
273.768 4420
273.771 4760
273.775 5100
273.778 5440
273.956 5780
273.959 6120
273.962 6460
273.965 6800
273.968 7140
273.971 7480
273.974 7820
273.978 8160
273.981 8500
273.984 8840
273.987 9180
273.99 9520
273.993 9860
273.996 10200
274 10540
274.003 10880
274.155 11220
274.159 11560
274.162 11900
274.165 12240
274.168 12580
274.171 12920
274.174 13260
274.177 13600
274.181 13940
274.184 14280
274.187 14620
274.19 14960
274.193 15300
274.196 15640
274.2 15980
274.203 16320
274.206 16660
274.209 17000
274.212 17340
274.215 17680
274.228 12240
274.658 12580
274.671 12920
274.689 13260
274.708 13600
274.734 13940
274.771 14280
274.822 14620
274.904 14960
274.964 15300
275.049 15640
275.187 15980
275.307 16320
275.449 16660
275.663 17000
275.865 17340
276.146 17680
278.73 18020
279.08 18360
279.326 18700
279.528 19040
279.689 19380
279.837 19720
279.966 20060
280.083 20400
280.193 20740
280.297 21080
280.395 21420
280.48 21760
280.568 22100
280.691 22440
280.861 22780
280.927 23120
281.044 23460
281.132 23800
281.22 24140
281.296 24480
281.397 24820
281.523 25160
281.655 25500
281.75 25840
281.841 26180
281.904 26520
281.986 26860
282.04 27200
282.103 27540
282.166 27880
282.229 28220
282.292 28560
282.342 28900
282.399 29240
282.45 29580
282.5 29920
282.538 30260
282.582 30600
282.632 30940
282.677 31280
282.721 31620
282.759 31960
282.803 32300
282.841 32640
282.885 32980
282.916 33320
282.954 33660
282.992 34000
283.03 34340
283.067 34680
283.105 35020
283.137 35360
283.175 35700
283.206 36040
283.244 36380
283.275 36720
283.301 37060
283.332 37400
283.37 37740
283.402 38080
283.439 38420
283.465 38760
283.496 39100
283.528 39440
283.559 39780
283.591 40120
283.616 40460
283.647 40800
283.679 41140
283.71 41480
283.736 41820
283.767 42160
283.792 42500
283.824 42840
283.849 43180
283.881 43520
283.906 43860
283.937 44200
283.963 44540
283.988 44880
284.013 45220
284.038 45560
284.063 45900
284.095 46240
284.12 46580
284.139 46920
284.164 47260
284.19 47600
284.215 47940
284.24 48280
284.265 48620
284.29 48960
284.316 49300
284.341 49640
284.366 49980
284.391 50320
284.417 50660
284.435 51000
284.461 51340
284.48 51680
284.505 52020
284.53 52360
284.549 52700
284.574 53040
284.593 53380
284.618 53720
284.637 54060
284.662 54400
284.681 54740
284.706 55080
284.725 55420
284.751 55760
284.77 56100
284.795 56440
284.814 56780
284.839 57120
284.858 57460
284.883 57800
284.902 58140
284.927 58480
284.946 58820
284.965 59160
284.984 59500
285.003 59840
285.028 60180
285.047 60520
285.06 60860
285.078 61200
285.097 61540
285.116 61880
285.141 62220
285.154 62560
285.173 62900
285.192 63240
285.211 63580
285.23 63920
285.249 64260
285.268 64600
285.286 64940
285.305 65280
285.324 65620
285.343 65960
285.362 66300
285.381 66640
285.4 66980
285.419 67320
285.438 67660
285.457 68000
285.476 68340
285.494 68680
285.513 69020
285.532 69360
285.551 69700
285.57 70040
285.589 70380
285.608 70720
285.627 71060
285.646 71400
285.665 71740
285.684 72080
285.703 72420
285.715 72760
285.728 73100
285.747 73440
285.766 73780
285.778 74120
285.797 74460
285.81 74800
285.829 75140
285.841 75480
285.86 75820
285.873 76160
285.892 76500
285.904 76840
285.923 77180
285.936 77520
285.955 77860
285.967 78200
285.986 78540
285.999 78880
286.018 79220
286.03 79560
286.049 79900
286.062 80240
286.081 80580
286.093 80920
286.112 81260
286.125 81600
286.144 81940
286.156 82280
286.175 82620
286.188 82960
286.207 83300
286.219 83640
286.238 83980
286.251 84320
286.27 84660
286.282 85000
286.301 85340
286.314 85680
286.333 86020
286.346 86360
286.364 86700
286.377 87040
286.396 87380
286.409 87720
286.427 88060
286.44 88400
286.459 88740
286.472 89080
286.491 89420
286.503 89760
286.522 90100
286.535 90440
286.554 90780
286.566 91120
286.585 91460
286.598 91800
286.607 64260
288.313 340
288.678 2720
288.878 4420
288.894 6800
289.09 8500
289.106 10880
289.128 12580
289.144 14960
289.303 16660
289.319 19040
289.341 20740
289.357 23120
289.379 24820
289.394 27200
289.416 28900
289.432 31280
289.515 32980
289.531 35360
289.553 37060
289.569 39440
289.591 41140
289.607 43520
289.629 45220
289.705 45560
289.758 45900
289.818 46240
289.894 46580
289.947 46920
290.007 47260
290.032 32980
291.464 340
291.879 680
292.079 1020
292.082 1360
292.279 1700
292.282 2040
292.286 2380
292.289 2720
292.479 3060
292.482 3400
292.485 3740
292.489 4080
292.492 4420
292.495 4760
292.498 5100
292.501 5440
292.679 5780
292.682 6120
292.685 6460
292.688 6800
292.692 7140
292.695 7480
292.698 7820
292.701 8160
292.704 8500
292.707 8840
292.711 9180
292.714 9520
292.717 9860
292.72 10200
292.723 10540
292.726 10880
292.879 11220
292.882 11560
292.885 11900
292.888 12240
292.892 12580
292.895 12920
292.898 13260
292.901 13600
292.904 13940
292.907 14280
292.91 14620
292.914 14960
292.917 15300
292.92 15640
292.923 15980
292.926 16320
292.929 16660
292.933 17000
292.936 17340
292.939 17680
292.951 12240
293.381 12580
293.394 12920
293.413 13260
293.432 13600
293.457 13940
293.495 14280
293.545 14620
293.627 14960
293.687 15300
293.772 15640
293.911 15980
294.031 16320
294.173 16660
294.387 17000
294.589 17340
294.869 17680
297.454 18020
297.804 18360
298.05 18700
298.251 19040
298.412 19380
298.56 19720
298.689 20060
298.806 20400
298.916 20740
299.02 21080
299.118 21420
299.203 21760
299.291 22100
299.414 22440
299.585 22780
299.651 23120
299.767 23460
299.856 23800
299.944 24140
300.02 24480
300.12 24820
300.246 25160
300.379 25500
300.473 25840
300.565 26180
300.628 26520
300.71 26860
300.763 27200
300.826 27540
300.889 27880
300.953 28220
301.016 28560
301.066 28900
301.123 29240
301.173 29580
301.224 29920
301.261 30260
301.306 30600
301.356 30940
301.4 31280
301.444 31620
301.482 31960
301.526 32300
301.564 32640
301.608 32980
301.64 33320
301.677 33660
301.715 34000
301.753 34340
301.791 34680
301.829 35020
301.86 35360
301.898 35700
301.93 36040
301.967 36380
301.999 36720
302.024 37060
302.056 37400
302.094 37740
302.125 38080
302.163 38420
302.188 38760
302.22 39100
302.251 39440
302.283 39780
302.314 40120
302.339 40460
302.371 40800
302.402 41140
302.434 41480
302.459 41820
302.491 42160
302.516 42500
302.547 42840
302.573 43180
302.604 43520
302.629 43860
302.661 44200
302.686 44540
302.711 44880
302.737 45220
302.762 45560
302.787 45900
302.819 46240
302.844 46580
302.863 46920
302.888 47260
302.913 47600
302.938 47940
302.963 48280
302.989 48620
303.014 48960
303.039 49300
303.064 49640
303.09 49980
303.115 50320
303.14 50660
303.159 51000
303.184 51340
303.203 51680
303.228 52020
303.253 52360
303.272 52700
303.298 53040
303.317 53380
303.342 53720
303.361 54060
303.386 54400
303.405 54740
303.43 55080
303.449 55420
303.474 55760
303.493 56100
303.518 56440
303.537 56780
303.562 57120
303.581 57460
303.607 57800
303.625 58140
303.651 58480
303.67 58820
303.688 59160
303.707 59500
303.726 59840
303.751 60180
303.77 60520
303.783 60860
303.802 61200
303.821 61540
303.84 61880
303.865 62220
303.878 62560
303.896 62900
303.915 63240
303.934 63580
303.953 63920
303.972 64260
303.991 64600
304.01 64940
304.029 65280
304.048 65620
304.067 65960
304.086 66300
304.105 66640
304.123 66980
304.142 67320
304.161 67660
304.18 68000
304.199 68340
304.218 68680
304.237 69020
304.256 69360
304.275 69700
304.294 70040
304.313 70380
304.331 70720
304.35 71060
304.369 71400
304.388 71740
304.407 72080
304.426 72420
304.439 72760
304.451 73100
304.47 73440
304.489 73780
304.502 74120
304.521 74460
304.533 74800
304.552 75140
304.565 75480
304.584 75820
304.596 76160
304.615 76500
304.628 76840
304.647 77180
304.659 77520
304.678 77860
304.691 78200
304.71 78540
304.722 78880
304.741 79220
304.754 79560
304.773 79900
304.785 80240
304.804 80580
304.817 80920
304.836 81260
304.848 81600
304.867 81940
304.88 82280
304.899 82620
304.911 82960
304.93 83300
304.943 83640
304.962 83980
304.974 84320
304.993 84660
305.006 85000
305.025 85340
305.038 85680
305.056 86020
305.069 86360
305.088 86700
305.101 87040
305.119 87380
305.132 87720
305.151 88060
305.164 88400
305.183 88740
305.195 89080
305.214 89420
305.227 89760
305.246 90100
305.258 90440
305.277 90780
305.29 91120
305.309 91460
305.321 91800
305.331 64260
307.037 340
307.408 2720
307.608 4420
307.623 6800
307.82 8500
307.836 10880
307.858 12580
307.874 14960
308.033 16660
308.048 19040
308.071 20740
308.086 23120
308.108 24820
308.124 27200
308.146 28900
308.162 31280
308.245 32980
308.261 35360
308.283 37060
308.299 39440
308.321 41140
308.337 43520
308.359 45220
308.434 45560
308.488 45900
308.548 46240
308.623 46580
308.677 46920
308.737 47260
308.762 32980
310.194 340
310.609 680
310.809 1020
310.812 1360
311.009 1700
311.012 2040
311.015 2380
311.018 2720
311.209 3060
311.212 3400
311.215 3740
311.218 4080
311.222 4420
311.225 4760
311.228 5100
311.231 5440
311.409 5780
311.412 6120
311.415 6460
311.418 6800
311.421 7140
311.425 7480
311.428 7820
311.431 8160
311.434 8500
311.437 8840
311.44 9180
311.444 9520
311.447 9860
311.45 10200
311.453 10540
311.456 10880
311.609 11220
311.612 11560
311.615 11900
311.618 12240
311.621 12580
311.625 12920
311.628 13260
311.631 13600
311.634 13940
311.637 14280
311.64 14620
311.643 14960
311.647 15300
311.65 15640
311.653 15980
311.656 16320
311.659 16660
311.662 17000
311.665 17340
311.669 17680
311.681 12240
312.111 12580
312.124 12920
312.143 13260
312.162 13600
312.187 13940
312.225 14280
312.275 14620
312.357 14960
312.417 15300
312.502 15640
312.641 15980
312.761 16320
312.902 16660
313.117 17000
313.318 17340
313.599 17680
316.111 12240
316.436 12580
316.442 12920
316.448 13260
316.455 13600
316.461 13940
316.467 14280
316.474 14620
316.48 14960
316.486 15300
316.562 15640
316.694 15980
316.836 16320
317.003 16660
317.205 17000
317.448 17340
317.804 17680
320.518 18020
320.874 18360
321.12 18700
321.315 19040
321.479 19380
321.627 19720
321.756 20060
321.876 20400
321.98 20740
322.084 21080
322.176 21420
322.267 21760
322.349 22100
322.431 22440
322.503 22780
322.579 23120
322.645 23460
322.715 23800
322.781 24140
322.904 24480
322.96 24820
323.31 25160
323.373 25500
323.503 25840
323.562 26180
323.673 26520
323.761 26860
323.821 27200
323.878 27540
323.944 27880
324.007 28220
324.07 28560
324.114 28900
324.164 29240
324.221 29580
324.272 29920
324.316 30260
324.36 30600
324.41 30940
324.454 31280
324.499 31620
324.536 31960
324.581 32300
324.618 32640
324.662 32980
324.694 33320
324.732 33660
324.77 34000
324.807 34340
324.845 34680
324.883 35020
324.915 35360
324.952 35700
324.984 36040
325.022 36380
325.053 36720
325.079 37060
325.11 37400
325.148 37740
325.179 38080
325.217 38420
325.242 38760
325.274 39100
325.306 39440
325.337 39780
325.369 40120
325.394 40460
325.425 40800
325.457 41140
325.488 41480
325.514 41820
325.545 42160
325.57 42500
325.602 42840
325.627 43180
325.659 43520
325.684 43860
325.715 44200
325.74 44540
325.766 44880
325.791 45220
325.816 45560
325.841 45900
325.873 46240
325.898 46580
325.917 46920
325.942 47260
325.967 47600
325.993 47940
326.018 48280
326.043 48620
326.068 48960
326.094 49300
326.119 49640
326.144 49980
326.169 50320
326.194 50660
326.213 51000
326.238 51340
326.257 51680
326.283 52020
326.308 52360
326.327 52700
326.352 53040
326.371 53380
326.396 53720
326.415 54060
326.44 54400
326.459 54740
326.484 55080
326.503 55420
326.528 55760
326.547 56100
326.573 56440
326.592 56780
326.617 57120
326.636 57460
326.661 57800
326.68 58140
326.705 58480
326.724 58820
326.743 59160
326.762 59500
326.781 59840
326.806 41820
327.354 42160
327.361 42500
327.367 42840
327.373 43180
327.38 43520
327.386 43860
327.392 44200
327.436 44540
327.512 44880
327.588 45220
327.644 45560
327.714 45900
327.764 46240
327.821 46580
327.884 46920
327.928 47260
327.985 47600
328.035 47940
328.092 48280
328.142 48620
328.199 48960
328.256 49300
328.313 49640
328.369 49980
328.426 50320
328.483 50660
328.539 51000
328.596 51340
328.653 51680
328.71 52020
328.773 52360
328.842 52700
328.911 53040
328.981 53380
329.05 53720
329.119 54060
329.189 54400
329.271 54740
329.34 55080
329.422 55420
329.51 55760
329.599 56100
329.699 56440
329.8 56780
329.907 57120
330.04 57460
330.141 57800
330.273 58140
330.456 58480
330.632 58820
330.834 59160
331.086 59500
331.641 59840
333.551 60180
333.904 60520
334.15 60860
334.345 61200
334.516 61540
334.787 61880
335.014 62220
335.115 62560
335.297 62900
335.398 63240
335.537 63580
335.631 63920
335.751 64260
335.827 64600
335.928 64940
336.01 65280
336.098 65620
336.174 65960
336.249 66300
336.312 66640
336.382 66980
336.445 67320
336.508 67660
336.564 68000
336.627 68340
336.684 68680
336.741 69020
336.798 69360
336.848 69700
336.899 70040
336.949 70380
336.993 70720
337.044 71060
337.088 71400
337.138 71740
337.182 72080
337.226 72420
337.27 72760
337.315 73100
337.359 73440
337.397 73780
337.441 74120
337.479 74460
337.516 74800
337.554 75140
337.592 75480
337.63 75820
337.668 76160
337.705 76500
337.737 76840
337.769 77180
337.806 77520
337.838 77860
337.876 78200
337.907 78540
337.945 78880
337.977 79220
338.014 79560
338.04 79900
338.071 80240
338.103 80580
338.134 80920
338.166 81260
338.197 81600
338.229 81940
338.26 82280
338.292 82620
338.323 82960
338.348 83300
338.38 83640
338.405 83980
338.421 58480
340.127 340
340.555 4080
340.755 8500
340.955 12240
340.989 16660
341.03 20400
341.186 24820
341.227 27880
341.255 31620
341.29 35360
341.325 39100
341.359 42840
341.44 43180
341.509 43520
341.578 43860
341.641 44200
341.679 30940
343.083 340
343.548 680
343.748 1020
343.751 1360
343.948 1700
343.951 2040
343.954 2380
343.958 2720
344.148 3060
344.151 3400
344.154 3740
344.157 4080
344.161 4420
344.164 4760
344.167 5100
344.17 5440
344.348 5780
344.351 6120
344.354 6460
344.357 6800
344.36 7140
344.364 7480
344.367 7820
344.37 8160
344.373 8500
344.376 8840
344.379 9180
344.383 9520
344.386 9860
344.389 10200
344.392 10540
344.395 10880
344.548 11220
344.551 11560
344.564 7820
344.871 8160
344.88 8500
344.886 8840
344.905 9180
344.957 9520
345.033 9860
345.089 10200
345.233 10540
345.363 10880
345.552 11220
345.833 11560
348.543 11900
348.9 12240
349.146 12580
349.344 12920
349.511 13260
349.656 13600
349.782 13940
349.899 14280
350.012 14620
350.609 14960
350.71 15300
350.79 15640
350.875 15980
350.965 16320
351.034 16660
351.113 17000
351.178 17340
351.244 17680
351.313 18020
351.374 18360
351.431 18700
351.491 19040
351.555 19380
351.606 19720
351.707 20060
351.78 20400
351.856 20740
351.91 21080
351.987 21420
352.043 21760
352.087 22100
352.138 22440
352.196 22780
352.246 23120
352.291 23460
352.328 23800
352.372 24140
352.417 24480
352.461 24820
352.505 25160
352.549 25500
352.587 25840
352.618 26180
352.656 26520
352.694 26860
352.738 27200
352.776 27540
352.82 27880
352.852 28220
352.883 28560
352.921 28900
352.959 29240
352.997 29580
353.028 29920
353.06 30260
353.097 30600
353.135 21080
353.413 21420
353.427 21760
353.433 22100
353.439 22440
353.471 22780
353.578 23120
353.652 23460
353.721 23800
353.797 24140
353.866 24480
353.942 24820
354.017 25160
354.093 25500
354.175 25840
354.251 26180
354.333 26520
354.414 26860
354.509 27200
354.616 27540
354.704 27880
354.831 28220
354.963 28560
355.095 28900
355.228 29240
355.373 29580
355.625 29920
355.776 30260
356.054 30600
358.689 30940
359.042 31280
359.287 31620
359.489 31960
359.653 32300
359.798 32640
359.93 32980
360.05 33320
360.157 33660
360.258 34000
360.353 34340
360.441 34680
360.523 35020
360.605 35360
360.681 35700
360.826 36040
360.952 36380
361.027 36720
361.135 37060
361.198 37400
361.28 37740
361.355 38080
361.418 38420
361.488 38760
361.551 39100
361.607 39440
361.67 39780
361.727 40120
361.771 40460
361.822 40800
361.878 41140
361.929 41480
361.979 41820
362.023 42160
362.074 42500
362.118 42840
362.162 43180
362.206 43520
362.25 43860
362.294 44200
362.339 44540
362.376 44880
362.421 45220
362.458 45560
362.496 45900
362.534 46240
362.572 46580
362.61 46920
362.647 47260
362.679 47600
362.717 47940
362.748 48280
362.786 48620
362.818 48960
362.856 49300
362.887 49640
362.925 49980
362.95 50320
362.982 50660
363.013 51000
363.045 51340
363.076 51680
363.108 52020
363.139 52360
363.171 52700
363.202 53040
363.234 53380
363.259 53720
363.291 54060
363.316 54400
363.347 54740
363.372 55080
363.404 55420
363.429 55760
363.461 56100
363.486 56440
363.517 56780
363.543 57120
363.568 57460
363.593 57800
363.618 58140
363.65 58480
363.675 58820
363.7 59160
363.725 59500
363.751 59840
363.776 60180
363.801 60520
363.826 60860
363.852 61200
363.877 61540
363.902 61880
363.927 62220
363.952 62560
363.971 62900
363.997 63240
364.022 63580
364.047 63920
364.066 64260
364.091 64600
364.11 64940
364.135 65280
364.154 65620
364.179 65960
364.198 66300
364.223 66640
364.242 66980
364.268 67320
364.287 67660
364.312 68000
364.331 68340
364.356 68680
364.375 69020
364.4 69360
364.419 69700
364.444 70040
364.463 70380
364.488 70720
364.507 71060
364.526 71400
364.551 71740
364.57 72080
364.589 72420
364.608 72760
364.627 73100
364.646 73440
364.665 73780
364.684 74120
364.703 74460
364.722 74800
364.74 75140
364.759 75480
364.778 75820
364.797 76160
364.816 76500
364.835 76840
364.854 77180
364.873 77520
364.892 77860
364.911 78200
364.93 78540
364.948 78880
364.967 79220
364.986 79560
365.005 79900
365.024 80240
365.043 80580
365.062 80920
365.081 81260
365.1 81600
365.119 81940
365.138 82280
365.156 82620
365.175 82960
365.194 83300
365.213 83640
365.232 83980
365.251 84320
365.27 84660
365.283 85000
365.301 85340
365.314 85680
365.333 86020
365.346 86360
365.365 86700
365.377 87040
365.396 87380
365.409 87720
365.428 88060
365.44 88400
365.459 88740
365.472 89080
365.491 89420
365.503 89760
365.522 90100
365.532 62900
367.238 340
367.618 2720
367.818 5100
367.84 7480
368.037 9860
368.059 12240
368.081 14620
368.103 17000
368.256 19380
368.278 21760
368.3 24140
368.322 26520
368.344 28900
368.366 31280
368.388 33660
368.41 36040
368.475 38420
368.497 40800
368.519 43180
368.541 45560
368.607 45900
368.683 46240
368.736 46580
368.796 46920
368.872 47260
368.919 32980
370.351 340
370.766 680
370.966 1020
370.969 1360
371.166 1700
371.169 2040
371.172 2380
371.175 2720
371.366 3060
371.369 3400
371.372 3740
371.375 4080
371.378 4420
371.382 4760
371.385 5100
371.388 5440
371.566 5780
371.569 6120
371.572 6460
371.575 6800
371.578 7140
371.581 7480
371.585 7820
371.588 8160
371.591 8500
371.594 8840
371.597 9180
371.6 9520
371.603 9860
371.607 10200
371.61 10540
371.613 10880
371.766 11220
371.769 11560
371.772 11900
371.775 12240
371.778 12580
371.781 12920
371.784 13260
371.788 13600
371.791 13940
371.794 14280
371.797 14620
371.8 14960
371.803 15300
371.807 15640
371.81 15980
371.813 16320
371.816 16660
371.819 17000
371.822 17340
371.825 17680
371.838 12240
372.259 12580
372.268 12920
372.274 13260
372.281 13600
372.306 13940
372.337 14280
372.382 14620
372.463 14960
372.545 15300
372.662 15640
372.766 15980
372.895 16320
373.034 16660
373.27 17000
373.463 17340
373.749 17680
376.337 18020
376.69 18360
376.939 18700
377.135 19040
377.302 19380
377.447 19720
377.582 20060
377.699 20400
377.8 20740
377.904 21080
377.998 21420
378.09 21760
378.172 22100
378.301 22440
378.471 22780
378.541 23120
378.657 23460
378.749 23800
378.84 24140
378.903 24480
378.969 24820
379.045 25160
379.155 25500
379.275 25840
379.398 26180
379.47 26520
379.555 26860
379.612 27200
379.666 27540
379.735 27880
379.798 28220
379.849 28560
379.912 28900
379.962 29240
380.006 29580
380.063 29920
380.113 30260
380.17 30600
380.208 30940
380.252 31280
380.302 31620
380.347 31960
380.384 32300
380.422 32640
380.466 32980
380.504 33320
380.548 33660
380.58 34000
380.618 34340
380.656 34680
380.693 35020
380.731 35360
380.763 35700
380.8 36040
380.832 36380
380.87 36720
380.901 37060
380.927 37400
380.964 37740
380.996 38080
381.034 38420
381.059 38760
381.09 39100
381.122 39440
381.154 39780
381.185 40120
381.217 40460
381.242 40800
381.273 41140
381.305 41480
381.336 41820
381.362 42160
381.393 42500
381.418 42840
381.45 43180
381.475 43520
381.507 43860
381.532 44200
381.563 44540
381.588 44880
381.607 45220
381.633 45560
381.658 45900
381.689 46240
381.715 46580
381.74 46920
381.765 47260
381.79 47600
381.815 47940
381.841 48280
381.866 48620
381.891 48960
381.916 49300
381.942 49640
381.967 49980
381.992 50320
382.017 50660
382.036 51000
382.055 51340
382.08 51680
382.105 52020
382.131 52360
382.15 52700
382.168 53040
382.194 53380
382.213 53720
382.238 54060
382.257 54400
382.282 54740
382.301 55080
382.326 55420
382.345 55760
382.37 56100
382.389 56440
382.414 56780
382.433 57120
382.458 57460
382.477 57800
382.503 58140
382.521 58480
382.547 58820
382.559 59160
382.578 59500
382.603 59840
382.622 60180
382.641 60520
382.66 60860
382.679 61200
382.698 61540
382.717 61880
382.736 62220
382.755 62560
382.774 62900
382.793 63240
382.811 63580
382.83 63920
382.849 64260
382.868 64600
382.887 64940
382.906 65280
382.925 65620
382.944 65960
382.963 66300
382.982 66640
383.001 66980
383.02 67320
383.038 67660
383.057 68000
383.076 68340
383.095 68680
383.114 69020
383.133 69360
383.152 69700
383.171 70040
383.19 70380
383.209 70720
383.228 71060
383.246 71400
383.265 71740
383.284 72080
383.297 72420
383.309 72760
383.328 73100
383.341 73440
383.36 73780
383.379 74120
383.391 74460
383.41 74800
383.423 75140
383.442 75480
383.454 75820
383.473 76160
383.486 76500
383.505 76840
383.518 77180
383.536 77520
383.549 77860
383.568 78200
383.581 78540
383.599 78880
383.612 79220
383.631 79560
383.644 79900
383.663 80240
383.675 80580
383.694 80920
383.707 81260
383.726 81600
383.738 81940
383.757 82280
383.77 82620
383.789 82960
383.801 83300
383.82 83640
383.833 83980
383.852 84320
383.864 84660
383.883 85000
383.896 85340
383.915 85680
383.927 86020
383.946 86360
383.959 86700
383.978 87040
383.99 87380
384.009 87720
384.022 88060
384.041 88400
384.053 88740
384.072 89080
384.085 89420
384.104 89760
384.116 90100
384.135 90440
384.148 90780
384.167 91120
384.179 91460
384.202 63920
385.908 340
386.269 2040
386.469 4420
386.669 6120
386.685 8500
386.707 10200
386.882 12580
386.904 14280
386.919 16660
386.941 18360
386.957 20740
387.085 22440
387.1 24820
387.122 26520
387.138 28900
387.16 30600
387.176 32980
387.198 34680
387.214 37060
387.236 38760
387.252 41140
387.274 42840
387.297 45220
387.357 45560
387.411 45900
387.486 46240
387.546 46580
387.6 46920
387.685 32640
389.113 340
389.535 680
389.735 1020
389.738 1360
389.935 1700
389.938 2040
389.941 2380
389.944 2720
390.135 3060
390.138 3400
390.141 3740
390.144 4080
390.147 4420
390.15 4760
390.154 5100
390.157 5440
390.335 5780
390.338 6120
390.341 6460
390.344 6800
390.347 7140
390.35 7480
390.354 7820
390.357 8160
390.36 8500
390.363 8840
390.366 9180
390.369 9520
390.372 9860
390.376 10200
390.379 10540
390.382 10880
390.535 11220
390.538 11560
390.541 11900
390.544 12240
390.547 12580
390.55 12920
390.553 13260
390.557 13600
390.56 13940
390.563 14280
390.566 14620
390.569 14960
390.572 15300
390.575 15640
390.579 15980
390.582 16320
390.585 16660
390.588 17000
390.601 11900
391.009 12240
391.018 12580
391.024 12920
391.031 13260
391.05 13600
391.081 13940
391.135 14280
391.223 14620
391.333 14960
391.466 15300
391.598 15640
391.724 15980
391.948 16320
392.128 16660
392.421 17000
395.018 17340
395.09 11900
395.406 12240
395.412 12580
395.418 12920
395.425 13260
395.431 13600
395.437 13940
395.443 14280
395.45 14620
395.456 14960
395.532 15300
395.667 15640
395.809 15980
395.973 16320
396.168 16660
396.417 17000
396.77 17340
399.488 17680
399.841 18020
400.083 18360
