0.0 0
0.260277 3400
0.52673 3740
0.539338 4420
0.551946 5100
0.564554 5780
0.577162 6460
0.783466 6800
0.798623 7480
0.811231 8160
0.823839 8840
0.836447 9520
0.849055 10200
0.861663 10880
0.874271 11560
0.886879 12240
0.899487 12920
1.05536 13600
1.07052 14280
1.08312 14960
1.09573 15640
1.10834 16320
1.12095 17000
1.13356 17680
1.14616 18360
1.15877 19040
1.17138 19720
1.18399 20400
1.1966 21080
1.2092 21760
1.22181 22440
1.23442 23120
1.24703 23800
1.25964 24480
1.27224 25160
1.28485 25840
1.32725 26520
1.33986 27200
1.35247 27880
1.36508 28560
1.37768 29240
1.39029 29920
1.4029 30600
1.41551 31280
1.44072 21760
2.78978 22100
2.80869 15300
3.43991 15640
3.45252 15980
3.46513 16320
3.47774 16660
3.49035 17000
3.52817 17340
3.67947 17680
3.78115 12240
4.10265 12580
4.15391 12920
4.16652 13260
4.17912 13600
4.22956 13940
4.2926 9520
4.84899 9860
4.95698 6800
5.21626 7140
5.28561 7480
5.30452 7820
5.48816 8160
5.63315 8500
5.82939 8840
5.93026 9180
6.20215 9520
6.48035 9860
9.13624 10200
9.49721 10540
9.7628 7140
10.0284 7480
10.1419 7820
10.1545 8160
10.1671 8500
10.2364 8840
10.4138 9180
10.5596 9520
10.7361 9860
10.9954 10200
11.3366 10540
11.7606 7140
12.0262 7480
12.0955 7820
12.1081 8160
12.1208 8500
12.2918 8840
12.38 9180
12.5574 9520
12.7402 9860
12.9869 10200
13.3604 10540
13.5244 7140
13.7899 7480
13.9042 7820
13.9168 8160
13.9294 8500
13.9988 8840
14.1761 9180
14.3085 9520
14.4985 9860
14.7451 10200
15.099 10540
17.2678 7140
17.799 7480
17.9322 7820
17.9448 8160
17.9574 8500
18.0015 8840
18.2041 9180
18.3176 9520
18.5138 9860
18.7605 10200
19.1143 10540
19.2854 7140
19.8165 7480
19.8922 7820
19.9048 8160
19.9174 8500
20.0821 8840
20.1641 9180
20.3477 9520
20.5242 9860
20.6259 6800
20.8915 7140
20.9987 7480
21.0113 7820
21.0239 8160
21.1445 8500
21.3021 8840
21.5298 9180
21.8017 9520
22.1052 9860
22.3518 6800
22.6174 7140
22.6805 7480
22.6931 7820
22.7183 8160
22.7632 5440
23.0343 5780
23.2179 6120
23.2305 6460
23.2432 6800
23.4961 4760
23.7617 5100
23.8059 5440
23.8185 5780
24.021 6120
24.2866 6460
24.6215 6800
27.3342 7140
27.4098 4760
27.6754 5100
27.859 5440
27.8716 5780
27.8906 6120
27.9221 4080
28.1877 4420
28.3965 4760
28.4091 5100
28.4469 5440
28.6873 5780
29.1996 6120
31.7538 6460
32.0257 4420
32.5569 4760
32.7468 5100
32.7594 5440
32.8098 5780
33.0565 6120
33.5562 6460
33.6318 4420
33.9037 4760
34.1189 3060
34.6501 3400
34.6816 3740
34.9093 4080
35.1749 4420
35.4468 4760
36.8126 3060
37.0782 3400
37.116 3740
37.3312 4080
37.5968 4420
37.8686 4760
40.0627 3060
40.3283 3400
40.3661 3740
40.575 4080
40.8406 4420
41.1125 4760
41.1755 3060
41.4411 3400
41.6625 3740
41.6751 4080
41.9344 4420
42.2063 4760
43.5721 3060
43.8377 3400
43.8755 3740
44.0907 4080
44.3563 4420
44.6281 4760
47.3408 5100
47.6127 5440
47.6631 3740
47.9287 4080
48.1438 4420
48.1565 4760
48.4157 5100
48.6876 5440
49.2629 3740
49.5285 4080
49.5664 4420
49.7626 4760
50.0282 5100
50.3001 5440
51.1347 3740
51.4003 4080
51.4381 4420
51.6469 4760
51.9125 5100
51.9503 3400
52.2222 3740
52.2727 4080
52.45 4420
52.7219 4760
52.9875 5100
53.2846 3400
54.0814 3740
54.094 4080
54.328 4420
54.5999 4760
54.8781 3060
55.1437 3400
55.1815 3740
55.3967 4080
55.6623 4420
55.9342 4760
57.9068 3060
58.1724 3400
58.3812 3740
58.3938 4080
58.6531 4420
58.925 4760
61.6376 5100
61.9474 5440
62.2003 5780
62.447 6120
62.7126 6460
62.7252 6800
62.9845 7140
62.9971 7480
63.0601 7820
63.2564 8160
63.269 8500
63.332 5780
63.6102 6120
63.6544 6460
63.7939 6800
63.8065 7140
63.8443 4760
64.1225 5100
64.1918 5440
64.325 5780
64.3377 6120
64.5969 6460
64.8688 6800
65.1344 7140
66.4939 4760
66.8099 5100
66.8225 5440
66.8351 5780
67.0062 6120
67.2717 6460
67.5436 6800
67.8092 7140
69.6999 4760
70.231 5100
70.3319 5440
70.3445 5780
70.4714 6120
70.6101 6460
70.737 4420
71.0026 4760
71.1287 5100
71.1413 5440
71.2745 5780
71.5464 6120
71.9381 6460
72.0011 4420
72.2667 4760
72.3558 5100
72.4692 5440
72.5197 5780
72.7726 6120
73.1651 6460
73.2975 4420
73.5631 4760
73.6072 5100
73.6963 5440
73.8224 3740
74.088 4080
74.2275 4420
74.2401 4760
74.4994 5100
74.7965 5440
75.5933 3740
76.1244 4080
76.1749 2720
76.4342 3060
76.6493 3400
76.6682 3740
76.6871 4080
79.6969 4420
79.9498 3060
80.2154 3400
80.2533 3740
80.4495 4080
80.7529 4420
83.6429 4760
83.9085 5100
84.1804 5440
84.446 5780
84.4586 6120
84.7178 6460
84.7305 6800
84.9897 7140
85.0023 7480
85.0402 7820
85.1032 5440
85.3877 5780
85.565 6120
85.5777 6460
85.5966 6800
85.6155 4760
85.8937 5100
85.9252 5440
86.1025 5780
86.153 6120
86.3996 6460
86.7472 6800
87.7717 4760
88.3029 5100
88.3407 5440
88.3659 5780
88.5685 6120
88.8025 6460
88.916 4420
89.4472 4760
89.6182 5100
89.6308 5440
89.7065 5780
89.9469 6120
90.4276 6460
90.4654 4420
90.731 4760
90.7814 5100
90.7941 5440
90.9903 5780
91.2307 6120
91.5908 4080
91.8564 4420
92.04 4760
92.0527 5100
92.1157 5440
92.3561 5780
92.8431 6120
93.7281 4080
93.9937 4420
94.1963 4760
94.2089 5100
94.2467 5440
94.4997 5780
94.9993 6120
96.3903 4080
96.6559 4420
96.7001 4760
96.7127 5100
96.9089 5440
96.9719 3740
98.0343 4080
98.0469 4420
98.2116 4760
98.4772 5100
98.7491 5440
100.203 3740
100.469 4080
100.652 4420
100.665 4760
100.924 5100
101.196 5440
103.144 3740
103.409 4080
103.447 4420
103.631 4760
103.896 5100
104.168 3400
104.434 3740
104.478 4080
104.693 4420
104.965 4760
105.23 5100
107.893 5440
108.209 5780
108.455 6120
108.696 6460
108.968 6800
108.98 7140
109.233 7480
109.246 7820
109.321 8160
109.499 8500
109.524 8840
109.612 9180
109.771 9520
109.783 9860
109.846 10200
109.922 10540
110.036 10880
110.061 11220
110.124 11560
110.15 7820
110.434 8160
110.58 5440
110.846 5780
110.902 6120
110.915 6460
110.965 4420
111.237 4760
111.44 5100
111.452 5440
111.49 5780
111.737 6120
112.249 6460
114.671 4420
114.937 4760
114.981 5100
114.993 5440
115.196 5780
115.455 6120
115.79 6460
117.068 4420
117.333 4760
117.396 5100
117.409 5440
117.586 5780
117.681 3740
117.946 4080
118.117 4420
118.13 4760
118.206 5100
118.478 5440
118.927 5780
121.443 3740
121.709 4080
121.886 4420
121.899 4760
121.968 5100
122.227 5440
122.43 3740
122.961 4080
122.993 4420
123.22 3060
123.486 3400
123.536 3740
123.751 4080
124.042 4420
126.755 4760
127.217 5100
127.489 5440
127.539 5780
127.754 6120
127.855 6460
128.02 6800
128.102 7140
128.285 7480
128.311 7820
128.551 8160
128.564 8500
128.576 8840
128.664 6120
129.221 6460
129.233 6800
129.392 7140
129.405 7480
129.664 7820
129.727 5440
129.992 5780
130.195 3740
130.461 4080
130.505 4420
130.517 4760
130.732 5100
131.004 5440
131.314 5780
131.599 3740
131.864 4080
131.908 4420
131.933 4760
132.123 5100
132.364 5440
132.718 5780
133.002 3740
133.268 4080
133.439 4420
133.451 4760
133.527 5100
133.799 5440
134.248 5780
136.91 6120
137.189 6460
137.448 6800
137.713 7140
137.802 7480
137.985 7820
138.074 8160
138.257 8500
138.308 8840
138.333 6120
138.611 6460
138.655 6800
138.788 7140
138.801 7480
138.921 7820
139.111 8160
139.364 8500
139.465 5780
139.73 6120
139.895 6460
139.907 6800
139.92 7140
140.167 7480
140.217 5100
140.533 5440
140.546 5780
140.698 6120
140.723 6460
140.964 6800
141.229 7140
141.514 7480
141.779 5100
142.045 5440
142.095 5780
142.108 6120
142.304 6460
142.436 6800
142.645 4760
142.911 5100
142.974 5440
142.987 5780
143.17 6120
143.436 6460
143.777 6800
146.243 4760
146.774 5100
146.888 5440
146.945 5780
147.027 6120
147.28 6460
147.692 6800
147.767 4760
148.033 5100
148.115 5440
148.127 5780
148.292 6120
148.558 6460
148.918 6800
150.321 4760
150.587 5100
150.714 5440
150.726 5780
150.846 6120
151.099 6460
151.517 6800
153.18 4760
153.445 5100
153.54 5440
153.553 5780
153.698 6120
153.951 6460
154.115 4420
154.381 4760
154.508 5100
154.52 5440
154.634 5780
154.887 6120
155.317 6460
155.728 4420
155.993 4760
156.139 5100
156.152 5440
156.246 5780
156.499 6120
156.948 6460
157.037 4420
157.568 4760
157.606 5100
157.752 5440
157.827 5780
158.093 6120
158.112 4080
158.384 4420
158.555 4760
158.567 5100
158.643 5440
158.896 5780
159.358 6120
159.705 4080
160.236 4420
160.433 4760
160.445 5100
160.502 5440
160.736 5780
160.983 3740
161.248 4080
161.292 4420
161.305 4760
161.501 5100
161.773 5440
162.102 5780
163.398 3740
163.664 4080
163.721 4420
163.733 4760
163.746 5100
164.176 5440
164.53 5780
167.23 6120
167.641 6460
167.913 6800
168.033 7140
168.191 7480
168.444 7820
168.47 8160
168.716 8500
168.729 8840
168.773 6120
169.039 6460
169.095 6800
169.108 7140
169.254 7480
169.361 7820
169.545 8160
169.785 8500
170.145 8840
171.271 6120
171.536 6460
171.695 6800
171.707 7140
171.72 7480
171.96 7820
172.036 8160
172.282 8500
172.643 8840
172.858 6120
173.123 6460
173.18 6800
173.301 7140
173.313 7480
173.446 7820
173.623 8160
173.876 8500
174.224 8840
174.274 6120
174.54 6460
174.692 6800
174.704 7140
174.717 7480
174.957 7820
175.008 5440
175.545 5780
175.608 3740
175.855 4080
176.051 4420
176.064 4760
176.108 5100
176.361 5440
176.873 5780
177.233 3740
177.499 4080
177.708 4420
177.72 4760
177.752 5100
178.005 5440
178.517 5780
180.155 3740
180.42 4080
180.464 4420
180.477 4760
180.686 5100
180.933 5440
181.198 3740
181.464 4080
181.508 4420
181.571 4760
181.742 3060
182.008 3400
182.083 3740
182.115 4080
182.368 4420
182.804 4760
182.905 3060
183.171 3400
183.336 3740
183.348 4080
183.607 4420
183.892 4760
184.436 3060
184.701 3400
184.771 3740
184.954 4080
185.055 4420
185.485 4760
188.198 5100
188.476 5440
188.495 3740
188.767 4080
188.855 4420
189.007 4760
189.127 5100
189.539 5440
190.677 3740
190.942 4080
191.03 4420
191.157 4760
191.302 5100
191.689 5440
194.401 5780
194.717 6120
194.97 6460
195.211 6800
195.362 7140
195.476 7480
195.634 7820
195.742 8160
195.817 5440
196.089 5780
196.178 6120
196.279 6460
196.292 6800
196.443 7140
196.589 7480
196.842 7820
196.892 5440
197.158 5780
197.265 6120
197.354 6460
197.367 6800
197.543 7140
197.803 7480
197.955 5100
198.22 5440
198.346 5780
198.359 6120
198.429 6460
198.618 6800
198.884 7140
198.998 4760
199.264 5100
199.421 5440
199.434 5780
199.447 6120
199.7 6460
199.725 4420
200.009 4760
200.054 5100
200.067 5440
200.269 5780
200.339 3740
200.604 4080
200.787 4420
200.8 4760
200.864 5100
201.109 5440
201.362 3740
201.628 4080
201.673 4420
201.862 4760
202.128 5100
202.4 5440
203.753 3740
204.018 4080
204.056 4420
204.284 4760
204.549 5100
204.625 3400
204.897 3740
205.112 4080
205.125 4420
205.369 4760
205.641 5100
208.328 5440
208.669 5780
208.916 6120
209.131 6460
209.378 6800
209.428 7140
209.644 7480
209.681 7820
209.707 5440
210.238 5780
210.25 6120
210.295 6460
210.447 6800
210.712 7140
210.984 7480
211.25 5100
211.515 5440
211.572 5780
211.591 3740
211.863 4080
211.913 4420
212.046 4760
212.116 5100
212.375 5440
212.723 5780
215.088 3740
215.353 4080
215.524 4420
215.575 4760
215.606 5100
215.853 5440
215.891 3740
216.163 4080
216.372 4420
216.384 4760
216.643 5100
216.922 5440
216.941 3740
217.212 4080
217.244 4420
217.453 4760
217.718 5100
217.769 3400
218.034 3740
218.256 4080
218.269 4420
218.513 4760
218.785 5100
220.435 3400
220.707 3740
220.928 4080
220.941 4420
221.206 3060
221.472 3400
221.503 3740
221.731 4080
222.009 4420
222.831 3060
223.097 3400
223.129 3740
223.35 4080
223.641 4420
223.9 3060
224.166 3400
224.197 3740
224.416 4080
224.709 4420
227.422 4760
227.888 5100
228.16 5440
228.225 5780
228.425 6120
228.691 6460
228.703 6800
228.779 4760
229.057 5100
229.247 5440
229.266 5780
229.285 3740
229.557 4080
229.595 4420
229.785 4760
229.81 5100
230.063 5440
230.588 5780
233.022 3740
233.288 4080
233.515 4420
233.528 4760
233.541 5100
233.787 3400
234.053 3740
234.103 4080
234.312 4420
234.407 4760
234.856 5100
235.754 3400
236.285 3740
236.462 4080
236.475 4420
236.544 3060
236.81 3400
237 3740
237.012 4080
237.353 4420
238.1 3060
238.365 3400
238.416 3740
238.612 4080
238.903 4420
239.44 3060
239.706 3400
239.763 3740
239.953 4080
240.243 4420
240.49 3060
240.756 3400
240.787 3740
241.021 4080
241.299 4420
242.672 3060
242.937 3400
243.159 3740
243.171 4080
243.481 4420
244.815 3060
245.612 3400
245.833 2380
245.903 2720
246.137 3060
246.156 3400
249.077 3740
249.349 4080
249.615 4420
249.887 4760
249.924 5100
250.152 5440
250.196 5780
250.424 6120
250.443 4080
250.715 4420
250.753 4760
250.772 5100
250.974 5440
251.227 5780
251.568 6120
252.58 4080
252.846 4420
252.896 4760
252.909 5100
253.105 5440
253.371 5780
253.699 6120
256.412 6460
256.709 4420
256.975 4760
257.031 5100
257.165 5440
257.234 5780
257.493 6120
257.784 4080
258.05 4420
258.24 4760
258.252 5100
258.303 5440
258.556 5780
259.043 6120
260.174 4080
260.44 4420
260.484 4760
260.655 5100
260.699 5440
260.94 5780
261.3 6120
264.012 6460
264.449 6800
264.715 7140
264.809 7480
264.987 7820
265.113 8160
265.258 8500
265.372 8840
265.53 9180
265.581 9520
265.669 9860
265.802 10200
265.84 10540
265.928 10880
266.068 11220
266.08 11560
266.137 11900
266.213 12240
266.346 12580
266.365 8500
267.168 8840
267.237 6120
267.699 6460
267.718 4420
267.99 4760
268.129 5100
268.141 5440
268.243 5780
268.401 3740
268.932 4080
269.021 4420
269.033 4760
269.197 5100
269.293 3400
269.558 3740
269.596 4080
269.735 4420
270.007 4760
270.272 5100
270.633 3400
270.899 3740
270.956 4080
271.075 4420
271.347 4760
271.613 5100
274.427 5440
274.693 5780
274.965 6120
275.23 6460
275.281 6800
275.502 7140
275.565 7480
275.774 7820
275.787 8160
275.906 8500
276.046 8840
276.071 9180
276.134 6120
276.406 6460
276.577 6800
276.59 7140
276.602 7480
276.653 7820
276.843 8160
277.108 8500
277.215 5780
277.487 6120
277.671 6460
277.684 6800
277.696 7140
277.943 7480
277.993 7820
278.208 5440
278.474 5780
278.524 6120
278.537 6460
278.74 6800
278.815 4760
279.346 5100
279.391 5440
279.403 5780
279.599 6120
279.852 6460
280.206 6800
281.231 4760
281.496 5100
281.572 5440
281.585 5780
281.756 6120
282.021 6460
282.375 6800
282.856 4760
283.831 340
284.567 680
284.839 1360
285.111 2040
285.124 2720
285.383 3400
285.396 3740
285.408 4080
285.421 4420
285.655 4760
285.668 5100
285.68 5440
285.693 5780
285.705 6120
285.718 6460
285.921 6800
285.933 7140
285.946 7480
285.958 7820
285.971 8160
285.984 8500
286.003 8840
286.028 6120
286.325 6460
286.502 6800
286.515 7140
286.527 7480
286.603 7820
286.806 8160
287.059 8500
287.406 8840
287.697 6120
287.962 6460
288.127 6800
288.14 7140
288.152 7480
288.393 7820
288.443 8160
288.703 8500
288.987 5780
289.253 6120
289.309 6460
289.322 6800
289.474 7140
289.581 7480
289.746 7820
290.018 8160
290.346 8500
290.663 5780
290.928 6120
291.087 6460
291.099 6800
291.112 7140
291.358 7480
291.421 7820
291.662 8160
292.016 8500
292.212 5780
292.743 6120
292.794 6460
292.806 6800
292.958 7140
293.065 7480
293.23 7820
293.502 8160
293.634 5440
294.9 340
295.171 1360
295.456 680
295.734 1020
296 1360
298.609 1700
298.874 2040
299.146 2380
299.418 2720
299.703 1700
299.968 2040
300.215 2380
300.446 2720
303.165 3060
303.437 3400
303.703 3740
303.968 4080
303.975 4420
304.24 4760
304.253 5100
304.506 5440
304.518 5780
304.771 6120
304.784 6460
304.797 6800
304.847 4760
305.41 5100
305.593 5440
305.606 5780
305.663 6120
305.897 6460
306.397 6800
306.46 4760
306.731 5100
306.769 5440
306.934 5780
306.972 6120
307.218 6460
307.572 6800
308.894 4760
309.16 5100
309.204 5440
309.216 5780
309.4 6120
309.653 6460
309.925 4420
310.19 4760
310.235 5100
310.247 5440
310.45 5780
310.696 6120
311.044 6460
313.744 6800
314.162 7140
314.434 7480
314.547 7820
314.712 8160
314.965 8500
314.99 8840
315.103 9180
315.237 9520
315.312 9860
315.502 10200
315.515 10540
315.578 10880
315.666 7480
315.951 7820
316.096 8160
316.109 8500
316.122 8840
316.147 9180
316.362 9520
316.45 9860
316.653 10200
316.893 10540
316.918 7140
317.19 7480
317.253 7820
317.266 8160
317.279 8500
317.424 8840
317.525 9180
317.69 9520
317.892 9860
318.138 10200
318.493 10540
320.573 7140
321.104 7480
321.193 7820
321.206 8160
321.218 8500
321.294 8840
321.338 6120
321.869 6460
322.021 4420
322.281 4760
322.363 5100
322.375 5440
322.552 5780
322.824 6120
323.172 6460
323.444 4420
324.241 4760
324.291 5100
324.31 3400
324.582 3740
324.765 4080
324.778 4420
325.031 4760
325.303 5100
325.322 3400
325.594 3740
325.65 4080
325.84 4420
325.941 4760
326.384 5100
327.187 3400
327.453 3740
327.516 4080
327.547 4420
327.794 4760
328.262 5100
330.924 5440
331.247 5780
331.462 6120
331.728 6460
331.828 6800
331.999 7140
332.119 7480
332.271 7820
332.334 8160
332.543 8500
332.568 8840
332.613 9180
332.694 9520
332.815 9860
332.859 10200
332.922 10540
333.087 10880
333.1 11220
333.125 11560
333.15 7820
333.7 8160
333.757 8500
333.769 8840
333.782 9180
333.884 9520
334.029 9860
334.149 10200
334.307 10540
334.326 7140
334.863 7480
334.971 7820
334.984 8160
334.997 8500
335.053 8840
335.243 9180
335.388 9520
335.566 9860
335.812 10200
335.945 7140
336.21 7480
336.343 7820
336.356 8160
336.369 8500
336.463 8840
336.609 9180
336.628 6120
336.9 6460
336.957 6800
336.969 7140
336.994 7480
337.146 7820
337.298 8160
337.5 8500
337.76 8840
338.101 9180
339.397 6120
339.663 6460
339.726 6800
339.738 7140
339.834 7480
339.91 7820
340.017 5440
340.282 5780
340.403 6120
340.428 6460
340.46 6800
340.668 7140
340.94 7480
341.092 5100
341.357 5440
341.497 5780
341.509 6120
341.541 6460
341.769 6800
341.895 4760
342.16 5100
342.319 5440
342.331 5780
342.42 6120
342.647 6460
343.122 6800
345.834 7140
345.897 4760
346.163 5100
346.213 5440
346.226 5780
346.372 6120
346.638 6460
346.909 6800
347.175 7140
349.691 4760
350.223 5100
350.387 5440
350.4 5780
350.412 6120
350.653 6460
350.925 6800
351.19 7140
353.916 7480
353.941 5100
354.478 5440
354.662 5780
354.687 6120
354.7 6460
354.934 6800
355.041 4760
355.307 5100
355.497 5440
355.509 5780
355.553 6120
355.8 6460
356.312 6800
357.153 4760
357.419 5100
357.463 5440
357.475 5780
357.659 6120
357.925 6460
358.266 6800
360.087 4760
360.618 5100
360.656 5440
360.688 5780
360.884 6120
360.922 4080
361.187 4420
361.244 4760
361.257 5100
361.434 5440
361.547 3740
361.813 4080
361.99 4420
362.041 4760
362.085 3060
362.351 3400
362.572 3740
362.585 4080
362.844 4420
363.116 4760
364.21 3060
364.475 3400
364.513 3740
364.728 4080
364.994 4420
365.266 4760
365.322 3060
365.588 3400
365.81 3740
365.822 4080
366.081 4420
366.353 4760
366.632 3060
366.897 3400
366.935 3740
367.15 4080
367.416 4420
367.441 3060
367.713 3400
367.757 3740
367.953 4080
368.029 2720
368.294 3060
368.51 3400
368.522 3740
368.826 4080
370.735 2720
371.001 3060
371.203 3400
371.235 3740
371.538 4080
374.251 4420
374.725 4760
374.788 3060
375.054 3400
375.092 3740
375.256 4080
375.522 4420
375.604 3060
375.87 3400
376.072 3740
376.116 4080
376.407 4420
379.272 4760
379.537 5100
379.809 5440
380.075 5780
380.087 6120
380.359 6460
380.372 6800
380.631 7140
380.644 7480
380.682 7820
380.903 8160
380.916 8500
380.954 8840
381.029 9180
381.169 9520
381.181 9860
381.244 10200
381.32 10540
381.434 10880
381.447 11220
381.497 11560
381.56 11900
381.7 12240
381.713 12580
381.725 12920
381.776 13260
381.826 13600
381.876 13940
381.978 9520
382.244 9860
382.332 10200
382.345 10540
382.357 10880
382.37 11220
382.458 11560
382.604 11900
382.623 8160
383.16 8500
383.223 8840
383.236 9180
383.249 9520
383.312 9860
383.489 10200
383.59 10540
383.754 10880
383.78 7480
384.052 7820
384.115 8160
384.127 8500
384.14 8840
384.286 9180
384.393 9520
384.558 9860
384.754 10200
385 10540
385.38 10880
385.645 7480
386.176 7820
386.258 5440
386.518 5780
386.581 6120
386.606 6460
386.707 6800
386.89 7140
387.15 7480
387.511 7820
388.939 5440
389.205 5780
389.306 6120
389.318 6460
389.376 6800
389.584 7140
389.843 7480
390.014 5100
390.28 5440
390.412 5780
390.445 6120
390.457 6460
390.684 6800
390.95 7140
391.248 7480
392.031 5100
393.297 340
394.028 680
394.3 1360
394.572 2040
394.584 2720
394.843 3400
394.856 3740
394.869 4080
394.881 4420
395.115 4760
395.128 5100
395.141 5440
395.153 5780
395.166 6120
395.178 6460
395.381 6800
395.394 7140
395.406 7480
395.419 7820
395.431 8160
395.444 8500
395.457 8840
395.469 9180
395.482 9520
395.647 9860
395.659 10200
395.672 10540
395.684 10880
395.697 11220
395.71 11560
395.722 11900
395.735 12240
395.81 12580
396.032 12920
396.222 8840
397.019 9180
397.101 6120
397.632 6460
397.701 4420
397.96 4760
398.049 5100
398.081 5440
398.232 5780
398.447 6120
398.587 4080
398.853 4420
398.966 4760
398.985 5100
399.118 5440
399.384 5780
399.769 6120
