0.0 0
0.477645 3400
0.961467 3740
0.974075 4420
0.986683 5100
0.999291 5780
1.0119 6460
1.2182 6800
1.45073 7480
1.46334 8160
1.47594 8840
1.48855 9520
1.50116 10200
1.51377 10880
1.52638 11560
1.53898 12240
1.55159 12920
1.70746 13600
1.93999 14280
1.9526 14960
1.96521 15640
1.97781 16320
1.99042 17000
2.00303 17680
2.01564 18360
2.02825 19040
2.04085 19720
2.05346 20400
2.06607 21080
2.07868 21760
2.09129 22440
2.10389 23120
2.1165 23800
2.12911 24480
2.14172 25160
2.15433 25840
2.19673 26520
2.20933 27200
2.42925 27880
2.44186 28560
2.45447 29240
2.46708 29920
2.47968 30600
2.49229 31280
2.5049 31960
2.51751 32640
2.53012 33320
2.54272 34000
2.55533 34680
2.56794 35360
2.58055 36040
2.59316 36720
2.60576 37400
2.61837 38080
2.63098 38760
2.64359 39440
2.6562 40120
2.6688 40800
2.68141 41480
2.69402 42160
2.70663 42840
2.71924 43520
2.73184 44200
2.74445 44880
2.75706 45560
2.76967 46240
2.78228 46920
2.79488 47600
2.80749 48280
2.8201 48960
2.83271 49640
2.84532 50320
2.85792 51000
2.87053 51680
2.88314 52360
2.89575 53040
2.90836 53720
2.92096 54400
2.93357 55080
2.94618 55760
2.95879 56440
2.9714 57120
2.984 57800
2.99661 58480
3.00922 59160
3.02183 59840
3.03444 60520
3.04704 61200
3.05965 61880
3.07226 62560
3.08487 63240
3.09748 63920
3.11008 64600
3.12269 65280
3.1353 65960
3.14791 66640
3.16052 67320
3.17312 68000
3.18573 68680
3.19834 69360
3.21095 70040
3.22356 70720
3.23616 71400
3.24877 72080
3.26138 72760
3.27399 73440
3.2866 74120
3.2992 74800
3.31181 75480
3.32442 76160
3.33703 76840
3.34964 77520
3.36224 78200
3.37485 78880
3.38746 79560
3.40007 80240
3.41268 80920
3.42528 81600
3.43789 82280
3.4505 82960
3.46311 83640
3.47572 84320
3.48832 85000
3.50093 85680
3.51354 86360
3.52615 87040
3.53876 87720
3.55136 88400
3.56397 89080
3.57658 89760
3.58919 90440
3.6018 91120
3.6144 91800
3.62701 92480
3.63962 93160
3.65223 93840
3.66484 94520
3.67744 95200
3.69005 95880
3.70266 96560
3.71527 97240
3.72788 97920
3.74048 98600
3.75309 99280
3.7657 99960
3.77831 100640
3.79092 101320
3.80352 102000
3.81613 102680
3.82874 103360
3.84135 104040
3.85396 104720
3.86656 105400
3.87917 106080
3.89178 106760
3.90439 107440
3.917 108120
3.9296 108800
3.94221 109480
3.95482 110160
3.96743 110840
3.98004 111520
3.99264 112200
4.00525 112880
4.01786 113560
4.03047 114240
4.04308 114920
4.05568 115600
4.06829 116280
4.0809 116960
4.09351 117640
4.10612 118320
4.11872 119000
4.13133 119680
4.14394 120360
4.15655 121040
4.16916 121720
4.18176 122400
4.19437 123080
4.20698 123760
4.21959 124440
4.2322 125120
4.2448 125800
4.25741 126480
4.27002 127160
4.28263 127840
4.29524 128520
4.30784 129200
4.32045 129880
4.33306 130560
4.34567 131240
4.35828 131920
4.37088 132600
4.38349 133280
4.3961 133960
4.40871 134640
4.42132 135320
4.43392 136000
4.44653 136680
4.45914 137360
4.47175 138040
4.48436 138720
4.49696 139400
4.50957 140080
4.52218 140760
4.53479 141440
4.5474 142120
4.56 142800
4.57261 143480
4.58522 144160
4.59783 144840
4.61044 145520
4.62304 146200
4.63565 146880
4.64826 147560
4.66087 148240
4.67348 148920
4.68608 149600
4.69869 150280
4.7113 150960
4.72391 151640
4.73652 152320
4.74912 153000
4.76173 153680
4.77434 154360
4.78695 155040
4.79956 155720
4.81216 156400
4.82477 157080
4.83738 157760
4.84999 158440
4.8626 159120
4.8752 159800
4.88781 160480
4.90042 161160
4.91303 161840
4.92564 162520
4.93824 163200
4.95085 163880
4.96346 164560
4.97607 165240
4.98868 165920
5.00128 166600
5.01389 167280
5.0265 167960
5.03911 168640
5.05172 169320
5.06432 170000
5.07693 170680
5.09584 119340
8.40643 340
8.58196 1360
9.06736 1700
9.07367 2720
9.55032 3060
9.55662 4080
9.57554 4420
9.58184 5440
10.0333 5780
10.0396 6800
10.0585 7140
10.0648 8160
10.0837 8500
10.09 9520
10.1089 9860
10.1152 10880
10.5162 11220
10.5225 12240
10.5415 12580
10.5478 13600
10.5667 13940
10.573 14960
10.5919 15300
10.5982 16320
10.6171 16660
10.6234 17680
10.6423 18020
10.6486 19040
10.6675 19380
10.6738 20400
10.6927 20740
10.6991 21760
10.9992 22100
11.0055 23120
11.0244 23460
11.0307 24480
11.0496 24820
11.0559 25840
11.0748 26180
11.0811 27200
11.1001 27540
11.1064 28560
11.1253 28900
11.1316 29920
11.1505 30260
11.1568 31280
11.1757 31620
11.182 32640
11.2009 32980
11.2072 34000
11.2261 34340
11.2324 35360
11.2514 35700
11.2577 36720
11.2766 37060
11.2829 38080
11.3018 38420
11.3081 39440
11.327 39780
11.3333 40800
11.3522 41140
11.3585 42160
11.3774 42500
11.3837 43520
11.4822 43860
11.4885 44880
11.5074 45220
11.5137 46240
11.5326 46580
11.5389 47600
11.5578 47940
11.5641 48960
11.583 49300
11.5893 50320
11.6082 50660
11.6145 51680
11.6334 52020
11.6398 53040
11.6587 53380
11.665 54400
11.6839 54740
11.6902 55760
11.7091 56100
11.7154 57120
11.7343 57460
11.7406 58480
11.7595 58820
11.7658 59840
11.7847 60180
11.791 61200
11.81 61540
11.8163 62560
11.8352 62900
11.8415 63920
11.8604 64260
11.8667 65280
11.8856 65620
11.8919 66640
11.9108 66980
11.9171 68000
11.936 68340
11.9423 69360
11.9613 69700
11.9676 70720
11.9865 71060
11.9928 72080
12.0117 72420
12.018 73440
12.0369 73780
12.0432 74800
12.0621 75140
12.0684 76160
12.0873 76500
12.0936 77520
12.1126 77860
12.1189 78880
12.1378 79220
12.1441 80240
12.163 80580
12.1693 81600
12.1882 81940
12.1945 82960
12.2134 83300
12.3395 83640
12.4656 83980
12.5917 84320
12.7177 84660
12.8438 85000
12.9699 85340
13.096 85680
13.2221 86020
13.3481 86360
13.4742 86700
13.6003 87040
13.7264 87380
13.8272 60860
17.1126 340
17.5655 680
18.2211 1020
18.2274 1360
18.7041 1700
18.7104 2040
18.7167 2380
18.723 2720
19.187 3060
19.1933 3400
19.1996 3740
19.206 4080
19.2123 4420
19.2186 4760
19.2249 5100
19.2312 5440
19.67 5780
19.6763 6120
19.6826 6460
19.6889 6800
19.6952 7140
19.7015 7480
19.7078 7820
19.7141 8160
19.7204 8500
19.7267 8840
19.733 9180
19.7393 9520
19.7456 9860
19.752 10200
19.7583 10540
19.7646 10880
20.153 11220
20.1593 11560
20.1656 11900
20.1719 12240
20.1782 12580
20.1845 12920
20.1908 13260
20.1971 13600
20.2034 13940
20.2097 14280
20.216 14620
20.2223 14960
20.2286 15300
20.2349 15640
20.2412 15980
20.2475 16320
20.2538 16660
20.2601 17000
20.2664 17340
20.2727 17680
20.279 18020
20.2853 18360
20.2916 18700
20.2979 19040
20.3043 19380
20.3106 19720
20.3169 20060
20.3232 20400
20.3295 20740
20.3358 21080
20.3421 21420
20.3484 21760
20.6359 22100
20.6422 22440
20.6485 22780
20.6548 23120
20.6611 23460
20.6674 23800
20.6737 24140
20.68 24480
20.6863 24820
20.6927 25160
20.699 25500
20.7053 25840
20.7116 26180
20.7179 26520
20.7242 26860
20.7305 27200
20.7368 27540
20.7431 27880
20.7494 28220
20.7557 28560
20.762 28900
20.7683 29240
20.7746 29580
20.7809 29920
20.7872 30260
20.7935 30600
20.7998 30940
20.8061 31280
20.8124 31620
20.8187 31960
20.825 32300
20.8313 32640
20.8376 32980
20.8439 33320
20.8503 33660
20.8566 34000
20.8629 34340
20.8692 34680
20.8755 35020
20.8818 35360
20.8881 35700
20.8944 36040
20.9007 36380
20.907 36720
20.9133 37060
20.9196 37400
20.9259 37740
20.9322 38080
20.9385 38420
20.9448 38760
20.9511 39100
20.9574 39440
20.9637 39780
20.97 40120
20.9763 40460
20.9826 40800
20.9889 41140
20.9952 41480
21.0015 41820
21.0079 42160
21.0142 42500
21.1441 42840
21.2702 43180
21.3962 43520
21.5223 43860
21.6484 44200
21.7745 44540
21.9006 44880
21.9258 31280
24.4799 340
24.813 680
25.8217 1020
25.828 1360
26.3046 1700
26.3109 2040
26.3172 2380
26.3235 2720
26.7876 3060
26.7939 3400
26.8002 3740
26.8065 4080
26.8128 4420
27.2705 3060
27.785 3400
27.7976 3740
27.8607 4080
28.3184 4420
29.6853 4760
30.1683 5100
30.2124 5440
30.5196 5780
30.708 6120
30.7962 6460
31.1468 6800
31.2035 7140
31.6298 7480
32.1127 7820
32.4514 8160
32.5957 8500
32.6083 8840
32.6713 9180
32.7533 9520
32.9344 9860
33.0849 10200
33.1228 10540
33.1606 10880
33.2173 11220
33.4236 11560
33.4362 11900
33.5679 12240
33.5931 12580
33.6183 12920
33.6435 13260
33.6814 13600
33.7066 9520
34.2211 9860
34.5401 10200
34.5527 10540
34.5653 10880
34.5779 11220
34.5905 11560
34.6031 11900
34.9103 12240
35.0924 12580
35.2059 12920
35.5943 13260
36.0835 13600
38.3288 13940
38.5614 14280
38.8181 14620
38.9939 14960
39.1704 15300
39.3074 15640
39.5651 15980
39.666 16320
39.9283 16660
40.0292 17000
40.1174 17340
40.2796 17680
40.4049 18020
40.468 18360
40.5184 18700
40.5815 19040
40.6445 19380
40.7751 19720
40.8942 20060
40.9446 20400
40.9825 20740
41.0329 21080
41.0707 21420
41.1211 21760
41.1716 22100
41.2581 22440
41.3709 22780
41.4087 23120
41.4465 23460
41.4843 23800
41.5222 24140
41.56 24480
41.5978 24820
41.6356 25160
41.6734 25500
41.7113 25840
41.7537 26180
41.8601 26520
41.8979 26860
41.9358 27200
41.9736 27540
41.9988 27880
42.0366 28220
42.0745 28560
42.0997 28900
42.1375 29240
42.1753 29580
42.2131 29920
42.251 30260
42.2762 30600
42.314 30940
42.3557 31280
42.3809 31620
42.4061 31960
42.4439 32300
42.4692 32640
42.507 32980
42.5448 33320
42.57 33660
42.6078 34000
42.6331 34340
42.6709 34680
42.6961 35020
42.7339 35360
42.7591 35700
42.797 36040
42.8222 36380
42.86 36720
42.8852 37060
42.923 37400
42.9483 37740
42.9861 38080
43.0113 38420
43.0491 38760
43.0743 39100
43.1122 39440
43.1374 39780
43.1626 40120
43.1878 40460
43.213 40800
43.2508 41140
43.2635 41480
43.2887 41820
43.3139 42160
43.3391 42500
43.3643 42840
43.3895 43180
43.4148 43520
43.44 43860
43.4652 44200
43.4904 44540
43.5156 44880
43.5408 45220
43.566 45560
43.5913 45900
43.6165 46240
43.6417 46580
43.6669 46920
43.6921 47260
43.7173 47600
43.7426 47940
43.7678 48280
43.793 48620
43.8182 48960
43.8434 49300
43.8686 49640
43.8939 49980
43.9191 50320
43.9443 50660
43.9695 51000
43.9947 51340
44.0199 51680
44.0452 52020
44.0704 52360
44.0956 52700
44.1208 53040
44.146 53380
44.1586 53720
44.1838 54060
44.1964 54400
44.2217 54740
44.2469 55080
44.2595 55420
44.2847 55760
44.3099 56100
44.3225 56440
44.3351 56780
44.3604 57120
44.373 57460
44.3982 57800
44.4108 58140
44.436 58480
44.4486 58820
44.4738 59160
44.4864 59500
44.5116 59840
44.5243 60180
44.5495 60520
44.5621 60860
44.5873 61200
44.5999 61540
44.6251 61880
44.6377 62220
44.6629 62560
44.6756 62900
44.7008 63240
44.7134 63580
44.7386 63920
44.7512 64260
44.7764 64600
44.789 64940
44.8142 65280
44.8268 65620
44.8521 65960
44.8647 66300
44.8899 66640
44.9025 66980
44.9277 67320
44.9403 67660
44.9655 68000
44.9781 68340
45.0034 68680
45.016 69020
45.0412 69360
45.0538 69700
45.079 70040
45.0916 70380
45.1168 70720
45.1294 71060
45.1547 71400
45.1673 71740
45.1925 72080
45.2051 72420
45.2303 72760
45.2429 73100
45.2681 73440
45.2807 73780
45.306 74120
45.3186 74460
45.3438 74800
45.3564 75140
45.3816 75480
45.3942 75820
45.4194 76160
45.432 76500
45.4572 76840
45.4699 77180
45.4951 77520
45.5077 77860
45.5329 78200
45.5455 78540
45.5707 78880
45.5833 79220
45.6085 79560
45.6212 79900
45.6464 80240
45.659 80580
45.6842 80920
45.6968 81260
45.7094 81600
45.7346 81940
45.7472 82280
45.7598 82620
45.7724 82960
45.7851 83300
45.7977 83640
45.8103 83980
45.8229 84320
45.8355 84660
45.8481 85000
45.8733 85340
45.8859 85680
45.8985 86020
45.9111 86360
45.9237 86700
45.9364 87040
45.949 87380
45.9616 87720
45.9742 88060
45.9868 88400
45.9994 88740
46.012 89080
46.0372 89420
46.0498 89760
46.0624 90100
46.075 90440
46.0876 90780
46.1003 91120
46.1129 91460
46.1255 91800
46.1381 92140
46.1507 92480
46.1633 92820
46.1759 93160
46.1885 93500
46.2011 93840
46.2137 94180
46.2263 94520
46.2389 94860
46.2516 95200
46.2642 95540
46.2768 95880
46.2894 96220
46.302 96560
46.3146 96900
46.3272 97240
46.3398 97580
46.3524 97920
46.365 98260
46.3776 98600
46.3902 98940
46.4028 99280
46.4155 99620
46.4281 99960
46.4407 100300
46.4533 100640
46.4659 100980
46.4785 101320
46.4911 101660
46.5037 102000
46.5163 102340
46.5289 102680
46.5415 103020
46.5541 103360
46.5668 103700
46.5794 104040
46.592 104380
46.6046 104720
46.6172 105060
46.6298 105400
46.6424 105740
46.655 106080
46.6676 106420
46.6802 106760
46.6928 107100
46.7054 107440
46.718 107780
46.7307 108120
46.7433 108460
46.7559 108800
46.7685 109140
46.7811 109480
46.7937 109820
46.8063 110160
46.8189 110500
46.8315 110840
46.8441 111180
46.8567 111520
46.8693 111860
46.882 112200
46.8946 112540
46.9072 112880
46.9198 113220
46.9324 113560
46.945 113900
46.9576 114240
46.9702 114580
46.9828 114920
46.9954 115260
47.008 115600
47.0206 115940
47.0332 116280
47.0459 116620
47.0585 116960
47.0711 117300
47.0837 117640
47.0963 117980
47.1089 118320
47.1215 118660
47.1341 119000
47.1467 119340
47.1593 119680
47.1719 120020
47.1845 120360
47.1972 120700
47.2098 121040
47.2224 121380
47.235 121720
47.2476 122060
47.2602 122400
47.2728 122740
47.2854 123080
47.298 123420
47.3106 123760
47.3232 124100
47.3358 124440
47.3484 124780
47.3611 125120
47.3737 125460
47.3863 125800
47.3989 126140
47.4115 126480
47.4241 126820
47.4367 127160
47.4493 127500
47.4682 89080
50.7156 340
50.7904 1360
51.61 2380
51.6289 3400
52.1055 4420
52.1244 5440
52.1433 6460
52.1623 7480
52.6011 8500
52.62 9520
52.6389 11220
52.6704 12240
52.6893 13260
52.7083 14280
52.7272 15300
53.0903 16320
53.1093 17340
53.1282 18360
53.1471 19380
53.166 20400
53.1849 21420
53.2038 22440
53.2227 23460
53.2416 24480
53.2606 25500
53.2795 26520
53.2984 27540
53.3173 28560
53.3362 29580
53.3551 30600
53.5733 31620
53.5922 32640
53.6111 33660
53.63 34680
53.649 35700
53.6679 36720
53.6868 37740
53.7057 38760
53.7246 39780
53.7435 40800
53.7624 41820
53.7813 42840
53.8002 43860
53.8192 44880
53.8381 45900
53.857 46920
53.8759 47940
53.8948 48960
53.9137 49980
53.9326 51000
53.9515 52020
53.9705 53040
53.9894 54060
54.0083 55080
54.0272 56100
54.0461 57120
54.065 58140
54.0839 59160
54.1028 60180
54.1218 61200
54.1407 62220
54.2541 62560
54.3865 62900
54.5189 63240
54.6324 63580
54.7648 63920
54.8971 64260
55.0106 64600
55.143 64940
55.2754 65280
55.3321 65620
56.5614 45900
58.3337 340
58.4743 680
58.9573 1020
58.9636 1360
59.4402 1700
59.4465 2040
59.4528 2380
59.4591 2720
59.9232 3060
59.9295 3400
59.9358 3740
59.9421 4080
59.9484 4420
59.9547 4760
59.961 5100
59.9673 5440
60.4061 5780
60.4125 6120
60.4188 6460
60.4251 6800
60.4314 7140
60.4377 7480
60.444 7820
60.4503 8160
60.4566 8500
60.4629 8840
60.4692 9180
60.4755 9520
60.4818 9860
60.4881 10200
60.4944 10540
60.5007 10880
60.8891 11220
60.8954 11560
60.9017 11900
60.908 12240
60.9143 12580
60.9206 12920
60.9269 13260
60.9332 13600
60.9395 13940
60.9458 14280
60.9521 14620
60.9584 14960
60.9648 15300
60.9711 15640
60.9774 15980
60.9837 16320
60.99 16660
60.9963 17000
61.0026 17340
61.0089 17680
61.0152 18020
61.0215 18360
61.0278 18700
61.0341 19040
61.0404 19380
61.0467 19720
61.053 20060
61.0593 20400
61.0656 20740
61.0719 21080
61.0782 21420
61.0845 21760
61.3721 22100
61.3784 22440
61.3847 22780
61.391 23120
61.3973 23460
61.4036 23800
61.4099 24140
61.4162 24480
61.4225 24820
61.4288 25160
61.4351 25500
61.4414 25840
61.4477 26180
61.454 26520
61.4603 26860
61.4666 27200
61.4729 27540
61.4792 27880
61.4855 28220
61.4918 28560
61.4981 28900
61.5044 29240
61.5108 29580
61.5171 29920
61.5234 30260
61.5297 30600
61.536 30940
61.5423 31280
61.5486 31620
61.5549 31960
61.5612 32300
61.5675 32640
61.5738 32980
61.5801 33320
61.5864 33660
61.5927 34000
61.599 34340
61.6053 34680
61.6116 35020
61.6179 35360
61.6242 35700
61.6305 36040
61.6368 36380
61.6431 36720
61.6494 37060
61.6557 37400
61.662 37740
61.6684 38080
61.6747 38420
61.7062 38760
61.8991 26860
63.141 27200
63.1599 27540
63.1726 27880
63.1852 28220
63.1978 28560
63.2104 28900
63.223 29240
63.2356 29580
63.2482 29920
63.2608 30260
63.2986 30600
63.3239 30940
63.3617 31280
63.3995 31620
63.4373 31960
63.5004 32300
63.576 32640
63.6643 32980
63.7525 33320
63.8534 33660
63.9543 34000
64.0677 34340
64.1812 34680
64.2631 35020
64.3577 35360
64.4775 35700
64.6351 36040
64.7864 36380
64.9629 36720
65.1772 37060
65.4105 37400
65.6752 37740
66.0976 38080
66.2804 26520
67.3962 26860
67.4088 27200
67.4215 27540
67.4341 27880
67.4467 28220
67.4593 28560
67.4719 28900
67.4971 29240
67.5349 29580
67.5601 29920
67.598 30260
67.6358 30600
67.6736 30940
67.724 31280
67.7619 31620
67.8123 31960
67.8627 32300
67.9258 32640
67.9762 32980
68.0392 33320
68.1023 33660
68.1779 34000
68.2662 34340
68.4301 34680
68.6129 35020
68.802 35360
68.9975 35700
69.1929 36040
69.3505 36380
69.4955 36720
69.7539 37060
70.1196 37400
70.4789 37740
71.2165 38080
72.452 38420
72.8051 38760
73.2463 39100
73.4103 39440
73.6876 39780
73.8389 40120
74.0154 40460
74.2046 40800
74.318 41140
74.4441 41480
74.5702 41820
74.6711 42160
74.7719 42500
74.8602 42840
74.9484 43180
75.0367 43520
75.1123 43860
75.188 44200
75.2636 44540
75.3267 44880
75.4023 45220
75.4654 45560
75.5284 45900
75.5914 46240
75.6545 46580
75.7049 46920
75.7679 47260
75.8184 47600
75.8814 47940
75.9192 48280
75.9697 48620
76.0201 48960
76.0705 49300
76.121 49640
76.1714 49980
76.2218 50320
76.2597 50660
76.3101 51000
76.3479 51340
76.3983 51680
76.4362 52020
76.4866 52360
76.5244 52700
76.5749 53040
76.6001 53380
76.6379 53720
76.6757 54060
76.7135 54400
76.7514 54740
76.7892 55080
76.827 55420
76.8648 55760
76.9027 56100
76.9405 56440
76.9783 56780
77.0161 57120
77.054 57460
77.0792 57800
77.117 58140
77.1422 58480
77.18 58820
77.2053 59160
77.2431 59500
77.2683 59840
77.3061 60180
77.3313 60520
77.3692 60860
77.3944 61200
77.4322 61540
77.4574 61880
77.4952 62220
77.5205 62560
77.5583 62900
77.5835 63240
77.6213 63580
77.6465 63920
77.6718 64260
77.697 64600
77.7348 64940
77.7474 65280
77.7726 65620
77.7978 65960
77.8231 66300
77.8483 66640
77.8735 66980
77.8987 67320
77.9239 67660
77.9491 68000
77.9743 68340
77.9996 68680
78.0248 69020
78.05 69360
78.0752 69700
78.1004 70040
78.1256 70380
78.1509 70720
78.1761 71060
78.2013 71400
78.2265 71740
78.2517 72080
78.2769 72420
78.3022 72760
78.3274 73100
78.3526 73440
78.3778 73780
78.403 74120
78.4282 74460
78.4535 74800
78.4787 75140
78.5039 75480
78.5291 75820
78.5543 76160
78.5795 76500
78.6047 76840
78.63 77180
78.6426 77520
78.6678 77860
78.6804 78200
78.7056 78540
78.7182 78880
78.7434 79220
78.756 79560
78.7813 79900
78.7939 80240
78.8191 80580
78.8317 80920
78.8569 81260
78.8695 81600
78.8947 81940
78.9073 82280
78.9326 82620
78.9452 82960
78.9704 83300
78.983 83640
79.0082 83980
79.0208 84320
79.046 84660
79.0586 85000
79.0839 85340
79.0965 85680
79.1217 86020
79.1343 86360
79.1595 86700
79.1721 87040
79.1973 87380
79.2099 87720
79.2351 88060
79.2478 88400
79.273 88740
79.2856 89080
79.3108 89420
79.3234 89760
79.3486 90100
79.3612 90440
79.3864 90780
79.3991 91120
79.4243 91460
79.4369 91800
79.4621 92140
79.4747 92480
79.4999 92820
79.5125 93160
79.5377 93500
79.5503 93840
79.5756 94180
79.5882 94520
79.6134 94860
79.626 95200
79.6512 95540
79.6638 95880
79.689 96220
79.7016 96560
79.7269 96900
79.7395 97240
79.7647 97580
79.7773 97920
79.8025 98260
79.8151 98600
79.8403 98940
79.8529 99280
79.8782 99620
79.8908 99960
79.916 100300
79.9286 100640
79.9538 100980
79.9664 101320
79.9916 101660
80.0042 102000
80.0295 102340
80.0421 102680
80.0673 103020
80.0799 103360
80.1051 103700
80.1177 104040
80.1429 104380
80.1555 104720
80.1681 105060
80.1807 105400
80.1934 105740
80.206 106080
80.2186 106420
80.2438 106760
80.2564 107100
80.269 107440
80.2816 107780
80.2942 108120
80.3068 108460
80.3194 108800
80.332 109140
80.3447 109480
80.3573 109820
80.3699 110160
80.3825 110500
80.3951 110840
80.4077 111180
80.4203 111520
80.4329 111860
80.4455 112200
80.4581 112540
80.4707 112880
80.4833 113220
80.4959 113560
80.5086 113900
80.5212 114240
80.5338 114580
80.5464 114920
80.559 115260
80.5716 115600
80.5842 115940
80.5968 116280
80.6094 116620
80.622 116960
80.6346 117300
80.6472 117640
80.6599 117980
80.6788 82280
83.909 340
84.1018 1360
84.852 3060
85.335 4080
85.3539 5780
85.3854 6800
85.8305 8500
85.8621 9520
85.881 11220
85.9125 12240
85.9314 13940
86.3198 14960
86.3387 16660
86.3702 17680
86.3891 19380
86.4207 20400
86.4396 22100
86.4711 23120
86.49 24820
86.5215 25840
86.5404 27540
86.572 28560
86.8154 30260
86.8469 31280
86.8658 32980
86.8973 34000
86.9162 35700
86.9477 36720
86.9667 38420
86.9982 39440
87.0171 41140
87.0486 42160
87.0675 43860
87.099 44880
87.118 46580
87.1495 47600
87.1684 49300
87.1999 50320
87.2188 52020
87.2503 53040
87.2692 54740
87.3008 55760
87.3197 57460
87.4521 57800
87.5718 58140
87.7105 58480
87.8366 58820
87.9501 59160
88.0825 59500
88.2148 59840
88.3283 60180
88.4418 41820
91.1992 340
91.2345 680
92.4511 1020
92.4574 1360
92.9341 1700
92.9404 2040
92.9467 2380
92.953 2720
93.4171 3060
93.4234 3400
93.4297 3740
93.436 4080
93.4423 4420
93.4486 4760
93.4549 5100
93.4612 5440
93.9 5780
93.9063 6120
93.9126 6460
93.9189 6800
93.9252 7140
93.9315 7480
93.9378 7820
93.9441 8160
93.9504 8500
93.9567 8840
93.9631 9180
93.9694 9520
93.9757 9860
93.982 10200
93.9883 10540
93.9946 10880
94.383 11220
94.3893 11560
94.3956 11900
94.4019 12240
94.4082 12580
94.4145 12920
94.4208 13260
94.4271 13600
94.4334 13940
94.4397 14280
94.446 14620
94.4523 14960
94.4586 15300
94.4649 15640
94.4712 15980
94.4775 16320
94.4838 16660
94.4901 17000
94.4964 17340
94.5027 17680
94.509 18020
94.5154 18360
94.5217 18700
94.528 19040
94.5343 19380
94.5406 19720
94.5469 20060
94.5532 20400
94.5595 20740
94.5658 21080
94.5721 21420
94.5784 21760
94.8659 22100
94.8722 22440
94.8785 22780
94.8848 23120
94.8911 23460
94.8974 23800
94.9037 24140
94.9101 24480
94.9164 24820
94.9227 25160
94.929 25500
94.9353 25840
94.9416 26180
94.9479 26520
94.9542 26860
94.9605 27200
94.9668 27540
94.9731 27880
94.9794 28220
94.9857 28560
94.992 28900
94.9983 29240
95.0487 29580
95.1307 20400
96.3008 20740
96.3134 21080
96.326 21420
96.3386 21760
96.3512 22100
96.3638 22440
96.3764 22780
96.4017 23120
96.4269 23460
96.4521 23800
96.4899 24140
96.5151 24480
96.5529 24820
96.6034 25160
96.6538 25500
96.7421 25840
96.8555 26180
96.969 26520
97.1077 26860
97.2212 27200
97.3473 27540
97.4859 27880
97.6625 28220
97.8894 28560
98.2361 28900
98.6648 29240
99.6293 29580
100.537 29920
100.783 30260
101.104 30600
101.413 30940
101.621 31280
101.804 31620
101.962 31960
102.1 32300
102.239 32640
102.378 32980
102.472 33320
102.567 33660
102.68 34000
102.762 34340
102.851 34680
102.939 35020
102.996 35360
103.084 35700
103.153 36040
103.216 36380
103.305 36720
103.361 37060
103.424 37400
103.5 37740
103.569 38080
103.613 38420
103.67 38760
103.727 39100
103.777 39440
103.828 39780
103.878 40120
103.935 40460
103.992 40800
104.042 41140
104.093 41480
104.137 41820
104.181 42160
104.219 42500
104.269 42840
104.307 43180
104.338 43520
104.383 43860
104.42 44200
104.464 44540
104.509 44880
104.553 45220
104.597 45560
104.635 45900
104.666 46240
104.723 46580
104.767 46920
104.811 47260
104.843 47600
104.874 47940
104.906 48280
104.925 48620
104.956 48960
105 49300
105.019 49640
105.057 49980
105.089 50320
105.114 50660
105.152 51000
105.171 51340
105.196 51680
105.234 52020
105.284 52360
105.322 52700
105.353 53040
105.391 53380
105.429 53720
105.473 54060
105.511 54400
105.555 54740
105.599 55080
105.643 55420
105.675 55760
105.706 56100
105.732 56440
105.763 56780
105.788 57120
105.826 57460
105.858 57800
105.889 58140
105.921 58480
105.94 58820
105.977 59160
106.003 59500
106.034 59840
106.059 60180
106.085 60520
106.122 60860
106.154 61200
106.185 61540
106.217 61880
106.236 62220
106.274 62560
106.299 62900
106.324 63240
106.349 63580
106.375 63920
106.412 64260
106.444 64600
106.463 64940
106.488 65280
106.532 65620
106.557 65960
106.589 66300
106.602 66640
106.633 66980
106.646 67320
106.671 67660
106.69 68000
106.702 68340
106.715 68680
106.74 69020
106.753 69360
106.778 69700
106.791 70040
106.803 70380
106.816 70720
106.847 71060
106.86 71400
106.873 71740
106.885 72080
106.91 72420
106.929 72760
106.955 73100
106.967 73440
106.98 73780
106.992 74120
107.018 74460
107.049 74800
107.062 75140
107.074 75480
107.106 75820
107.118 76160
107.131 76500
107.144 76840
107.156 77180
107.181 77520
107.194 77860
107.213 78200
107.232 78540
107.245 78880
107.27 79220
107.282 79560
107.295 79900
107.32 80240
107.333 80580
107.352 80920
107.364 81260
107.377 81600
107.39 81940
107.402 82280
107.427 82620
107.44 82960
107.453 83300
107.465 83640
107.478 83980
107.503 84320
107.516 84660
107.528 85000
107.541 85340
107.566 85680
107.579 86020
107.591 86360
107.616 86700
107.629 87040
107.642 87380
107.654 87720
107.667 88060
107.692 88400
107.705 88740
107.717 89080
107.73 89420
107.743 89760
107.755 90100
107.768 90440
107.78 90780
107.806 91120
107.824 91460
107.837 91800
107.85 92140
107.862 92480
107.875 92820
107.888 93160
107.9 93500
107.913 93840
107.938 94180
107.951 94520
107.963 94860
107.976 95200
107.988 95540
108.001 95880
108.026 96220
108.039 96560
108.051 96900
108.064 97240
108.077 97580
108.089 97920
108.102 98260
108.114 98600
108.127 98940
108.14 99280
108.152 99620
108.165 99960
108.178 100300
108.19 100640
108.203 100980
108.215 101320
108.228 101660
108.241 102000
108.253 102340
108.266 102680
108.278 103020
108.304 103360
108.316 103700
108.329 104040
108.341 104380
108.354 104720
108.367 105060
108.379 105400
108.392 105740
108.404 106080
108.417 106420
108.43 106760
108.442 107100
108.455 107440
108.468 107780
108.48 108120
108.493 108460
108.505 108800
108.518 109140
108.531 109480
108.543 109820
108.556 110160
108.568 110500
108.581 110840
108.6 111180
108.612 111520
108.625 111860
108.638 112200
108.65 112540
108.663 112880
108.676 113220
108.688 113560
108.701 113900
108.713 114240
108.726 114580
108.739 114920
108.751 115260
108.764 115600
108.776 115940
108.789 116280
108.802 116620
108.814 116960
108.827 117300
108.839 117640
108.852 117980
108.865 118320
108.877 118660
108.89 119000
108.902 119340
108.915 119680
108.928 120020
108.94 120360
108.953 120700
108.972 84320
112.189 340
112.37 2040
113.12 3060
113.139 4080
113.603 5100
113.622 6120
113.641 7820
113.672 8840
114.098 9860
114.117 10880
114.136 13260
114.18 14280
114.199 16660
114.243 17680
114.581 18700
114.6 19720
114.619 21420
114.651 22440
114.67 23460
114.689 24480
114.707 25500
114.726 26520
114.745 27540
114.764 28560
114.783 30260
114.815 32300
114.852 33320
114.871 34340
114.89 35360
115.064 37740
115.108 39440
115.14 40460
115.159 42160
115.19 43180
115.209 46240
115.266 47260
115.285 48280
115.304 49300
115.323 50320
115.342 51340
115.361 52360
115.379 53380
115.398 54400
115.417 55420
115.436 56440
115.455 57460
115.474 58480
115.493 59500
115.625 59840
115.751 60180
115.884 60520
116.004 60860
116.136 61200
116.249 61540
116.382 61880
116.514 62220
116.628 43520
119.41 340
119.414 680
120.656 1020
120.662 1360
121.139 1700
121.145 2040
121.152 2380
121.158 2720
121.622 3060
121.628 3400
121.634 3740
121.641 4080
121.647 4420
121.653 4760
121.66 5100
121.666 5440
122.105 5780
122.111 6120
122.117 6460
122.124 6800
122.13 7140
122.136 7480
122.143 7820
122.149 8160
122.155 8500
122.162 8840
122.168 9180
122.174 9520
122.18 9860
122.187 10200
122.193 10540
122.199 10880
122.588 11220
122.594 11560
122.6 11900
122.607 12240
122.613 12580
122.619 12920
122.626 13260
122.632 13600
122.638 13940
122.645 14280
122.651 14620
122.657 14960
122.663 15300
122.67 15640
122.676 15980
122.682 16320
122.689 16660
122.695 17000
122.701 17340
122.708 17680
122.714 18020
122.72 18360
122.726 18700
122.733 19040
122.739 19380
122.745 19720
122.752 20060
122.758 20400
122.764 20740
122.771 21080
122.777 21420
122.783 21760
123.071 22100
123.077 22440
123.083 22780
123.09 23120
123.096 23460
123.102 23800
123.109 24140
123.115 24480
123.121 24820
123.127 25160
123.134 25500
123.14 25840
123.146 26180
123.153 26520
123.159 26860
123.165 27200
123.172 27540
123.178 27880
123.184 28220
123.191 28560
123.197 28900
123.203 29240
123.209 29580
123.216 29920
123.222 30260
123.26 30600
123.386 30940
123.411 21420
124.644 21760
124.657 22100
124.682 22440
124.695 22780
124.72 23120
124.733 23460
124.758 23800
124.783 24140
124.808 24480
124.846 24820
124.871 25160
124.909 25500
124.947 25840
124.985 26180
125.041 26520
125.13 26860
125.231 27200
125.331 27540
125.457 27880
125.584 28220
125.691 28560
125.836 28900
125.974 29240
126.164 29580
126.416 29920
126.744 30260
127.197 30600
128.212 30940
128.912 31280
129.259 31620
129.587 31960
129.87 32300
130.097 32640
130.28 32980
130.419 33320
130.551 33660
130.684 34000
130.791 34340
130.91 34680
131.018 35020
131.112 35360
131.207 35700
131.295 36040
131.371 36380
131.453 36720
131.522 37060
131.598 37400
131.648 37740
131.711 38080
131.774 38420
131.831 38760
131.906 39100
131.976 39440
132.02 39780
132.089 40120
132.14 40460
132.203 40800
132.26 41140
132.316 41480
132.373 41820
132.417 42160
132.461 42500
132.505 42840
132.537 43180
132.587 43520
132.619 43860
132.663 44200
132.707 44540
132.751 44880
132.795 45220
132.839 45560
132.884 45900
132.921 46240
132.959 46580
133.01 46920
133.06 47260
133.098 47600
133.136 47940
133.186 48280
133.205 48620
133.256 48960
133.3 49300
133.331 49640
133.382 49980
133.426 50320
133.464 50660
133.52 51000
133.564 51340
133.596 51680
133.646 52020
133.691 52360
133.722 52700
133.772 53040
133.804 53380
133.842 53720
133.873 54060
133.892 54400
133.924 54740
133.955 55080
133.987 55420
134.006 55760
134.044 56100
134.069 56440
134.107 56780
134.132 57120
134.157 57460
134.195 57800
134.226 58140
134.258 58480
134.289 58820
134.308 59160
134.352 59500
134.384 59840
134.409 60180
134.434 60520
134.472 60860
134.51 61200
134.535 61540
134.554 61880
134.598 62220
134.63 62560
134.655 62900
134.668 63240
134.693 63580
134.705 63920
134.731 64260
134.756 64600
134.769 64940
134.794 65280
134.806 65620
134.832 65960
134.863 66300
134.888 66640
134.92 66980
134.945 67320
134.977 67660
135.002 68000
135.014 68340
135.04 68680
135.065 69020
135.077 69360
135.096 69700
135.128 70040
135.14 70380
135.159 70720
135.172 71060
135.203 71400
135.216 71740
135.229 72080
135.248 72420
135.26 72760
135.273 73100
135.298 73440
135.311 73780
135.323 74120
135.355 74460
135.367 74800
135.38 75140
135.405 75480
135.418 75820
135.43 76160
135.456 76500
135.468 76840
135.481 77180
135.506 77520
135.519 77860
135.531 78200
135.557 78540
135.569 78880
135.588 79220
135.613 79560
135.626 79900
135.651 80240
135.664 80580
135.676 80920
135.701 81260
135.714 81600
135.733 81940
135.746 82280
135.758 82620
135.783 82960
135.796 83300
135.809 83640
135.828 83980
135.846 84320
135.859 84660
135.872 85000
135.884 85340
135.897 85680
135.91 86020
135.935 86360
135.947 86700
135.979 87040
135.991 87380
136.004 87720
136.017 88060
136.029 88400
136.042 88740
136.055 89080
136.067 89420
136.08 89760
136.092 90100
136.118 90440
136.13 90780
136.143 91120
136.155 91460
136.168 91800
136.181 92140
136.193 92480
136.206 92820
136.231 93160
136.244 93500
136.256 93840
136.275 94180
136.288 94520
136.3 94860
136.313 95200
136.326 95540
136.338 95880
136.357 96220
136.37 96560
136.382 96900
136.401 97240
136.414 97580
136.426 97920
136.439 98260
136.452 98600
136.464 98940
136.489 99280
136.502 99620
136.515 99960
136.527 100300
136.54 100640
136.553 100980
136.565 101320
136.578 101660
136.59 102000
136.603 102340
136.616 102680
136.628 103020
136.641 103360
136.653 103700
136.666 104040
136.679 104380
136.691 104720
136.704 105060
136.716 105400
136.729 105740
136.742 106080
136.754 106420
136.767 106760
136.779 107100
136.792 107440
136.805 107780
136.817 108120
136.83 108460
136.843 108800
136.855 109140
136.868 109480
136.88 109820
136.893 110160
136.906 110500
136.918 110840
136.931 111180
136.943 111520
136.956 111860
136.969 112200
136.981 112540
136.994 112880
137.006 113220
137.019 113560
137.032 113900
137.044 114240
137.057 114580
137.069 114920
137.082 115260
137.095 115600
137.107 115940
137.12 116280
137.133 116620
137.145 116960
137.158 117300
137.17 117640
137.183 117980
137.196 118320
137.214 82620
140.453 340
140.631 3400
141.388 4420
141.407 6120
141.438 7820
141.89 8840
141.908 9860
141.927 11900
141.965 13600
141.997 14620
142.016 15640
142.373 16660
142.391 20400
142.461 22100
142.492 23120
142.511 24140
142.53 25160
142.549 26180
142.568 27200
142.587 28220
142.606 29240
142.625 30940
142.656 31960
142.868 32980
142.887 34000
142.906 35020
142.925 36040
142.944 37060
142.963 38080
142.982 39780
143.013 40800
143.032 41820
143.051 43860
143.089 44880
143.108 47260
143.152 49300
143.19 50320
143.209 52360
143.246 53380
143.265 54400
143.284 55420
143.303 56440
143.322 58140
143.467 58480
143.58 58820
143.713 59160
143.845 59500
143.959 59840
144.091 60180
144.223 60520
144.337 60860
144.488 42500
147.266 340
147.275 680
148.51 1020
148.516 1360
148.993 1700
148.999 2040
149.006 2380
149.012 2720
149.476 3060
149.482 3400
149.489 3740
149.495 4080
149.501 4420
149.508 4760
149.514 5100
149.52 5440
149.959 5780
149.965 6120
149.972 6460
149.978 6800
149.984 7140
149.991 7480
149.997 7820
150.003 8160
150.009 8500
150.016 8840
150.022 9180
150.028 9520
150.035 9860
150.041 10200
150.047 10540
150.054 10880
150.442 11220
150.448 11560
150.455 11900
150.461 12240
150.467 12580
150.474 12920
150.48 13260
150.486 13600
150.492 13940
150.499 14280
150.505 14620
150.511 14960
150.518 15300
150.524 15640
150.53 15980
150.537 16320
150.543 16660
150.549 17000
150.555 17340
150.562 17680
150.568 18020
150.574 18360
150.581 18700
150.587 19040
150.593 19380
150.6 19720
150.606 20060
150.612 20400
150.619 20740
150.625 21080
150.631 21420
150.637 21760
150.925 22100
150.931 22440
150.938 22780
150.944 23120
150.95 23460
150.956 23800
150.963 24140
150.969 24480
150.975 24820
150.982 25160
150.988 25500
150.994 25840
151.001 26180
151.007 26520
151.013 26860
151.02 27200
151.026 27540
151.032 27880
151.038 28220
151.045 28560
151.051 28900
151.057 29240
151.064 29580
151.076 29920
151.215 20740
152.391 21080
152.41 21420
152.423 21760
152.435 22100
152.448 22440
152.461 22780
152.473 23120
152.486 23460
152.499 23800
152.511 24140
152.524 24480
152.562 24820
152.599 25160
152.637 25500
152.688 25840
152.751 26180
152.833 26520
152.946 26860
153.085 27200
153.223 27540
153.362 27880
153.513 28220
153.696 28560
153.936 28900
154.276 29240
154.673 20400
155.764 20740
155.777 21080
155.789 21420
155.802 21760
155.814 22100
155.827 22440
155.84 22780
155.852 23120
155.865 23460
155.877 23800
155.89 24140
155.903 24480
155.915 24820
155.928 25160
155.991 25500
156.054 25840
156.117 26180
156.193 26520
156.268 26860
156.369 27200
156.495 27540
156.621 27880
156.861 28220
157.151 28560
157.649 28900
158.576 29240
159.584 29580
160.183 29920
160.473 30260
160.813 30600
161.047 30940
161.217 31280
161.362 31620
161.507 31960
161.646 32300
161.753 32640
161.866 32980
161.973 33320
162.068 33660
162.163 34000
162.263 34340
162.339 34680
162.402 35020
162.471 35360
162.534 35700
162.623 36040
162.698 36380
162.768 36720
162.837 37060
162.906 37400
162.969 37740
163.026 38080
163.077 38420
163.121 38760
163.184 39100
163.241 39440
163.297 39780
163.354 40120
163.398 40460
163.449 40800
163.486 41140
163.543 41480
163.568 41820
163.612 42160
163.65 42500
163.688 42840
163.732 43180
163.77 43520
163.82 43860
163.852 44200
163.896 44540
163.934 44880
163.978 45220
164.029 45560
164.073 45900
164.104 46240
164.161 46580
164.199 46920
164.23 47260
164.262 47600
164.312 47940
164.331 48280
164.35 48620
164.382 48960
164.413 49300
164.438 49640
164.47 49980
164.501 50320
164.533 50660
164.571 51000
164.596 51340
164.634 51680
164.659 52020
164.69 52360
164.728 52700
164.766 53040
164.798 53380
164.823 53720
164.854 54060
164.873 54400
164.905 54740
164.936 55080
164.987 55420
165.018 55760
165.043 56100
165.094 56440
165.113 56780
165.138 57120
165.182 57460
165.214 57800
165.233 58140
165.27 58480
165.296 58820
165.327 59160
165.352 59500
165.378 59840
165.415 60180
165.434 60520
165.466 60860
165.504 61200
165.523 61540
165.56 61880
165.586 62220
165.611 62560
165.642 62900
165.668 63240
165.705 63580
165.731 63920
165.762 64260
165.787 64600
165.813 64940
165.838 65280
165.863 65620
165.888 65960
165.92 66300
165.958 66640
165.983 66980
166.008 67320
166.033 67660
166.058 68000
166.077 68340
166.109 68680
166.128 69020
166.14 69360
166.153 69700
166.184 70040
166.197 70380
166.222 70720
166.235 71060
166.248 71400
166.266 71740
166.298 72080
166.311 72420
166.336 72760
166.348 73100
166.38 73440
166.393 73780
166.405 74120
166.418 74460
166.43 74800
166.449 75140
166.462 75480
166.481 75820
166.493 76160
166.506 76500
166.525 76840
166.538 77180
166.55 77520
166.588 77860
166.601 78200
166.619 78540
166.632 78880
166.645 79220
166.664 79560
166.683 79900
166.695 80240
166.714 80580
166.727 80920
166.739 81260
166.752 81600
166.777 81940
166.79 82280
166.802 82620
166.815 82960
166.828 83300
166.84 83640
166.853 83980
166.865 84320
166.891 84660
166.903 85000
166.916 85340
166.941 85680
166.954 86020
166.966 86360
166.985 86700
166.998 87040
167.01 87380
167.023 87720
167.036 88060
167.048 88400
167.073 88740
167.086 89080
167.099 89420
167.111 89760
167.124 90100
167.149 90440
167.162 90780
167.174 91120
167.187 91460
167.199 91800
167.212 92140
167.225 92480
167.25 92820
167.262 93160
167.275 93500
167.288 93840
167.3 94180
167.313 94520
167.326 94860
167.338 95200
167.363 95540
167.376 95880
167.395 96220
167.407 96560
167.42 96900
167.433 97240
167.445 97580
167.458 97920
167.471 98260
167.483 98600
167.496 98940
167.508 99280
167.521 99620
167.534 99960
167.546 100300
167.559 100640
167.571 100980
167.603 101320
167.622 101660
167.634 102000
167.647 102340
167.66 102680
167.672 103020
167.685 103360
167.697 103700
167.71 104040
167.723 104380
167.735 104720
167.748 105060
167.76 105400
167.779 105740
167.792 106080
167.805 106420
167.817 106760
167.83 107100
167.842 107440
167.868 107780
167.88 108120
167.893 108460
167.905 108800
167.918 109140
167.931 109480
167.943 109820
167.956 110160
167.969 110500
167.981 110840
167.994 111180
168.006 111520
168.019 111860
168.032 112200
168.044 112540
168.057 112880
168.069 113220
168.082 113560
168.095 113900
168.107 114240
168.12 114580
168.132 114920
168.145 115260
168.158 115600
168.17 115940
168.183 116280
168.195 116620
168.208 116960
168.221 117300
168.233 117640
168.246 117980
168.259 118320
168.271 118660
168.29 119000
168.328 82960
171.513 340
171.713 1360
172.451 2380
172.47 3400
172.946 4420
172.965 5440
172.984 6460
173.003 7480
173.442 9180
173.473 10200
173.492 11220
173.511 12920
173.543 13940
173.562 14960
173.925 17000
173.963 18020
173.981 19040
174 20060
174.019 21080
174.038 22780
174.07 23800
174.089 24820
174.108 25840
174.126 26860
174.145 28560
174.177 29580
174.196 30600
174.42 31620
174.439 32640
174.458 33660
174.477 34680
174.496 36380
174.527 37400
174.546 38420
174.565 39440
174.584 40460
174.603 41480
174.622 42500
174.641 43520
174.66 45220
174.691 46240
174.71 48280
174.748 49300
174.767 50320
174.786 51340
174.805 52360
174.824 53380
174.843 54400
174.862 55420
174.881 56440
174.899 57460
174.918 58480
174.988 58820
175.164 59160
175.29 59500
175.429 59840
175.542 60180
175.669 60520
175.801 60860
175.933 61200
175.99 42500
178.747 340
178.783 680
179.993 1020
179.999 1360
180.476 1700
180.482 2040
180.489 2380
180.495 2720
180.959 3060
180.965 3400
180.972 3740
180.978 4080
180.984 4420
180.99 4760
180.997 5100
181.003 5440
181.442 5780
181.448 6120
181.455 6460
181.461 6800
181.467 7140
181.473 7480
181.48 7820
181.486 8160
181.492 8500
181.499 8840
181.505 9180
181.511 9520
181.518 9860
181.524 10200
181.53 10540
181.536 10880
181.925 11220
181.931 11560
181.938 11900
181.944 12240
181.95 12580
181.956 12920
181.963 13260
181.969 13600
181.975 13940
181.982 14280
181.988 14620
181.994 14960
182.001 15300
182.007 15640
182.013 15980
182.019 16320
182.026 16660
182.032 17000
182.038 17340
182.045 17680
182.051 18020
182.057 18360
182.064 18700
182.07 19040
182.076 19380
182.082 19720
182.089 20060
182.095 20400
182.101 20740
182.108 21080
182.114 21420
182.12 21760
182.408 22100
182.414 22440
182.42 22780
182.427 23120
182.433 23460
182.439 23800
182.446 24140
182.452 24480
182.458 24820
182.465 25160
182.471 25500
182.477 25840
182.483 26180
182.49 26520
182.496 26860
182.502 27200
182.509 27540
182.515 27880
182.521 28220
182.528 28560
182.534 28900
182.54 29240
182.547 29580
182.641 29920
182.71 20740
183.887 21080
183.906 21420
183.918 21760
183.931 22100
183.944 22440
183.956 22780
183.969 23120
183.994 23460
184.019 23800
184.057 24140
184.082 24480
184.12 24820
184.158 25160
184.208 25500
184.246 25840
184.341 26180
184.442 26520
184.555 26860
184.694 27200
184.807 27540
184.933 27880
185.059 28220
185.236 28560
185.488 28900
185.822 29240
186.263 29580
187.253 29920
188.117 30260
188.363 30600
188.728 30940
188.962 31280
189.22 31620
189.365 31960
189.523 32300
189.674 32640
189.825 32980
189.951 33320
190.065 33660
190.178 34000
190.285 34340
190.38 34680
190.449 35020
190.525 35360
190.601 35700
190.676 36040
190.758 36380
190.834 36720
190.909 37060
190.979 37400
191.029 37740
191.111 38080
191.168 38420
191.231 38760
191.281 39100
191.338 39440
191.395 39780
191.452 40120
191.502 40460
191.559 40800
191.59 41140
191.634 41480
191.679 41820
191.735 42160
191.798 42500
191.849 42840
191.899 43180
191.956 43520
192.019 43860
192.069 44200
192.132 44540
192.177 44880
192.227 45220
192.284 45560
192.347 45900
192.391 46240
192.454 46580
192.492 46920
192.536 47260
192.574 47600
192.624 47940
192.656 48280
192.706 48620
192.75 48960
192.794 49300
192.839 49640
192.87 49980
192.908 50320
192.958 50660
192.984 51000
192.996 51340
193.028 51680
193.065 52020
193.084 52360
193.11 52700
193.122 53040
193.166 53380
193.185 53720
193.21 54060
193.242 54400
193.267 54740
193.299 55080
193.324 55420
193.355 55760
193.381 56100
193.406 56440
193.418 56780
193.444 57120
193.456 57460
193.482 57800
193.494 58140
193.526 58480
193.551 58820
193.576 59160
193.589 59500
193.614 59840
193.627 60180
193.658 60520
193.683 60860
193.715 61200
193.74 61540
193.772 61880
193.803 62220
193.816 62560
193.841 62900
193.853 63240
193.879 63580
193.91 63920
193.923 64260
193.954 64600
193.98 64940
194.011 65280
194.036 65620
194.068 65960
194.08 66300
194.106 66640
194.118 66980
194.15 67320
194.162 67660
194.188 68000
194.2 68340
194.225 68680
194.244 69020
194.276 69360
194.288 69700
194.314 70040
194.326 70380
194.351 70720
194.364 71060
194.396 71400
194.415 71740
194.446 72080
194.459 72420
194.496 72760
194.509 73100
194.534 73440
194.547 73780
194.572 74120
194.591 74460
194.623 74800
194.635 75140
194.66 75480
194.673 75820
194.698 76160
194.711 76500
194.736 76840
194.749 77180
194.774 77520
194.786 77860
194.824 78200
194.837 78540
194.862 78880
194.875 79220
194.9 79560
194.913 79900
194.938 80240
194.95 80580
194.982 80920
194.994 81260
195.026 81600
195.045 81940
195.07 82280
195.089 82620
195.114 82960
195.127 83300
195.152 83640
195.165 83980
195.19 84320
195.203 84660
195.228 85000
195.24 85340
195.266 85680
195.278 86020
195.297 86360
195.31 86700
195.322 87040
195.348 87380
195.36 87720
195.373 88060
195.385 88400
195.411 88740
195.423 89080
195.436 89420
195.448 89760
195.461 90100
195.474 90440
195.486 90780
195.499 91120
195.524 91460
195.537 91800
195.549 92140
195.562 92480
195.574 92820
195.587 93160
195.6 93500
195.612 93840
195.625 94180
195.65 94520
195.663 94860
195.675 95200
195.688 95540
195.701 95880
195.713 96220
195.726 96560
195.738 96900
195.751 97240
195.776 97580
195.789 97920
195.801 98260
195.814 98600
195.827 98940
195.839 99280
195.852 99620
195.864 99960
195.877 100300
195.89 100640
195.902 100980
195.915 101320
195.927 101660
195.94 102000
195.953 102340
195.978 102680
195.991 103020
196.003 103360
196.016 103700
196.028 104040
196.041 104380
196.054 104720
196.066 105060
196.079 105400
196.091 105740
196.104 106080
196.117 106420
196.129 106760
196.142 107100
196.154 107440
196.167 107780
196.18 108120
196.192 108460
196.205 108800
196.217 109140
196.23 109480
196.243 109820
196.262 110160
196.281 76840
197.83 340
197.85 26860
198.796 28560
198.827 29580
198.846 31280
198.878 32300
198.897 34000
198.928 35020
198.947 37060
198.985 38080
199.004 41140
199.061 42160
199.079 44540
199.124 45560
199.143 46580
199.161 47600
199.18 48620
199.199 49640
199.218 50660
199.237 52360
199.269 53380
199.288 54400
199.42 54740
199.546 55080
199.672 55420
199.786 55760
199.899 56100
200.044 56440
200.176 56780
200.29 57120
200.347 39780
202.867 340
203.158 680
204.135 1020
204.142 1360
204.618 1700
204.625 2040
204.631 2380
204.637 2720
205.101 3060
205.108 3400
205.114 3740
205.12 4080
205.126 4420
205.133 4760
205.139 5100
205.145 5440
205.584 5780
205.59 6120
205.597 6460
205.603 6800
205.609 7140
205.616 7480
205.622 7820
205.628 8160
205.635 8500
205.641 8840
205.647 9180
205.654 9520
205.66 9860
205.666 10200
205.672 10540
205.679 10880
206.067 11220
206.073 11560
206.08 11900
206.086 12240
206.092 12580
206.099 12920
206.105 13260
206.111 13600
206.118 13940
206.124 14280
206.13 14620
206.136 14960
206.143 15300
206.149 15640
206.155 15980
206.162 16320
206.168 16660
206.174 17000
206.181 17340
206.187 17680
206.193 18020
206.2 18360
206.206 18700
206.212 19040
206.218 19380
206.225 19720
206.231 20060
206.237 20400
206.244 20740
206.25 21080
206.256 21420
206.263 21760
206.55 22100
206.556 22440
206.563 22780
206.569 23120
206.575 23460
206.582 23800
206.607 16660
207.556 17000
207.575 17340
207.588 17680
207.6 18020
207.626 18360
207.651 18700
207.676 19040
207.714 19380
207.739 19720
207.777 20060
207.827 20400
207.884 20740
207.985 21080
208.111 21420
208.237 21760
208.357 22100
208.502 22440
208.678 22780
208.937 23120
209.315 23460
210.097 23800
211.2 24140
211.679 24480
212.07 24820
212.341 25160
212.549 25500
212.757 25840
212.883 26180
213.022 26520
213.148 26860
213.261 27200
213.4 27540
213.488 27880
213.602 28220
213.69 28560
213.766 28900
213.841 29240
213.917 29580
213.999 29920
214.081 30260
214.144 30600
214.201 30940
214.276 31280
214.346 31620
214.409 31960
214.465 32300
214.535 32640
214.604 32980
214.673 33320
214.762 33660
214.863 34000
214.963 34340
215.052 34680
215.134 35020
215.209 35360
215.279 35700
215.348 36040
215.411 36380
215.461 36720
215.518 37060
215.569 37400
215.613 37740
215.651 38080
215.688 38420
215.726 38760
215.764 39100
215.815 39440
215.84 39780
215.89 40120
215.928 40460
215.953 40800
216.01 41140
216.054 41480
216.104 41820
216.136 42160
216.161 42500
216.218 42840
216.243 43180
216.287 43520
216.313 43860
216.357 44200
216.388 44540
216.413 44880
216.445 45220
216.47 45560
216.495 45900
216.533 46240
216.558 46580
216.584 46920
216.609 47260
216.634 47600
216.659 47940
216.684 48280
216.722 48620
216.747 48960
216.76 49300
216.804 49640
216.829 49980
216.842 50320
216.867 50660
216.911 51000
216.937 51340
216.962 51680
216.987 52020
217.019 52360
217.044 52700
217.069 53040
217.119 53380
217.145 53720
217.182 54060
217.208 54400
217.233 54740
217.271 55080
217.296 55420
217.321 55760
217.346 56100
217.372 56440
217.397 56780
217.422 57120
217.447 57460
217.472 57800
217.498 58140
217.523 58480
217.535 58820
217.561 59160
217.586 59500
217.611 59840
217.624 60180
217.649 60520
217.674 60860
217.687 61200
217.712 61540
217.725 61880
217.75 62220
217.762 62560
217.788 62900
217.813 63240
217.825 63580
217.838 63920
217.863 64260
217.889 64600
217.901 64940
217.926 65280
217.939 65620
217.964 65960
217.977 66300
218.002 66640
218.015 66980
218.04 67320
218.052 67660
218.078 68000
218.09 68340
218.115 68680
218.128 69020
218.153 69360
218.166 69700
218.191 70040
218.204 70380
218.229 70720
218.242 71060
218.267 71400
218.279 71740
218.305 72080
218.317 72420
218.342 72760
218.355 73100
218.38 73440
218.393 73780
218.418 74120
218.431 74460
218.456 74800
218.468 75140
218.494 75480
218.506 75820
218.532 76160
218.544 76500
218.569 76840
218.582 77180
218.607 77520
218.62 77860
218.645 78200
218.658 78540
218.683 78880
218.695 79220
218.721 79560
218.733 79900
218.758 80240
218.771 80580
218.796 80920
218.809 81260
218.834 81600
218.847 81940
218.872 82280
218.885 82620
218.91 82960
218.922 83300
218.948 83640
218.96 83980
218.985 84320
218.998 84660
219.023 85000
219.036 85340
219.061 85680
219.074 86020
219.099 86360
219.111 86700
219.137 87040
219.149 87380
219.175 87720
219.187 88060
219.212 88400
219.225 88740
219.25 89080
219.263 89420
219.288 89760
219.301 90100
219.326 90440
219.338 90780
219.351 91120
219.364 91460
219.389 91800
219.401 92140
219.414 92480
219.427 92820
219.439 93160
219.452 93500
219.465 93840
219.477 94180
219.49 94520
219.502 94860
219.515 95200
219.54 95540
219.553 95880
219.565 96220
219.578 96560
219.591 96900
219.603 97240
219.616 97580
219.628 97920
219.641 98260
219.654 98600
219.666 98940
219.679 99280
219.691 99620
219.704 99960
219.717 100300
219.729 100640
219.742 100980
219.755 101320
219.767 101660
219.78 102000
219.792 102340
219.805 102680
219.818 103020
219.83 103360
219.843 103700
219.855 104040
219.868 104380
219.881 104720
219.893 105060
219.906 105400
219.918 105740
219.931 106080
219.944 106420
219.956 106760
219.969 107100
219.981 107440
219.994 107780
220.007 108120
220.019 108460
220.032 108800
220.044 109140
220.057 109480
220.07 109820
220.082 110160
220.095 110500
220.108 110840
220.12 111180
220.133 111520
220.145 111860
220.158 112200
220.171 112540
220.183 112880
220.196 113220
220.208 113560
220.221 113900
220.234 114240
220.246 114580
220.259 114920
220.271 115260
220.284 115600
220.297 115940
220.309 116280
220.322 116620
220.334 116960
220.347 117300
220.36 117640
220.372 117980
220.385 118320
220.398 118660
220.41 119000
220.423 119340
220.435 119680
220.448 120020
220.461 120360
220.473 120700
220.486 121040
220.498 121380
220.511 121720
220.524 122060
220.536 122400
220.549 122740
220.561 123080
220.574 123420
220.587 123760
220.599 124100
220.612 124440
220.631 87040
223.861 340
223.991 2040
224.772 3060
224.791 4760
225.268 5780
225.287 7480
225.318 8500
225.337 10200
225.764 11220
225.783 12920
225.814 13940
225.833 15640
225.864 16660
225.883 18360
225.915 19380
225.934 20400
226.247 21420
226.265 23120
226.297 24140
226.316 25160
226.335 26180
226.354 27200
226.373 28220
226.392 29240
226.41 30260
226.429 31280
226.448 32300
226.467 33320
226.486 35020
226.518 36040
226.537 37060
226.555 38080
226.574 39100
226.593 40120
226.612 41140
226.736 42160
226.755 43180
226.774 44200
226.793 45220
226.811 46240
226.83 47260
226.849 48280
226.868 49300
226.887 50320
226.906 51340
226.925 52360
226.944 53380
226.963 54400
226.982 55420
227.001 56440
227.02 57460
227.038 58480
227.057 59500
227.076 60520
227.095 61540
227.209 61880
227.341 62220
227.473 62560
227.587 62900
227.719 63240
227.852 63580
227.965 63920
228.098 64260
228.249 44880
231.082 340
232.246 680
232.728 1020
232.735 1360
233.211 1700
233.218 2040
233.224 2380
233.23 2720
233.694 3060
233.701 3400
233.707 3740
233.713 4080
233.72 4420
233.726 4760
233.732 5100
233.739 5440
234.177 5780
234.184 6120
234.19 6460
234.196 6800
234.203 7140
234.209 7480
234.215 7820
234.221 8160
234.228 8500
234.234 8840
234.24 9180
234.247 9520
234.253 9860
234.259 10200
234.266 10540
234.272 10880
234.66 11220
234.667 11560
234.673 11900
234.679 12240
234.686 12580
234.692 12920
234.698 13260
234.704 13600
234.711 13940
234.717 14280
234.723 14620
234.73 14960
234.736 15300
234.742 15640
234.749 15980
234.755 16320
234.761 16660
234.767 17000
234.774 17340
234.78 17680
234.786 18020
234.793 18360
234.799 18700
234.805 19040
234.812 19380
234.818 19720
234.824 20060
234.831 20400
234.837 20740
234.843 21080
234.849 21420
234.856 21760
235.143 22100
235.15 22440
235.156 22780
235.162 23120
235.168 23460
235.175 23800
235.181 24140
235.187 24480
235.194 24820
235.2 25160
235.206 25500
235.213 25840
235.219 26180
235.225 26520
235.232 26860
235.238 27200
235.244 27540
235.25 27880
235.257 28220
235.263 28560
235.269 28900
235.276 29240
235.282 29580
235.288 29920
235.295 30260
235.301 30600
235.307 30940
235.313 31280
235.32 31620
235.446 31960
235.633 22100
236.805 22440
236.824 22780
236.837 23120
236.849 23460
236.862 23800
236.874 24140
236.887 24480
236.9 24820
236.912 25160
236.937 25500
236.963 25840
237.001 26180
237.038 26520
237.076 26860
237.127 27200
237.177 27540
237.259 27880
237.372 28220
237.486 28560
237.612 28900
237.738 29240
237.858 29580
238.003 29920
238.154 30260
238.343 30600
238.608 30940
238.967 31280
239.44 31620
240.487 31960
241.13 32300
241.552 32640
241.899 32980
242.088 33320
242.321 33660
242.51 34000
242.643 34340
242.775 34680
242.901 35020
243.04 35360
243.122 35700
243.241 36040
243.342 36380
243.431 36720
243.525 37060
243.601 37400
243.683 37740
243.752 38080
243.834 38420
243.897 38760
243.96 39100
244.029 39440
244.086 39780
244.156 40120
244.225 40460
244.275 40800
244.326 41140
244.376 41480
244.427 41820
244.49 42160
244.54 42500
244.597 42840
244.654 43180
244.704 43520
244.748 43860
244.786 44200
244.836 44540
244.887 44880
244.931 45220
244.975 45560
245.019 45900
245.051 46240
245.095 46580
245.139 46920
245.164 47260
245.208 47600
245.252 47940
245.297 48280
245.334 48620
245.372 48960
245.416 49300
245.467 49640
245.511 49980
245.549 50320
245.599 50660
245.643 51000
245.681 51340
245.719 51680
245.757 52020
245.795 52360
245.851 52700
245.895 53040
245.94 53380
245.984 53720
246.003 54060
246.034 54400
246.066 54740
246.103 55080
246.129 55420
246.154 55760
246.198 56100
246.223 56440
246.255 56780
246.286 57120
246.312 57460
246.349 57800
246.381 58140
246.412 58480
246.438 58820
246.463 59160
246.501 59500
246.532 59840
246.551 60180
246.583 60520
246.62 60860
246.646 61200
246.683 61540
246.702 61880
246.728 62220
246.759 62560
246.791 62900
246.816 63240
246.828 63580
246.854 63920
246.879 64260
246.904 64600
246.917 64940
246.942 65280
246.961 65620
246.992 65960
247.018 66300
247.049 66640
247.068 66980
247.093 67320
247.106 67660
247.131 68000
247.144 68340
247.169 68680
247.188 69020
247.219 69360
247.251 69700
247.276 70040
247.289 70380
247.32 70720
247.333 71060
247.352 71400
247.377 71740
247.39 72080
247.408 72420
247.421 72760
247.434 73100
247.459 73440
247.484 73780
247.503 74120
247.522 74460
247.534 74800
247.547 75140
247.56 75480
247.585 75820
247.61 76160
247.623 76500
247.635 76840
247.661 77180
247.679 77520
247.692 77860
247.711 78200
247.724 78540
247.743 78880
247.755 79220
247.768 79560
247.78 79900
247.806 80240
247.818 80580
247.831 80920
247.856 81260
247.869 81600
247.881 81940
247.894 82280
247.919 82620
247.938 82960
247.951 83300
247.963 83640
247.976 83980
248.001 84320
248.014 84660
248.033 85000
248.045 85340
248.058 85680
248.07 86020
248.096 86360
248.108 86700
248.121 87040
248.133 87380
248.159 87720
248.171 88060
248.19 88400
248.203 88740
248.215 89080
248.228 89420
248.241 89760
248.266 90100
248.278 90440
248.291 90780
248.304 91120
248.316 91460
248.329 91800
248.354 92140
248.367 92480
248.379 92820
248.392 93160
248.411 93500
248.423 93840
248.436 94180
248.449 94520
248.461 94860
248.486 95200
248.499 95540
248.512 95880
248.524 96220
248.537 96560
248.549 96900
248.562 97240
248.575 97580
248.587 97920
248.6 98260
248.625 98600
248.638 98940
248.65 99280
248.663 99620
248.676 99960
248.688 100300
248.701 100640
248.72 100980
248.739 101320
248.751 101660
248.764 102000
248.776 102340
248.802 102680
248.814 103020
248.827 103360
248.839 103700
248.852 104040
248.865 104380
248.877 104720
248.89 105060
248.902 105400
248.915 105740
248.928 106080
248.94 106420
248.953 106760
248.966 107100
248.978 107440
248.991 107780
249.003 108120
249.016 108460
249.029 108800
249.041 109140
249.054 109480
249.066 109820
249.079 110160
249.092 110500
249.104 110840
249.117 111180
249.129 111520
249.142 111860
249.155 112200
249.167 112540
249.18 112880
249.192 113220
249.205 113560
249.218 113900
249.23 114240
249.243 114580
249.262 114920
249.274 115260
249.287 115600
249.3 115940
249.312 116280
249.325 116620
249.337 116960
249.35 117300
249.363 117640
249.375 117980
249.388 118320
249.4 118660
249.432 82960
252.654 340
252.836 1360
253.593 2380
253.612 4080
254.101 6120
254.139 7140
254.158 9520
254.609 10540
254.628 12580
254.666 13600
254.685 14620
254.704 16320
254.735 17340
254.754 18360
254.773 19380
255.098 21080
255.13 22100
255.149 24140
255.187 25160
255.205 26180
255.224 27200
255.243 28900
255.275 29920
255.294 30940
255.313 31960
255.331 32980
255.35 34000
255.369 35700
255.401 36720
255.42 37740
255.439 38760
255.581 40800
255.619 41820
255.638 42840
255.657 45220
255.701 46240
255.72 47260
255.739 48280
255.758 49300
255.777 50320
255.796 51340
255.814 52360
255.833 53380
255.852 54400
255.871 56100
255.903 57120
255.922 58140
256.048 58480
256.18 58820
256.294 59160
256.426 59500
256.552 59840
256.684 60180
256.779 60520
256.93 60860
257.025 42500
259.793 340
259.817 680
261.047 1020
261.053 1360
261.53 1700
261.536 2040
261.542 2380
261.549 2720
262.013 3060
262.019 3400
262.025 3740
262.032 4080
262.038 4420
262.044 4760
262.051 5100
262.057 5440
262.496 5780
262.502 6120
262.508 6460
262.515 6800
262.521 7140
262.527 7480
262.533 7820
262.54 8160
262.546 8500
262.552 8840
262.559 9180
262.565 9520
262.571 9860
262.578 10200
262.584 10540
262.59 10880
262.979 11220
262.985 11560
262.991 11900
262.998 12240
263.004 12580
263.01 12920
263.016 13260
263.023 13600
263.029 13940
263.035 14280
263.042 14620
263.048 14960
263.054 15300
263.061 15640
263.067 15980
263.073 16320
263.079 16660
263.086 17000
263.092 17340
263.098 17680
263.105 18020
263.111 18360
263.117 18700
263.124 19040
263.13 19380
263.136 19720
263.143 20060
263.149 20400
263.155 20740
263.161 21080
263.168 21420
263.174 21760
263.462 22100
263.468 22440
263.474 22780
263.48 23120
263.487 23460
263.493 23800
263.499 24140
263.506 24480
263.512 24820
263.518 25160
263.525 25500
263.531 25840
263.537 26180
263.544 26520
263.55 26860
263.556 27200
263.562 27540
263.569 27880
263.575 28220
263.581 28560
263.588 28900
263.594 29240
263.6 29580
263.663 29920
263.752 20740
264.928 21080
264.947 21420
264.959 21760
264.972 22100
264.985 22440
264.997 22780
265.01 23120
265.023 23460
265.048 23800
265.073 24140
265.111 24480
265.149 24820
265.186 25160
265.224 25500
265.275 25840
265.357 26180
265.47 26520
265.584 26860
265.722 27200
265.861 27540
265.974 27880
266.119 28220
266.296 28560
266.535 28900
266.876 29240
267.323 29580
268.301 29920
269.158 30260
269.397 30600
269.757 30940
269.959 31280
270.23 31620
270.406 31960
270.57 32300
270.709 32640
270.841 32980
270.986 33320
271.093 33660
271.207 34000
271.314 34340
271.402 34680
271.49 35020
271.566 35360
271.642 35700
271.711 36040
271.787 36380
271.85 36720
271.919 37060
271.982 37400
272.045 37740
272.115 38080
272.171 38420
272.234 38760
272.304 39100
272.354 39440
272.411 39780
272.468 40120
272.524 40460
272.568 40800
272.625 41140
272.676 41480
272.72 41820
272.751 42160
272.795 42500
272.846 42840
272.871 43180
272.915 43520
272.953 43860
272.984 44200
273.035 44540
273.066 44880
273.111 45220
273.142 45560
273.186 45900
273.23 46240
273.274 46580
273.319 46920
273.363 47260
273.407 47600
273.438 47940
273.495 48280
273.527 48620
273.552 48960
273.602 49300
273.627 49640
273.659 49980
273.684 50320
273.722 50660
273.754 51000
273.785 51340
273.81 51680
273.848 52020
273.88 52360
273.905 52700
273.943 53040
273.968 53380
273.999 53720
274.025 54060
274.062 54400
274.107 54740
274.138 55080
274.176 55420
274.226 55760
274.258 56100
274.302 56440
274.334 56780
274.359 57120
274.384 57460
274.415 57800
274.441 58140
274.466 58480
274.504 58820
274.529 59160
274.554 59500
274.592 59840
274.611 60180
274.642 60520
274.68 60860
274.712 61200
274.743 61540
274.768 61880
274.794 62220
274.832 62560
274.857 62900
274.882 63240
274.92 63580
274.945 63920
274.983 64260
275.014 64600
275.04 64940
275.071 65280
275.103 65620
275.122 65960
275.159 66300
275.185 66640
275.216 66980
275.235 67320
275.254 67660
275.273 68000
275.292 68340
275.311 68680
275.323 69020
275.336 69360
275.367 69700
275.38 70040
275.393 70380
275.424 70720
275.437 71060
275.456 71400
275.481 71740
275.5 72080
275.512 72420
275.538 72760
275.55 73100
275.563 73440
275.575 73780
275.588 74120
275.613 74460
275.632 74800
275.645 75140
275.67 75480
275.683 75820
275.695 76160
275.727 76500
275.739 76840
275.758 77180
275.771 77520
275.783 77860
275.796 78200
275.821 78540
275.834 78880
275.846 79220
275.872 79560
275.884 79900
275.897 80240
275.91 80580
275.922 80920
275.947 81260
275.96 81600
275.973 81940
275.985 82280
276.01 82620
276.023 82960
276.036 83300
276.061 83640
276.073 83980
276.099 84320
276.111 84660
276.124 85000
276.136 85340
276.149 85680
276.168 86020
276.181 86360
276.193 86700
276.206 87040
276.231 87380
276.244 87720
276.256 88060
276.275 88400
276.288 88740
276.3 89080
276.326 89420
276.338 89760
276.351 90100
276.363 90440
276.376 90780
276.389 91120
276.401 91460
276.426 91800
276.439 92140
276.452 92480
276.464 92820
276.477 93160
276.489 93500
276.508 93840
276.521 94180
276.534 94520
276.546 94860
276.571 95200
276.584 95540
276.597 95880
276.609 96220
276.622 96560
276.634 96900
276.647 97240
276.66 97580
276.672 97920
276.685 98260
276.698 98600
276.71 98940
276.735 99280
276.748 99620
276.761 99960
276.773 100300
276.786 100640
276.798 100980
276.811 101320
276.824 101660
276.843 102000
276.855 102340
276.868 102680
276.88 103020
276.899 103360
276.912 103700
276.931 104040
276.943 104380
276.956 104720
276.969 105060
276.981 105400
276.994 105740
277.006 106080
277.019 106420
277.032 106760
277.044 107100
277.057 107440
277.069 107780
277.082 108120
277.095 108460
277.107 108800
277.12 109140
277.132 109480
277.145 109820
277.158 110160
277.17 110500
277.183 110840
277.196 111180
277.208 111520
277.221 111860
277.233 112200
277.246 112540
277.259 112880
277.271 113220
277.284 113560
277.296 113900
277.309 114240
277.322 114580
277.334 114920
277.347 115260
277.359 115600
277.372 115940
277.385 116280
277.397 116620
277.41 116960
277.422 117300
277.435 117640
277.448 117980
277.46 118320
277.473 118660
277.486 119000
277.498 119340
277.511 119680
277.523 120020
277.536 120360
277.555 83980
280.795 340
280.953 2040
281.722 3060
281.741 4080
282.205 5780
282.236 6800
282.255 9180
282.707 10200
282.726 11220
282.744 12240
282.763 14280
282.801 15300
282.82 16320
282.839 18020
282.871 19040
283.202 20060
283.221 22100
283.259 23120
283.278 24820
283.309 25840
283.328 26860
283.347 27880
283.366 28900
283.385 29920
283.404 30940
283.423 33320
283.467 34340
283.486 35360
283.505 36380
283.524 37400
283.543 39440
283.71 40460
283.729 41480
283.748 43860
283.792 44880
283.811 45900
283.83 46920
283.849 47940
283.868 48960
283.887 49980
283.906 51000
283.925 52020
283.944 53040
283.963 55420
284.007 56440
284.026 57460
284.044 58480
284.177 58820
284.303 59160
284.416 59500
284.549 59840
284.681 60180
284.795 60520
284.927 60860
285.059 61200
285.192 42500
287.978 340
287.984 680
289.22 1020
289.226 1360
289.703 1700
289.709 2040
289.716 2380
289.722 2720
290.186 3060
290.192 3400
290.199 3740
290.205 4080
290.211 4420
290.217 4760
290.224 5100
290.23 5440
290.669 5780
290.675 6120
290.682 6460
290.688 6800
290.694 7140
290.7 7480
290.707 7820
290.713 8160
290.719 8500
290.726 8840
290.732 9180
290.738 9520
290.745 9860
290.751 10200
290.757 10540
290.763 10880
291.152 11220
291.158 11560
291.164 11900
291.171 12240
291.177 12580
291.183 12920
291.19 13260
291.196 13600
291.202 13940
291.209 14280
291.215 14620
291.221 14960
291.228 15300
291.234 15640
291.24 15980
291.246 16320
291.253 16660
291.259 17000
291.265 17340
291.272 17680
291.278 18020
291.284 18360
291.291 18700
291.297 19040
291.303 19380
291.309 19720
291.316 20060
291.322 20400
291.328 20740
291.335 21080
291.341 21420
291.347 21760
291.635 22100
291.641 22440
291.647 22780
291.654 23120
291.66 23460
291.666 23800
291.673 24140
291.679 24480
291.685 24820
291.692 25160
291.698 25500
291.704 25840
291.71 26180
291.717 26520
291.723 26860
291.729 27200
291.736 27540
291.742 27880
291.748 28220
291.755 28560
291.761 28900
291.767 29240
291.774 29580
291.792 29920
291.937 20740
293.114 21080
293.133 21420
293.145 21760
293.158 22100
293.171 22440
293.183 22780
293.196 23120
293.208 23460
293.221 23800
293.234 24140
293.246 24480
293.271 24820
293.309 25160
293.36 25500
293.41 25840
293.461 26180
293.561 26520
293.675 26860
293.814 27200
293.952 27540
294.097 27880
294.249 28220
294.425 28560
294.671 28900
295.011 29240
295.459 29580
296.442 29920
297.344 30260
297.596 30600
297.955 30940
298.132 31280
298.415 31620
298.598 31960
298.75 32300
298.901 32640
299.052 32980
299.172 33320
299.292 33660
299.399 34000
299.512 34340
299.607 34680
299.683 35020
299.752 35360
299.828 35700
299.897 36040
299.991 36380
300.055 36720
300.13 37060
300.2 37400
300.263 37740
300.319 38080
300.395 38420
300.433 38760
300.502 39100
300.553 39440
300.609 39780
300.672 40120
300.729 40460
300.786 40800
300.843 41140
300.88 41480
300.924 41820
300.956 42160
301.006 42500
301.038 42840
301.076 43180
301.114 43520
301.164 43860
301.214 44200
301.24 44540
301.284 44880
301.328 45220
301.366 45560
301.423 45900
301.46 46240
301.492 46580
301.536 46920
301.574 47260
301.618 47600
301.656 47940
301.7 48280
301.738 48620
301.776 48960
301.832 49300
301.864 49640
301.914 49980
301.965 50320
301.996 50660
302.047 51000
302.091 51340
302.129 51680
302.166 52020
302.198 52360
302.248 52700
302.286 53040
302.311 53380
302.362 53720
302.381 54060
302.412 54400
302.437 54740
302.469 55080
302.5 55420
302.526 55760
302.57 56100
302.601 56440
302.627 56780
302.664 57120
302.696 57460
302.715 57800
302.759 58140
302.784 58480
302.822 58820
302.847 59160
302.866 59500
302.904 59840
302.929 60180
302.954 41820
304.297 42160
304.31 42500
304.322 42840
304.335 43180
304.348 43520
304.36 43860
304.373 44200
304.385 44540
304.398 44880
304.411 45220
304.423 45560
304.436 45900
304.448 46240
304.461 46580
304.474 46920
304.486 47260
304.499 47600
304.511 47940
304.524 48280
304.537 48620
304.549 48960
304.562 49300
304.575 49640
304.587 49980
304.6 50320
304.612 50660
304.625 51000
304.638 51340
304.65 51680
304.663 52020
304.675 52360
304.776 52700
304.915 53040
305.054 53380
305.18 53720
305.306 54060
305.47 54400
305.64 54740
305.791 55080
305.968 55420
306.081 55760
306.195 56100
306.308 56440
306.434 56780
306.56 57120
306.712 57460
306.838 57800
307.046 58140
307.222 58480
307.437 58820
307.714 59160
308.092 59500
308.647 59840
309.756 60180
310.311 60520
310.689 60860
310.967 61200
311.194 61540
311.383 61880
311.547 62220
311.685 62560
311.824 62900
311.95 63240
312.064 63580
312.177 63920
312.278 64260
312.366 64600
312.455 64940
312.543 65280
312.618 65620
312.694 65960
312.77 66300
312.845 66640
312.908 66980
312.984 67320
313.047 67660
313.11 68000
313.173 68340
313.236 68680
313.287 69020
313.35 69360
313.4 69700
313.451 70040
313.501 70380
313.551 70720
313.602 71060
313.652 71400
313.703 71740
313.753 72080
313.804 72420
313.841 72760
313.892 73100
313.93 73440
313.98 73780
314.018 74120
314.068 74460
314.106 74800
314.144 75140
314.182 75480
314.22 75820
314.257 76160
314.295 76500
314.333 76840
314.371 77180
314.409 77520
314.447 77860
314.484 78200
314.522 78540
314.56 78880
314.585 79220
314.623 79560
314.648 79900
314.686 80240
314.711 80580
314.749 80920
314.774 81260
314.812 81600
314.837 81940
314.875 82280
314.9 82620
314.938 82960
314.963 83300
315.001 83640
315.027 83980
315.064 84320
315.09 84660
315.127 85000
315.153 85340
315.19 85680
315.216 86020
315.241 86360
315.266 86700
315.291 87040
315.317 87380
315.342 87720
315.367 88060
315.392 88400
315.417 88740
315.443 89080
315.468 89420
315.493 89760
315.518 90100
315.543 90440
315.569 90780
315.594 91120
315.619 91460
315.644 91800
315.67 92140
315.695 92480
315.72 92820
315.745 93160
315.77 93500
315.796 93840
315.821 94180
315.846 94520
315.871 94860
315.896 95200
315.922 95540
315.947 95880
315.972 96220
315.997 96560
316.023 96900
316.048 97240
316.073 97580
316.098 97920
316.123 98260
316.149 98600
316.161 98940
316.174 99280
316.199 99620
316.224 99960
316.237 100300
316.262 100640
316.275 100980
316.3 101320
316.313 101660
316.338 102000
316.35 102340
316.376 102680
316.388 103020
316.413 103360
316.426 103700
316.451 104040
316.464 104380
316.489 104720
316.502 105060
316.527 105400
316.539 105740
316.565 106080
316.577 106420
316.603 106760
316.615 107100
316.64 107440
316.653 107780
316.678 108120
316.691 108460
316.716 108800
316.729 109140
316.748 76160
319.95 340
320.271 2040
320.94 3740
320.971 5440
321.448 7140
321.479 8840
321.511 10540
321.542 12240
321.956 13940
321.988 15640
322.019 17340
322.051 19040
322.082 20740
322.114 22440
322.145 24140
322.177 25840
322.464 27540
322.496 29240
322.527 30940
322.559 32640
322.59 34340
322.622 36040
322.653 37740
322.685 39440
322.716 41140
322.748 42840
322.779 44540
322.811 46240
322.842 47940
322.874 49640
322.905 51340
322.937 53040
323.067 53380
323.199 53720
323.332 54060
323.464 54400
323.584 54740
323.716 55080
323.836 55420
323.956 38760
326.597 340
326.78 680
327.877 1020
327.883 1360
328.36 1700
328.366 2040
328.372 2380
328.379 2720
328.843 3060
328.849 3400
328.855 3740
328.862 4080
328.868 4420
328.874 4760
328.881 5100
328.887 5440
329.326 5780
329.332 6120
329.338 6460
329.345 6800
329.351 7140
329.357 7480
329.364 7820
329.37 8160
329.376 8500
329.383 8840
329.389 9180
329.395 9520
329.401 9860
329.408 10200
329.414 10540
329.42 10880
329.809 11220
329.815 11560
329.821 11900
329.828 12240
329.834 12580
329.84 12920
329.847 13260
329.853 13600
329.859 13940
329.865 14280
329.872 14620
329.878 14960
329.884 15300
329.891 15640
329.897 15980
329.903 16320
329.91 16660
329.916 17000
329.922 17340
329.929 17680
329.935 18020
329.941 18360
329.947 18700
329.954 19040
329.96 19380
329.966 19720
329.973 20060
329.979 20400
329.985 20740
329.992 21080
329.998 21420
330.004 21760
330.292 22100
330.298 22440
330.304 22780
330.311 23120
330.317 23460
330.323 23800
330.33 24140
330.336 24480
330.342 24820
330.348 25160
330.355 25500
330.38 17680
331.399 18020
331.411 18360
331.424 18700
331.437 19040
331.449 19380
331.462 19720
331.474 20060
331.487 20400
331.5 20740
331.537 21080
331.575 21420
331.626 21760
331.676 22100
331.739 22440
331.853 22780
331.991 23120
332.105 23460
332.243 23800
332.388 24140
332.578 24480
332.868 24820
333.258 25160
334.097 25500
335.061 25840
335.66 26180
335.849 26520
336.165 26860
336.341 27200
336.568 27540
336.751 27880
336.902 28220
337.022 28560
337.148 28900
337.261 29240
337.362 29580
337.469 29920
337.57 30260
337.652 30600
337.741 30940
337.823 31280
337.898 31620
337.968 31960
338.037 32300
338.1 32640
338.157 32980
338.22 33320
338.289 33660
338.365 34000
338.415 34340
338.472 34680
338.529 35020
338.585 35360
338.636 35700
338.692 36040
338.73 36380
338.787 36720
338.85 37060
338.894 37400
338.957 37740
338.982 38080
339.014 38420
339.058 38760
339.109 39100
339.165 39440
339.241 39780
339.31 40120
339.386 40460
339.468 40800
339.525 41140
339.588 41480
339.651 41820
339.714 42160
339.758 42500
339.808 42840
339.865 43180
339.915 43520
339.96 43860
340.01 44200
340.042 44540
340.092 44880
340.13 45220
340.18 45560
340.212 45900
340.25 46240
340.281 46580
340.306 46920
340.338 47260
340.363 47600
340.395 47940
340.42 48280
340.458 48620
340.483 48960
340.508 49300
340.552 49640
340.59 49980
340.615 50320
340.64 50660
340.666 51000
340.697 51340
340.729 51680
340.754 52020
340.785 52360
340.798 52700
340.823 53040
340.848 53380
340.874 53720
340.905 54060
340.924 54400
340.962 54740
340.987 55080
341 55420
341.025 55760
341.056 56100
341.082 56440
341.113 56780
341.126 57120
341.157 57460
341.189 57800
341.214 58140
341.233 58480
341.258 58820
341.271 59160
341.296 59500
341.309 59840
341.334 60180
341.359 60520
341.372 60860
341.384 61200
341.409 61540
341.435 61880
341.447 62220
341.479 62560
341.504 62900
341.517 63240
341.529 63580
341.554 63920
341.58 64260
341.592 64600
341.605 64940
341.636 65280
341.668 65620
341.693 65960
341.706 66300
341.731 66640
341.744 66980
341.769 67320
341.781 67660
341.813 68000
341.826 68340
341.851 68680
341.863 69020
341.889 69360
341.901 69700
341.926 70040
341.939 70380
341.964 70720
341.977 71060
342.002 71400
342.015 71740
342.04 72080
342.052 72420
342.078 72760
342.09 73100
342.116 73440
342.128 73780
342.153 74120
342.166 74460
342.191 74800
342.223 75140
342.235 75480
342.261 75820
342.273 76160
342.305 76500
342.317 76840
342.349 77180
342.361 77520
342.387 77860
342.399 78200
342.424 78540
342.437 78880
342.462 79220
342.475 79560
342.5 79900
342.513 80240
342.538 80580
342.551 80920
342.576 81260
342.588 81600
342.614 81940
342.626 82280
342.651 82620
342.664 82960
342.689 83300
342.702 83640
342.727 83980
342.74 84320
342.765 84660
342.777 85000
342.803 85340
342.815 85680
342.84 86020
342.853 86360
342.878 86700
342.904 87040
342.916 87380
342.948 87720
342.96 88060
342.973 88400
342.985 88740
342.998 89080
343.011 89420
343.036 89760
343.049 90100
343.061 90440
343.074 90780
343.086 91120
343.099 91460
343.112 91800
343.124 92140
343.149 92480
343.162 92820
343.175 93160
343.187 93500
343.2 93840
343.212 94180
343.225 94520
343.238 94860
343.25 95200
343.263 95540
343.275 95880
343.288 96220
343.313 96560
343.326 96900
343.339 97240
343.351 97580
343.364 97920
343.376 98260
343.389 98600
343.402 98940
343.414 99280
343.427 99620
343.439 99960
343.452 100300
343.465 100640
343.477 100980
343.49 101320
343.502 101660
343.515 102000
343.528 102340
343.54 102680
343.553 103020
343.565 103360
343.578 103700
343.591 104040
343.603 104380
343.616 104720
343.628 105060
343.641 105400
343.654 105740
343.666 106080
343.679 106420
343.692 106760
343.704 107100
343.717 107440
343.729 107780
343.742 108120
343.755 108460
343.767 108800
343.78 109140
343.792 109480
343.805 109820
343.818 110160
343.83 110500
343.843 110840
343.855 111180
343.868 111520
343.881 111860
343.893 112200
343.906 112540
343.918 112880
343.931 113220
343.944 113560
343.956 113900
343.969 114240
343.982 114580
343.994 114920
344.007 115260
344.019 115600
344.032 115940
344.045 116280
344.057 116620
344.07 116960
344.082 117300
344.095 117640
344.108 117980
344.12 118320
344.133 118660
344.145 119000
344.158 119340
344.171 119680
344.183 120020
344.196 120360
344.208 120700
344.221 121040
344.234 121380
344.246 121720
344.259 122060
344.272 122400
344.284 122740
344.297 123080
344.309 123420
344.322 123760
344.335 124100
344.366 86700
347.599 340
347.707 1360
348.501 3060
348.984 4080
349.003 5780
349.035 8160
349.505 10880
349.556 11900
349.575 12920
349.593 13940
349.612 14960
349.631 16660
349.994 17680
350.013 18700
350.032 19720
350.051 20740
350.07 21760
350.089 22780
350.108 23800
350.127 25500
350.158 26520
350.177 27540
350.196 28560
350.215 29580
350.234 30600
350.253 31620
350.272 32640
350.291 33660
350.484 34680
350.503 35700
350.522 36720
350.54 38420
350.572 39440
350.591 40460
350.61 41480
350.629 42500
350.648 43520
350.667 44540
350.685 45560
350.704 46580
350.723 47600
350.742 48620
350.761 49640
350.78 50660
350.799 51680
350.818 52700
350.837 53720
350.856 54740
350.875 55760
350.894 56780
350.912 57800
350.931 58820
350.95 59840
350.969 60860
351.102 61200
351.215 61540
351.347 61880
351.48 62220
351.593 62560
351.726 62900
351.858 63240
351.971 63580
352.123 44200
354.952 340
356.12 680
356.602 1020
356.609 1360
357.085 1700
357.092 2040
357.098 2380
357.104 2720
357.568 3060
357.575 3400
357.581 3740
357.587 4080
357.594 4420
357.6 4760
357.606 5100
357.613 5440
358.051 5780
358.058 6120
358.064 6460
358.07 6800
358.077 7140
358.083 7480
358.089 7820
358.095 8160
358.102 8500
358.108 8840
358.114 9180
358.121 9520
358.127 9860
358.133 10200
358.14 10540
358.146 10880
358.534 11220
358.541 11560
358.547 11900
358.553 12240
358.56 12580
358.566 12920
358.572 13260
358.578 13600
358.585 13940
358.591 14280
358.597 14620
358.604 14960
358.61 15300
358.616 15640
358.623 15980
358.629 16320
358.635 16660
358.641 17000
358.648 17340
358.654 17680
358.66 18020
358.667 18360
358.673 18700
358.679 19040
358.686 19380
358.692 19720
358.698 20060
358.705 20400
358.711 20740
358.717 21080
358.723 21420
358.73 21760
359.017 22100
359.024 22440
359.03 22780
359.036 23120
359.042 23460
359.049 23800
359.055 24140
359.061 24480
359.068 24820
359.074 25160
359.08 25500
359.087 25840
359.093 26180
359.099 26520
359.106 26860
359.112 27200
359.118 27540
359.124 27880
359.131 28220
359.137 28560
359.143 28900
359.15 29240
359.156 29580
359.162 29920
359.169 30260
359.175 30600
359.181 30940
359.194 31280
359.32 31620
359.402 22100
360.648 22440
360.66 22780
360.673 23120
360.685 23460
360.698 23800
360.711 24140
360.723 24480
360.748 24820
360.774 25160
360.811 25500
360.837 25840
360.875 26180
360.912 26520
360.963 26860
361.001 27200
361.07 27540
361.183 27880
361.297 28220
361.423 28560
361.549 28900
361.688 29240
361.826 29580
361.978 29920
362.167 30260
362.425 30600
362.778 30940
363.239 31280
364.285 31620
364.928 31960
365.35 32300
365.678 32640
365.886 32980
366.107 33320
366.296 33660
366.441 34000
366.573 34340
366.706 34680
366.825 35020
366.939 35360
367.046 35700
367.134 36040
367.229 36380
367.311 36720
367.399 37060
367.481 37400
367.557 37740
367.62 38080
367.677 38420
367.758 38760
367.822 39100
367.891 39440
367.954 39780
368.011 40120
368.061 40460
368.111 40800
368.181 41140
368.238 41480
368.294 41820
368.338 42160
368.389 42500
368.452 42840
368.509 43180
368.54 43520
368.578 43860
368.635 44200
368.673 44540
368.723 44880
368.761 45220
368.811 45560
368.843 45900
368.893 46240
368.925 46580
368.956 46920
369 47260
369.051 47600
369.095 47940
369.133 48280
369.183 48620
369.227 48960
369.259 49300
369.297 49640
369.341 49980
369.398 50320
369.442 50660
369.479 51000
369.53 51340
369.568 51680
369.606 52020
369.656 52360
369.694 52700
369.732 53040
369.763 53380
369.795 53720
369.832 54060
369.864 54400
369.896 54740
369.914 55080
369.952 55420
369.977 55760
370.015 56100
370.041 56440
370.085 56780
370.116 57120
370.141 57460
370.186 57800
370.211 58140
370.242 58480
370.261 58820
370.293 59160
370.318 59500
370.349 59840
370.375 60180
370.412 60520
370.438 60860
370.463 61200
370.507 61540
370.532 61880
370.564 62220
370.595 62560
370.608 62900
370.639 63240
370.671 63580
370.684 63920
370.715 64260
370.728 64600
370.753 64940
370.778 65280
370.803 65620
370.835 65960
370.86 66300
370.892 66640
370.917 66980
370.929 67320
370.942 67660
370.955 68000
370.98 68340
370.992 68680
371.018 69020
371.03 69360
371.055 69700
371.068 70040
371.093 70380
371.106 70720
371.131 71060
371.144 71400
371.175 71740
371.207 72080
371.219 72420
371.232 72760
371.263 73100
371.276 73440
371.289 73780
371.314 74120
371.327 74460
371.345 74800
371.364 75140
371.377 75480
371.39 75820
371.402 76160
371.427 76500
371.446 76840
371.472 77180
371.49 77520
371.503 77860
371.522 78200
371.535 78540
371.553 78880
371.566 79220
371.579 79560
371.604 79900
371.617 80240
371.629 80580
371.642 80920
371.654 81260
371.68 81600
371.692 81940
371.705 82280
371.73 82620
371.743 82960
371.755 83300
371.78 83640
371.793 83980
371.806 84320
371.818 84660
371.843 85000
371.869 85340
371.881 85680
371.894 86020
371.907 86360
371.919 86700
371.951 87040
371.963 87380
371.976 87720
371.988 88060
372.001 88400
372.014 88740
372.026 89080
372.039 89420
372.051 89760
372.064 90100
372.077 90440
372.102 90780
372.115 91120
372.127 91460
372.14 91800
372.152 92140
372.165 92480
372.19 92820
372.209 93160
372.222 93500
372.234 93840
372.247 94180
372.26 94520
372.285 94860
372.297 95200
372.31 95540
372.323 95880
372.335 96220
372.348 96560
372.36 96900
372.373 97240
372.386 97580
372.398 97920
372.411 98260
372.423 98600
372.436 98940
372.461 99280
372.474 99620
372.486 99960
372.499 100300
372.512 100640
372.524 100980
372.537 101320
372.55 101660
372.562 102000
372.575 102340
372.587 102680
372.6 103020
372.613 103360
372.625 103700
372.638 104040
372.657 104380
372.669 104720
372.688 105060
372.701 105400
372.713 105740
372.726 106080
372.745 106420
372.758 106760
372.77 107100
372.783 107440
372.795 107780
372.808 108120
372.821 108460
372.833 108800
372.846 109140
372.858 109480
372.871 109820
372.884 110160
372.896 110500
372.909 110840
372.921 111180
372.934 111520
372.947 111860
372.959 112200
372.972 112540
372.991 112880
373.003 113220
373.016 113560
373.029 113900
373.041 114240
373.054 114580
373.066 114920
373.079 115260
373.092 115600
373.104 115940
373.117 116280
373.129 116620
373.142 116960
373.155 117300
373.167 117640
373.18 117980
373.193 118320
373.211 82620
376.424 340
376.635 1360
377.366 3060
377.849 4080
377.868 5100
377.887 6800
378.344 7820
378.363 8840
378.382 10540
378.414 11560
378.433 12580
378.451 13600
378.827 18020
378.909 19720
378.941 22440
378.991 23460
379.01 24480
379.029 25500
379.048 26520
379.067 27540
379.317 28560
379.335 29580
379.354 30600
379.373 31620
379.392 33320
379.424 34340
379.443 35360
379.462 36380
379.48 37400
379.499 38420
379.518 40120
379.55 41140
379.569 42840
379.6 43860
379.619 46920
379.676 47940
379.695 48960
379.714 49980
379.733 51000
379.751 52020
379.77 53040
379.789 54060
379.808 55080
379.827 56100
379.846 57120
379.865 58140
379.991 58480
380.123 58820
380.256 59160
380.369 59500
380.502 59840
380.634 60180
380.76 60520
380.886 60860
380.981 42500
383.733 340
383.773 680
384.984 1020
384.99 1360
385.467 1700
385.473 2040
385.479 2380
385.486 2720
385.95 3060
385.956 3400
385.962 3740
385.969 4080
385.975 4420
385.981 4760
385.988 5100
385.994 5440
386.433 5780
386.439 6120
386.445 6460
386.452 6800
386.458 7140
386.464 7480
386.471 7820
386.477 8160
386.483 8500
386.489 8840
386.496 9180
386.502 9520
386.508 9860
386.515 10200
386.521 10540
386.527 10880
386.916 11220
386.922 11560
386.928 11900
386.935 12240
386.941 12580
386.947 12920
386.953 13260
386.96 13600
386.966 13940
386.972 14280
386.979 14620
386.985 14960
386.991 15300
386.998 15640
387.004 15980
387.01 16320
387.016 16660
387.023 17000
387.029 17340
387.035 17680
387.042 18020
387.048 18360
387.054 18700
387.061 19040
387.067 19380
387.073 19720
387.08 20060
387.086 20400
387.092 20740
387.098 21080
387.105 21420
387.111 21760
387.399 22100
387.405 22440
387.411 22780
387.418 23120
387.424 23460
387.43 23800
387.436 24140
387.443 24480
387.449 24820
387.455 25160
387.462 25500
387.468 25840
387.474 26180
387.481 26520
387.487 26860
387.493 27200
387.499 27540
387.506 27880
387.512 28220
387.518 28560
387.525 28900
387.531 29240
387.537 29580
387.594 29920
387.689 20740
389.306 21080
389.319 21420
389.331 21760
389.344 22100
389.357 22440
389.369 22780
389.382 23120
389.395 23460
389.407 23800
389.42 24140
389.432 24480
389.445 24820
389.458 25160
389.47 25500
389.483 25840
389.495 26180
389.508 26520
389.521 26860
389.533 27200
389.546 27540
389.558 27880
389.647 28220
389.861 28560
390.075 28900
390.403 29240
390.857 29580
391.803 29920
393.19 30260
393.788 30600
393.978 30940
394.274 31280
394.545 31620
394.753 31960
394.923 32300
395.068 32640
395.194 32980
395.345 33320
395.446 33660
395.566 34000
395.686 34340
395.78 34680
395.862 35020
395.944 35360
396.014 35700
396.096 36040
396.152 36380
396.209 36720
396.272 37060
396.348 37400
396.411 37740
396.487 38080
396.55 38420
396.606 38760
396.676 39100
396.739 39440
396.795 39780
396.846 40120
396.903 40460
396.966 40800
397.022 41140
397.066 41480
397.111 41820
397.155 42160
397.18 42500
397.23 42840
397.268 43180
397.3 43520
397.344 43860
397.382 44200
397.407 44540
397.445 44880
397.495 45220
397.527 45560
397.577 45900
397.615 46240
397.665 46580
397.709 46920
397.747 47260
397.804 47600
397.861 47940
397.905 48280
397.955 48620
398.012 48960
398.044 49300
398.088 49640
398.144 49980
398.182 50320
398.226 50660
398.277 51000
398.315 51340
398.359 51680
398.39 52020
398.441 52360
398.472 52700
398.51 53040
398.535 53380
398.567 53720
398.592 54060
398.624 54400
398.649 54740
398.674 55080
398.712 55420
398.737 55760
398.756 56100
398.787 56440
398.813 56780
398.851 57120
398.888 57460
398.914 57800
398.945 58140
398.97 58480
398.996 58820
399.014 59160
399.059 59500
399.071 59840
399.115 60180
399.147 60520
399.159 60860
399.185 61200
399.204 61540
399.235 61880
399.26 62220
399.273 62560
399.298 62900
399.311 63240
399.336 63580
399.374 63920
399.399 64260
399.412 64600
399.449 64940
399.462 65280
399.506 65620
399.519 65960
399.544 66300
399.557 66640
399.582 66980
399.626 67320
399.639 67660
399.67 68000
399.689 68340
399.714 68680
399.739 69020
399.765 69360
399.777 69700
399.809 70040
399.821 70380
399.853 70720
399.865 71060
399.891 71400
399.91 71740
399.922 72080
399.947 72420
399.96 72760
399.973 73100
399.998 73440
400.01 73780
400.023 74120
400.048 74460
400.061 74800
400.073 75140
