0.0 0
0.167119 3400
0.340414 3740
0.353022 4420
0.36563 5100
0.378238 5780
0.390846 6460
0.512845 7140
0.525453 7820
0.538061 8500
0.550669 9180
0.563277 9860
0.575885 10540
0.588493 11220
0.601101 11900
0.613709 12580
0.685277 13260
0.697885 13940
0.710493 14620
0.723101 15300
0.735709 15980
0.748317 16660
0.760925 17340
0.773533 18020
0.786141 18700
0.798749 19380
0.811357 20060
0.823965 20740
0.836573 21420
0.849181 22100
0.861789 22780
0.874397 23460
0.887005 24140
0.899613 24820
0.912221 25500
0.924829 26180
0.937437 26860
0.950045 27540
0.962653 28220
0.975261 28900
0.987869 29580
1.00048 30260
1.01308 30940
1.02569 31620
1.0383 32300
1.05091 32980
1.06352 33660
1.07612 34340
1.08873 35020
1.10134 35700
1.11395 36380
1.12656 37060
1.13916 37740
1.15177 38420
1.16438 39100
1.17699 39780
1.1896 40460
1.2022 41140
1.21481 41820
1.22742 42500
1.24003 43180
1.25264 43860
1.26524 44540
1.27785 45220
1.29046 45900
1.30307 46580
1.31568 47260
1.32828 47940
1.34089 48620
1.3535 49300
1.36611 49980
1.37872 50660
1.39132 51340
1.40393 52020
1.41654 52700
1.42915 53380
1.44176 54060
1.45436 54740
1.46697 55420
1.47958 56100
1.49219 56780
1.5048 57460
1.5174 58140
1.53001 58820
1.54262 59500
1.55523 60180
1.56784 60860
1.58044 61540
1.59305 62220
1.60566 62900
1.61827 63580
1.63088 64260
1.64348 64940
1.65609 65620
1.6687 66300
1.68131 66980
1.69392 67660
1.70652 68340
1.71913 69020
1.73174 69700
1.74435 70380
1.75696 71060
1.76956 71740
1.78217 72420
1.79478 73100
1.80739 73780
1.82 74460
1.8326 75140
1.84521 75820
1.85782 76500
1.87043 77180
1.88304 77860
1.89564 78540
1.90825 79220
1.92086 79900
1.93347 80580
1.94608 81260
1.95868 81940
1.97129 82620
1.9839 83300
1.99651 83980
2.00912 84660
2.02172 85340
2.03433 86020
2.04694 86700
2.05955 87380
2.07216 88060
2.08476 88740
2.09737 89420
2.10998 90100
2.12259 90780
2.1352 91460
2.1478 92140
2.16041 92820
2.17302 93500
2.18563 94180
2.19824 94860
2.21084 95540
2.22345 96220
2.23606 96900
2.24867 97580
2.26128 98260
2.27388 98940
2.28649 99620
2.2991 100300
2.31171 100980
2.32432 101660
2.33692 102340
2.34953 103020
2.36214 103700
2.37475 104380
2.38736 104720
2.40627 73100
4.50081 340
4.54332 1360
4.91526 1700
4.92156 2720
5.08769 3060
5.094 4080
5.11291 4420
5.11921 5440
5.26012 5780
5.26643 6800
5.28534 7140
5.29164 8160
5.31055 8500
5.31686 9520
5.33577 9860
5.34207 10880
5.43255 11220
5.43886 12240
5.45777 12580
5.46407 13600
5.48299 13940
5.48929 14960
5.5082 15300
5.51451 16320
5.53342 16660
5.53972 17680
5.55863 18020
5.56494 19040
5.58385 19380
5.59015 20400
5.60907 20740
5.61537 21760
5.63428 22100
5.64059 23120
5.6595 23460
5.6658 24480
5.68471 24820
5.69102 25840
5.70993 26180
5.71623 27200
5.73515 27540
5.74145 28560
5.76036 28900
5.76667 29920
5.78558 30260
5.79188 31280
5.81079 31620
5.8171 32640
5.83601 32980
5.84231 34000
5.86123 34340
5.86753 35360
5.88644 35700
5.89275 36720
5.91166 37060
5.91796 38080
5.93687 38420
5.94318 39440
5.96209 39780
5.96839 40800
5.98731 41140
5.99361 42160
6.01252 42500
6.01883 43520
6.03774 43860
6.04404 44880
6.06295 45220
6.06926 46240
6.08817 46580
6.09447 47600
6.11339 47940
6.11969 48960
6.1386 49300
6.14491 50320
6.16382 50660
6.17012 51680
6.2962 52020
6.42228 52360
6.54836 52700
6.67444 53040
6.80052 53380
6.9266 53720
7.05268 54060
7.14724 37740
9.21657 340
9.41668 680
9.89579 1020
9.90209 1360
10.0682 1700
10.0745 2040
10.0808 2380
10.0871 2720
10.2406 3060
10.247 3400
10.2533 3740
10.2596 4080
10.2659 4420
10.2722 4760
10.2785 5100
10.2848 5440
10.4131 5780
10.4194 6120
10.4257 6460
10.432 6800
10.4383 7140
10.4446 7480
10.4509 7820
10.4572 8160
10.4635 8500
10.4698 8840
10.4761 9180
10.4824 9520
10.4887 9860
10.495 10200
10.5013 10540
10.5076 10880
10.5855 11220
10.5918 11560
10.5981 11900
10.6044 12240
10.6107 12580
10.617 12920
10.6233 13260
10.6296 13600
10.6359 13940
10.6422 14280
10.6486 14620
10.6549 14960
10.6612 15300
10.6675 15640
10.6738 15980
10.6801 16320
10.6864 16660
10.6927 17000
10.699 17340
10.7053 17680
10.7116 18020
10.7179 18360
10.7242 18700
10.7305 19040
10.7368 19380
10.7431 19720
10.7494 20060
10.7557 20400
10.762 20740
10.7683 21080
10.7746 21420
10.7809 21760
10.7872 22100
10.7935 22440
10.7998 22780
10.8062 23120
10.8125 23460
10.8188 23800
10.8251 24140
10.8314 24480
10.8377 24820
10.844 25160
10.8503 25500
10.8566 25840
10.8629 26180
10.9322 26520
11.0583 26860
11.1844 27200
11.3105 27540
11.3798 19040
13.0079 340
13.1386 680
13.8321 1020
13.8384 1360
14.0045 1700
14.0108 2040
14.0171 2380
14.0234 2720
14.1958 1700
14.4061 2040
14.425 2380
14.5407 2720
17.554 3060
17.9052 3400
18.1532 3740
18.4288 4080
18.6012 4420
18.6579 4760
18.7925 5100
18.9587 5440
19.0091 5780
19.1311 6120
19.2067 6460
19.3035 6800
19.3792 7140
19.4759 7480
19.539 7820
19.6484 8160
19.6862 8500
19.7492 8840
19.8712 9180
19.9343 9520
20.0248 9860
20.1004 10200
20.1634 10540
20.2161 10880
20.2791 11220
20.3422 11560
20.4052 11900
20.4557 12240
20.5061 12580
20.5565 12920
20.6196 13260
20.67 13600
20.7078 13940
20.7582 14280
20.8087 14620
20.8591 14960
20.9095 15300
20.9474 15640
20.9978 15980
21.0356 16320
21.0861 16660
21.1239 17000
21.1617 17340
21.2121 17680
21.25 18020
21.2878 18360
21.3256 18700
21.3634 19040
21.4139 19380
21.4391 19720
21.4769 20060
21.5147 20400
21.5526 20740
21.5904 21080
21.6282 21420
21.666 21760
21.7038 22100
21.7291 22440
21.7669 22780
21.8047 23120
21.8425 23460
21.8678 23800
21.9056 24140
21.9308 24480
21.9686 24820
21.9938 25160
22.0317 25500
22.0569 25840
22.0947 26180
22.1199 26520
22.1577 26860
22.183 27200
22.2208 27540
22.246 27880
22.2838 28220
22.309 28560
22.3342 28900
22.3721 29240
22.3973 29580
22.4225 29920
22.4477 30260
22.4729 30600
22.5108 30940
22.536 31280
22.5486 31620
22.5738 31960
22.599 32300
22.6368 32640
22.6494 32980
22.6747 33320
22.6999 33660
22.7251 34000
22.7503 34340
22.7755 34680
22.8007 35020
22.826 35360
22.8512 35700
22.8764 36040
22.9016 36380
22.9268 36720
22.952 37060
22.9773 37400
23.0025 37740
23.0277 38080
23.0529 38420
23.0781 38760
23.1033 39100
23.1286 39440
23.1538 39780
23.179 40120
23.2042 40460
23.2294 40800
23.2546 41140
23.2798 41480
23.3051 41820
23.3303 42160
23.3555 42500
23.3807 42840
23.4059 43180
23.4185 43520
23.4438 43860
23.469 44200
23.4816 44540
23.4942 44880
23.5194 45220
23.5446 45560
23.5572 45900
23.5824 46240
23.6077 46580
23.6203 46920
23.6329 47260
23.6581 47600
23.6833 47940
23.6959 48280
23.7085 48620
23.7337 48960
23.759 49300
23.7716 49640
23.7842 49980
23.8094 50320
23.822 50660
23.8472 51000
23.8598 51340
23.885 51680
23.8976 52020
23.9229 52360
23.9355 52700
23.9607 53040
23.9733 53380
23.9985 53720
24.0111 54060
24.0363 54400
24.0489 54740
24.0742 55080
24.0868 55420
24.112 55760
24.1246 56100
24.1498 56440
24.1624 56780
24.1876 57120
24.2002 57460
24.2254 57800
24.2381 58140
24.2633 58480
24.2759 58820
24.3011 59160
24.3137 59500
24.3389 59840
24.3515 60180
24.3767 60520
24.3894 60860
24.4146 61200
24.4272 61540
24.4524 61880
24.465 62220
24.4902 62560
24.5028 62900
24.528 63240
24.5406 63580
24.5659 63920
24.5785 64260
24.6037 64600
24.6163 64940
24.6415 65280
24.6541 65620
24.6793 65960
24.6919 66300
24.7172 66640
24.7298 66980
24.755 67320
24.7676 67660
24.7928 68000
24.8054 68340
24.8306 68680
24.8432 69020
24.8685 69360
24.8811 69700
24.9126 48620
26.9238 340
27.0244 1360
27.5224 3060
27.6949 4080
27.7138 5780
27.7453 6800
27.8799 8500
27.9114 9520
27.9303 11220
27.9619 12240
27.9808 13940
28.0586 14960
28.0776 16660
28.1091 17680
28.128 19380
28.1595 20400
28.1784 22100
28.2099 23120
28.2289 24820
28.2604 25840
28.2793 27540
28.3108 28560
28.3297 30260
28.3612 31280
28.3801 32980
28.4117 34000
28.5314 34340
28.6638 34680
28.7836 35020
28.916 35360
29.0547 24480
30.7506 340
30.7631 680
31.5321 1020
31.5385 1360
31.7046 1700
31.7109 2040
31.7172 2380
31.7235 2720
31.877 3060
31.8833 3400
31.8896 3740
31.8959 4080
31.9022 4420
31.9085 4760
31.9148 5100
31.9211 5440
32.0494 5780
32.0557 6120
32.0621 6460
32.0684 6800
32.0747 7140
32.081 7480
32.0873 7820
32.0936 8160
32.0999 8500
32.1062 8840
32.1125 9180
32.1188 9520
32.1251 9860
32.1314 10200
32.1377 10540
32.144 10880
32.2219 11220
32.2282 11560
32.2345 11900
32.2408 12240
32.2471 12580
32.2534 12920
32.2597 13260
32.266 13600
32.2723 13940
32.2786 14280
32.2849 14620
32.2912 14960
32.2975 15300
32.3038 15640
32.3101 15980
32.3164 16320
32.3227 16660
32.329 17000
32.348 17340
32.3795 11900
33.0288 12240
33.0414 12580
33.0666 12920
33.0918 13260
33.1297 13600
33.1675 13940
33.1927 14280
33.2746 14620
33.3755 14960
33.5142 15300
33.6277 15640
33.779 15980
33.924 16320
34.1383 16660
34.3652 17000
34.9326 17340
36.8553 17680
37.2146 18020
37.4542 18360
37.6433 18700
37.9396 19040
38.217 19380
38.3557 19720
38.5133 20060
38.6709 20400
38.7969 20740
38.9167 21080
39.0176 21420
39.1248 21760
39.2067 22100
39.3013 22440
39.3895 22780
39.4652 23120
39.5282 23460
39.6102 23800
39.6669 24140
39.7362 24480
39.8182 24820
39.8812 25160
39.938 25500
40.001 25840
40.0577 26180
40.1334 26520
40.2153 26860
40.2847 27200
40.3414 27540
40.3982 27880
40.4675 28220
40.5242 28560
40.5873 28900
40.6377 29240
40.6881 29580
40.7323 29920
40.7764 30260
40.8205 30600
40.8647 30940
40.9025 31280
40.9403 31620
40.9907 31960
41.0286 32300
41.0727 32640
41.1231 32980
41.1483 33320
41.1736 33660
41.2303 34000
41.2555 34340
41.2807 34680
41.3185 35020
41.3438 35360
41.3879 35700
41.432 36040
41.4572 36380
41.5014 36720
41.5266 37060
41.577 37400
41.6022 37740
41.6401 38080
41.6653 38420
41.7031 38760
41.7283 39100
41.7787 39440
41.8166 39780
41.8292 40120
41.8544 40460
41.8796 40800
41.9174 41140
41.9426 41480
41.9679 41820
41.9931 42160
42.0183 42500
42.0435 42840
42.0687 43180
42.0939 43520
42.1255 43860
42.1507 44200
42.1759 44540
42.2011 44880
42.2263 45220
42.2515 45560
42.2768 45900
42.302 46240
42.3272 46580
42.3524 46920
42.3776 47260
42.4028 47600
42.4281 47940
42.4533 48280
42.4785 48620
42.5037 48960
42.5415 49300
42.5667 49640
42.592 49980
42.6172 50320
42.6424 50660
42.6676 51000
42.6928 51340
42.718 51680
42.7433 52020
42.7685 52360
42.7937 52700
42.8189 53040
42.8441 53380
42.8693 53720
42.8945 54060
42.9198 54400
42.945 54740
42.9702 55080
42.9954 55420
43.008 55760
43.0332 56100
43.0585 56440
43.0711 56780
43.0963 57120
43.1089 57460
43.1341 57800
43.1467 58140
43.1719 58480
43.1971 58820
43.2097 59160
43.2224 59500
43.2476 59840
43.2728 60180
43.2854 60520
43.298 60860
43.3232 61200
43.3484 61540
43.361 61880
43.3737 62220
43.3989 62560
43.4115 62900
43.4367 63240
43.4493 63580
43.4745 63920
43.4871 64260
43.5123 64600
43.5249 64940
43.5502 65280
43.5628 65620
43.588 65960
43.6006 66300
43.6258 66640
43.6384 66980
43.6636 67320
43.6762 67660
43.7015 68000
43.7141 68340
43.7393 68680
43.7582 47940
45.7576 340
45.9016 2040
46.3681 3740
46.3996 5440
46.5657 7140
46.5972 8840
46.6287 10540
46.6603 12240
46.7633 13260
46.7823 14960
46.8138 16660
46.8453 17680
46.8642 19380
46.8957 20400
46.9146 22100
46.9462 23120
46.9651 24820
46.9966 26520
47.0281 27540
47.047 28560
47.0659 30260
47.0975 31960
47.129 32980
47.1479 34000
47.2677 34340
47.4 34680
47.5198 35020
47.6522 35360
47.7405 24480
49.4183 340
49.4488 680
50.199 1020
50.2053 1360
50.3715 1700
50.3778 2040
50.3841 2380
50.3904 2720
50.5439 3060
50.5502 3400
50.5565 3740
50.5628 4080
50.5691 4420
50.5754 4760
50.5817 5100
50.588 5440
50.7163 5780
50.7226 6120
50.7289 6460
50.7352 6800
50.7415 7140
50.7478 7480
50.7541 7820
50.7604 8160
50.7668 8500
50.7731 8840
50.7794 9180
50.7857 9520
50.792 9860
50.7983 10200
50.8046 10540
50.8109 10880
50.8887 11220
50.8951 11560
50.9014 11900
50.9077 12240
50.914 12580
50.9203 12920
50.9266 13260
50.9329 13600
50.9392 13940
50.9455 14280
50.9518 14620
50.9581 14960
50.9644 15300
50.9707 15640
50.977 15980
50.9833 16320
50.9896 16660
50.9959 17000
51.0463 11900
51.6641 12240
51.6831 12580
51.6957 12920
51.7083 13260
51.7209 13600
51.7587 13940
51.8091 14280
51.8722 14620
52.0046 14960
52.1432 15300
52.2882 15640
52.4584 15980
52.7043 16320
52.906 16660
53.4797 17000
55.4276 17340
55.7743 17680
56.0202 18020
56.2156 18360
56.4615 18700
56.7578 19040
56.9595 19380
57.1234 19720
57.2558 20060
57.3693 20400
57.489 20740
57.5773 21080
57.6908 21420
57.7601 21760
57.8673 22100
57.9429 22440
58.0312 22780
58.0879 23120
58.1573 23460
58.2203 23800
58.3023 24140
58.3779 24480
58.4346 24820
58.4914 25160
58.567 25500
58.6301 25840
58.6742 26180
58.7498 26520
58.8318 26860
58.8948 27200
58.9642 27540
59.0146 27880
59.0776 28220
59.147 28560
59.1974 28900
59.2605 29240
59.3046 29580
59.355 29920
59.4244 30260
59.4559 30600
59.4937 30940
59.5189 31280
59.5567 31620
59.582 31960
59.6261 32300
59.6513 32640
59.6954 32980
59.7207 33320
59.7585 33660
59.7963 34000
59.8341 34340
59.8783 34680
59.9224 35020
59.9476 35360
60.0106 35700
60.0548 36040
60.1052 36380
60.1304 36720
60.1682 37060
60.1935 37400
60.2313 37740
60.2565 38080
60.2943 38420
60.3195 38760
60.3574 39100
60.3826 39440
60.4078 39780
60.4456 40120
60.4708 40460
60.4834 40800
60.5213 41140
60.5465 41480
60.5717 41820
60.5969 42160
60.6221 42500
60.6473 42840
60.6852 43180
60.723 43520
60.7482 43860
60.786 44200
60.8112 44540
60.8365 44880
60.8617 45220
60.8869 45560
60.9121 45900
60.9373 46240
60.9625 46580
60.9878 46920
61.013 47260
61.0382 47600
61.0634 47940
61.0886 48280
61.1138 48620
61.1391 48960
61.1643 49300
61.1895 49640
61.2147 49980
61.2399 50320
61.2651 50660
61.2903 51000
61.3156 51340
61.3408 51680
61.366 52020
61.3912 52360
61.4164 52700
61.4416 53040
61.4669 53380
61.4921 53720
61.5173 54060
61.5299 54400
61.5551 54740
61.5803 55080
61.5929 55420
61.6182 55760
61.6434 56100
61.656 56440
61.6812 56780
61.6938 57120
61.719 57460
61.7316 57800
61.7568 58140
61.7695 58480
61.7947 58820
61.8073 59160
61.8325 59500
61.8451 59840
61.8703 60180
61.8829 60520
61.9081 60860
61.9207 61200
61.946 61540
61.9586 61880
61.9838 62220
61.9964 62560
62.0216 62900
62.0342 63240
62.0594 63580
62.072 63920
62.0973 64260
62.1099 64600
62.1351 64940
62.1477 65280
62.1729 65620
62.1855 65960
62.2107 66300
62.2233 66640
62.2486 66980
62.2612 67320
62.2864 67660
62.299 68000
62.3242 68340
62.3557 47600
64.3506 340
64.4802 2040
64.953 3740
64.9845 5440
65.1506 7140
65.1821 8160
65.2011 9860
65.2326 11560
65.3357 12580
65.3546 15640
65.4113 16660
65.4302 18360
65.4617 19380
65.4807 21080
65.5122 22100
65.5311 23800
65.5626 24820
65.5815 26520
65.613 27540
65.6319 29240
65.6635 30260
65.6824 31960
65.7139 32980
65.7328 34680
65.8652 35020
65.985 35360
66.1174 35700
66.2371 36040
66.338 25160
68.0303 340
68.0464 680
68.8092 1020
68.8155 1360
68.9816 1700
68.9879 2040
68.9942 2380
69.0005 2720
69.154 3060
69.1603 3400
69.1666 3740
69.1729 4080
69.1792 4420
69.1855 4760
69.1919 5100
69.1982 5440
69.3265 5780
69.3328 6120
69.3391 6460
69.3454 6800
69.3517 7140
69.358 7480
69.3643 7820
69.3706 8160
69.3769 8500
69.3832 8840
69.3895 9180
69.3958 9520
69.4021 9860
69.4084 10200
69.4147 10540
69.421 10880
69.4989 11220
69.5052 11560
69.5115 11900
69.5178 12240
69.5241 12580
69.5304 12920
69.5367 13260
69.543 13600
69.5493 13940
69.5556 14280
69.5619 14620
69.5682 14960
69.5745 15300
69.5808 15640
69.5871 15980
69.5934 16320
69.5998 16660
69.6061 17000
69.6124 17340
69.6817 11900
70.3184 12240
70.331 12580
70.3436 12920
70.3562 13260
70.3688 13600
70.3814 13940
70.4193 14280
70.4697 14620
70.539 14960
70.6777 15300
70.829 15640
70.9614 15980
71.1379 16320
71.4279 16660
71.5792 17000
72.1403 17340
74.1449 17680
74.5043 18020
74.7438 18360
74.9518 18700
75.1473 19040
75.4436 19380
75.6642 19720
75.8218 20060
75.9794 20400
76.0866 20740
76.2063 21080
76.3072 21420
76.4144 21760
76.5152 22100
76.6035 22440
76.6981 22780
76.7926 23120
76.8872 23460
76.9817 23800
77.0637 24140
77.1582 24480
77.2465 24820
77.3411 25160
77.4104 25500
77.4482 25840
77.505 26180
77.5554 26520
77.6247 26860
77.6626 27200
77.7193 27540
77.7571 27880
77.795 28220
77.8706 28560
77.9273 28900
77.9904 29240
78.0597 29580
78.0975 29920
78.1354 30260
78.1732 30600
78.211 30940
78.2488 31280
78.2867 31620
78.3245 31960
78.3623 32300
78.4001 32640
78.438 32980
78.4947 33320
78.5388 33660
78.583 34000
78.6334 34340
78.6775 34680
78.7153 35020
78.7406 35360
78.7784 35700
78.8036 36040
78.8414 36380
78.8666 36720
78.9045 37060
78.9297 37400
78.9675 37740
78.9927 38080
79.0305 38420
79.0558 38760
79.0936 39100
79.1188 39440
79.1566 39780
79.1944 40120
79.2197 40460
79.2449 40800
79.2764 41140
79.3205 41480
79.3457 41820
79.3773 42160
79.4025 42500
79.4277 42840
79.4529 43180
79.4781 43520
79.5033 43860
79.5286 44200
79.5538 44540
79.579 44880
79.6042 45220
79.6294 45560
79.6546 45900
79.6798 46240
79.7051 46580
79.7303 46920
79.7555 47260
79.7807 47600
79.8059 47940
79.8311 48280
79.8564 48620
79.8816 48960
79.9068 49300
79.932 49640
79.9572 49980
79.9824 50320
80.0077 50660
80.0329 51000
80.0581 51340
80.0896 51680
80.1148 52020
80.14 52360
80.1779 52700
80.2031 53040
80.2157 53380
80.2409 53720
80.2661 54060
80.2913 54400
80.3166 54740
80.3292 55080
80.3544 55420
80.367 55760
80.3922 56100
80.4174 56440
80.43 56780
80.4552 57120
80.4805 57460
80.4931 57800
80.5057 58140
80.5309 58480
80.5561 58820
80.5687 59160
80.5813 59500
80.6065 59840
80.6318 60180
80.6444 60520
80.657 60860
80.6822 61200
80.7074 61540
80.72 61880
80.7326 62220
80.7578 62560
80.7704 62900
80.7957 63240
80.8083 63580
80.8335 63920
80.8461 64260
80.8713 64600
80.8839 64940
80.9091 65280
80.9217 65620
80.947 65960
80.9596 66300
80.9848 66640
80.9974 66980
81.0226 67320
81.0352 67660
81.0604 68000
81.073 68340
81.1046 47600
83.0928 340
83.229 1360
83.6955 3060
83.8679 4760
83.8994 6460
84.0467 8160
84.0782 9180
84.0971 10880
84.1286 11900
84.1475 13600
84.2317 15300
84.2632 16320
84.2821 18020
84.3137 19720
84.3452 20740
84.3641 21760
84.383 23460
84.4145 25160
84.446 26180
84.4649 27200
84.4839 28900
84.5154 30600
84.5469 31620
84.5658 32640
84.5847 34340
84.7171 34680
84.8369 35020
84.9693 35360
85.089 35700
85.1584 24820
86.8378 340
86.8731 680
87.6169 1020
87.6233 1360
87.7894 1700
87.7957 2040
87.802 2380
87.8083 2720
87.9618 3060
87.9681 3400
87.9744 3740
87.9807 4080
87.987 4420
87.9933 4760
87.9996 5100
88.0059 5440
88.1342 5780
88.1405 6120
88.1469 6460
88.1532 6800
88.1595 7140
88.1658 7480
88.1721 7820
88.1784 8160
88.1847 8500
88.191 8840
88.1973 9180
88.2036 9520
88.2099 9860
88.2162 10200
88.2225 10540
88.2288 10880
88.3067 11220
88.313 11560
88.3193 11900
88.3256 12240
88.3319 12580
88.3382 12920
88.3445 13260
88.3508 13600
88.3571 13940
88.3634 14280
88.3697 14620
88.376 14960
88.3823 15300
88.3886 15640
88.3949 15980
88.4012 16320
88.4075 16660
88.4138 17000
88.4201 17340
88.4769 11900
89.1136 12240
89.1262 12580
89.1388 12920
89.1514 13260
89.1766 13600
89.2145 13940
89.2649 14280
89.3027 14620
89.4099 14960
89.5486 15300
89.6809 15640
89.8385 15980
90.0088 16320
90.2231 16660
90.4563 17000
91.0048 17340
92.9338 17680
93.2868 18020
93.5453 18360
93.7407 18700
94.0559 19040
94.182 19380
94.3648 19720
94.5792 20060
94.7305 20400
94.8628 20740
95.0078 21080
95.0835 21420
95.1969 21760
95.2915 22100
95.3861 22440
95.468 22780
95.55 23120
95.6193 23460
95.695 23800
95.7706 24140
95.8273 24480
95.9219 24820
96.0039 25160
96.0984 25500
96.1552 25840
96.2434 26180
96.3001 26520
96.3758 26860
96.4325 27200
96.5019 27540
96.5586 27880
96.5964 28220
96.6469 28560
96.691 28900
96.754 29240
96.7856 29580
96.836 29920
96.8801 30260
96.9242 30600
96.9621 30940
97.0188 31280
97.044 31620
97.0818 31960
97.1071 32300
97.1575 32640
97.2142 32980
97.2394 33320
97.2773 33660
97.3025 34000
97.3403 34340
97.3781 34680
97.4223 35020
97.4601 35360
97.4853 35700
97.5231 36040
97.5483 36380
97.5988 36720
97.624 37060
97.6681 37400
97.7059 37740
97.7312 38080
97.769 38420
97.7942 38760
97.832 39100
97.8572 39440
97.8951 39780
97.9203 40120
97.9581 40460
97.9833 40800
98.0211 41140
98.0464 41480
98.0905 41820
98.1157 42160
98.1409 42500
98.1661 42840
98.1913 43180
98.2166 43520
98.2418 43860
98.267 44200
98.2922 44540
98.3174 44880
98.3426 45220
98.3679 45560
98.3994 45900
98.4246 46240
98.4498 46580
98.475 46920
98.5002 47260
98.5255 47600
98.5507 47940
98.5759 48280
98.6011 48620
98.6263 48960
98.6515 49300
98.6768 49640
98.702 49980
98.7272 50320
98.7524 50660
98.7776 51000
98.8028 51340
98.8281 51680
98.8533 52020
98.8848 52360
98.91 52700
98.9352 53040
98.9604 53380
98.9857 53720
99.0109 54060
99.0361 54400
99.0613 54740
99.0865 55080
99.1117 55420
99.1243 55760
99.1496 56100
99.1748 56440
99.1874 56780
99.2 57120
99.2252 57460
99.2504 57800
99.263 58140
99.2882 58480
99.3135 58820
99.3261 59160
99.3387 59500
99.3639 59840
99.3891 60180
99.4017 60520
99.4143 60860
99.4395 61200
99.4648 61540
99.4774 61880
99.49 62220
99.5152 62560
99.5278 62900
99.553 63240
99.5656 63580
99.5908 63920
99.6034 64260
99.6287 64600
99.6413 64940
99.6665 65280
99.6791 65620
99.7043 65960
99.7169 66300
99.7421 66640
99.7547 66980
99.78 67320
99.7926 67660
99.8178 68000
99.8367 47600
101.827 340
101.993 2040
102.44 3740
102.472 5440
102.638 7140
102.669 8840
102.701 10540
102.732 12240
102.836 13260
102.854 14960
102.886 16660
102.917 17680
102.936 18700
102.955 20400
102.987 22100
103.018 23120
103.037 24820
103.069 26520
103.1 27540
103.119 28560
103.138 30260
103.17 31960
103.201 32980
103.22 34000
103.34 34340
103.472 34680
103.592 35020
103.724 35360
103.794 24480
105.462 340
105.502 680
106.24 1020
106.246 1360
106.412 1700
106.418 2040
106.425 2380
106.431 2720
106.585 3060
106.591 3400
106.597 3740
106.603 4080
106.61 4420
106.616 4760
106.622 5100
106.629 5440
106.757 5780
106.763 6120
106.77 6460
106.776 6800
106.782 7140
106.789 7480
106.795 7820
106.801 8160
106.807 8500
106.814 8840
106.82 9180
106.826 9520
106.833 9860
106.839 10200
106.845 10540
106.852 10880
106.929 11220
106.936 11560
106.942 11900
106.948 12240
106.955 12580
106.961 12920
106.967 13260
106.974 13600
106.98 13940
106.986 14280
106.992 14620
106.999 14960
107.005 15300
107.011 15640
107.018 15980
107.024 16320
107.03 16660
107.037 17000
107.087 11900
107.705 12240
107.724 12580
107.736 12920
107.749 13260
107.774 13600
107.812 13940
107.862 14280
107.944 14620
108.07 14960
108.209 15300
108.36 15640
108.531 15980
108.745 16320
108.966 16660
109.52 17000
111.468 17340
111.821 17680
112.061 18020
112.256 18360
112.502 18700
112.798 19040
113 19380
113.164 19720
113.309 20060
113.41 20400
113.53 20740
113.631 21080
113.731 21420
113.832 21760
113.908 22100
113.996 22440
114.072 22780
114.148 23120
114.211 23460
114.274 23800
114.349 24140
114.431 24480
114.513 24820
114.582 25160
114.633 25500
114.709 25840
114.791 26180
114.86 26520
114.917 26860
114.986 27200
115.043 27540
115.112 27880
115.169 28220
115.207 28560
115.276 28900
115.307 29240
115.364 29580
115.402 29920
115.44 30260
115.465 30600
115.503 30940
115.541 31280
115.579 31620
115.635 31960
115.66 32300
115.711 32640
115.761 32980
115.805 33320
115.843 33660
115.868 34000
115.925 34340
115.957 34680
115.995 35020
116.032 35360
116.07 35700
116.095 36040
116.133 36380
116.158 36720
116.196 37060
116.222 37400
116.259 37740
116.285 38080
116.322 38420
116.36 38760
116.385 39100
116.423 39440
116.448 39780
116.486 40120
116.512 40460
116.549 40800
116.587 41140
116.612 41480
116.638 41820
116.663 42160
116.688 42500
116.726 42840
116.738 43180
116.764 43520
116.789 43860
116.814 44200
116.839 44540
116.865 44880
116.89 45220
116.915 45560
116.94 45900
116.965 46240
116.991 46580
117.016 46920
117.041 47260
117.066 47600
117.091 47940
117.117 48280
117.142 48620
117.167 48960
117.192 49300
117.218 49640
117.243 49980
117.268 50320
117.293 50660
117.318 51000
117.344 51340
117.369 51680
117.394 52020
117.419 52360
117.444 52700
117.47 53040
117.495 53380
117.52 53720
117.545 54060
117.571 54400
117.596 54740
117.621 55080
117.646 55420
117.671 55760
117.697 56100
117.722 56440
117.734 56780
117.76 57120
117.772 57460
117.798 57800
117.81 58140
117.835 58480
117.861 58820
117.873 59160
117.886 59500
117.911 59840
117.936 60180
117.949 60520
117.961 60860
117.987 61200
118.012 61540
118.024 61880
118.037 62220
118.062 62560
118.075 62900
118.1 63240
118.113 63580
118.138 63920
118.151 64260
118.176 64600
118.188 64940
118.214 65280
118.226 65620
118.251 65960
118.264 66300
118.289 66640
118.302 66980
118.327 67320
118.34 67660
118.365 68000
118.377 68340
118.409 47600
120.404 340
120.533 2040
121.006 3740
121.038 5440
121.204 7140
121.235 8840
121.267 10540
121.298 12240
121.402 13940
121.433 15640
121.465 17340
121.496 18360
121.515 20060
121.547 21080
121.565 22780
121.597 23800
121.616 25500
121.647 27200
121.679 28220
121.698 29240
121.717 30940
121.748 32640
121.78 33660
121.9 34000
122.019 34340
122.152 34680
122.271 35020
122.391 24480
124.064 340
124.112 680
124.85 1020
124.856 1360
125.022 1700
125.029 2040
125.035 2380
125.041 2720
125.195 3060
125.201 3400
125.207 3740
125.214 4080
125.22 4420
125.226 4760
125.233 5100
125.239 5440
125.367 5780
125.373 6120
125.38 6460
125.386 6800
125.392 7140
125.399 7480
125.405 7820
125.411 8160
125.418 8500
125.424 8840
125.43 9180
125.436 9520
125.443 9860
125.449 10200
125.455 10540
125.462 10880
125.54 11220
125.546 11560
125.552 11900
125.558 12240
125.565 12580
125.571 12920
125.577 13260
125.584 13600
125.59 13940
125.596 14280
125.603 14620
125.609 14960
125.615 15300
125.622 15640
125.628 15980
125.634 16320
125.64 16660
125.647 17000
125.685 11900
126.302 12240
126.321 12580
126.334 12920
126.346 13260
126.359 13600
126.384 13940
126.435 14280
126.498 14620
126.618 14960
126.756 15300
126.908 15640
127.084 15980
127.343 16320
127.525 16660
128.086 17000
130.06 17340
130.413 17680
130.665 18020
130.854 18360
131.03 18700
131.327 19040
131.528 19380
131.724 19720
131.837 20060
131.982 20400
132.102 20740
132.203 21080
132.329 21420
132.405 21760
132.505 22100
132.575 22440
132.657 22780
132.739 23120
132.802 23460
132.877 23800
132.947 24140
133.029 24480
133.092 24820
133.18 25160
133.256 25500
133.338 25840
133.407 26180
133.47 26520
133.533 26860
133.602 27200
133.653 27540
133.722 27880
133.766 28220
133.804 28560
133.848 28900
133.905 29240
133.962 29580
134 29920
134.025 30260
134.081 30600
134.119 30940
134.145 31280
134.195 31620
134.226 31960
134.264 32300
134.29 32640
134.334 32980
134.39 33320
134.435 33660
134.479 34000
134.504 34340
134.542 34680
134.567 35020
134.611 35360
134.649 35700
134.674 36040
134.712 36380
134.743 36720
134.781 37060
134.806 37400
134.844 37740
134.869 38080
134.907 38420
134.933 38760
134.97 39100
134.996 39440
135.046 39780
135.071 40120
135.115 40460
135.141 40800
135.166 41140
135.204 41480
135.229 41820
135.254 42160
135.267 42500
135.311 42840
135.336 43180
135.349 43520
135.374 43860
135.399 44200
135.437 44540
135.449 44880
135.475 45220
135.5 45560
135.525 45900
135.55 46240
135.576 46580
135.601 46920
135.626 47260
135.651 47600
135.676 47940
135.702 48280
135.727 48620
135.752 48960
135.777 49300
135.802 49640
135.828 49980
135.853 50320
135.884 50660
135.91 51000
135.935 51340
135.96 51680
135.985 52020
136.011 52360
136.036 52700
136.061 53040
136.086 53380
136.111 53720
136.137 54060
136.162 54400
136.187 54740
136.212 55080
136.237 55420
136.263 55760
136.288 56100
136.313 56440
136.326 56780
136.338 57120
136.364 57460
136.389 57800
136.401 58140
136.427 58480
136.452 58820
136.464 59160
136.477 59500
136.502 59840
136.527 60180
136.54 60520
136.553 60860
136.578 61200
136.603 61540
136.616 61880
136.628 62220
136.654 62560
136.666 62900
136.691 63240
136.704 63580
136.729 63920
136.742 64260
136.767 64600
136.78 64940
136.805 65280
136.817 65620
136.843 65960
136.855 66300
136.88 66640
136.893 66980
136.918 67320
136.931 67660
136.956 68000
136.969 68340
137 47600
138.989 340
139.125 2040
139.591 3740
139.623 5440
139.789 7140
139.82 8840
139.852 10540
139.883 12240
139.986 13940
140.018 15640
140.05 17340
140.081 18360
140.1 19380
140.119 21080
140.15 22780
140.182 23800
140.201 25500
140.232 27200
140.264 28220
140.283 29240
140.302 30940
140.333 32640
140.365 33660
140.484 34000
140.604 34340
140.737 34680
140.856 35020
140.976 24480
142.643 340
142.697 680
143.428 1020
143.435 1360
143.601 1700
143.607 2040
143.613 2380
143.62 2720
143.773 3060
143.78 3400
143.786 3740
143.792 4080
143.799 4420
143.805 4760
143.811 5100
143.817 5440
143.946 5780
143.952 6120
143.958 6460
143.965 6800
143.971 7140
143.977 7480
143.984 7820
143.99 8160
143.996 8500
144.002 8840
144.009 9180
144.015 9520
144.021 9860
144.028 10200
144.034 10540
144.04 10880
144.118 11220
144.124 11560
144.131 11900
144.137 12240
144.143 12580
144.15 12920
144.156 13260
144.162 13600
144.169 13940
144.175 14280
144.181 14620
144.188 14960
144.194 15300
144.2 15640
144.206 15980
144.213 16320
144.219 16660
144.225 17000
144.263 11900
144.881 12240
144.9 12580
144.912 12920
144.925 13260
144.938 13600
144.963 13940
145.013 14280
145.076 14620
145.196 14960
145.335 15300
145.486 15640
145.663 15980
145.921 16320
146.104 16660
146.665 17000
148.638 17340
148.991 17680
149.243 18020
149.432 18360
149.609 18700
149.905 19040
150.107 19380
150.302 19720
150.416 20060
150.561 20400
150.681 20740
150.782 21080
150.908 21420
150.983 21760
151.084 22100
151.153 22440
151.235 22780
151.317 23120
151.38 23460
151.456 23800
151.525 24140
151.607 24480
151.67 24820
151.759 25160
151.834 25500
151.916 25840
151.986 26180
152.049 26520
152.112 26860
152.181 27200
152.231 27540
152.301 27880
152.345 28220
152.383 28560
152.427 28900
152.484 29240
152.54 29580
152.578 29920
152.603 30260
152.66 30600
152.698 30940
152.723 31280
152.774 31620
152.805 31960
152.843 32300
152.868 32640
152.912 32980
152.969 33320
153.013 33660
153.057 34000
153.082 34340
153.12 34680
153.146 35020
153.19 35360
153.227 35700
153.253 36040
153.29 36380
153.322 36720
153.36 37060
153.385 37400
153.423 37740
153.448 38080
153.486 38420
153.511 38760
153.549 39100
153.574 39440
153.625 39780
153.65 40120
153.694 40460
153.719 40800
153.744 41140
153.782 41480
153.807 41820
153.833 42160
153.845 42500
153.889 42840
153.915 43180
153.927 43520
153.952 43860
153.978 44200
154.015 44540
154.028 44880
154.053 45220
154.078 45560
154.104 45900
154.129 46240
154.154 46580
154.179 46920
154.205 47260
154.23 47600
154.255 47940
154.28 48280
154.305 48620
154.331 48960
154.356 49300
154.381 49640
154.406 49980
154.432 50320
154.463 50660
154.488 51000
154.513 51340
154.539 51680
154.564 52020
154.589 52360
154.614 52700
154.64 53040
154.665 53380
154.69 53720
154.715 54060
154.74 54400
154.766 54740
154.791 55080
154.816 55420
154.841 55760
154.866 56100
154.892 56440
154.904 56780
154.917 57120
154.942 57460
154.967 57800
154.98 58140
155.005 58480
155.03 58820
155.043 59160
155.056 59500
155.081 59840
155.106 60180
155.119 60520
155.131 60860
155.156 61200
155.182 61540
155.194 61880
155.207 62220
155.232 62560
155.245 62900
155.27 63240
155.283 63580
155.308 63920
155.32 64260
155.346 64600
155.358 64940
155.383 65280
155.396 65620
155.421 65960
155.434 66300
155.459 66640
155.472 66980
155.497 67320
155.51 67660
155.535 68000
155.547 68340
155.579 47600
157.566 340
157.703 2040
158.17 3740
158.201 5440
158.367 7140
158.399 8840
158.43 10540
158.462 12240
158.565 13940
158.597 15640
158.628 17340
158.66 18360
158.679 19380
158.697 21080
158.729 22780
158.761 23800
158.779 25500
158.811 27200
158.842 28220
158.861 29240
158.88 30940
158.912 32640
158.943 33660
159.063 34000
159.183 34340
159.315 34680
159.435 35020
159.555 24480
161.221 340
161.276 680
162.007 1020
162.013 1360
162.18 1700
162.186 2040
162.192 2380
162.198 2720
162.352 3060
162.358 3400
162.365 3740
162.371 4080
162.377 4420
162.383 4760
162.39 5100
162.396 5440
162.524 5780
162.531 6120
162.537 6460
162.543 6800
162.55 7140
162.556 7480
162.562 7820
162.568 8160
162.575 8500
162.581 8840
162.587 9180
162.594 9520
162.6 9860
162.606 10200
162.613 10540
162.619 10880
162.697 11220
162.703 11560
162.709 11900
162.716 12240
162.722 12580
162.728 12920
162.735 13260
162.741 13600
162.747 13940
162.754 14280
162.76 14620
162.766 14960
162.772 15300
162.779 15640
162.785 15980
162.791 16320
162.798 16660
162.804 17000
162.842 11900
163.46 12240
163.478 12580
163.491 12920
163.504 13260
163.516 13600
163.542 13940
163.592 14280
163.655 14620
163.775 14960
163.913 15300
164.065 15640
164.241 15980
164.5 16320
164.683 16660
165.244 17000
167.217 17340
167.57 17680
167.822 18020
168.011 18360
168.188 18700
168.484 19040
168.686 19380
168.881 19720
168.994 20060
169.139 20400
169.259 20740
169.36 21080
169.486 21420
169.562 21760
169.663 22100
169.732 22440
169.814 22780
169.896 23120
169.959 23460
170.035 23800
170.104 24140
170.186 24480
170.249 24820
170.337 25160
170.413 25500
170.495 25840
170.564 26180
170.627 26520
170.69 26860
170.76 27200
170.81 27540
170.879 27880
170.924 28220
170.961 28560
171.005 28900
171.062 29240
171.119 29580
171.157 29920
171.182 30260
171.239 30600
171.277 30940
171.302 31280
171.352 31620
171.384 31960
171.422 32300
171.447 32640
171.491 32980
171.548 33320
171.592 33660
171.636 34000
171.661 34340
171.699 34680
171.724 35020
171.768 35360
171.806 35700
171.831 36040
171.869 36380
171.901 36720
171.938 37060
171.964 37400
172.002 37740
172.027 38080
172.065 38420
172.09 38760
172.128 39100
172.153 39440
172.203 39780
172.228 40120
172.273 40460
172.298 40800
172.323 41140
172.361 41480
172.386 41820
172.411 42160
172.424 42500
172.468 42840
172.493 43180
172.506 43520
172.531 43860
172.556 44200
172.594 44540
172.607 44880
172.632 45220
172.657 45560
172.682 45900
172.708 46240
172.733 46580
172.758 46920
172.783 47260
172.808 47600
172.834 47940
172.859 48280
172.884 48620
172.909 48960
172.934 49300
172.96 49640
172.985 49980
173.01 50320
173.042 50660
173.067 51000
173.092 51340
173.117 51680
173.143 52020
173.168 52360
173.193 52700
173.218 53040
173.243 53380
173.269 53720
173.294 54060
173.319 54400
173.344 54740
173.369 55080
173.395 55420
173.42 55760
173.445 56100
173.47 56440
173.483 56780
173.496 57120
173.521 57460
173.546 57800
173.559 58140
173.584 58480
173.609 58820
173.622 59160
173.634 59500
173.659 59840
173.685 60180
173.697 60520
173.71 60860
173.735 61200
173.76 61540
173.773 61880
173.786 62220
173.811 62560
173.823 62900
173.849 63240
173.861 63580
173.886 63920
173.899 64260
173.924 64600
173.937 64940
173.962 65280
173.975 65620
174 65960
174.012 66300
174.038 66640
174.05 66980
174.076 67320
174.088 67660
174.113 68000
174.126 68340
174.157 47600
176.145 340
176.282 2040
176.742 3740
176.774 5440
176.94 7140
176.971 8840
177.003 10540
177.034 12240
177.137 13940
177.169 15640
177.2 17340
177.232 18360
177.251 19380
177.27 21080
177.301 22780
177.333 23800
177.352 25500
177.383 27200
177.415 28220
177.434 29240
177.453 30940
177.484 32640
177.516 33660
177.635 34000
177.755 34340
177.888 34680
178.007 35020
178.127 24480
179.793 340
179.848 680
180.579 1020
180.586 1360
180.752 1700
180.758 2040
180.764 2380
180.771 2720
180.924 3060
180.931 3400
180.937 3740
180.943 4080
180.949 4420
180.956 4760
180.962 5100
180.968 5440
181.097 5780
181.103 6120
181.109 6460
181.116 6800
181.122 7140
181.128 7480
181.135 7820
181.141 8160
181.147 8500
181.153 8840
181.16 9180
181.166 9520
181.172 9860
181.179 10200
181.185 10540
181.191 10880
181.269 11220
181.275 11560
181.282 11900
181.288 12240
181.294 12580
181.301 12920
181.307 13260
181.313 13600
181.32 13940
181.326 14280
181.332 14620
181.338 14960
181.345 15300
181.351 15640
181.357 15980
181.364 16320
181.37 16660
181.376 17000
181.414 11900
182.032 12240
182.051 12580
182.063 12920
182.076 13260
182.089 13600
182.114 13940
182.164 14280
182.227 14620
182.347 14960
182.486 15300
182.637 15640
182.814 15980
183.072 16320
183.255 16660
183.816 17000
185.789 17340
186.142 17680
186.394 18020
186.583 18360
186.76 18700
187.056 19040
187.258 19380
187.453 19720
187.567 20060
187.712 20400
187.832 20740
187.932 21080
188.059 21420
188.134 21760
188.235 22100
188.304 22440
188.386 22780
188.468 23120
188.531 23460
188.607 23800
188.676 24140
188.758 24480
188.821 24820
188.91 25160
188.985 25500
189.067 25840
189.137 26180
189.2 26520
189.263 26860
189.332 27200
189.382 27540
189.452 27880
189.496 28220
189.534 28560
189.578 28900
189.635 29240
189.691 29580
189.729 29920
189.754 30260
189.811 30600
189.849 30940
189.874 31280
189.925 31620
189.956 31960
189.994 32300
190.019 32640
190.063 32980
190.12 33320
190.164 33660
190.208 34000
190.233 34340
190.271 34680
190.296 35020
190.341 35360
190.378 35700
190.404 36040
190.441 36380
190.473 36720
190.511 37060
190.536 37400
190.574 37740
190.599 38080
190.637 38420
190.662 38760
190.7 39100
190.725 39440
190.776 39780
190.801 40120
190.845 40460
190.87 40800
190.895 41140
190.933 41480
190.958 41820
190.984 42160
190.996 42500
191.04 42840
191.066 43180
191.078 43520
191.103 43860
191.129 44200
191.166 44540
191.179 44880
191.204 45220
191.229 45560
191.255 45900
191.28 46240
191.305 46580
191.33 46920
191.356 47260
191.381 47600
191.406 47940
191.431 48280
191.456 48620
191.482 48960
191.507 49300
191.532 49640
191.557 49980
191.582 50320
191.614 50660
191.639 51000
191.664 51340
191.69 51680
191.715 52020
191.74 52360
191.765 52700
191.79 53040
191.816 53380
191.841 53720
191.866 54060
191.891 54400
191.917 54740
191.942 55080
191.967 55420
191.992 55760
192.017 56100
192.043 56440
192.055 56780
192.068 57120
192.093 57460
192.118 57800
192.131 58140
192.156 58480
192.181 58820
192.194 59160
192.207 59500
192.232 59840
192.257 60180
192.27 60520
192.282 60860
192.307 61200
192.333 61540
192.345 61880
192.358 62220
192.383 62560
192.396 62900
192.421 63240
192.433 63580
192.459 63920
192.471 64260
192.497 64600
192.509 64940
192.534 65280
192.547 65620
192.572 65960
192.585 66300
192.61 66640
192.623 66980
192.648 67320
192.66 67660
192.686 68000
192.698 68340
192.73 47600
194.717 340
194.854 2040
195.321 3740
195.352 5440
195.518 7140
195.55 8840
195.581 10540
195.613 12240
195.716 13940
195.748 15640
195.779 17340
195.811 18360
195.829 19380
195.848 21080
195.88 22780
195.911 23800
195.93 25500
195.962 27200
195.993 28220
196.012 29240
196.031 30940
196.063 32640
196.094 33660
196.214 34000
196.334 34340
196.466 34680
196.586 35020
196.706 24480
198.372 340
198.427 680
199.158 1020
199.164 1360
199.33 1700
199.337 2040
199.343 2380
199.349 2720
199.503 3060
199.509 3400
199.515 3740
199.522 4080
199.528 4420
199.534 4760
199.541 5100
199.547 5440
199.675 5780
199.682 6120
199.688 6460
199.694 6800
199.701 7140
199.707 7480
199.713 7820
199.719 8160
199.726 8500
199.732 8840
199.738 9180
199.745 9520
199.751 9860
199.757 10200
199.764 10540
199.77 10880
199.848 11220
199.854 11560
199.86 11900
199.867 12240
199.873 12580
199.879 12920
199.886 13260
199.892 13600
199.898 13940
199.904 14280
199.911 14620
199.917 14960
199.923 15300
199.93 15640
199.936 15980
199.942 16320
199.949 16660
199.955 17000
199.993 11900
200.611 12240
200.629 12580
200.642 12920
200.655 13260
200.667 13600
200.692 13940
200.743 14280
200.806 14620
200.926 14960
201.064 15300
201.216 15640
201.392 15980
201.651 16320
201.833 16660
202.395 17000
204.368 17340
204.721 17680
204.973 18020
205.162 18360
205.339 18700
205.635 19040
205.837 19380
206.032 19720
206.145 20060
206.29 20400
206.41 20740
206.511 21080
206.637 21420
206.713 21760
206.814 22100
206.883 22440
206.965 22780
207.047 23120
207.11 23460
207.186 23800
207.255 24140
207.337 24480
207.4 24820
207.488 25160
207.564 25500
207.646 25840
207.715 26180
207.778 26520
207.841 26860
207.911 27200
207.961 27540
208.03 27880
208.074 28220
208.112 28560
208.156 28900
208.213 29240
208.27 29580
208.308 29920
208.333 30260
208.39 30600
208.427 30940
208.453 31280
208.503 31620
208.535 31960
208.572 32300
208.598 32640
208.642 32980
208.699 33320
208.743 33660
208.787 34000
208.812 34340
208.85 34680
208.875 35020
208.919 35360
208.957 35700
208.982 36040
209.02 36380
209.052 36720
209.089 37060
209.115 37400
209.152 37740
209.178 38080
209.215 38420
209.241 38760
209.279 39100
209.304 39440
209.354 39780
209.379 40120
209.424 40460
209.449 40800
209.474 41140
209.512 41480
209.537 41820
209.562 42160
209.575 42500
209.619 42840
209.644 43180
209.657 43520
209.682 43860
209.707 44200
209.745 44540
209.758 44880
209.783 45220
209.808 45560
209.833 45900
209.858 46240
209.884 46580
209.909 46920
209.934 47260
209.959 47600
209.985 47940
210.01 48280
210.035 48620
210.06 48960
210.085 49300
210.111 49640
210.136 49980
210.161 50320
210.193 50660
210.218 51000
210.243 51340
210.268 51680
210.293 52020
210.319 52360
210.344 52700
210.369 53040
210.394 53380
210.42 53720
210.445 54060
210.47 54400
210.495 54740
210.52 55080
210.546 55420
210.571 55760
210.596 56100
210.621 56440
210.634 56780
210.646 57120
210.672 57460
210.697 57800
210.71 58140
210.735 58480
210.76 58820
210.773 59160
210.785 59500
210.81 59840
210.836 60180
210.848 60520
210.861 60860
210.886 61200
210.911 61540
210.924 61880
210.936 62220
210.962 62560
210.974 62900
211 63240
211.012 63580
211.037 63920
211.05 64260
211.075 64600
211.088 64940
211.113 65280
211.126 65620
211.151 65960
211.163 66300
211.189 66640
211.201 66980
211.226 67320
211.239 67660
211.264 68000
211.277 68340
211.308 47600
213.296 340
213.433 2040
213.899 3740
213.931 5440
214.097 7140
214.129 8840
214.16 10540
214.192 12240
214.295 13940
214.326 15640
214.358 17340
214.389 18360
214.408 19380
214.427 21080
214.459 22780
214.49 23800
214.509 25500
214.54 27200
214.572 28220
214.591 29240
214.61 30940
214.641 32640
214.673 33660
214.793 34000
214.912 34340
215.045 34680
215.165 35020
215.284 24480
216.951 340
217.005 680
217.737 1020
217.743 1360
217.909 1700
217.915 2040
217.922 2380
217.928 2720
218.081 3060
218.088 3400
218.094 3740
218.1 4080
218.107 4420
218.113 4760
218.119 5100
218.126 5440
218.254 5780
218.26 6120
218.267 6460
218.273 6800
218.279 7140
218.285 7480
218.292 7820
218.298 8160
218.304 8500
218.311 8840
218.317 9180
218.323 9520
218.33 9860
218.336 10200
218.342 10540
218.348 10880
218.426 11220
218.433 11560
218.439 11900
218.445 12240
218.452 12580
218.458 12920
218.464 13260
218.47 13600
218.477 13940
218.483 14280
218.489 14620
218.496 14960
218.502 15300
218.508 15640
218.515 15980
218.521 16320
218.527 16660
218.534 17000
218.571 11900
219.189 12240
219.208 12580
219.221 12920
219.233 13260
219.246 13600
219.271 13940
219.322 14280
219.385 14620
219.504 14960
219.643 15300
219.794 15640
219.971 15980
220.229 16320
220.412 16660
220.973 17000
222.946 17340
223.299 17680
223.552 18020
223.741 18360
223.917 18700
224.213 19040
224.415 19380
224.611 19720
224.724 20060
224.869 20400
224.989 20740
225.09 21080
225.216 21420
225.291 21760
225.392 22100
225.462 22440
225.544 22780
225.626 23120
225.689 23460
225.764 23800
225.834 24140
225.916 24480
225.979 24820
226.067 25160
226.142 25500
226.224 25840
226.294 26180
226.357 26520
226.42 26860
226.489 27200
226.54 27540
226.609 27880
226.653 28220
226.691 28560
226.735 28900
226.792 29240
226.848 29580
226.886 29920
226.912 30260
226.968 30600
227.006 30940
227.031 31280
227.082 31620
227.113 31960
227.151 32300
227.176 32640
227.22 32980
227.277 33320
227.321 33660
227.365 34000
227.391 34340
227.428 34680
227.454 35020
227.498 35360
227.536 35700
227.561 36040
227.599 36380
227.63 36720
227.668 37060
227.693 37400
227.731 37740
227.756 38080
227.794 38420
227.819 38760
227.857 39100
227.882 39440
227.933 39780
227.958 40120
228.002 40460
228.027 40800
228.053 41140
228.09 41480
228.116 41820
228.141 42160
228.153 42500
228.198 42840
228.223 43180
228.235 43520
228.261 43860
228.286 44200
228.324 44540
228.336 44880
228.361 45220
228.387 45560
228.412 45900
228.437 46240
228.462 46580
228.488 46920
228.513 47260
228.538 47600
228.563 47940
228.588 48280
228.614 48620
228.639 48960
228.664 49300
228.689 49640
228.714 49980
228.74 50320
228.771 50660
228.796 51000
228.822 51340
228.847 51680
228.872 52020
228.897 52360
228.923 52700
228.948 53040
228.973 53380
228.998 53720
229.023 54060
229.049 54400
229.074 54740
229.099 55080
229.124 55420
229.149 55760
229.175 56100
229.2 56440
229.212 56780
229.225 57120
229.25 57460
229.276 57800
229.288 58140
229.313 58480
229.339 58820
229.351 59160
229.364 59500
229.389 59840
229.414 60180
229.427 60520
229.439 60860
229.465 61200
229.49 61540
229.502 61880
229.515 62220
229.54 62560
229.553 62900
229.578 63240
229.591 63580
229.616 63920
229.629 64260
229.654 64600
229.666 64940
229.692 65280
229.704 65620
229.729 65960
229.742 66300
229.767 66640
229.78 66980
229.805 67320
229.818 67660
229.843 68000
229.856 68340
229.887 47600
231.875 340
232.011 2040
232.478 3740
232.509 5440
232.676 7140
232.707 8840
232.739 10540
232.77 12240
232.873 13940
232.905 15640
232.936 17340
232.968 18360
232.987 19380
233.006 21080
233.037 22780
233.069 23800
233.088 25500
233.119 27200
233.151 28220
233.17 29240
233.188 30940
233.22 32640
233.252 33660
233.371 34000
233.491 34340
233.623 34680
233.743 35020
233.863 24480
235.53 340
235.584 680
236.315 1020
236.322 1360
236.488 1700
236.494 2040
236.5 2380
236.507 2720
236.66 3060
236.666 3400
236.673 3740
236.679 4080
236.685 4420
236.692 4760
236.698 5100
236.704 5440
236.833 5780
236.839 6120
236.845 6460
236.851 6800
236.858 7140
236.864 7480
236.87 7820
236.877 8160
236.883 8500
236.889 8840
236.896 9180
236.902 9520
236.908 9860
236.914 10200
236.921 10540
236.927 10880
237.005 11220
237.011 11560
237.018 11900
237.024 12240
237.03 12580
237.036 12920
237.043 13260
237.049 13600
237.055 13940
237.062 14280
237.068 14620
237.074 14960
237.081 15300
237.087 15640
237.093 15980
237.1 16320
237.106 16660
237.112 17000
237.15 11900
237.768 12240
237.787 12580
237.799 12920
237.812 13260
237.824 13600
237.85 13940
237.9 14280
237.963 14620
238.083 14960
238.222 15300
238.373 15640
238.549 15980
238.808 16320
238.991 16660
239.552 17000
241.525 17340
241.878 17680
242.13 18020
242.319 18360
242.496 18700
242.792 19040
242.994 19380
243.189 19720
243.303 20060
243.448 20400
243.567 20740
243.668 21080
243.794 21420
243.87 21760
243.971 22100
244.04 22440
244.122 22780
244.204 23120
244.267 23460
244.343 23800
244.412 24140
244.494 24480
244.557 24820
244.645 25160
244.721 25500
244.803 25840
244.872 26180
244.935 26520
244.998 26860
245.068 27200
245.118 27540
245.188 27880
245.232 28220
245.27 28560
245.314 28900
245.37 29240
245.427 29580
245.465 29920
245.49 30260
245.547 30600
245.585 30940
245.61 31280
245.66 31620
245.692 31960
245.73 32300
245.755 32640
245.799 32980
245.856 33320
245.9 33660
245.944 34000
245.969 34340
246.007 34680
246.032 35020
246.076 35360
246.114 35700
246.139 36040
246.177 36380
246.209 36720
246.247 37060
246.272 37400
246.31 37740
246.335 38080
246.373 38420
246.398 38760
246.436 39100
246.461 39440
246.511 39780
246.537 40120
246.581 40460
246.606 40800
246.631 41140
246.669 41480
246.694 41820
246.719 42160
246.732 42500
246.776 42840
246.801 43180
246.814 43520
246.839 43860
246.864 44200
246.902 44540
246.915 44880
246.94 45220
246.965 45560
246.991 45900
247.016 46240
247.041 46580
247.066 46920
247.091 47260
247.117 47600
247.142 47940
247.167 48280
247.192 48620
247.217 48960
247.243 49300
247.268 49640
247.293 49980
247.318 50320
247.35 50660
247.375 51000
247.4 51340
247.425 51680
247.451 52020
247.476 52360
247.501 52700
247.526 53040
247.552 53380
247.577 53720
247.602 54060
247.627 54400
247.652 54740
247.678 55080
247.703 55420
247.728 55760
247.753 56100
247.779 56440
247.791 56780
247.804 57120
247.829 57460
247.854 57800
247.867 58140
247.892 58480
247.917 58820
247.93 59160
247.942 59500
247.968 59840
247.993 60180
248.005 60520
248.018 60860
248.043 61200
248.068 61540
248.081 61880
248.094 62220
248.119 62560
248.132 62900
248.157 63240
248.169 63580
248.195 63920
248.207 64260
248.232 64600
248.245 64940
248.27 65280
248.283 65620
248.308 65960
248.321 66300
248.346 66640
248.358 66980
248.384 67320
248.396 67660
248.422 68000
248.434 68340
248.466 47600
250.454 340
250.59 2040
251.057 3740
251.088 5440
251.254 7140
251.286 8840
251.317 10540
251.349 12240
251.452 13940
251.483 15640
251.515 17340
251.546 18360
251.565 19380
251.584 21080
251.616 22780
251.647 23800
251.666 25500
251.698 27200
251.729 28220
251.748 29240
251.767 30940
251.799 32640
251.83 33660
251.95 34000
252.07 34340
252.202 34680
252.322 35020
252.442 24480
254.109 340
254.163 680
254.894 1020
254.9 1360
255.066 1700
255.073 2040
255.079 2380
255.085 2720
255.239 3060
255.245 3400
255.251 3740
255.258 4080
255.264 4420
255.27 4760
255.277 5100
255.283 5440
255.411 5780
255.417 6120
255.424 6460
255.43 6800
255.436 7140
255.443 7480
255.449 7820
255.455 8160
255.462 8500
255.468 8840
255.474 9180
255.481 9520
255.487 9860
255.493 10200
255.499 10540
255.506 10880
255.584 11220
255.59 11560
255.596 11900
255.603 12240
255.609 12580
255.615 12920
255.621 13260
255.628 13600
255.634 13940
255.64 14280
255.647 14620
255.653 14960
255.659 15300
255.666 15640
255.672 15980
255.678 16320
255.684 16660
255.691 17000
255.729 11900
256.346 12240
256.365 12580
256.378 12920
256.391 13260
256.403 13600
256.428 13940
256.479 14280
256.542 14620
256.662 14960
256.8 15300
256.952 15640
257.128 15980
257.387 16320
257.569 16660
258.13 17000
260.104 17340
260.457 17680
260.709 18020
260.898 18360
261.074 18700
261.371 19040
261.572 19380
261.768 19720
261.881 20060
262.026 20400
262.146 20740
262.247 21080
262.373 21420
262.449 21760
262.55 22100
262.619 22440
262.701 22780
262.783 23120
262.846 23460
262.921 23800
262.991 24140
263.073 24480
263.136 24820
263.224 25160
263.3 25500
263.382 25840
263.451 26180
263.514 26520
263.577 26860
263.646 27200
263.697 27540
263.766 27880
263.81 28220
263.848 28560
263.892 28900
263.949 29240
264.006 29580
264.044 29920
264.069 30260
264.126 30600
264.163 30940
264.189 31280
264.239 31620
264.271 31960
264.308 32300
264.334 32640
264.378 32980
264.434 33320
264.479 33660
264.523 34000
264.548 34340
264.586 34680
264.611 35020
264.655 35360
264.693 35700
264.718 36040
264.756 36380
264.787 36720
264.825 37060
264.85 37400
264.888 37740
264.914 38080
264.951 38420
264.977 38760
265.014 39100
265.04 39440
265.09 39780
265.115 40120
265.159 40460
265.185 40800
265.21 41140
265.248 41480
265.273 41820
265.298 42160
265.311 42500
265.355 42840
265.38 43180
265.393 43520
265.418 43860
265.443 44200
265.481 44540
265.493 44880
265.519 45220
265.544 45560
265.569 45900
265.594 46240
265.62 46580
265.645 46920
265.67 47260
265.695 47600
265.72 47940
265.746 48280
265.771 48620
265.796 48960
265.821 49300
265.847 49640
265.872 49980
265.897 50320
265.928 50660
265.954 51000
265.979 51340
266.004 51680
266.029 52020
266.055 52360
266.08 52700
266.105 53040
266.13 53380
266.155 53720
266.181 54060
266.206 54400
266.231 54740
266.256 55080
266.281 55420
266.307 55760
266.332 56100
266.357 56440
266.37 56780
266.382 57120
266.408 57460
266.433 57800
266.445 58140
266.471 58480
266.496 58820
266.508 59160
266.521 59500
266.546 59840
266.571 60180
266.584 60520
266.597 60860
266.622 61200
266.647 61540
266.66 61880
266.672 62220
266.698 62560
266.71 62900
266.735 63240
266.748 63580
266.773 63920
266.786 64260
266.811 64600
266.824 64940
266.849 65280
266.861 65620
266.887 65960
266.899 66300
266.924 66640
266.937 66980
266.962 67320
266.975 67660
267 68000
267.013 68340
267.044 47600
269.033 340
269.169 2040
269.635 3740
269.667 5440
269.833 7140
269.864 8840
269.896 10540
269.927 12240
270.03 13940
270.062 15640
270.094 17340
270.125 18360
270.144 19380
270.163 21080
270.194 22780
270.226 23800
270.245 25500
270.276 27200
270.308 28220
270.327 29240
270.346 30940
270.377 32640
270.409 33660
270.529 34000
270.648 34340
270.781 34680
270.9 35020
271.02 24480
272.687 340
272.741 680
273.472 1020
273.479 1360
273.645 1700
273.651 2040
273.658 2380
273.664 2720
273.817 3060
273.824 3400
273.83 3740
273.836 4080
273.843 4420
273.849 4760
273.855 5100
273.861 5440
273.99 5780
273.996 6120
274.002 6460
274.009 6800
274.015 7140
274.021 7480
274.028 7820
274.034 8160
274.04 8500
274.047 8840
274.053 9180
274.059 9520
274.065 9860
274.072 10200
274.078 10540
274.084 10880
274.162 11220
274.169 11560
274.175 11900
274.181 12240
274.187 12580
274.194 12920
274.2 13260
274.206 13600
274.213 13940
274.219 14280
274.225 14620
274.232 14960
274.238 15300
274.244 15640
274.25 15980
274.257 16320
274.263 16660
274.269 17000
274.307 11900
274.925 12240
274.944 12580
274.957 12920
274.969 13260
274.982 13600
275.007 13940
275.057 14280
275.12 14620
275.24 14960
275.379 15300
275.53 15640
275.707 15980
275.965 16320
276.148 16660
276.709 17000
278.682 17340
279.035 17680
279.287 18020
279.476 18360
279.653 18700
279.949 19040
280.151 19380
280.346 19720
280.46 20060
280.605 20400
280.725 20740
280.826 21080
280.952 21420
281.027 21760
281.128 22100
281.197 22440
281.279 22780
281.361 23120
281.424 23460
281.5 23800
281.569 24140
281.651 24480
281.714 24820
281.803 25160
281.878 25500
281.96 25840
282.03 26180
282.093 26520
282.156 26860
282.225 27200
282.275 27540
282.345 27880
282.389 28220
282.427 28560
282.471 28900
282.528 29240
282.584 29580
282.622 29920
282.647 30260
282.704 30600
282.742 30940
282.767 31280
282.818 31620
282.849 31960
282.887 32300
282.912 32640
282.956 32980
283.013 33320
283.057 33660
283.101 34000
283.126 34340
283.164 34680
283.19 35020
283.234 35360
283.271 35700
283.297 36040
283.335 36380
283.366 36720
283.404 37060
283.429 37400
283.467 37740
283.492 38080
283.53 38420
283.555 38760
283.593 39100
283.618 39440
283.669 39780
283.694 40120
283.738 40460
283.763 40800
283.788 41140
283.826 41480
283.851 41820
283.877 42160
283.889 42500
283.933 42840
283.959 43180
283.971 43520
283.996 43860
284.022 44200
284.059 44540
284.072 44880
284.097 45220
284.123 45560
284.148 45900
284.173 46240
284.198 46580
284.223 46920
284.249 47260
284.274 47600
284.299 47940
284.324 48280
284.349 48620
284.375 48960
284.4 49300
284.425 49640
284.45 49980
284.476 50320
284.507 50660
284.532 51000
284.558 51340
284.583 51680
284.608 52020
284.633 52360
284.658 52700
284.684 53040
284.709 53380
284.734 53720
284.759 54060
284.784 54400
284.81 54740
284.835 55080
284.86 55420
284.885 55760
284.911 56100
284.936 56440
284.948 56780
284.961 57120
284.986 57460
285.011 57800
285.024 58140
285.049 58480
285.074 58820
285.087 59160
285.1 59500
285.125 59840
285.15 60180
285.163 60520
285.175 60860
285.201 61200
285.226 61540
285.238 61880
285.251 62220
285.276 62560
285.289 62900
285.314 63240
285.327 63580
285.352 63920
285.364 64260
285.39 64600
285.402 64940
285.427 65280
285.44 65620
285.465 65960
285.478 66300
285.503 66640
285.516 66980
285.541 67320
285.554 67660
285.579 68000
285.591 68340
285.623 47600
287.61 340
287.747 2040
288.214 3740
288.245 5440
288.411 7140
288.443 8840
288.475 10540
288.506 12240
288.609 13940
288.641 15640
288.672 17340
288.704 18360
288.723 19380
288.742 21080
288.773 22780
288.805 23800
288.823 25500
288.855 27200
288.886 28220
288.905 29240
288.924 30940
288.956 32640
288.987 33660
289.107 34000
289.227 34340
289.359 34680
289.479 35020
289.599 24480
291.265 340
291.32 680
292.051 1020
292.057 1360
292.224 1700
292.23 2040
292.236 2380
292.242 2720
292.396 3060
292.402 3400
292.409 3740
292.415 4080
292.421 4420
292.427 4760
292.434 5100
292.44 5440
292.568 5780
292.575 6120
292.581 6460
292.587 6800
292.594 7140
292.6 7480
292.606 7820
292.613 8160
292.619 8500
292.625 8840
292.631 9180
292.638 9520
292.644 9860
292.65 10200
292.657 10540
292.663 10880
292.741 11220
292.747 11560
292.753 11900
292.76 12240
292.766 12580
292.772 12920
292.779 13260
292.785 13600
292.791 13940
292.798 14280
292.804 14620
292.81 14960
292.816 15300
292.823 15640
292.829 15980
292.835 16320
292.842 16660
292.848 17000
292.886 11900
293.504 12240
293.523 12580
293.535 12920
293.548 13260
293.56 13600
293.586 13940
293.636 14280
293.699 14620
293.819 14960
293.957 15300
294.109 15640
294.285 15980
294.544 16320
294.727 16660
295.288 17000
297.261 17340
297.614 17680
297.866 18020
298.055 18360
298.232 18700
298.528 19040
298.73 19380
298.925 19720
299.039 20060
299.184 20400
299.303 20740
299.404 21080
299.53 21420
299.606 21760
299.707 22100
299.776 22440
299.858 22780
299.94 23120
300.003 23460
300.079 23800
300.148 24140
300.23 24480
300.293 24820
300.381 25160
300.457 25500
300.539 25840
300.608 26180
300.671 26520
300.734 26860
300.804 27200
300.854 27540
300.923 27880
300.968 28220
301.005 28560
301.049 28900
301.106 29240
301.163 29580
301.201 29920
301.226 30260
301.283 30600
301.321 30940
301.346 31280
301.396 31620
301.428 31960
301.466 32300
301.491 32640
301.535 32980
301.592 33320
301.636 33660
301.68 34000
301.705 34340
301.743 34680
301.768 35020
301.812 35360
301.85 35700
301.875 36040
301.913 36380
301.945 36720
301.982 37060
302.008 37400
302.046 37740
302.071 38080
302.109 38420
302.134 38760
302.172 39100
302.197 39440
302.247 39780
302.272 40120
302.317 40460
302.342 40800
302.367 41140
302.405 41480
302.43 41820
302.455 42160
302.468 42500
302.512 42840
302.537 43180
302.55 43520
302.575 43860
302.6 44200
302.638 44540
302.651 44880
302.676 45220
302.701 45560
302.726 45900
302.752 46240
302.777 46580
302.802 46920
302.827 47260
302.852 47600
302.878 47940
302.903 48280
302.928 48620
302.953 48960
302.979 49300
303.004 49640
303.029 49980
303.054 50320
303.086 50660
303.111 51000
303.136 51340
303.161 51680
303.187 52020
303.212 52360
303.237 52700
303.262 53040
303.287 53380
303.313 53720
303.338 54060
303.363 54400
303.388 54740
303.413 55080
303.439 55420
303.464 55760
303.489 56100
303.514 56440
303.527 56780
303.54 57120
303.565 57460
303.59 57800
303.603 58140
303.628 58480
303.653 58820
303.666 59160
303.678 59500
303.703 59840
303.729 60180
303.741 60520
303.754 60860
303.779 61200
303.804 61540
303.817 61880
303.83 62220
303.855 62560
303.867 62900
303.893 63240
303.905 63580
303.93 63920
303.943 64260
303.968 64600
303.981 64940
304.006 65280
304.019 65620
304.044 65960
304.057 66300
304.082 66640
304.094 66980
304.12 67320
304.132 67660
304.157 68000
304.17 68340
304.201 47600
306.189 340
306.326 2040
306.792 3740
306.824 5440
306.99 7140
307.022 8840
307.053 10540
307.085 12240
307.188 13940
307.219 15640
307.251 17340
307.282 18360
307.301 19380
307.32 21080
307.352 22780
307.383 23800
307.402 25500
307.434 27200
307.465 28220
307.484 29240
307.503 30940
307.534 32640
307.566 33660
307.686 34000
307.806 34340
307.938 34680
308.058 35020
308.177 24480
309.844 340
309.898 680
310.63 1020
310.636 1360
310.802 1700
310.808 2040
310.815 2380
310.821 2720
310.975 3060
310.981 3400
310.987 3740
310.993 4080
311 4420
311.006 4760
311.012 5100
311.019 5440
311.147 5780
311.153 6120
311.16 6460
311.166 6800
311.172 7140
311.179 7480
311.185 7820
311.191 8160
311.197 8500
311.204 8840
311.21 9180
311.216 9520
311.223 9860
311.229 10200
311.235 10540
311.242 10880
311.319 11220
311.326 11560
311.332 11900
311.338 12240
311.345 12580
311.351 12920
311.357 13260
311.364 13600
311.37 13940
311.376 14280
311.382 14620
311.389 14960
311.395 15300
311.401 15640
311.408 15980
311.414 16320
311.42 16660
311.427 17000
311.464 11900
312.082 12240
312.101 12580
312.114 12920
312.126 13260
312.139 13600
312.164 13940
312.215 14280
312.278 14620
312.397 14960
312.536 15300
312.687 15640
312.864 15980
313.122 16320
313.305 16660
313.866 17000
315.839 17340
316.192 17680
316.445 18020
316.634 18360
316.81 18700
317.107 19040
317.308 19380
317.504 19720
317.617 20060
317.762 20400
317.882 20740
317.983 21080
318.109 21420
318.185 21760
318.285 22100
318.355 22440
318.437 22780
318.519 23120
318.582 23460
318.657 23800
318.727 24140
318.809 24480
318.872 24820
318.96 25160
319.036 25500
319.117 25840
319.187 26180
319.25 26520
319.313 26860
319.382 27200
319.433 27540
319.502 27880
319.546 28220
319.584 28560
319.628 28900
319.685 29240
319.742 29580
319.779 29920
319.805 30260
319.861 30600
319.899 30940
319.924 31280
319.975 31620
320.006 31960
320.044 32300
320.069 32640
320.114 32980
320.17 33320
320.214 33660
320.259 34000
320.284 34340
320.322 34680
320.347 35020
320.391 35360
320.429 35700
320.454 36040
320.492 36380
320.523 36720
320.561 37060
320.586 37400
320.624 37740
320.649 38080
320.687 38420
320.712 38760
320.75 39100
320.775 39440
320.826 39780
320.851 40120
320.895 40460
320.92 40800
320.946 41140
320.983 41480
321.009 41820
321.034 42160
321.047 42500
321.091 42840
321.116 43180
321.128 43520
321.154 43860
321.179 44200
321.217 44540
321.229 44880
321.255 45220
321.28 45560
321.305 45900
321.33 46240
321.355 46580
321.381 46920
321.406 47260
321.431 47600
321.456 47940
321.481 48280
321.507 48620
321.532 48960
321.557 49300
321.582 49640
321.608 49980
321.633 50320
321.664 50660
321.69 51000
321.715 51340
321.74 51680
321.765 52020
321.79 52360
321.816 52700
321.841 53040
321.866 53380
321.891 53720
321.916 54060
321.942 54400
321.967 54740
321.992 55080
322.017 55420
322.043 55760
322.068 56100
322.093 56440
322.106 56780
322.118 57120
322.143 57460
322.169 57800
322.181 58140
322.206 58480
322.232 58820
322.244 59160
322.257 59500
322.282 59840
322.307 60180
322.32 60520
322.333 60860
322.358 61200
322.383 61540
322.396 61880
322.408 62220
322.433 62560
322.446 62900
322.471 63240
322.484 63580
322.509 63920
322.522 64260
322.547 64600
322.559 64940
322.585 65280
322.597 65620
322.623 65960
322.635 66300
322.66 66640
322.673 66980
322.698 67320
322.711 67660
322.736 68000
322.749 68340
322.78 47600
324.768 340
324.905 2040
325.371 3740
325.403 5440
325.569 7140
325.6 8840
325.632 10540
325.663 12240
325.766 13940
325.798 15640
325.829 17340
325.861 18360
325.88 19380
325.899 21080
325.93 22780
325.962 23800
325.981 25500
326.012 27200
326.044 28220
326.063 29240
326.082 30940
326.113 32640
326.145 33660
326.264 34000
326.384 34340
326.517 34680
326.636 35020
326.756 24480
328.423 340
328.477 680
329.208 1020
329.215 1360
329.381 1700
329.387 2040
329.393 2380
329.4 2720
329.553 3060
329.56 3400
329.566 3740
329.572 4080
329.578 4420
329.585 4760
329.591 5100
329.597 5440
329.726 5780
329.732 6120
329.738 6460
329.745 6800
329.751 7140
329.757 7480
329.763 7820
329.77 8160
329.776 8500
329.782 8840
329.789 9180
329.795 9520
329.801 9860
329.808 10200
329.814 10540
329.82 10880
329.898 11220
329.904 11560
329.911 11900
329.917 12240
329.923 12580
329.93 12920
329.936 13260
329.942 13600
329.948 13940
329.955 14280
329.961 14620
329.967 14960
329.974 15300
329.98 15640
329.986 15980
329.993 16320
329.999 16660
330.005 17000
330.043 11900
330.661 12240
330.68 12580
330.692 12920
330.705 13260
330.718 13600
330.743 13940
330.793 14280
330.856 14620
330.976 14960
331.115 15300
331.266 15640
331.443 15980
331.701 16320
331.884 16660
332.445 17000
334.418 17340
334.771 17680
335.023 18020
335.212 18360
335.389 18700
335.685 19040
335.887 19380
336.082 19720
336.196 20060
336.341 20400
336.461 20740
336.561 21080
336.687 21420
336.763 21760
336.864 22100
336.933 22440
337.015 22780
337.097 23120
337.16 23460
337.236 23800
337.305 24140
337.387 24480
337.45 24820
337.539 25160
337.614 25500
337.696 25840
337.765 26180
337.828 26520
337.892 26860
337.961 27200
338.011 27540
338.081 27880
338.125 28220
338.163 28560
338.207 28900
338.263 29240
338.32 29580
338.358 29920
338.383 30260
338.44 30600
338.478 30940
338.503 31280
338.553 31620
338.585 31960
338.623 32300
338.648 32640
338.692 32980
338.749 33320
338.793 33660
338.837 34000
338.862 34340
338.9 34680
338.925 35020
338.97 35360
339.007 35700
339.033 36040
339.07 36380
339.102 36720
339.14 37060
339.165 37400
339.203 37740
339.228 38080
339.266 38420
339.291 38760
339.329 39100
339.354 39440
339.404 39780
339.43 40120
339.474 40460
339.499 40800
339.524 41140
339.562 41480
339.587 41820
339.613 42160
339.625 42500
339.669 42840
339.694 43180
339.707 43520
339.732 43860
339.758 44200
339.795 44540
339.808 44880
339.833 45220
339.858 45560
339.884 45900
339.909 46240
339.934 46580
339.959 46920
339.984 47260
340.01 47600
340.035 47940
340.06 48280
340.085 48620
340.111 48960
340.136 49300
340.161 49640
340.186 49980
340.211 50320
340.243 50660
340.268 51000
340.293 51340
340.319 51680
340.344 52020
340.369 52360
340.394 52700
340.419 53040
340.445 53380
340.47 53720
340.495 54060
340.52 54400
340.546 54740
340.571 55080
340.596 55420
340.621 55760
340.646 56100
340.672 56440
340.684 56780
340.697 57120
340.722 57460
340.747 57800
340.76 58140
340.785 58480
340.81 58820
340.823 59160
340.836 59500
340.861 59840
340.886 60180
340.899 60520
340.911 60860
340.936 61200
340.962 61540
340.974 61880
340.987 62220
341.012 62560
341.025 62900
341.05 63240
341.062 63580
341.088 63920
341.1 64260
341.125 64600
341.138 64940
341.163 65280
341.176 65620
341.201 65960
341.214 66300
341.239 66640
341.252 66980
341.277 67320
341.289 67660
341.315 68000
341.327 68340
341.359 47600
343.346 340
343.483 2040
343.95 3740
343.981 5440
344.147 7140
344.179 8840
344.21 10540
344.242 12240
344.345 13940
344.376 15640
344.408 17340
344.44 18360
344.458 19380
344.477 21080
344.509 22780
344.54 23800
344.559 25500
344.591 27200
344.622 28220
344.641 29240
344.66 30940
344.692 32640
344.723 33660
344.843 34000
344.963 34340
345.095 34680
345.215 35020
345.335 24480
347.001 340
347.056 680
347.787 1020
347.793 1360
347.959 1700
347.966 2040
347.972 2380
347.978 2720
348.132 3060
348.138 3400
348.144 3740
348.151 4080
348.157 4420
348.163 4760
348.17 5100
348.176 5440
348.304 5780
348.311 6120
348.317 6460
348.323 6800
348.329 7140
348.336 7480
348.342 7820
348.348 8160
348.355 8500
348.361 8840
348.367 9180
348.374 9520
348.38 9860
348.386 10200
348.393 10540
348.399 10880
348.477 11220
348.483 11560
348.489 11900
348.496 12240
348.502 12580
348.508 12920
348.515 13260
348.521 13600
348.527 13940
348.533 14280
348.54 14620
348.546 14960
348.552 15300
348.559 15640
348.565 15980
348.571 16320
348.578 16660
348.584 17000
348.622 11900
349.239 12240
349.258 12580
349.271 12920
349.284 13260
349.296 13600
349.321 13940
349.372 14280
349.435 14620
349.555 14960
349.693 15300
349.845 15640
350.021 15980
350.28 16320
350.462 16660
351.023 17000
352.997 17340
353.35 17680
353.602 18020
353.791 18360
353.967 18700
354.264 19040
354.465 19380
354.661 19720
354.774 20060
354.919 20400
355.039 20740
355.14 21080
355.266 21420
355.342 21760
355.443 22100
355.512 22440
355.594 22780
355.676 23120
355.739 23460
355.815 23800
355.884 24140
355.966 24480
356.029 24820
356.117 25160
356.193 25500
356.275 25840
356.344 26180
356.407 26520
356.47 26860
356.539 27200
356.59 27540
356.659 27880
356.703 28220
356.741 28560
356.785 28900
356.842 29240
356.899 29580
356.937 29920
356.962 30260
357.019 30600
357.056 30940
357.082 31280
357.132 31620
357.164 31960
357.201 32300
357.227 32640
357.271 32980
357.327 33320
357.372 33660
357.416 34000
357.441 34340
357.479 34680
357.504 35020
357.548 35360
357.586 35700
357.611 36040
357.649 36380
357.681 36720
357.718 37060
357.744 37400
357.781 37740
357.807 38080
357.844 38420
357.87 38760
357.907 39100
357.933 39440
357.983 39780
358.008 40120
358.052 40460
358.078 40800
358.103 41140
358.141 41480
358.166 41820
358.191 42160
358.204 42500
358.248 42840
358.273 43180
358.286 43520
358.311 43860
358.336 44200
358.374 44540
358.387 44880
358.412 45220
358.437 45560
358.462 45900
358.487 46240
358.513 46580
358.538 46920
358.563 47260
358.588 47600
358.614 47940
358.639 48280
358.664 48620
358.689 48960
358.714 49300
358.74 49640
358.765 49980
358.79 50320
358.822 50660
358.847 51000
358.872 51340
358.897 51680
358.922 52020
358.948 52360
358.973 52700
358.998 53040
359.023 53380
359.048 53720
359.074 54060
359.099 54400
359.124 54740
359.149 55080
359.175 55420
359.2 55760
359.225 56100
359.25 56440
359.263 56780
359.275 57120
359.301 57460
359.326 57800
359.338 58140
359.364 58480
359.389 58820
359.402 59160
359.414 59500
359.439 59840
359.465 60180
359.477 60520
359.49 60860
359.515 61200
359.54 61540
359.553 61880
359.565 62220
359.591 62560
359.603 62900
359.628 63240
359.641 63580
359.666 63920
359.679 64260
359.704 64600
359.717 64940
359.742 65280
359.755 65620
359.78 65960
359.792 66300
359.818 66640
359.83 66980
359.855 67320
359.868 67660
359.893 68000
359.906 68340
359.937 47600
361.925 340
362.062 2040
362.528 3740
362.56 5440
362.726 7140
362.757 8840
362.789 10540
362.821 12240
362.924 13940
362.955 15640
362.987 17340
363.018 18360
363.037 19380
363.056 21080
363.087 22780
363.119 23800
363.138 25500
363.169 27200
363.201 28220
363.22 29240
363.239 30940
363.27 32640
363.302 33660
363.422 34000
363.541 34340
363.674 34680
363.794 35020
363.913 24480
365.58 340
365.634 680
366.366 1020
366.372 1360
366.538 1700
366.544 2040
366.551 2380
366.557 2720
366.71 3060
366.717 3400
366.723 3740
366.729 4080
366.736 4420
366.742 4760
366.748 5100
366.755 5440
366.883 5780
366.889 6120
366.895 6460
366.902 6800
366.908 7140
366.914 7480
366.921 7820
366.927 8160
366.933 8500
366.94 8840
366.946 9180
366.952 9520
366.959 9860
366.965 10200
366.971 10540
366.977 10880
367.055 11220
367.062 11560
367.068 11900
367.074 12240
367.081 12580
367.087 12920
367.093 13260
367.099 13600
367.106 13940
367.112 14280
367.118 14620
367.125 14960
367.131 15300
367.137 15640
367.144 15980
367.15 16320
367.156 16660
367.162 17000
367.2 11900
367.818 12240
367.837 12580
367.85 12920
367.862 13260
367.875 13600
367.9 13940
367.95 14280
368.014 14620
368.133 14960
368.272 15300
368.423 15640
368.6 15980
368.858 16320
369.041 16660
369.602 17000
371.575 17340
371.928 17680
372.18 18020
372.37 18360
372.546 18700
372.842 19040
373.044 19380
373.24 19720
373.353 20060
373.498 20400
373.618 20740
373.719 21080
373.845 21420
373.92 21760
374.021 22100
374.091 22440
374.173 22780
374.254 23120
374.318 23460
374.393 23800
374.463 24140
374.544 24480
374.607 24820
374.696 25160
374.771 25500
374.853 25840
374.923 26180
374.986 26520
375.049 26860
375.118 27200
375.169 27540
375.238 27880
375.282 28220
375.32 28560
375.364 28900
375.421 29240
375.477 29580
375.515 29920
375.54 30260
375.597 30600
375.635 30940
375.66 31280
375.711 31620
375.742 31960
375.78 32300
375.805 32640
375.849 32980
375.906 33320
375.95 33660
375.994 34000
376.02 34340
376.057 34680
376.083 35020
376.127 35360
376.165 35700
376.19 36040
376.228 36380
376.259 36720
376.297 37060
376.322 37400
376.36 37740
376.385 38080
376.423 38420
376.448 38760
376.486 39100
376.511 39440
376.562 39780
376.587 40120
376.631 40460
376.656 40800
376.682 41140
376.719 41480
376.745 41820
376.77 42160
376.782 42500
376.827 42840
376.852 43180
376.864 43520
376.89 43860
376.915 44200
376.953 44540
376.965 44880
376.99 45220
377.016 45560
377.041 45900
377.066 46240
377.091 46580
377.116 46920
377.142 47260
377.167 47600
377.192 47940
377.217 48280
377.243 48620
377.268 48960
377.293 49300
377.318 49640
377.343 49980
377.369 50320
377.4 50660
377.425 51000
377.451 51340
377.476 51680
377.501 52020
377.526 52360
377.551 52700
377.577 53040
377.602 53380
377.627 53720
377.652 54060
377.678 54400
377.703 54740
377.728 55080
377.753 55420
377.778 55760
377.804 56100
377.829 56440
377.841 56780
377.854 57120
377.879 57460
377.904 57800
377.917 58140
377.942 58480
377.968 58820
377.98 59160
377.993 59500
378.018 59840
378.043 60180
378.056 60520
378.068 60860
378.094 61200
378.119 61540
378.131 61880
378.144 62220
378.169 62560
378.182 62900
378.207 63240
378.22 63580
378.245 63920
378.258 64260
378.283 64600
378.295 64940
378.321 65280
378.333 65620
378.358 65960
378.371 66300
378.396 66640
378.409 66980
378.434 67320
378.447 67660
378.472 68000
378.484 68340
378.516 47600
380.504 340
380.64 2040
381.107 3740
381.138 5440
381.305 7140
381.336 8840
381.368 10540
381.399 12240
381.502 13940
381.534 15640
381.565 17340
381.597 18360
381.616 19380
381.635 21080
381.666 22780
381.698 23800
381.717 25500
381.748 27200
381.78 28220
381.799 29240
381.817 30940
381.849 32640
381.88 33660
382 34000
382.12 34340
382.252 34680
382.372 35020
382.492 24480
384.158 340
384.213 680
384.944 1020
384.951 1360
385.117 1700
385.123 2040
385.129 2380
385.136 2720
385.289 3060
385.295 3400
385.302 3740
385.308 4080
385.314 4420
385.321 4760
385.327 5100
385.333 5440
385.461 5780
385.468 6120
385.474 6460
385.48 6800
385.487 7140
385.493 7480
385.499 7820
385.506 8160
385.512 8500
385.518 8840
385.525 9180
385.531 9520
385.537 9860
385.543 10200
385.55 10540
385.556 10880
385.634 11220
385.64 11560
385.647 11900
385.653 12240
385.659 12580
385.665 12920
385.672 13260
385.678 13600
385.684 13940
385.691 14280
385.697 14620
385.703 14960
385.71 15300
385.716 15640
385.722 15980
385.728 16320
385.735 16660
385.741 17000
385.779 11900
386.397 12240
386.416 12580
386.428 12920
386.441 13260
386.453 13600
386.479 13940
386.529 14280
386.592 14620
386.712 14960
386.851 15300
387.002 15640
387.178 15980
387.437 16320
387.62 16660
388.181 17000
390.154 17340
390.507 17680
390.759 18020
390.948 18360
391.125 18700
391.421 19040
391.623 19380
391.818 19720
391.932 20060
392.077 20400
392.196 20740
392.297 21080
392.423 21420
392.499 21760
392.6 22100
392.669 22440
392.751 22780
392.833 23120
392.896 23460
392.972 23800
393.041 24140
393.123 24480
393.186 24820
393.274 25160
393.35 25500
393.432 25840
393.501 26180
393.564 26520
393.627 26860
393.697 27200
393.747 27540
393.817 27880
393.861 28220
393.898 28560
393.943 28900
393.999 29240
394.056 29580
394.094 29920
394.119 30260
394.176 30600
394.214 30940
394.239 31280
394.289 31620
394.321 31960
394.359 32300
394.384 32640
394.428 32980
394.485 33320
394.529 33660
394.573 34000
394.598 34340
394.636 34680
394.661 35020
394.705 35360
394.743 35700
394.768 36040
394.806 36380
394.838 36720
394.876 37060
394.901 37400
394.939 37740
394.964 38080
395.002 38420
395.027 38760
395.065 39100
395.09 39440
395.14 39780
395.166 40120
395.21 40460
395.235 40800
395.26 41140
395.298 41480
395.323 41820
395.348 42160
395.361 42500
395.405 42840
395.43 43180
395.443 43520
395.468 43860
395.493 44200
395.531 44540
395.544 44880
395.569 45220
395.594 45560
395.619 45900
395.645 46240
395.67 46580
395.695 46920
395.72 47260
395.746 47600
395.771 47940
395.796 48280
395.821 48620
395.846 48960
395.872 49300
395.897 49640
395.922 49980
395.947 50320
395.979 50660
396.004 51000
396.029 51340
396.054 51680
396.08 52020
396.105 52360
396.13 52700
396.155 53040
396.181 53380
396.206 53720
396.231 54060
396.256 54400
396.281 54740
396.307 55080
396.332 55420
396.357 55760
396.382 56100
396.407 56440
396.42 56780
396.433 57120
396.458 57460
396.483 57800
396.496 58140
396.521 58480
396.546 58820
396.559 59160
396.571 59500
396.597 59840
396.622 60180
396.634 60520
396.647 60860
396.672 61200
396.697 61540
396.71 61880
396.723 62220
396.748 62560
396.76 62900
396.786 63240
396.798 63580
396.824 63920
396.836 64260
396.861 64600
396.874 64940
396.899 65280
396.912 65620
396.937 65960
396.95 66300
396.975 66640
396.987 66980
397.013 67320
397.025 67660
397.05 68000
397.063 68340
397.095 47600
399.083 340
399.219 2040
399.686 3740
399.717 5440
399.883 7140
399.915 8840
399.946 10540
399.978 12240
400.081 13940
