0.0 0
0.167119 3400
0.340414 3740
0.353022 4420
0.36563 5100
0.378238 5780
0.390846 6460
0.512845 7140
0.525453 7820
0.538061 8500
0.550669 9180
0.563277 9860
0.575885 10540
0.588493 11220
0.601101 11900
0.613709 12580
0.685277 13260
0.697885 13940
0.710493 14620
0.723101 15300
0.735709 15980
0.754621 16320
0.773533 11220
1.06352 11560
1.07612 11900
1.13916 12240
1.1896 8500
1.41024 8840
1.43768 9180
1.4692 9520
1.66684 6460
1.83927 6800
1.90231 7140
1.91492 7480
1.96127 5100
2.31022 5440
2.35026 5780
2.42591 6120
2.59834 6460
2.78969 6800
3.03777 7140
3.38893 7480
3.85579 5100
4.02822 5440
4.09126 5780
4.1417 6120
4.30782 6460
4.51808 6800
4.54552 4760
4.89038 5100
4.98494 5440
5.04168 5780
5.23302 6120
5.50854 6460
5.6094 4420
5.78183 4760
5.89122 5100
5.92905 5440
6.133 5780
6.42113 6120
6.77229 6460
8.51551 4420
8.68795 4760
8.73207 5100
8.84777 5440
9.03281 5780
9.27458 3740
9.44701 4080
9.5501 4420
9.60684 4760
9.79188 5100
10.08 5440
10.4312 3740
10.6036 4080
10.6477 4420
10.8265 4760
11.0493 5100
11.4005 5440
13.4445 3740
13.6169 4080
13.6862 4420
13.865 4760
14.0626 5100
14.4138 5440
16.1066 3740
16.279 4080
16.3736 4420
16.3925 3060
16.5712 3400
16.6239 3740
16.8909 4080
17.242 4420
19.919 4760
20.0324 3060
20.2049 3400
20.2764 3740
20.4552 4080
20.6528 4420
20.8063 3060
20.9788 3400
21.0103 3740
21.2584 4080
21.6095 4420
22.026 3060
22.1984 3400
22.2425 3740
22.4843 4080
22.8355 4420
23.5315 3060
23.7039 3400
23.7354 3740
23.992 4080
24.3432 4420
27.0643 4760
27.4155 5100
27.6509 5440
27.8486 5780
28.0147 6120
28.1745 6460
28.2965 6800
28.4163 7140
28.532 7480
28.654 5100
28.8264 5440
28.9021 5780
28.9399 6120
29.0934 4080
29.2658 4420
29.31 4760
29.4194 5100
29.617 5440
29.6548 3740
29.8273 4080
29.8673 4420
30.0461 4760
30.2941 5100
30.6453 5440
31.6358 3740
31.8082 4080
31.8838 4420
32.0626 4760
32.2602 5100
32.6114 5440
33.5114 3740
33.6838 4080
33.7428 4420
33.8184 4760
34.1633 5100
34.1822 3400
34.3609 3740
34.3924 4080
34.5649 4420
34.8656 4760
35.2168 5100
37.8726 5440
38.2363 5780
38.5119 6120
38.6843 6460
38.863 6800
39.0481 4760
39.2205 5100
39.2646 5440
39.3803 5780
39.5717 6120
39.8134 6460
40.0048 4420
40.1772 4760
40.2614 5100
40.337 5440
40.5095 3740
40.6819 4080
40.7197 4420
40.8985 4760
41.1425 5100
41.4936 5440
42.0929 3740
42.2653 4080
42.3747 4420
42.5534 4760
42.7259 5100
43.077 5440
44.1431 3740
44.3534 4080
44.3786 4420
44.5573 4760
44.8329 5100
45.184 5440
47.4045 3740
47.5769 4080
47.6674 4420
47.8461 4760
48.0312 5100
48.3823 5440
48.8092 3740
49.154 4080
49.2634 4420
49.4422 4760
49.6146 5100
49.9657 5440
50.3421 3740
50.5146 4080
50.5524 4420
50.7311 4760
51.0192 5100
51.0382 3400
51.2169 3740
51.2673 4080
51.4398 4420
51.7342 4760
52.0854 5100
53.368 3400
53.5405 3740
53.6561 4080
53.8286 4420
54.0073 4760
54.3585 5100
57.1363 5440
57.3907 3740
57.5631 4080
57.6788 4420
57.8575 4760
58.03 5100
58.3811 5440
59.8047 3740
59.9771 4080
60.015 4420
60.0402 4760
60.4292 5100
60.7803 5440
61.1441 3740
61.3165 4080
61.4259 4420
61.6047 4760
61.6551 3060
62.1346 3400
62.1472 3740
62.3385 4080
62.6771 4420
63.0282 4760
64.1826 3060
64.355 3400
64.4581 3740
64.6369 4080
64.8093 4420
65.1605 4760
66.0857 3060
66.2581 3400
66.2959 3740
66.4746 4080
66.6156 2720
66.788 3060
66.9163 3400
67.0887 3740
67.1076 2380
67.2927 2720
67.4399 3060
67.6186 3400
67.6564 2380
67.8352 2720
67.9761 3060
68.3336 3400
68.3525 2380
68.7036 2720
68.8509 3060
69.202 3400
70.4721 2380
70.6445 2720
70.8043 3060
71.1555 3400
73.5232 2380
73.6956 2720
73.8365 3060
74.2003 3400
74.9215 2380
75.094 2720
75.2601 3060
75.6113 3400
76.4986 2380
76.6711 2720
76.8435 3060
77.1947 3400
77.2388 2380
77.4112 2720
77.5521 3060
77.9033 3400
80.578 3740
80.9292 4080
81.1647 4420
81.3308 3060
81.5032 3400
81.6252 3740
81.6441 2380
81.8229 2720
81.9701 3060
82.1488 3400
82.5 3740
83.0488 2380
83.2212 2720
83.2528 3060
83.5472 3400
83.8984 3740
85.1495 2380
85.3219 2720
85.4628 3060
85.6416 3400
85.8266 2380
85.999 2720
86.0243 3060
86.51 3400
89.1848 3740
89.5359 4080
89.7462 2720
89.9186 3060
90.0532 3400
90.2257 3740
90.5831 4080
90.602 2720
90.7808 3060
90.928 3400
91.1004 2380
91.2728 2720
91.4453 3060
91.7964 3400
92.5429 2380
92.7153 2720
92.8562 3060
92.9004 2040
93.0728 2380
93.2263 2720
93.5775 3060
96.2081 2040
96.3805 2380
96.534 2720
96.8852 3060
98.4686 2040
98.8135 2380
98.9607 2720
99.3118 3060
101.757 2040
101.93 2380
102.077 2720
102.428 3060
102.466 2040
102.645 2380
102.792 2720
103.143 3060
105.908 3400
106.093 2380
106.266 2720
106.426 3060
106.777 3400
107.178 2380
107.351 2720
107.492 3060
107.843 3400
109.113 2380
109.285 2720
109.311 3060
109.79 3400
110.728 2380
110.9 2720
111.041 3060
111.392 3400
112.496 2380
112.669 2720
112.81 3060
113.161 3400
114.227 2380
114.399 2720
114.572 3060
114.923 3400
117.598 3740
117.833 2380
118.006 2720
118.14 3060
118.319 3400
118.67 3740
120.586 2380
120.758 2720
120.79 3060
121.09 3400
121.442 3740
121.479 2380
121.658 2720
121.799 3060
121.978 3400
122.329 3740
123.395 2380
123.568 2720
123.599 3060
123.893 3400
124.245 3740
124.979 2380
125.151 2720
125.292 3060
125.471 3400
125.496 2380
125.675 2720
125.815 3060
126.179 3400
128.867 3740
129.218 4080
129.428 4420
129.619 4760
129.792 5100
129.933 3400
130.105 3740
130.156 4080
130.328 4420
130.61 4760
130.961 5100
132.04 3400
132.212 3740
132.269 4080
132.441 4420
132.698 4760
133.049 5100
134.887 3400
135.059 3740
135.15 4080
135.322 4420
135.513 4760
135.865 5100
136.586 3400
136.758 3740
136.809 4080
136.981 4420
137.244 4760
137.345 3060
137.517 3400
137.614 3740
137.639 4080
137.972 4420
138.323 4760
141.035 5100
141.387 5440
141.7 5780
141.879 6120
142.051 6460
142.139 6800
142.268 7140
142.331 4760
142.509 5100
142.606 5440
142.619 5780
142.791 6120
142.989 6460
143.231 6800
143.416 4760
143.588 5100
143.685 5440
143.735 5780
143.933 6120
144.208 6460
144.259 4420
144.431 4760
144.475 5100
144.579 5440
144.776 5780
145.077 6120
145.428 6460
145.964 4420
146.137 4760
146.181 5100
146.297 5440
146.482 5780
146.736 6120
146.896 4080
147.068 4420
147.165 4760
147.234 5100
147.413 5440
147.689 5780
147.777 3740
147.949 4080
148.059 4420
148.097 4760
148.3 5100
148.589 5440
148.94 5780
149.194 3740
149.367 4080
149.482 4420
149.526 4760
149.686 3060
149.859 3400
149.903 3740
150.082 4080
150.363 4420
150.715 4760
151.985 3060
152.157 3400
152.201 3740
152.38 4080
152.668 4420
153.019 4760
153.976 3060
154.321 3400
154.436 3740
154.615 4080
154.788 4420
155.139 4760
157.71 3060
157.883 3400
157.986 3740
158.165 4080
158.337 4420
158.688 4760
160.827 3060
160.999 3400
161.05 3740
161.228 4080
161.413 2720
161.758 3060
161.79 3400
161.874 3740
162.398 4080
164.906 2720
165.079 3060
165.123 3400
165.423 2380
165.596 2720
165.762 3060
166.113 3400
168.609 2380
168.782 2720
168.948 3060
169.299 3400
169.484 2380
169.656 2720
169.816 3060
170.18 2040
170.352 2380
170.512 2720
170.863 3060
171.08 2040
171.252 2380
171.406 2720
171.77 3060
174.4 3400
174.547 2380
174.72 2720
174.886 3060
175.237 3400
177.925 2380
178.097 2720
178.263 3060
178.627 2040
178.799 2380
178.837 2720
179.323 3060
181.922 2040
182.094 2380
182.261 2720
182.612 3060
185.261 3400
185.625 3740
185.907 4080
186.092 4420
186.271 4760
186.443 5100
186.481 5440
186.622 5780
186.71 6120
186.813 6460
186.979 6800
186.992 7140
187.08 7480
187.164 7820
187.24 8160
187.33 8500
187.381 8840
187.444 9180
187.509 9520
187.572 9860
187.635 10200
187.694 10540
187.745 10880
187.808 11220
187.927 7820
188.335 8160
188.348 8500
188.386 8840
188.508 9180
188.634 9520
188.781 9860
188.947 10200
189.136 10540
189.338 7140
189.7 7480
189.746 7820
189.765 8160
189.866 8500
190.025 5780
190.198 6120
190.276 6460
190.295 6800
190.455 7140
190.518 4760
190.869 5100
190.913 5440
191.022 5780
191.201 6120
191.386 6460
191.59 6800
191.916 4760
192.088 5100
192.132 5440
192.242 5780
192.433 6120
192.681 6460
192.925 4420
193.098 4760
193.148 5100
193.251 5440
193.449 5780
193.691 6120
194.042 6460
194.221 4420
194.393 4760
194.437 5100
194.553 5440
194.725 3740
195.07 4080
195.108 4420
195.287 4760
195.531 5100
195.882 5440
196.246 3740
196.418 4080
196.475 4420
196.597 3060
196.769 3400
196.864 3740
197.055 4080
197.406 4420
197.585 3060
197.757 3400
197.789 3740
198.096 4080
198.447 4420
199.175 3060
199.347 3400
199.387 3740
199.679 4080
200.031 4420
202.699 4760
203.05 5100
203.326 5440
203.498 5780
203.677 6120
203.849 6460
203.938 6800
204.066 4760
204.238 5100
204.282 5440
204.392 5780
204.583 6120
204.831 6460
205.182 6800
205.483 4760
205.656 5100
205.712 5440
205.803 3740
205.975 4080
206.057 4420
206.236 4760
206.261 3060
206.612 3400
206.671 3740
206.85 4080
207.104 4420
207.468 4760
207.525 3060
207.87 3400
208.004 2380
208.17 2720
208.362 3060
208.713 3400
211.388 3740
211.739 4080
211.924 4420
212.115 4760
212.288 5100
212.441 5440
212.614 5780
212.677 6120
212.792 6460
212.893 6800
212.984 7140
213.034 4760
213.207 5100
213.257 5440
213.322 5780
213.501 6120
213.686 6460
213.928 6800
214.279 7140
215.492 4760
215.665 5100
215.715 5440
215.774 5780
215.953 6120
216.138 4080
216.31 4420
216.354 4760
216.476 5100
216.655 5440
216.903 5780
217.204 3740
217.376 4080
217.446 4420
217.536 3060
217.709 3400
217.791 3740
217.995 4080
218.346 2720
218.518 3060
218.583 3400
218.85 3740
219.202 4080
220.306 2720
220.478 3060
220.625 2040
220.798 2380
220.823 2720
221.315 3060
222.886 2040
223.231 2380
223.403 2720
223.754 3060
226.385 3400
226.736 3740
227.049 4080
227.222 4420
227.4 4760
227.573 5100
227.623 5440
227.752 5780
227.93 6120
227.956 6460
228.103 6800
228.128 7140
228.275 7480
228.3 7820
228.376 8160
228.448 8500
228.511 8840
228.574 6120
228.752 6460
228.83 6800
228.843 7140
229.003 7480
229.188 5100
229.36 5440
229.411 5780
229.474 6120
229.589 4080
229.762 4420
229.806 4760
229.928 5100
230.107 5440
230.229 3740
230.401 4080
230.496 4420
230.674 4760
230.847 5100
231.198 5440
232.348 3740
232.693 4080
232.794 4420
232.973 4760
233.145 5100
233.496 5440
233.707 3740
233.879 4080
233.929 4420
234.108 4760
234.205 3060
234.377 3400
234.453 3740
234.632 4080
234.829 4420
235.181 4760
235.425 3060
235.597 3400
235.692 3740
235.87 4080
236.055 2720
236.228 3060
236.287 3400
236.566 3740
236.585 2380
236.764 2720
236.911 3060
237.09 3400
237.441 3740
240.206 4080
240.557 4420
240.736 4760
240.909 5100
241.087 5440
241.26 5780
241.348 6120
241.476 6460
241.617 6800
241.68 7140
241.79 7480
241.865 7820
241.962 8160
242.025 8500
242.135 8840
242.172 9180
242.242 9520
242.28 6460
242.465 6800
242.53 7140
242.542 7480
242.709 7820
242.809 8160
242.887 5440
243.06 5780
243.117 6120
243.142 6460
243.289 6800
243.461 7140
243.653 7480
243.901 7820
244.252 8160
244.54 5440
244.713 5780
244.769 6120
244.801 6460
244.826 4420
245.171 4760
245.236 5100
245.318 5440
245.35 3740
245.522 4080
245.638 4420
245.816 4760
245.989 5100
246.34 5440
246.691 3740
246.864 4080
246.901 4420
247.08 4760
247.29 3060
247.463 3400
247.597 3740
247.616 2380
247.795 2720
247.942 3060
248.121 2040
248.294 2380
248.466 2720
248.817 3060
249.341 2040
249.513 2380
249.717 2720
250.068 3060
250.617 2040
250.79 2380
250.937 2720
251.288 3060
254.053 3400
254.404 3740
254.455 2380
254.633 2720
254.774 3060
254.953 3400
255.304 3740
256.383 2380
256.555 2720
256.696 3060
256.875 3400
257.226 3740
257.277 2380
257.449 2720
257.584 3060
257.762 3400
258.114 3740
259.684 2380
259.857 2720
259.888 3060
260.017 3400
260.547 3740
262.13 2380
262.302 2720
262.456 3060
262.635 3400
262.986 3740
263.362 2380
263.535 2720
263.566 3060
263.867 3400
264.218 3740
266.983 4080
267.219 2720
267.391 3060
267.513 3400
267.686 3740
268.037 4080
269.166 2720
269.639 3060
269.671 3400
269.99 3740
270.341 4080
271.094 2720
271.611 3060
271.746 2040
271.809 2380
271.956 2720
272.27 3060
272.85 2040
273.022 2380
273.138 2720
273.489 3060
274.703 2040
274.875 2380
275.054 2720
275.405 1700
275.577 2040
275.647 2380
276.095 2720
278.437 1700
278.61 2040
278.769 2380
279.121 2720
281.82 1700
281.993 2040
282.159 2380
282.51 2720
282.874 1700
283.046 2040
283.213 2380
283.564 2720
285.561 1700
285.734 2040
285.894 2380
286.245 2720
286.596 1700
286.768 2040
286.941 2380
287.292 2720
289.973 3060
289.992 2040
290.171 2380
290.33 2720
290.349 1700
290.528 2040
290.688 2380
291.039 2720
292.641 1700
292.814 2040
292.986 2380
293.337 2720
293.535 1700
293.707 2040
293.861 2380
294.212 2720
296.887 3060
297.238 3400
297.461 3740
297.762 4080
297.934 4420
297.972 4760
298.113 5100
298.292 5440
298.329 5780
298.464 6120
298.514 4080
298.687 4420
298.809 4760
298.834 5100
299.032 5440
299.332 5780
299.69 6120
299.709 4080
299.888 4420
299.925 4760
300.041 5100
300.232 5440
300.487 5780
300.838 6120
301.107 4080
301.28 4420
301.33 4760
301.439 5100
301.631 5440
301.879 5780
302.23 6120
302.415 4080
302.587 4420
302.672 4760
302.735 5100
302.939 5440
303.195 5780
303.546 6120
304.472 4080
304.644 4420
304.707 4760
304.791 5100
304.995 5440
305.243 5780
305.594 6120
305.704 4080
306.049 4420
306.124 4760
306.202 5100
306.394 5440
306.648 5780
306.936 3740
307.109 4080
307.197 4420
307.256 4760
307.453 5100
307.727 5440
308.078 5780
309.752 3740
309.93 4080
310.012 4420
310.078 4760
310.275 5100
310.589 3400
310.934 3740
310.965 4080
311.137 4420
311.285 3060
311.457 3400
311.501 3740
311.762 4080
312.012 2720
312.185 3060
312.279 3400
312.292 3740
312.809 2380
312.982 2720
313.041 3060
313.32 3400
313.671 3740
313.922 2380
314.094 2720
314.201 3060
314.38 3400
314.731 3740
315.28 2380
315.452 2720
315.499 3060
315.785 3400
316.136 3740
317.069 2380
317.414 2720
317.54 3060
317.719 3400
317.951 2380
318.123 2720
318.243 3060
318.594 3400
321.281 3740
321.626 4080
321.654 2720
321.826 3060
321.857 3400
322.156 3740
322.507 4080
324.492 2720
324.665 3060
324.698 3400
324.991 3740
325.342 4080
325.705 2720
325.878 3060
325.918 3400
326.216 3740
326.568 4080
328.374 2720
328.546 3060
328.593 3400
328.872 3740
329.223 4080
330.117 2720
330.462 3060
330.527 3400
330.807 3740
331.158 4080
333.833 4420
334.184 4760
334.407 5100
334.611 5440
334.771 5780
334.899 3740
335.071 4080
335.115 4420
335.231 4760
335.416 5100
335.671 5440
336.022 5780
337.319 3740
337.492 4080
337.555 4420
337.664 4760
337.836 3060
338.009 3400
338.085 3740
338.263 4080
338.436 2720
338.608 3060
338.64 3400
338.652 3740
339.182 2380
339.355 2720
339.483 3060
339.662 3400
339.706 2380
339.878 2720
340.019 3060
340.37 3400
343.045 3740
343.396 4080
343.632 4420
343.92 4760
344.092 5100
344.143 5440
344.271 5780
344.45 6120
344.5 6460
344.622 6800
344.698 7140
344.795 7480
344.87 5100
345.049 5440
345.139 5780
345.171 6120
345.19 4080
345.369 4420
345.484 4760
345.528 5100
345.547 3400
345.739 3740
345.854 4080
346.027 4420
346.206 4760
346.557 5100
346.735 3400
346.908 3740
346.946 4080
347.118 4420
347.309 3060
347.654 3400
347.776 3740
347.955 4080
348.306 4420
348.542 3060
348.714 3400
348.836 3740
349.015 4080
349.366 4420
351.166 3060
351.338 3400
351.473 3740
351.652 4080
352.003 4420
352.781 3060
352.953 3400
353.075 3740
353.254 4080
353.605 4420
355.687 3060
356.032 3400
356.07 3740
356.248 2380
356.421 2720
356.459 3060
356.766 2040
356.938 2380
357.092 2720
357.34 1700
357.512 2040
357.64 2380
357.992 2720
358.355 1700
358.528 2040
358.688 2380
359.039 2720
359.951 1700
360.124 2040
360.284 2380
360.635 2720
360.807 1700
360.98 2040
361.005 2380
361.503 2720
363.636 1700
363.98 2040
364.159 2380
364.51 2720
367.185 3060
367.536 3400
367.734 3740
367.925 4080
368.06 2720
368.232 3060
368.264 3400
368.583 3740
368.935 4080
370.07 2720
370.242 3060
370.377 3400
370.549 3740
370.901 4080
373.588 4420
373.939 4760
374.187 5100
374.463 5440
374.635 5780
374.698 6120
374.827 6460
374.993 6800
375.056 7140
375.165 7480
375.253 7820
375.337 8160
375.426 8500
375.51 5780
375.739 6120
375.752 6460
375.918 4420
376.09 4760
376.134 5100
376.256 5440
376.454 3740
376.626 4080
376.69 4420
376.78 3060
376.952 3400
377.034 3740
377.238 4080
377.411 2720
377.756 3060
377.821 3400
378.088 3740
378.439 4080
379.148 2720
379.32 3060
379.398 3400
379.665 3740
380.016 4080
380.298 2720
380.47 3060
380.546 3400
380.796 3740
381.107 4080
382.926 2720
383.444 3060
383.585 3400
383.757 3740
384.121 2380
384.293 2720
384.325 3060
384.625 3400
384.989 3740
387.754 4080
387.99 4420
388.278 4760
388.45 5100
388.629 5440
388.802 5780
388.877 6120
389.006 6460
389.159 6800
389.209 7140
389.331 7480
389.395 7820
389.504 8160
389.554 8500
389.63 8840
389.702 9180
389.777 9520
389.855 9860
389.906 10200
389.969 10540
390.034 10880
390.084 11220
390.147 11560
390.185 7820
390.559 8160
390.599 8500
390.612 8840
390.7 9180
390.816 9520
390.95 9860
391.089 10200
391.268 10540
391.457 10880
391.709 11220
392.062 11560
392.113 7820
392.321 8160
392.361 8500
392.373 8840
392.449 6120
392.634 6460
392.706 6800
392.718 7140
392.878 7480
393.05 7820
393.229 8160
393.477 8500
393.828 8840
393.938 6120
394.283 6460
394.333 6800
394.377 7140
394.518 7480
394.678 7820
394.882 8160
395.145 5440
395.317 5780
395.406 6120
395.418 6460
395.578 6800
395.75 7140
395.839 4760
396.017 5100
396.114 5440
396.127 5780
396.299 6120
396.497 6460
396.739 6800
397.09 7140
399.127 4760
399.3 5100
399.376 5440
399.409 5780
399.588 6120
399.786 6460
400.027 6800
