0.0 0
0.352507 3400
0.708102 3740
0.714406 4420
0.72071 5100
0.727014 5780
0.733318 6460
0.93647 6800
1.06642 7480
1.07272 8160
1.07902 8840
1.08533 9520
1.09163 10200
1.09794 10880
1.10424 11560
1.11054 12240
1.11685 12920
1.29478 13600
1.42473 14280
1.43104 14960
1.43734 15640
1.44364 16320
1.44995 17000
1.45625 17680
1.46256 18360
1.46886 19040
1.47516 19720
1.48147 20400
1.48777 21080
1.49408 21760
1.50038 22440
1.50668 23120
1.51299 23800
1.51929 24480
1.5256 25160
1.5319 25840
1.6531 26520
1.6594 27200
1.78305 27880
1.78935 28560
1.79565 29240
1.80196 29920
1.80826 30600
1.81457 31280
1.82087 31960
1.82717 32640
1.83348 33320
1.83978 34000
1.84609 34680
1.85239 35360
1.85869 36040
1.865 36720
1.8713 37400
1.87761 38080
1.88391 38760
1.89021 39440
1.89652 40120
1.90282 40800
1.90913 41480
1.91543 42160
1.92173 42840
1.92804 43520
1.93434 44200
1.94065 44880
1.94695 45560
1.95325 46240
1.95956 46920
1.96586 47600
1.97217 48280
1.97847 48960
1.98477 49640
1.99108 50320
1.99738 51000
2.00369 51680
2.01141 52360
2.01772 53040
2.02402 53720
2.03033 54400
2.14136 55080
2.14767 55760
2.15397 56440
2.16027 57120
2.16658 57800
2.17288 58480
2.17919 59160
2.18549 59840
2.19179 60520
2.1981 61200
2.2044 61880
2.21071 62560
2.21701 63240
2.22331 63920
2.22962 64600
2.23592 65280
2.24223 65960
2.24853 66640
2.25483 67320
2.26114 68000
2.26744 68680
2.27375 69360
2.28005 70040
2.28635 70720
2.29266 71400
2.29896 72080
2.30527 72760
2.31157 73440
2.31787 74120
2.32418 74800
2.33048 75480
2.33679 76160
2.34309 76840
2.34939 77520
2.3557 78200
2.362 78880
2.36831 79560
2.37461 80240
2.38091 80920
2.38722 81600
2.39352 82280
2.39983 82960
2.40613 83640
2.41243 84320
2.41874 85000
2.42504 85680
2.43135 86360
2.43765 87040
2.44395 87720
2.45026 88400
2.45656 89080
2.46287 89760
2.46917 90440
2.47547 91120
2.48178 91800
2.48808 92480
2.49439 93160
2.50069 93840
2.50699 94520
2.5133 95200
2.5196 95880
2.52591 96560
2.53221 97240
2.53851 97920
2.54482 98600
2.55112 99280
2.55743 99960
2.56373 100640
2.57003 101320
2.57634 102000
2.58264 102680
2.58895 103360
2.59525 104040
2.60155 104720
2.60786 105400
2.61416 106080
2.62047 106760
2.62677 107440
2.63307 108120
2.63938 108800
2.64568 109480
2.65199 110160
2.65829 110840
2.66459 111520
2.6709 112200
2.6772 112880
2.68351 113560
2.68981 114240
2.69611 114920
2.70242 115600
2.70872 116280
2.71503 116960
2.72133 117640
2.72763 118320
2.73394 119000
2.74024 119680
2.74655 120360
2.75285 121040
2.75915 121720
2.76546 122400
2.77176 123080
2.77807 123760
2.78437 124440
2.79067 125120
2.79698 125800
2.80328 126480
2.80959 127160
2.81589 127840
2.82219 128520
2.8285 129200
2.8348 129880
2.84111 130560
2.84741 131240
2.85371 131920
2.86002 132600
2.86632 133280
2.87263 133960
2.87893 134640
2.88523 135320
2.89154 136000
2.89784 136680
2.90415 137360
2.91045 138040
2.91675 138720
2.92306 139400
2.92936 140080
2.93567 140760
2.94197 141440
2.94827 142120
2.95458 142800
2.96088 143480
2.96719 144160
2.97349 144840
2.97979 145520
2.9861 146200
2.9924 146880
2.99871 147560
3.00501 148240
3.01131 148920
3.01762 149600
3.02392 150280
3.03023 150960
3.03653 151640
3.04283 152320
3.04914 153000
3.05544 153680
3.06175 154360
3.06805 155040
3.07435 155720
3.08066 156400
3.08696 157080
3.09327 157760
3.09957 158440
3.10587 159120
3.11218 159800
3.11848 160480
3.12479 161160
3.13109 161840
3.13739 162520
3.1437 163200
3.15 163880
3.15631 164560
3.16261 165240
3.16891 165920
3.17522 166600
3.18152 167280
3.18783 167960
3.19413 168640
3.20043 169320
3.20674 170000
3.21304 170680
3.21935 171360
3.22565 172040
3.23195 172720
3.23826 173400
3.24456 174080
3.25087 174760
3.25717 175440
3.26347 176120
3.26978 176800
3.27608 177480
3.28239 178160
3.28869 178840
3.29499 179520
3.3013 180200
3.3076 180880
3.31391 181560
3.32021 182240
3.32651 182920
3.33282 183600
3.33912 184280
3.34543 184960
3.35173 185640
3.35803 186320
3.36434 187000
3.37064 187680
3.37695 188360
3.38325 189040
3.38955 189720
3.39586 190400
3.40216 191080
3.40847 191760
3.41477 192440
3.42107 193120
3.42738 193800
3.43368 194480
3.43999 195160
3.44629 195840
3.45259 196520
3.4589 197200
3.4652 197880
3.47151 198560
3.47781 199240
3.48411 199920
3.49042 200600
3.49672 201280
3.50303 201960
3.50933 202640
3.51563 203320
3.52194 204000
3.52824 204680
3.53455 205360
3.54085 206040
3.54715 206720
3.55346 207400
3.55976 208080
3.56607 208760
3.57237 209440
3.57867 210120
3.58498 210800
3.59128 211480
3.59759 212160
3.60389 212840
3.61019 213520
3.6165 214200
3.6228 214880
3.62911 215560
3.63541 216240
3.64171 216920
3.64802 217600
3.65432 218280
3.66063 218960
3.66693 219640
3.67639 153680
5.78591 340
5.91746 1360
6.27262 1700
6.27577 2720
6.62778 3060
6.63094 4080
6.64039 4420
6.64354 5440
6.98295 5780
6.9861 6800
6.99555 7140
6.99871 8160
7.00816 8500
7.01131 9520
7.02077 9860
7.02392 10880
7.33811 11220
7.34126 12240
7.35072 12580
7.35387 13600
7.36333 13940
7.36648 14960
7.37593 15300
7.37909 16320
7.38854 16660
7.39169 17680
7.40115 18020
7.4043 19040
7.41376 19380
7.41691 20400
7.42637 20740
7.42952 21760
7.69327 22100
7.69642 23120
7.70588 23460
7.70903 24480
7.71849 24820
7.72164 25840
7.7311 26180
7.73425 27200
7.7437 27540
7.74686 28560
7.75631 28900
7.75946 29920
7.76892 30260
7.77207 31280
7.78153 31620
7.78468 32640
7.79414 32980
7.79729 34000
7.80674 34340
7.8099 35360
7.81935 35700
7.8225 36720
7.83196 37060
7.83511 38080
7.84457 38420
7.84772 39440
7.85718 39780
7.86033 40800
7.86978 41140
7.87294 42160
7.88239 42500
7.88554 43520
8.04844 43860
8.05159 44880
8.06104 45220
8.0642 46240
8.07365 46580
8.0768 47600
8.08626 47940
8.08941 48960
8.09887 49300
8.10202 50320
8.11148 50660
8.11463 51680
8.12408 52020
8.12724 53040
8.13669 53380
8.13984 54400
8.1493 54740
8.15245 55760
8.16191 56100
8.16506 57120
8.17452 57460
8.17767 58480
8.18712 58820
8.19028 59840
8.19973 60180
8.20288 61200
8.21234 61540
8.21549 62560
8.22495 62900
8.2281 63920
8.23756 64260
8.24071 65280
8.25016 65620
8.25332 66640
8.26277 66980
8.26592 68000
8.27538 68340
8.27853 69360
8.28799 69700
8.29114 70720
8.3006 71060
8.30375 72080
8.3132 72420
8.31636 73440
8.32581 73780
8.32896 74800
8.33842 75140
8.34157 76160
8.35103 76500
8.35418 77520
8.36364 77860
8.36679 78880
8.37624 79220
8.3794 80240
8.38885 80580
8.392 81600
8.40146 81940
8.40461 82960
8.41407 83300
8.41722 84320
8.42668 84660
8.42983 85680
8.43928 86020
8.44244 87040
8.45189 87380
8.45504 88400
8.4645 88740
8.46765 89760
8.47711 90100
8.48026 91120
8.48972 91460
8.49287 92480
8.50232 92820
8.50548 93840
8.51493 94180
8.51808 95200
8.52754 95540
8.53069 96560
8.54015 96900
8.5433 97920
8.55276 98260
8.55591 99280
8.56536 99620
8.56852 100640
8.57797 100980
8.58112 102000
8.59058 102340
8.59373 103360
8.60319 103700
8.60634 104720
8.6158 105060
8.61895 106080
8.6284 106420
8.63156 107440
9.76081 340
10.116 107780
10.4711 108120
11.5657 340
11.9209 78540
12.2792 78880
12.2855 79220
12.2918 79560
12.2981 79900
12.3044 80240
12.3107 80580
12.317 80920
12.3233 81260
12.3296 81600
12.3359 81940
12.3422 82280
12.3485 82620
12.3548 82960
12.4116 83300
12.4746 83640
12.5377 83980
12.607 84320
12.67 84660
12.7331 85000
12.7961 85340
12.8592 85680
12.9222 86020
12.9506 60180
14.8596 340
15.1664 680
15.5216 1020
15.5247 1360
15.8767 1700
15.8799 2040
15.8831 2380
15.8862 2720
16.2319 3060
16.2351 3400
16.2382 3740
16.2414 4080
16.2445 4420
16.2477 4760
16.2508 5100
16.254 5440
16.5871 5780
16.5902 220660
16.958 154360
18.5486 340
18.8933 680
19.2485 1020
19.2516 1360
19.6036 1700
19.6068 2040
19.61 2380
19.6131 2720
19.9588 3060
19.962 3400
19.9651 3740
19.9683 4080
19.9714 4420
19.9746 4760
19.9777 5100
19.9809 5440
20.314 5780
20.3171 6120
20.3203 6460
20.3234 6800
20.3266 7140
20.3297 7480
20.3329 7820
20.336 8160
20.3392 8500
20.3423 8840
20.3455 9180
20.3486 9520
20.3518 9860
20.355 10200
20.3581 10540
20.3613 10880
20.6691 11220
20.6723 11560
20.6754 11900
20.6786 12240
20.6817 12580
20.6849 12920
20.6881 13260
20.6912 13600
20.6944 13940
20.6975 14280
20.7007 14620
20.7038 14960
20.707 15300
20.7101 15640
20.7133 15980
20.7164 16320
20.7196 16660
20.7227 17000
20.7259 17340
20.729 17680
20.7322 18020
20.7353 18360
20.7385 18700
20.7416 19040
20.7448 19380
20.7479 19720
20.7511 20060
20.7542 20400
20.7574 20740
20.7605 21080
20.7637 21420
20.7669 21760
21.0243 22100
21.0275 22440
21.0306 22780
21.0338 23120
21.0369 23460
21.0401 23800
21.0432 24140
21.0464 24480
21.0495 24820
21.0527 25160
21.0558 25500
21.059 25840
21.0621 26180
21.0653 26520
21.0684 26860
21.0716 27200
21.0747 27540
21.0779 27880
21.081 28220
21.0842 28560
21.0873 28900
21.0905 29240
21.0936 29580
21.0968 29920
21.0999 30260
21.1031 30600
21.1063 30940
21.1094 31280
21.1126 31620
21.1157 31960
21.1189 32300
21.122 32640
21.1252 32980
21.1283 33320
21.1315 33660
21.1346 34000
21.1378 34340
21.1409 34680
21.1441 35020
21.1472 35360
21.1504 35700
21.1535 36040
21.1567 36380
21.1598 36720
21.163 37060
21.1661 37400
21.1693 37740
21.1724 38080
21.1756 38420
21.1787 38760
21.1819 39100
21.1851 39440
21.1882 39780
21.1914 40120
21.1945 40460
21.1977 40800
21.2008 41140
21.204 41480
21.2071 41820
21.2103 42160
21.2134 42500
21.2166 42840
21.2197 43180
21.2229 43520
21.3795 43860
21.3826 44200
21.3858 44540
21.3889 44880
21.3921 45220
21.3952 45560
21.3984 45900
21.4015 46240
21.4047 46580
21.4078 46920
21.411 47260
21.4141 47600
21.4173 47940
21.4204 48280
21.4236 48620
21.4267 48960
21.4299 49300
21.433 49640
21.4362 49980
21.4394 50320
21.4425 50660
21.4457 51000
21.4488 51340
21.452 51680
21.4551 52020
21.4583 52360
21.4614 52700
21.4646 53040
21.4677 53380
21.4709 53720
21.474 54060
21.4772 54400
21.4803 54740
21.4835 55080
21.4866 55420
21.4898 55760
21.4929 56100
21.4961 56440
21.4992 56780
21.5024 57120
21.5055 57460
21.5087 57800
21.5118 58140
21.515 58480
21.5182 58820
21.5213 59160
21.5245 59500
21.5276 59840
21.5308 60180
21.5339 60520
21.5371 60860
21.5402 61200
21.5434 61540
21.5465 61880
21.5497 62220
21.5528 62560
21.556 62900
21.5591 63240
21.5623 63580
21.5654 63920
21.5686 64260
21.5717 64600
21.5749 64940
21.578 65280
21.5812 65620
21.5843 65960
21.5875 66300
21.5906 66640
21.5938 66980
21.597 67320
21.6001 67660
21.6033 68000
21.6064 68340
21.6096 68680
21.6127 69020
21.6159 69360
21.619 69700
21.6222 70040
21.6253 70380
21.6285 70720
21.6316 71060
21.6348 71400
21.6379 71740
21.6411 72080
21.6442 72420
21.6474 72760
21.6505 73100
21.6537 73440
21.6568 73780
21.66 74120
21.6631 74460
21.6663 74800
21.6694 75140
21.6726 75480
21.6758 75820
21.6789 76160
21.6821 76500
21.6852 76840
21.6884 77180
21.6915 77520
21.6947 77860
21.6978 78200
21.701 78540
21.7041 78880
21.7073 79220
21.7104 79560
21.7136 79900
21.7167 80240
21.7199 80580
21.723 80920
21.7262 81260
21.7293 81600
21.7325 81940
21.7356 82280
21.7388 82620
21.7419 82960
21.7451 83300
21.7482 83640
21.7514 83980
21.7546 84320
21.7577 84660
21.7609 85000
21.764 85340
21.7672 85680
21.7703 86020
21.7735 86360
21.7766 86700
21.7798 87040
21.7829 87380
21.7861 87720
21.7892 88060
21.7924 88400
21.7955 88740
21.7987 89080
21.8018 89420
21.805 89760
21.8081 90100
21.8113 90440
21.8144 90780
21.8176 91120
21.8207 91460
21.8239 91800
21.827 92140
21.8302 92480
21.8334 92820
21.8365 93160
21.8397 93500
21.8428 93840
21.846 94180
21.8491 94520
21.8523 94860
21.8554 95200
21.8586 95540
21.8617 95880
21.8649 96220
21.868 96560
21.8712 96900
21.8743 97240
21.8775 97580
21.8806 97920
21.8838 98260
21.8869 98600
21.8901 98940
21.8932 99280
21.8964 99620
21.8995 99960
21.9027 100300
21.9058 100640
21.909 100980
21.9122 101320
21.9153 101660
21.9185 102000
21.9216 102340
21.9248 102680
21.9279 103020
21.9311 103360
21.9342 103700
21.9374 104040
21.9405 104380
21.9437 104720
21.9468 105060
21.95 105400
21.9531 105740
21.9563 106080
21.9594 106420
21.9626 106760
21.9657 107100
21.9689 107440
21.972 107780
22.0162 108120
22.0792 108460
22.1422 108800
22.2053 109140
22.2683 109480
22.3314 109820
22.3566 110160
22.7191 110500
22.7222 110840
22.7254 111180
22.7285 111520
22.7317 111860
22.7726 112200
22.7853 78200
24.9779 340
25.1997 680
25.6851 1020
25.6882 1360
26.0403 1700
26.0434 2040
26.0466 2380
26.0497 2720
26.3954 3060
26.3986 3400
26.4017 3740
26.4049 4080
26.408 4420
26.4112 4760
26.4143 5100
26.4175 5440
26.7506 5780
26.7537 6120
26.7569 6460
26.76 6800
26.7632 7140
26.7663 7480
26.7695 7820
26.7726 8160
26.7758 8500
26.779 8840
26.7821 9180
26.7853 9520
26.7884 9860
26.7916 10200
26.7947 10540
26.7979 56100
27.2602 56440
27.3232 56780
27.3863 57120
27.4493 57460
27.5124 57800
27.5754 58140
27.6384 58480
27.7015 58820
27.7141 59160
28.2688 41140
29.9131 340
30.1254 62560
30.1317 62900
30.138 63240
30.1443 63580
30.1506 63920
30.1569 64260
30.1632 64600
30.1695 64940
30.1758 65280
30.1821 65620
30.2073 65960
30.2704 66300
30.3334 66640
30.3964 66980
30.4595 67320
30.5225 67660
30.5856 68000
30.6486 68340
30.7116 68680
30.7715 47940
32.3622 340
32.8235 1360
33.1891 4420
33.5443 11560
33.8994 16320
33.9436 18700
33.9656 25840
34.2798 32980
34.346 40120
34.4122 40460
34.4784 40800
34.6602 41140
34.7358 28560
35.4955 28900
35.5018 29240
35.5081 29580
35.5144 29920
35.5207 30260
35.527 30600
35.5459 30940
35.5648 31280
35.5837 31620
35.6089 31960
35.6279 32300
35.6531 32640
35.6846 32980
35.7098 33320
35.7413 33660
35.8075 34000
35.8769 34340
35.9462 34680
36.0219 35020
36.0975 35360
36.17 35700
36.233 36040
36.3213 36380
36.4064 36720
36.4947 37060
36.5829 37400
36.6932 37740
36.7972 38080
36.895 38420
37.0147 38760
37.1345 39100
37.2953 39440
37.4655 39780
37.683 40120
37.8941 40460
38.2346 40800
38.8555 28560
39.5962 28900
39.6025 29240
39.6088 29580
39.6151 29920
39.6214 30260
39.6277 30600
39.634 30940
39.6404 31280
39.6467 31620
39.653 31960
39.6593 32300
39.6656 32640
39.6719 32980
39.6782 33320
39.6845 33660
39.6908 34000
39.7286 34340
39.7916 34680
39.8547 35020
39.9177 35360
39.9997 35700
40.0627 36040
40.1447 36380
40.2424 36720
40.3653 37060
40.5103 37400
40.6364 37740
40.7814 38080
40.9295 38420
41.0588 38760
41.2195 39100
41.396 39440
41.6104 39780
41.8089 40120
42.1462 40460
42.8144 40800
44.4661 41140
44.8159 41480
45.0618 41820
45.4306 42160
45.5693 42500
45.8183 42840
46.0295 43180
46.1398 43520
46.3005 43860
46.4014 44200
46.5275 44540
46.6504 44880
46.7544 45220
46.849 45560
46.9215 45900
47.0066 46240
47.0791 46580
47.1642 46920
47.243 47260
47.3155 47600
47.3848 47940
47.451 48280
47.5172 48620
47.5739 48960
47.6338 49300
47.6906 49640
47.7473 49980
47.7914 50320
47.8482 50660
47.9017 51000
47.9585 51340
48.0247 51680
48.0846 52020
48.1413 52360
48.2012 52700
48.2611 53040
48.321 53380
48.3714 53720
48.4281 54060
48.4754 54400
48.5132 54740
48.5637 55080
48.6109 55420
48.6614 55760
48.7024 56100
48.7307 56440
48.7622 56780
48.8095 57120
48.8442 57460
48.882 57800
48.9104 58140
48.9577 58480
48.9892 58820
49.0176 59160
49.0365 59500
49.0617 59840
49.0995 60180
49.1405 60520
49.1783 60860
49.2067 61200
49.2319 61540
49.2634 61880
49.2918 62220
49.3328 62560
49.3643 62900
49.4052 63240
49.4305 63580
49.4557 63920
49.4809 64260
49.5061 64600
49.5408 64940
49.566 65280
49.5912 65620
49.629 65960
49.6543 66300
49.6795 66640
49.7047 66980
49.7299 67320
49.7583 67660
49.7866 68000
49.8119 68340
49.8371 68680
49.8686 69020
49.8938 69360
49.919 69700
49.9442 70040
49.9726 70380
49.9978 70720
50.0356 71060
50.0609 71400
50.0798 71740
50.0987 72080
50.1239 72420
50.1428 72760
50.168 73100
50.1932 73440
50.2122 73780
50.2374 74120
50.2563 74460
50.2815 74800
50.3004 75140
50.3256 75480
50.3445 75820
50.3698 76160
50.3887 76500
50.4139 76840
50.4328 77180
50.458 77520
50.4832 77860
50.5021 78200
50.5274 78540
50.5463 78880
50.5715 79220
50.5904 79560
50.6156 79900
50.6345 80240
50.6534 80580
50.6724 80920
50.6976 81260
50.7165 81600
50.7354 81940
50.7543 82280
50.7732 82620
50.7921 82960
50.811 83300
50.83 83640
50.8489 83980
50.8678 84320
50.8867 84660
50.9056 85000
50.9245 85340
50.9434 85680
50.9623 86020
50.9812 86360
51.0002 86700
51.0191 87040
51.038 87380
51.0569 87720
51.0758 88060
51.0947 88400
51.1136 88740
51.1325 89080
51.1515 89420
51.1704 89760
51.1893 90100
51.2082 90440
51.2271 90780
51.246 91120
51.2649 91460
51.2838 91800
51.3028 92140
51.3217 92480
51.3406 92820
51.3595 93160
51.3784 93500
51.391 93840
51.4099 94180
51.4288 94520
51.4477 94860
51.4604 95200
51.473 95540
51.4919 95880
51.5108 96220
51.5234 96560
51.536 96900
51.5549 97240
51.5675 97580
51.5864 97920
51.599 98260
51.618 98600
51.6306 98940
51.6495 99280
51.6621 99620
51.681 99960
51.6936 100300
51.7125 100640
51.7251 100980
51.744 101320
51.7566 101660
51.7756 102000
51.7882 102340
51.8071 102680
51.8197 103020
51.8386 103360
51.8512 103700
51.8701 104040
51.8827 104380
51.9016 104720
51.9142 105060
51.9332 105400
51.9458 105740
51.9647 106080
51.9773 106420
51.9962 106760
52.0088 107100
52.0277 107440
52.0403 107780
52.0592 108120
52.0718 108460
52.0908 108800
52.1034 109140
52.1223 109480
52.1349 109820
52.1538 110160
52.1664 110500
52.1853 110840
52.1979 111180
52.2168 111520
52.2294 111860
52.2484 112200
52.261 112540
52.2799 112880
52.2925 113220
52.3114 113560
52.324 113900
52.3429 114240
52.3555 114580
52.3744 114920
52.387 115260
52.3933 115600
52.4123 115940
52.4249 116280
52.4375 116620
52.4501 116960
52.4627 117300
52.4753 117640
52.4879 117980
52.5005 118320
52.5131 118660
52.5257 119000
52.5383 119340
52.5509 119680
52.5636 120020
52.5762 120360
52.5888 120700
52.6014 121040
52.614 121380
52.6266 121720
52.6392 122060
52.6518 122400
52.6644 122740
52.677 123080
52.6896 123420
52.7022 123760
52.7148 124100
52.7275 124440
52.7401 124780
52.7527 125120
52.7653 125460
52.7779 125800
52.7905 126140
52.8031 126480
52.8157 126820
52.8283 127160
52.8409 127500
52.8535 127840
52.8661 128180
52.8788 128520
52.8914 128860
52.904 129200
52.9166 129540
52.9292 129880
52.9418 130220
52.9544 130560
52.967 130900
52.9796 131240
52.9922 131580
53.0048 131920
53.0174 132260
53.03 132600
53.0427 132940
53.0553 133280
53.0679 133620
53.0805 133960
53.0931 134300
53.1057 134640
53.1183 134980
53.1309 135320
53.1435 135660
53.1593 94860
55.2143 340
55.4571 2720
55.8605 4420
55.8763 6800
56.2283 8500
56.2441 10880
56.2661 12580
56.2819 14960
56.5961 16660
56.6118 19040
56.6339 20740
56.6497 23120
56.6717 24820
56.6875 27200
56.7096 28900
56.7253 29920
56.9512 32300
56.9733 34000
56.9891 35700
57.0048 37400
57.0206 39100
57.0364 40800
57.0521 42500
57.0679 44200
57.0836 45900
57.0994 47600
57.1152 49300
57.1309 51000
57.1467 52700
57.1624 54400
57.1782 56100
57.194 57800
57.2097 59500
57.2255 61200
57.319 62900
57.3348 64600
57.3505 66300
57.4136 66640
57.4766 66980
57.5397 67320
57.6027 67660
57.6657 68000
57.7288 68340
57.7918 68680
57.8549 69020
57.9179 69360
57.9652 69700
58.6176 48620
60.0265 340
60.4363 53720
60.4427 54060
60.449 54400
60.4553 54740
60.4616 55080
60.4679 55420
60.4742 55760
60.4805 56100
60.4868 56440
60.4931 56780
60.4994 57120
60.5057 57460
60.512 57800
60.5183 58140
60.5624 58480
60.6255 58820
60.6885 59160
60.7515 59500
60.8146 59840
60.8493 41820
61.8075 42160
61.8169 42500
61.8295 42840
61.8421 43180
61.8611 43520
61.8737 43860
61.8926 44200
61.9115 44540
61.9304 44880
61.9556 45220
61.9682 45560
61.9934 45900
62.0123 46240
62.0376 46580
62.0817 46920
62.1321 47260
62.1826 47600
62.233 47940
62.2834 48280
62.3339 48620
62.3843 48960
62.441 49300
62.4978 49640
62.5545 49980
62.6049 50320
62.6585 50660
62.7184 51000
62.7783 51340
62.8445 51680
62.9107 52020
62.9863 52360
63.0588 52700
63.1408 53040
63.2133 53380
63.2542 37060
64.0769 37400
64.0895 37740
64.1084 38080
64.121 38420
64.1399 38760
64.1589 39100
64.1778 39440
64.1967 39780
64.2219 40120
64.2408 40460
64.266 40800
64.2912 41140
64.3165 41480
64.3417 41820
64.3732 42160
64.4047 42500
64.4362 42840
64.4678 43180
64.5056 43520
64.5434 43860
64.5749 44200
64.6191 44540
64.6632 44880
64.7073 45220
64.7893 45560
64.8807 45900
64.9532 46240
65.0509 46580
65.1486 46920
65.2463 47260
65.3472 47600
65.448 47940
65.5111 48280
65.5899 48620
65.6844 48960
65.7821 49300
65.8862 49640
65.9902 49980
66.1194 50320
66.2014 50660
66.2959 51000
66.422 51340
66.5481 51680
66.7057 52020
66.8696 52360
67.1091 52700
67.355 53040
67.8467 53380
68.1241 37060
68.971 37400
68.9857 37740
68.992 38080
68.9983 38420
69.0046 38760
69.0109 39100
69.0172 39440
69.0235 39780
69.0298 40120
69.0361 40460
69.0424 40800
69.0992 41140
69.1937 41480
69.2694 41820
69.3566 42160
69.426 42500
69.4827 42840
69.5457 43180
69.6151 43520
69.6781 43860
69.7475 44200
69.8042 44540
69.8609 44880
69.924 45220
69.987 45560
70.0564 45900
70.1131 46240
70.1824 46580
70.2518 46920
70.3274 47260
70.3968 47600
70.4724 47940
70.5418 48280
70.6237 48620
70.7057 48960
70.7939 49300
70.8822 49640
70.9767 49980
71.0839 50320
71.1848 50660
71.2541 35360
71.7206 35700
71.7543 36040
71.7606 36380
71.7669 36720
71.7732 37060
71.7795 37400
71.7858 37740
71.7921 38080
71.7984 38420
71.8173 38760
71.9056 39100
71.9749 39440
72.0506 39780
72.1347 40120
72.1977 40460
72.2544 40800
72.3175 41140
72.3805 41480
72.4436 41820
72.5066 42160
72.5633 42500
72.6264 42840
72.6894 43180
72.7588 43520
72.8218 43860
72.8911 44200
72.9542 44540
73.0235 44880
73.0929 45220
73.1748 45560
73.2442 45900
73.3261 46240
73.4144 46580
73.4963 46920
73.5972 47260
73.6917 47600
73.7989 47940
73.9124 48280
74.0385 48620
74.1141 34000
74.9137 34340
74.96 34680
74.9663 35020
74.9726 35360
74.9789 35700
74.9852 36040
74.9915 36380
74.9978 36720
75.0041 37060
75.0104 37400
75.0514 37740
75.1459 38080
75.2153 38420
75.3214 38760
75.3908 39100
75.4538 39440
75.498 27540
75.8594 27880
75.9666 28220
75.9729 28560
75.9792 28900
75.9855 29240
75.9918 29580
75.9981 29920
76.0044 30260
76.0107 30600
76.0696 30940
76.1389 31280
76.2146 31620
76.369 31960
76.4321 32300
76.4825 32640
76.5455 32980
76.6023 33320
76.7305 33660
76.7557 23460
77.1109 23800
77.2117 24140
77.218 24480
77.2244 24820
77.2307 25160
77.237 25500
77.2433 25840
77.2496 26180
77.2937 26520
77.4156 26860
77.5701 27200
77.6016 27540
77.6646 27880
77.7487 28220
77.8117 28560
77.9252 19720
78.2804 20060
78.3655 20400
78.3718 20740
78.3781 21080
78.3844 21420
78.3907 21760
78.397 22100
78.459 22440
78.5284 22780
78.7207 23120
78.7648 23460
78.8373 23800
78.8467 16660
79.2082 17000
79.2712 17340
79.3459 17680
79.431 18020
79.4373 18360
79.4436 18700
79.4499 19040
79.4877 19380
79.5508 19720
79.7893 20060
79.846 20400
79.9091 20740
80.1476 21080
80.198 21420
80.2737 21760
80.5028 22100
80.5973 22440
80.7791 22780
80.9619 23120
81.2415 23460
81.5746 23800
83.9945 24140
84.3528 24480
84.5546 24820
84.7931 25160
84.9192 25500
85.0632 25840
85.1924 26180
85.3122 26520
85.4183 26860
85.5192 27200
85.6263 19040
85.9847 19380
86.0603 19720
86.0666 20060
86.0729 20400
86.1286 20740
86.1349 21080
86.1412 21420
86.1476 21760
86.22 22100
86.2327 15300
86.591 15640
86.654 15980
86.6603 16320
86.6666 16660
86.6729 17000
86.6792 17340
86.7738 17680
86.9304 18020
87.0123 18360
87.129 18700
87.2162 19040
87.3738 19380
87.4873 19720
87.5966 20060
87.7636 20400
87.8739 20740
88.0936 21080
88.2659 21420
88.5654 21760
88.8165 22100
91.2806 22440
91.6357 22780
91.8774 23120
92.076 23460
92.1264 16320
92.4816 16660
92.5815 17000
92.5878 17340
92.5941 17680
92.6287 18020
92.635 18360
92.6413 18700
92.6477 19040
92.7075 19380
92.7643 19720
92.9366 20060
92.9492 20400
93.0659 20740
93.1541 21080
93.4242 21420
93.5471 21760
93.7352 22100
93.9149 22440
94.1629 22780
94.496 23120
94.8574 23460
95.8 16320
96.1552 16660
96.2749 17000
96.2812 17340
96.2875 17680
96.2938 18020
96.3001 18360
96.3065 18700
96.3128 19040
96.3506 19380
96.504 19720
96.6301 20060
96.7183 20400
96.8592 20740
97.0578 21080
97.1523 21420
97.3877 21760
97.4917 22100
97.579 15300
97.9341 15640
98.1075 15980
98.1138 16320
98.1201 16660
98.1264 17000
98.1327 17340
98.139 17680
98.202 18020
98.4658 18360
98.5162 18700
98.573 19040
98.821 19380
98.8651 19720
98.9407 20060
99.1793 20400
99.2612 20740
99.2801 14280
99.6416 14620
99.6983 14960
99.7099 15300
99.7194 15640
99.8928 15980
99.8991 16320
99.9054 16660
99.9684 17000
100.251 17340
100.276 17680
100.327 18020
100.439 18360
100.641 18700
100.723 19040
100.968 19380
101.056 19720
101.332 20060
101.687 20400
101.697 14280
102.055 14620
102.112 14960
102.118 15300
102.125 15640
102.131 15980
102.15 16320
102.237 16660
102.467 17000
102.53 17340
102.756 17680
102.841 18020
102.923 18360
103.13 18700
103.263 19040
103.536 19380
103.624 19720
103.9 20060
104.259 20400
106.691 20740
107.05 21080
107.213 21420
107.411 21760
107.578 22100
107.76 22440
107.854 22780
107.974 23120
108.115 23460
108.188 23800
108.333 24140
108.549 24480
108.625 24820
108.7 25160
108.866 25500
108.942 25840
108.999 26180
109.043 26520
109.187 26860
109.225 27200
109.272 19040
109.627 19380
109.706 19720
109.712 20060
109.719 20400
109.725 20740
109.731 21080
109.75 21420
109.91 21760
110.061 22100
110.099 22440
110.175 22780
110.271 23120
110.419 23460
110.47 23800
110.533 24140
110.68 24480
110.828 24820
110.866 17340
111.221 17680
111.346 18020
111.353 18360
111.359 18700
111.365 19040
111.371 19380
111.378 19720
111.507 20060
111.57 20400
111.742 20740
111.846 21080
111.903 21420
112.075 21760
112.094 14960
112.453 15300
112.572 15640
112.579 15980
112.585 16320
112.591 16660
112.598 17000
112.61 17340
112.776 17680
112.934 18020
112.984 18360
113.138 12580
113.493 12920
113.66 13260
113.666 13600
113.673 13940
113.679 14280
113.685 14620
113.704 14960
113.845 15300
114.044 15640
114.119 15980
114.38 16320
114.455 16660
114.729 17000
114.798 17340
114.92 17680
115.122 12240
115.477 12580
115.53 12920
115.543 13260
115.549 13600
115.556 13940
115.627 14280
115.829 14620
115.92 14960
116.152 15300
116.241 15640
116.307 15980
116.596 16320
116.646 16660
116.891 17000
117.221 17340
117.372 17680
119.896 18020
120.255 18360
120.528 18700
120.801 19040
120.886 19380
121.156 19720
121.163 20060
121.257 20400
121.511 20740
121.518 21080
121.562 21420
121.65 21760
121.889 22100
121.961 22440
122.03 22780
122.228 23120
122.247 23460
122.316 23800
122.367 24140
122.423 24480
122.596 24820
122.634 25160
122.678 25500
122.716 25840
122.76 26180
122.798 26520
122.954 26860
122.979 27200
123.017 27540
123.049 27880
123.087 28220
123.118 28560
123.156 28900
123.3 29240
123.325 29580
123.35 29920
123.382 30260
123.407 30600
123.439 30940
123.476 31280
123.508 31620
123.539 31960
123.655 32300
123.674 32640
123.705 32980
123.731 33320
123.756 33660
123.787 34000
123.819 34340
123.85 34680
123.882 35020
123.907 35360
123.939 35700
124.026 36040
124.051 36380
124.076 36720
124.108 37060
124.133 37400
124.158 37740
124.184 38080
124.215 38420
124.24 38760
124.265 39100
124.291 39440
124.316 39780
124.368 40120
124.387 40460
124.413 40800
124.438 41140
124.463 41480
124.488 41820
124.513 42160
124.539 42500
124.564 42840
124.595 43180
124.621 43520
124.646 43860
124.671 44200
124.696 44540
124.722 44880
124.747 45220
124.772 45560
124.797 45900
124.822 46240
124.848 46580
124.873 46920
124.898 47260
124.923 47600
124.948 47940
124.974 48280
124.999 48620
125.024 48960
125.049 49300
125.075 49640
125.1 49980
125.125 50320
125.144 50660
125.163 51000
125.188 51340
125.207 51680
125.232 52020
125.257 52360
125.276 52700
125.301 53040
125.32 53380
125.346 53720
125.365 54060
125.39 54400
125.409 54740
125.434 55080
125.453 55420
125.478 55760
125.497 56100
125.522 56440
125.541 39440
126.058 39780
126.064 40120
126.071 40460
126.077 40800
126.083 41140
126.089 41480
126.096 41820
126.102 42160
126.108 42500
126.14 42840
126.222 43180
126.298 43520
126.367 43860
126.43 44200
126.487 44540
126.543 44880
126.6 45220
126.663 45560
126.72 45900
126.783 46240
126.84 46580
126.903 46920
126.953 47260
127.016 47600
127.073 47940
127.136 48280
127.199 48620
127.262 48960
127.325 49300
127.388 49640
127.451 49980
127.514 50320
127.59 50660
127.665 51000
127.747 51340
127.823 51680
127.905 52020
127.987 52360
128.075 52700
128.176 53040
128.271 53380
128.384 53720
128.491 54060
128.617 54400
128.743 54740
128.907 55080
129.021 38420
129.525 38760
129.534 39100
129.54 39440
129.546 39780
129.553 40120
129.559 40460
129.565 40800
129.571 41140
129.578 41480
129.584 41820
129.653 42160
129.735 42500
129.817 42840
129.88 43180
129.95 43520
130.013 43860
130.063 44200
130.12 44540
130.177 44880
130.233 45220
130.29 45560
130.353 45900
130.41 46240
130.473 46580
130.53 46920
130.593 47260
130.649 47600
130.719 47940
130.788 48280
130.851 48620
130.92 48960
130.996 49300
131.072 49640
131.147 49980
131.223 50320
131.311 50660
131.393 51000
131.488 51340
131.582 51680
131.677 52020
131.797 52360
131.917 52700
132.036 53040
132.181 53380
132.32 53720
132.484 54060
132.736 54400
132.988 54740
133.493 55080
135.491 55420
135.844 55760
135.875 38760
136.389 39100
136.396 39440
136.402 39780
136.408 40120
136.414 40460
136.421 40800
136.427 41140
136.433 41480
136.44 41820
136.446 42160
136.452 42500
136.459 42840
136.471 43180
136.547 43520
136.679 43860
136.749 44200
136.83 44540
136.912 44880
136.963 45220
137.032 45560
137.064 31620
137.48 31960
137.551 32300
137.558 32640
137.564 32980
137.57 33320
137.576 33660
137.583 34000
137.589 34340
137.595 34680
137.633 35020
137.684 35360
137.766 35700
137.835 36040
137.947 36380
138.004 36720
138.061 37060
138.118 37400
138.181 37740
138.237 38080
138.293 26520
138.648 26860
138.759 27200
138.765 27540
138.771 27880
138.778 28220
138.784 28560
138.79 28900
138.796 29240
138.803 29580
138.866 29920
138.948 30260
139.114 30600
139.158 30940
139.215 31280
139.271 31620
139.341 31960
139.469 32300
139.519 32640
139.582 32980
139.658 33320
139.734 33660
139.865 34000
139.934 34340
140.01 34680
140.092 35020
140.227 35360
140.321 35700
140.435 36040
140.575 36380
140.733 36720
140.859 37060
141.053 37400
141.333 37740
141.591 38080
141.666 26520
142.021 26860
142.132 27200
142.138 27540
142.144 27880
142.15 28220
142.157 28560
142.163 28900
142.169 29240
142.176 29580
142.207 29920
142.302 30260
142.38 30600
142.537 30940
142.594 31280
142.651 31620
142.714 31960
142.845 32300
142.895 32640
142.959 32980
143.034 33320
143.11 33660
143.241 34000
143.311 34340
143.386 34680
143.468 35020
143.596 35360
143.697 35700
143.811 36040
143.952 36380
144.103 36720
144.235 37060
144.43 37400
144.703 37740
144.968 38080
146.231 26520
146.586 26860
146.702 27200
146.709 27540
146.715 27880
146.721 28220
146.728 28560
146.734 28900
146.74 29240
146.747 29580
146.753 29920
146.759 30260
146.765 30600
146.822 30940
146.882 31280
147.058 31620
147.14 31960
147.234 32300
147.329 32640
147.473 32980
147.548 33320
147.624 33660
147.706 34000
147.837 34340
147.913 34680
148.02 35020
148.164 35360
148.252 35700
148.359 36040
148.507 36380
148.671 36720
148.784 37060
148.978 37400
149.271 37740
149.516 38080
151.987 38420
152.339 38760
152.587 39100
152.782 39440
152.946 39780
153.091 40120
153.223 40460
153.343 40800
153.394 28560
153.766 28900
153.865 29240
153.872 29580
153.878 29920
153.884 30260
153.891 30600
153.897 30940
153.903 31280
153.91 31620
153.916 31960
153.922 32300
153.929 32640
153.979 32980
154.086 33320
154.24 33660
154.334 34000
154.403 34340
154.473 34680
154.598 35020
154.68 35360
154.762 35700
154.844 36040
154.962 36380
155.044 36720
155.126 37060
155.215 37400
155.321 37740
155.428 38080
155.523 38420
155.654 38760
155.774 39100
155.938 39440
156.078 39780
156.261 40120
156.532 40460
156.822 40800
159.249 41140
159.602 41480
159.848 41820
160.044 42160
160.214 42500
160.359 42840
160.491 43180
160.605 43520
160.718 43860
160.819 44200
161.002 44540
161.153 44880
161.292 45220
161.399 45560
161.5 45900
161.588 46240
161.67 46580
161.752 46920
161.815 47260
161.884 47600
161.96 47940
162.023 48280
162.086 48620
162.149 48960
162.206 49300
162.263 49640
162.319 49980
162.376 50320
162.42 50660
162.471 51000
162.521 51340
162.572 51680
162.616 52020
162.66 52360
162.71 52700
162.754 53040
162.798 53380
162.843 53720
162.887 54060
162.925 54400
162.969 54740
163 38080
163.505 38420
163.513 38760
163.519 39100
163.526 39440
163.532 39780
163.538 40120
163.544 40460
163.551 40800
163.557 41140
163.595 41480
163.664 41820
163.74 42160
163.809 42500
163.868 42840
163.931 43180
163.994 43520
164.045 43860
164.101 44200
164.158 44540
164.215 44880
164.272 45220
164.335 45560
164.391 45900
164.454 46240
164.511 46580
164.574 46920
164.631 47260
164.694 47600
164.763 47940
164.839 48280
164.908 48620
164.984 48960
165.06 49300
165.135 49640
165.211 49980
165.293 50320
165.375 50660
165.469 51000
165.564 51340
165.658 51680
165.778 52020
165.898 52360
166.018 52700
166.156 53040
166.301 53380
166.465 53720
166.711 54060
166.963 54400
167.209 38080
167.707 38420
167.719 38760
167.725 39100
167.731 39440
167.738 39780
167.744 40120
167.75 40460
167.757 40800
167.763 41140
167.769 41480
167.801 41820
167.87 42160
167.971 42500
168.047 42840
168.118 43180
168.181 43520
168.251 43860
168.314 44200
168.37 44540
168.427 44880
168.484 45220
168.541 45560
168.604 45900
168.66 46240
168.723 46580
168.793 46920
168.856 47260
168.931 47600
169.001 47940
169.076 48280
169.146 48620
169.221 48960
169.297 49300
169.373 49640
169.461 49980
169.537 50320
169.631 50660
169.719 51000
169.82 51340
169.934 51680
170.053 52020
170.173 52360
170.325 52700
170.451 53040
170.615 53380
170.734 37060
171.223 37400
171.244 37740
171.25 38080
171.257 38420
171.263 38760
171.269 39100
171.275 39440
171.282 39780
171.288 40120
171.294 40460
171.364 40800
171.427 41140
171.502 41480
171.578 41820
171.653 42160
171.716 42500
171.779 42840
171.829 43180
171.886 43520
171.943 43860
171.999 44200
172.056 44540
172.119 44880
172.176 45220
172.233 45560
172.302 45900
172.365 31960
172.784 32300
172.853 32640
172.859 32980
172.865 33320
172.871 33660
172.878 34000
172.884 34340
172.89 34680
172.897 35020
172.903 35360
172.985 35700
173.067 36040
173.143 36380
173.252 36720
173.309 37060
173.365 37400
173.422 37740
173.485 38080
173.563 38420
173.62 38760
173.676 39100
173.752 39440
173.821 39780
173.897 40120
173.972 40460
174.047 40800
174.123 41140
174.199 41480
174.287 41820
174.369 42160
174.463 42500
174.564 42840
174.659 43180
174.791 43520
174.892 43860
175.024 44200
175.163 44540
175.365 44880
175.573 45220
175.781 45560
176.203 45900
178.466 46240
178.819 46580
179.065 46920
179.261 47260
179.431 47600
179.576 47940
179.708 48280
179.822 48620
180.036 48960
180.15 49300
180.301 49640
180.452 49980
180.566 50320
180.666 50660
180.748 51000
180.843 51340
180.919 51680
181.001 52020
181.076 52360
181.133 52700
181.202 53040
181.272 53380
181.335 53720
181.391 54060
181.454 54400
181.505 54740
181.562 55080
181.618 55420
181.675 55760
181.719 56100
181.77 56440
181.82 56780
181.864 57120
181.915 57460
181.959 57800
182.009 58140
182.047 58480
182.091 58820
182.135 59160
182.179 59500
182.217 59840
182.261 60180
182.299 60520
182.337 60860
182.375 61200
182.413 61540
182.451 61880
182.488 62220
182.526 62560
182.564 62900
182.596 63240
182.627 63580
182.665 63920
182.696 64260
182.734 64600
182.766 64940
182.804 65280
182.835 65620
182.867 65960
182.898 66300
182.93 66640
182.961 66980
182.993 67320
183.024 67660
183.056 68000
183.081 68340
183.112 68680
183.144 69020
183.169 69360
183.201 69700
183.226 70040
183.257 70380
183.283 70720
183.314 71060
183.339 71400
183.371 71740
183.396 72080
183.428 72420
183.453 72760
183.472 73100
183.497 73440
183.528 73780
183.554 74120
183.579 74460
183.604 74800
183.629 75140
183.655 75480
183.68 75820
183.705 76160
183.73 53040
184.922 53380
184.931 37060
185.423 37400
185.441 37740
185.447 38080
185.453 38420
185.46 38760
185.466 39100
185.472 39440
185.479 39780
185.485 40120
185.491 40460
185.523 40800
185.617 41140
185.693 41480
185.778 41820
185.843 42160
185.906 42500
185.969 42840
186.032 43180
186.083 43520
186.139 43860
186.199 44200
186.256 44540
186.319 44880
186.376 45220
186.439 45560
186.508 45900
186.565 46240
186.634 46580
186.704 46920
186.779 47260
186.849 47600
186.924 47940
186.994 48280
187.076 48620
187.158 48960
187.246 49300
187.334 49640
187.429 49980
187.536 50320
187.637 50660
187.75 51000
187.87 51340
188.028 51680
188.185 52020
188.343 52360
188.589 52700
188.828 53040
189.32 53380
189.49 37060
189.979 37400
190 37740
190.006 38080
190.012 38420
190.019 38760
190.025 39100
190.031 39440
190.037 39780
190.044 40120
190.05 40460
190.075 40800
190.164 41140
190.246 41480
190.315 41820
190.389 42160
190.453 42500
190.516 42840
190.579 43180
190.642 43520
190.698 43860
190.755 44200
190.812 44540
190.875 44880
190.932 45220
190.951 31620
191.367 31960
191.435 32300
191.441 32640
191.448 32980
191.454 33320
191.46 33660
191.466 34000
191.473 34340
191.479 34680
191.53 35020
191.605 35360
191.687 35700
191.793 36040
191.85 36380
191.907 36720
191.957 37060
192.027 37400
192.096 37740
192.167 38080
192.23 38420
192.293 38760
192.363 39100
192.432 39440
192.516 39780
192.586 40120
192.661 40460
192.731 40800
192.825 41140
192.92 41480
193.014 41820
193.109 42160
193.21 42500
193.329 42840
193.437 43180
193.569 43520
193.701 43860
193.903 44200
194.111 44540
194.313 44880
194.729 45220
195.7 31620
196.116 31960
196.184 32300
196.19 32640
196.197 32980
196.203 33320
196.209 33660
196.216 34000
196.222 34340
196.228 34680
196.235 35020
196.241 35360
196.247 35700
196.279 36040
196.38 36380
196.542 36720
196.599 37060
196.669 37400
196.75 37740
196.839 38080
196.929 38420
196.998 38760
197.068 39100
197.137 39440
197.213 39780
197.294 40120
197.382 40460
197.451 40800
197.546 41140
197.64 41480
197.735 41820
197.83 42160
197.937 42500
198.057 42840
198.189 43180
198.321 43520
198.454 43860
198.655 44200
198.863 44540
199.065 44880
199.481 45220
201.757 45560
202.11 45900
202.362 46240
202.558 46580
202.721 46920
202.866 47260
202.999 47600
203.119 47940
203.327 48280
203.421 48620
203.591 48960
203.673 49300
203.818 49640
203.932 49980
204.026 50320
204.115 50660
204.203 51000
204.272 51340
204.348 51680
204.424 52020
204.48 52360
204.55 52700
204.619 53040
204.669 53380
204.732 53720
204.789 54060
204.846 54400
204.896 54740
204.953 55080
205.004 55420
205.054 55760
205.104 56100
205.155 56440
205.199 56780
205.243 57120
205.294 57460
205.338 57800
205.382 58140
205.426 58480
205.47 58820
205.508 59160
205.546 59500
205.59 59840
205.628 60180
205.665 60520
205.703 60860
205.741 61200
205.779 61540
205.817 61880
205.855 62220
205.886 62560
205.924 62900
205.955 63240
205.993 63580
206.025 63920
206.056 64260
206.094 64600
206.126 64940
206.157 65280
206.189 65620
206.22 65960
206.252 66300
206.283 66640
206.315 66980
206.346 67320
206.371 67660
206.397 68000
206.428 68340
206.46 68680
206.485 69020
206.516 69360
206.542 69700
206.573 70040
206.598 70380
206.63 70720
206.655 71060
206.687 71400
206.712 71740
206.743 72080
206.762 72420
206.788 72760
206.813 73100
206.838 73440
206.863 73780
206.888 74120
206.914 51680
207.594 52020
207.601 52360
207.607 52700
207.613 53040
207.62 53380
207.626 53720
207.632 54060
207.639 54400
207.645 54740
207.651 55080
207.658 55420
207.689 55760
207.765 56100
207.834 56440
207.897 56780
207.96 57120
208.017 57460
208.074 57800
208.13 58140
208.181 58480
208.237 58820
208.282 59160
208.332 59500
208.376 59840
208.427 60180
208.477 60520
208.527 60860
208.578 61200
208.628 61540
208.679 61880
208.729 62220
208.78 62560
208.83 62900
208.88 63240
208.931 63580
208.988 63920
209.038 64260
209.095 64600
209.158 64940
209.215 65280
209.278 65620
209.334 65960
209.397 66300
209.454 66640
209.523 66980
209.587 67320
209.656 67660
209.725 68000
209.801 68340
209.877 68680
209.952 69020
210.034 69360
210.122 69700
210.217 70040
210.305 70380
210.406 70720
210.507 71060
210.614 71400
210.746 71740
210.879 72080
211.011 72420
211.175 72760
211.364 73100
211.566 73440
211.906 73780
212.486 51340
213.167 51680
213.174 52020
213.18 52360
213.186 52700
213.192 53040
213.199 53380
213.205 53720
213.211 54060
213.218 54400
213.224 54740
213.23 55080
213.237 55420
213.243 55760
213.249 56100
213.318 56440
213.426 56780
213.508 57120
213.571 57460
213.64 57800
213.697 58140
213.753 58480
213.817 58820
213.861 59160
213.917 59500
213.968 59840
214.025 60180
214.075 60520
214.125 60860
214.176 61200
214.226 61540
214.277 61880
214.327 62220
214.384 62560
214.434 62900
214.485 63240
214.541 63580
214.598 63920
214.655 64260
214.712 64600
214.775 64940
214.831 65280
214.894 65620
214.951 65960
215.021 66300
215.084 66640
215.153 66980
215.216 67320
215.285 67660
215.361 68000
215.443 68340
215.519 68680
215.601 69020
215.689 69360
215.783 69700
215.872 70040
215.979 70380
216.073 70720
216.181 71060
216.307 71400
216.439 71740
216.584 72080
216.742 72420
216.937 72760
217.132 73100
217.467 73440
217.782 51340
218.459 51680
218.466 52020
218.472 52360
218.478 52700
218.485 53040
218.491 53380
218.497 53720
218.504 54060
218.51 54400
218.516 54740
218.522 55080
218.529 55420
218.535 55760
218.611 56100
218.699 56440
218.768 56780
218.844 57120
218.901 57460
218.957 57800
219.014 58140
219.071 58480
219.128 58820
219.178 59160
219.235 59500
219.285 59840
219.342 60180
219.392 60520
219.443 60860
219.487 61200
219.544 61540
219.594 61880
219.645 62220
219.695 62560
219.752 62900
219.808 63240
219.865 63580
219.922 63920
219.979 64260
220.035 64600
220.098 64940
220.155 65280
220.218 65620
220.281 65960
220.351 66300
220.414 66640
220.483 66980
220.546 67320
220.622 67660
220.697 68000
220.779 68340
220.855 68680
220.943 69020
221.038 69360
221.126 69700
221.233 70040
221.34 70380
221.448 70720
221.58 71060
221.706 71400
221.807 49980
222.466 50320
222.472 50660
222.478 51000
222.485 51340
222.491 51680
222.497 52020
222.503 52360
222.51 52700
222.516 53040
222.522 53380
222.529 53720
222.548 54060
222.642 54400
222.718 54740
222.787 55080
222.85 55420
222.907 55760
222.964 56100
223.02 56440
223.071 56780
223.121 57120
223.172 57460
223.222 57800
223.273 58140
223.329 58480
223.38 58820
223.436 59160
223.481 59500
223.537 59840
223.588 60180
223.644 60520
223.695 60860
223.752 61200
223.808 61540
223.865 61880
223.922 62220
223.979 62560
224.035 62900
224.092 63240
224.155 63580
224.218 63920
224.281 64260
224.344 64600
224.414 64940
224.483 65280
224.559 65620
224.634 65960
224.71 66300
224.798 66640
224.874 66980
224.962 67320
225.05 67660
225.157 68000
225.258 68340
225.365 68680
225.492 69020
225.618 69360
225.775 69700
225.939 70040
226.153 70380
226.317 70720
226.645 71060
227.301 71400
228.87 71740
229.223 72080
229.469 72420
229.829 72760
229.98 73100
230.226 73440
230.421 73780
230.591 74120
230.724 74460
230.856 74800
230.951 75140
231.064 75480
231.165 75820
231.253 76160
231.335 76500
231.424 76840
231.493 77180
231.575 77520
231.644 77860
231.714 78200
231.777 78540
231.84 78880
231.909 79220
231.959 79560
232.022 79900
232.079 80240
232.136 80580
232.193 80920
232.237 81260
232.294 81600
232.344 81940
232.394 82280
232.445 82620
232.489 82960
232.533 83300
232.577 83640
232.621 83980
232.665 84320
232.71 84660
232.747 85000
232.792 85340
232.829 85680
232.874 86020
232.911 86360
232.949 86700
232.987 87040
233.025 87380
233.063 87720
233.1 88060
233.132 88400
233.17 88740
233.201 89080
233.239 89420
233.271 89760
233.308 90100
233.34 90440
233.378 90780
233.409 91120
233.441 91460
233.472 91800
233.504 92140
233.535 92480
233.567 92820
233.598 93160
233.63 93500
233.662 93840
233.687 94180
233.712 94520
233.743 94860
233.769 95200
233.8 95540
233.825 95880
233.857 96220
233.882 96560
233.914 96900
233.939 97240
233.97 97580
233.996 97920
234.021 98260
234.052 98600
234.071 98940
234.096 99280
234.122 99620
234.147 99960
234.172 100300
234.197 100640
234.223 100980
234.248 101320
234.273 101660
234.298 102000
234.323 102340
234.349 102680
234.374 103020
234.399 103360
234.424 103700
234.45 104040
234.475 104380
234.494 104720
234.519 105060
234.538 105400
234.563 105740
234.582 106080
234.607 106420
234.626 106760
234.651 107100
234.67 107440
234.695 107780
234.714 108120
234.739 108460
234.758 108800
234.784 109140
234.803 109480
234.828 109820
234.847 110160
234.872 110500
234.891 110840
234.916 111180
234.935 111520
234.954 111860
234.979 112200
234.998 112540
235.017 112880
235.036 113220
235.055 113560
235.074 113900
235.093 114240
235.111 114580
235.13 114920
235.149 115260
235.168 115600
235.187 115940
235.206 116280
235.225 116620
235.244 116960
235.263 117300
235.282 117640
235.301 117980
235.319 118320
235.338 118660
235.357 119000
235.376 119340
235.395 119680
235.414 120020
235.433 120360
235.452 120700
235.471 121040
235.49 121380
235.509 121720
235.527 122060
235.546 122400
235.565 122740
235.584 123080
235.603 123420
235.622 123760
235.641 124100
235.654 124440
235.672 124780
235.691 125120
235.704 125460
235.717 125800
235.736 126140
235.748 126480
235.767 126820
235.78 127160
235.799 127500
235.811 127840
235.83 128180
235.843 128520
235.852 89760
237.9 340
238.172 2720
238.56 5780
238.915 8160
238.937 10540
238.959 13600
239.289 14960
239.302 15980
239.311 18360
239.333 20740
239.355 23120
239.377 25500
239.399 27880
239.65 30260
239.672 32640
239.695 35020
239.717 37400
239.739 39780
239.761 42160
239.783 44540
239.805 46920
239.827 49300
239.849 51680
239.871 54060
239.893 56440
240.012 58820
240.034 61200
240.056 63580
240.122 63920
240.188 64260
240.255 64600
240.321 64940
240.387 65280
240.447 65620
240.516 65960
240.576 66300
240.639 46240
242.28 340
242.47 680
243.113 1020
243.117 1360
243.469 1700
243.472 2040
243.475 2380
243.478 2720
243.824 3060
243.827 3400
243.83 3740
243.833 4080
243.836 4420
243.84 4760
243.843 5100
243.846 5440
244.179 5780
244.182 6120
244.185 6460
244.188 6800
244.192 7140
244.195 7480
244.198 7820
244.201 8160
244.204 8500
244.207 8840
244.21 9180
244.214 9520
244.217 9860
244.22 10200
244.223 10540
244.226 10880
244.534 11220
244.537 11560
244.54 11900
244.544 12240
244.547 12580
244.55 12920
244.553 13260
244.556 13600
244.559 13940
244.562 14280
244.566 14620
244.569 14960
244.572 15300
244.575 15640
244.578 15980
244.581 16320
244.585 16660
244.588 17000
244.591 17340
244.594 17680
244.597 18020
244.6 18360
244.603 18700
244.607 19040
244.61 19380
244.613 19720
244.616 20060
244.619 20400
244.622 20740
244.626 21080
244.629 21420
244.632 21760
244.889 22100
244.892 22440
244.896 22780
244.908 15640
245.481 15980
245.487 16320
245.493 16660
245.5 17000
245.506 17340
245.512 17680
245.525 18020
245.55 18360
245.575 18700
245.613 19040
245.678 19380
245.748 19720
245.836 20060
245.905 20400
246.019 20740
246.142 21080
246.262 21420
246.422 21760
246.611 22100
246.86 22440
247.163 22780
249.571 23120
249.927 23460
250.173 23800
250.372 24140
250.542 24480
250.684 24820
250.816 25160
250.93 25500
251.04 25840
251.188 18020
251.636 18360
251.642 18700
251.648 19040
251.661 19380
251.667 19720
251.673 20060
251.68 20400
251.686 20740
251.692 21080
251.699 21420
251.705 21760
251.711 22100
251.762 22440
251.831 22780
251.9 23120
252.02 23460
252.124 23800
252.332 24140
252.468 24480
252.657 24820
252.874 25160
253.133 25500
253.492 25840
254.955 18020
255.396 18360
255.402 18700
255.409 19040
255.415 19380
255.421 19720
255.428 20060
255.434 20400
255.44 20740
255.446 21080
255.453 21420
255.459 21760
255.465 22100
255.472 22440
255.478 22780
255.484 23120
255.535 23460
255.68 23800
255.929 24140
256.096 24480
256.291 24820
256.54 25160
256.802 25500
257.215 25840
259.604 26180
259.96 26520
260.203 26860
260.401 27200
260.568 27540
260.713 27880
260.843 28220
260.966 28560
261.174 28900
261.265 29240
261.442 29580
261.523 29920
261.668 30260
261.754 30600
261.87 30940
261.952 31280
262.05 31620
262.116 31960
262.409 32300
262.554 32640
262.671 32980
262.746 33320
262.841 33660
262.939 34000
263.018 34340
263.084 34680
263.147 35020
263.21 35360
263.284 35700
263.351 36040
263.407 36380
263.461 36720
263.505 37060
263.556 37400
263.6 37740
263.655 38080
263.706 38420
263.753 38760
263.797 39100
263.829 39440
263.867 39780
263.904 40120
263.949 40460
263.986 40800
264.03 41140
264.064 41480
264.102 41820
264.14 42160
264.178 42500
264.215 42840
264.247 43180
264.285 43520
264.316 43860
264.354 44200
264.386 44540
264.411 44880
264.449 45220
264.48 45560
264.518 45900
264.543 46240
264.575 46580
264.606 46920
264.638 47260
264.669 47600
264.701 47940
264.732 48280
264.764 48620
264.795 48960
264.821 49300
264.852 49640
264.877 49980
264.909 50320
264.934 50660
264.966 51000
264.991 51340
265.022 51680
265.048 52020
265.073 52360
265.104 52700
265.129 53040
265.155 53380
265.18 53720
265.205 54060
265.23 54400
265.256 54740
265.281 55080
265.306 55420
265.331 55760
265.356 56100
265.382 56440
265.407 56780
265.432 57120
265.457 57460
265.483 57800
265.508 58140
265.533 58480
265.558 58820
265.577 59160
265.602 59500
265.621 59840
265.646 60180
265.665 60520
265.691 60860
265.709 61200
265.735 61540
265.754 61880
265.779 62220
265.798 62560
265.823 62900
265.842 63240
265.867 63580
265.886 63920
265.911 64260
265.93 64600
265.955 64940
265.974 65280
265.999 65620
266.018 65960
266.044 66300
266.062 66640
266.081 66980
266.1 67320
266.126 67660
266.144 68000
266.157 68340
266.176 68680
266.195 69020
266.22 69360
266.239 69700
266.252 70040
266.271 70380
266.289 70720
266.308 71060
266.327 71400
266.346 71740
266.365 72080
266.384 72420
266.403 72760
266.422 73100
266.441 73440
266.46 73780
266.479 74120
266.497 74460
266.516 74800
266.535 75140
266.554 75480
266.573 75820
266.592 76160
266.611 76500
266.63 76840
266.649 77180
266.668 77520
266.687 77860
266.705 78200
266.724 78540
266.743 78880
266.762 79220
266.781 79560
266.8 79900
266.819 80240
266.838 80580
266.85 80920
266.863 81260
266.882 81600
266.901 81940
266.914 82280
266.926 82620
266.945 82960
266.958 83300
266.977 83640
266.989 83980
267.008 84320
267.021 84660
267.04 85000
267.052 85340
267.071 85680
267.084 86020
267.103 86360
267.115 86700
267.134 87040
267.147 87380
267.166 87720
267.178 88060
267.197 88400
267.21 88740
267.229 89080
267.241 89420
267.26 89760
267.273 90100
267.292 90440
267.304 90780
267.323 91120
267.336 91460
267.355 91800
267.367 92140
267.386 92480
267.399 92820
267.418 93160
267.43 93500
267.449 93840
267.462 94180
267.481 94520
267.493 94860
267.512 95200
267.525 95540
267.544 95880
267.557 96220
267.575 96560
267.588 96900
267.607 97240
267.62 97580
267.638 97920
267.651 98260
267.67 98600
267.683 98940
267.702 99280
267.714 99620
267.733 99960
267.746 100300
267.758 100640
267.771 100980
267.79 101320
267.796 101660
267.809 102000
267.828 102340
267.84 102680
267.853 103020
267.859 103360
267.872 103700
267.891 104040
267.903 104380
267.916 104720
267.922 105060
267.935 105400
267.954 105740
267.966 106080
267.973 106420
267.985 106760
267.998 107100
268.017 107440
268.023 107780
268.036 108120
268.048 108460
268.061 108800
268.073 109140
268.086 109480
268.099 109820
268.111 110160
268.124 110500
268.137 110840
268.149 111180
268.162 111520
268.174 111860
268.187 112200
268.2 112540
268.212 112880
268.225 113220
268.237 113560
268.25 113900
268.263 114240
268.275 114580
268.288 114920
268.3 115260
268.313 115600
268.326 115940
268.338 116280
268.351 116620
268.363 116960
268.376 117300
268.389 117640
268.401 117980
268.414 118320
268.426 118660
268.439 119000
268.452 119340
268.464 119680
268.477 120020
268.49 120360
268.502 120700
268.515 121040
268.527 121380
268.54 121720
268.553 122060
268.565 122400
268.584 122740
268.59 123080
268.603 123420
268.616 123760
268.628 124100
268.641 124440
268.653 124780
268.666 125120
268.679 125460
268.691 125800
268.704 126140
268.716 126480
268.729 126820
268.742 127160
268.754 127500
268.767 127840
268.78 128180
268.792 128520
268.805 128860
268.817 129200
268.83 129540
268.843 129880
268.855 130220
268.868 130560
268.88 130900
268.893 131240
268.906 131580
268.918 131920
268.931 132260
268.943 132600
268.956 132940
268.969 133280
268.981 133620
268.994 133960
269.006 134300
269.019 134640
269.032 134980
269.044 135320
269.057 135660
269.069 136000
269.082 136340
269.095 136680
269.107 137020
269.123 95880
271.186 340
271.408 2040
271.824 3740
271.84 5440
272.192 7140
272.208 8840
272.224 10540
272.239 12240
272.56 13940
272.576 15640
272.591 17340
272.607 19040
272.623 20740
272.639 22440
272.654 24140
272.67 25840
272.928 27540
272.943 29240
272.959 30940
272.975 32640
272.991 34340
273.006 36040
273.022 37740
273.038 39440
273.054 41140
273.07 42840
273.085 44540
273.101 46240
273.117 47940
273.133 49640
273.148 51340
273.164 53040
273.295 54740
273.311 56440
273.327 58140
273.343 59840
273.358 62220
273.381 63240
273.39 64940
273.406 66640
273.422 68340
273.485 68680
273.548 69020
273.611 69360
273.674 69700
273.737 70040
273.8 70380
273.863 70720
273.926 71060
273.989 71400
274.036 71740
274.121 72080
274.626 72420
275.02 50660
276.579 340
276.841 680
277.399 1020
277.402 1360
277.754 1700
277.758 2040
277.761 2380
277.764 2720
278.11 3060
278.113 3400
278.116 3740
278.119 4080
278.122 4420
278.125 4760
278.129 5100
278.132 5440
278.465 5780
278.468 6120
278.471 6460
278.474 6800
278.477 7140
278.481 7480
278.484 7820
278.487 8160
278.49 8500
278.493 8840
278.496 9180
278.499 9520
278.503 9860
278.506 10200
278.509 10540
278.512 10880
278.82 11220
278.823 11560
278.826 11900
278.829 12240
278.833 12580
278.836 12920
278.839 13260
278.842 13600
278.845 13940
278.848 14280
278.852 14620
278.855 14960
278.858 15300
278.861 15640
278.864 15980
278.867 16320
278.87 16660
278.874 17000
278.877 17340
278.88 17680
278.883 18020
278.886 18360
278.889 65280
279.323 45560
280.958 340
281.161 680
281.788 1020
281.791 1360
282.143 1700
282.146 2040
282.15 2380
282.153 2720
282.498 3060
282.502 3400
282.505 3740
282.508 4080
282.511 4420
282.514 4760
282.517 5100
282.521 5440
282.854 5780
282.857 6120
282.86 6460
282.863 6800
282.866 7140
282.869 7480
282.873 7820
282.879 8500
282.882 8840
282.885 9180
282.888 9520
282.891 9860
282.895 10200
282.898 10540
282.901 10880
283.209 11220
283.212 11560
283.215 11900
283.218 12240
283.221 12580
283.225 12920
283.228 13260
283.231 13600
283.234 13940
283.237 14280
283.24 14620
283.243 14960
283.247 15300
283.25 15640
283.253 15980
283.256 16320
283.259 16660
283.262 17000
283.266 17340
283.269 17680
283.272 18020
283.275 18360
283.278 18700
283.284 19380
283.297 13260
283.908 13600
283.966 13940
283.973 14280
283.979 14620
283.985 14960
283.992 15300
283.998 15640
284.004 15980
284.011 16320
284.017 16660
284.023 17000
284.029 17340
284.036 17680
284.137 18020
284.328 18360
284.501 18700
284.749 19040
285.101 19380
285.9 13260
286.255 13600
286.315 13940
286.321 14280
286.327 14620
286.334 14960
286.34 15300
286.346 15640
286.353 15980
286.359 16320
286.365 16660
286.372 17000
286.378 17340
286.384 17680
286.487 18020
286.604 12580
286.995 12920
287.063 13260
287.069 13600
287.076 13940
287.082 14280
287.088 14620
287.095 14960
287.101 15300
287.107 15640
287.113 15980
287.12 16320
287.246 16660
287.453 17000
287.639 17340
287.953 17680
288.264 18020
290.766 18360
291.118 18700
291.375 19040
291.565 19380
291.737 19720
291.879 20060
292.005 20400
292.127 20740
292.234 21080
292.335 21420
292.428 21760
292.52 22100
292.684 22440
292.813 22780
293.392 23120
293.543 23460
293.612 23800
293.709 24140
293.845 24480
293.939 24820
294.018 25160
294.09 25500
294.165 25840
294.228 26180
294.288 26520
294.351 26860
294.402 27200
294.457 27540
294.508 27880
294.564 28220
294.615 28560
294.665 28900
294.7 29240
294.744 29580
294.776 29920
294.831 30260
294.879 30600
294.923 30940
294.97 31280
295.008 31620
295.046 31960
295.08 32300
295.118 32640
295.152 32980
295.196 33320
295.234 33660
295.275 34000
295.316 34340
295.344 34680
295.372 35020
295.407 35360
295.432 35700
295.467 36040
295.492 36380
295.529 36720
295.557 37060
295.598 37400
295.63 37740
295.665 38080
295.693 38420
295.725 38760
295.75 39100
295.781 39440
295.806 39780
295.832 40120
295.857 40460
295.888 40800
295.914 41140
295.947 28560
296.329 28900
296.425 29240
296.432 29580
296.438 29920
296.444 30260
296.451 30600
296.457 30940
296.463 31280
296.47 31620
296.526 31960
296.583 32300
296.646 32640
296.799 32980
296.856 33320
296.919 33660
296.976 34000
297.039 34340
297.151 34680
297.208 35020
297.271 35360
297.334 35700
297.378 24820
297.746 25160
297.878 25500
297.884 25840
297.89 26180
297.896 26520
297.903 26860
297.909 27200
297.915 27540
297.922 27880
297.972 28220
298.06 28560
298.236 28900
298.286 29240
298.356 29580
298.406 29920
298.475 30260
298.626 30600
298.682 30940
298.752 31280
298.821 31620
298.981 31960
299.05 32300
299.126 32640
299.227 32980
299.38 33320
299.468 33660
299.569 34000
299.742 34340
299.887 34680
300.087 35020
300.376 35360
300.616 35700
300.936 24820
301.292 25160
301.396 25500
301.402 25840
301.408 26180
301.414 26520
301.445 26860
301.451 27200
301.458 27540
301.464 27880
301.473 28220
301.499 28560
301.58 28900
301.754 29240
301.828 29580
301.898 29920
301.973 30260
302.109 30600
302.18 30940
302.25 31280
302.325 31620
302.464 31960
302.545 32300
302.64 32640
302.741 32980
302.903 33320
303.004 33660
303.111 34000
303.29 34340
303.422 34680
303.629 35020
303.891 35360
304.152 35700
304.963 24820
305.318 25160
305.422 25500
305.428 25840
305.435 26180
305.441 26520
305.447 26860
305.454 27200
305.46 27540
305.466 27880
305.473 28220
305.479 28560
305.529 28900
305.67 29240
305.793 29580
305.888 29920
305.976 30260
306.139 30600
306.202 30940
306.271 31280
306.347 31620
306.494 31960
306.57 32300
306.664 32640
306.765 32980
306.931 33320
307.032 33660
307.139 34000
307.311 34340
307.45 34680
307.657 35020
307.921 35360
308.179 35700
310.628 36040
310.983 36380
311.228 36720
311.429 37060
311.595 37400
311.652 26180
312.721 26520
312.825 18360
313.089 18700
313.28 19040
313.286 19380
313.292 19720
313.299 20060
313.305 20400
313.311 20740
313.318 21080
313.324 21420
313.33 21760
313.378 22100
313.535 22440
313.638 22780
313.644 23120
313.726 23460
313.827 23800
313.996 24140
314.053 24480
314.179 24820
314.355 25160
314.5 25500
314.868 25840
315.229 26180
315.587 26520
318.004 26860
318.124 18700
318.479 19040
318.67 19380
318.677 19720
318.683 20060
318.689 20400
318.695 20740
318.702 21080
318.708 21420
318.714 21760
318.721 22100
318.765 22440
319.029 22780
319.035 23120
319.041 23460
319.117 23800
319.218 24140
319.387 24480
319.444 24820
319.57 25160
319.887 25500
320.1 25840
320.277 26180
320.638 26520
321.006 26860
322.615 18700
323.325 19040
323.401 19380
323.407 19720
323.417 20060
323.423 20400
323.429 20740
323.436 21080
323.442 21420
323.467 21760
323.536 22100
323.658 22440
323.759 22780
323.778 23120
324.013 23460
324.118 23800
324.206 24140
324.391 24480
324.567 24820
324.643 25160
324.894 25500
325.007 25840
325.259 26180
325.548 26520
325.743 26860
325.988 18700
326.343 19040
326.422 19380
326.428 19720
326.434 20060
326.441 20400
326.447 20740
326.453 21080
326.512 21420
326.629 21760
326.78 22100
326.837 22440
326.978 22780
327.041 23120
327.183 23460
327.33 23800
327.386 24140
327.522 24480
327.616 24820
327.748 25160
327.942 25500
328.072 25840
328.248 26180
328.569 26520
328.795 26860
331.259 27200
331.614 27540
331.859 27880
332.06 28220
332.226 28560
332.368 28900
332.497 29240
332.619 29580
332.727 29920
332.834 30260
332.927 30600
333.107 30940
333.252 31280
333.334 31620
333.459 31960
333.547 32300
333.626 32640
333.702 32980
333.789 33320
333.852 33660
333.931 34000
333.975 23800
334.33 24140
334.452 24480
334.458 24820
334.465 25160
334.471 25500
334.477 25840
334.483 26180
334.49 26520
334.509 26860
334.591 27200
334.807 27540
334.839 27880
334.902 28220
334.965 28560
335.028 28900
335.191 29240
335.254 29580
335.323 29920
335.392 30260
335.552 30600
335.621 30940
335.716 31280
335.876 31620
335.964 31960
336.059 32300
336.234 32640
336.379 32980
336.589 33320
336.835 33660
337.108 34000
339.55 34340
339.902 34680
340.163 35020
340.346 35360
340.521 35700
340.657 36040
340.789 36380
340.905 36720
341.018 37060
341.119 37400
341.214 37740
341.402 38080
341.54 38420
341.64 38760
341.751 39100
341.82 39440
341.908 39780
341.996 40120
342.053 40460
342.129 40800
342.204 41140
342.268 41480
342.331 41820
342.394 42160
342.457 42500
342.501 42840
342.557 43180
342.57 29920
342.967 30260
343.051 30600
343.058 30940
343.064 31280
343.07 31620
343.077 31960
343.083 32300
343.089 32640
343.095 32980
343.146 33320
343.203 33660
343.278 34000
343.413 34340
343.47 34680
343.52 35020
343.583 35360
343.646 35700
343.709 36040
343.809 36380
343.866 36720
343.929 37060
343.967 25840
344.686 26180
344.784 26520
344.79 26860
344.797 27200
344.803 27540
344.833 27880
344.84 28220
344.846 28560
344.865 28900
344.941 29240
345.001 29580
345.139 29920
345.208 30260
345.264 30600
345.327 30940
345.397 31280
345.526 31620
345.591 31960
345.667 32300
345.723 32640
345.859 32980
345.921 33320
345.997 33660
346.091 34000
346.217 34340
346.308 34680
346.415 35020
346.569 35360
346.727 35700
346.834 36040
347.038 36380
347.327 36720
347.566 37060
350.04 37400
350.395 37740
350.64 38080
350.838 38420
351.008 38760
351.153 39100
351.234 27200
351.59 27540
351.702 27880
351.709 28220
351.715 28560
351.721 28900
351.728 29240
351.734 29580
351.74 29920
351.746 30260
351.753 30600
351.759 30940
351.765 31280
351.816 31620
351.873 31960
351.929 32300
352.058 32640
352.184 32980
352.253 33320
352.297 23120
352.662 23460
352.809 23800
352.815 24140
352.821 24480
352.828 24820
352.834 25160
352.84 25500
352.847 25840
352.853 26180
352.903 26520
352.979 26860
353.177 27200
353.227 27540
353.29 27880
353.353 28220
353.519 28560
353.582 28900
353.645 29240
353.715 29580
353.874 29920
353.944 30260
354.038 30600
354.133 30940
354.311 31280
354.406 31620
354.585 31960
354.723 32300
354.946 22440
355.301 22780
355.396 23120
355.402 23460
355.408 23800
355.415 24140
355.421 24480
355.427 24820
355.434 25160
355.44 25500
355.541 25840
355.751 26180
355.808 26520
355.864 26860
355.927 27200
356.109 27540
356.16 27880
356.223 28220
356.292 28560
356.468 28900
356.524 29240
356.613 29580
356.701 29920
356.889 30260
356.977 30600
357.021 21080
357.383 21420
357.549 21760
357.555 22100
357.561 22440
357.568 22780
357.574 23120
357.58 23460
357.587 23800
357.599 24140
357.669 24480
357.904 24820
357.929 25160
357.986 25500
358.043 25840
358.125 26180
358.313 26520
358.376 26860
358.433 27200
358.618 27540
358.681 27880
358.762 28220
358.844 28560
359.039 28900
359.171 29240
359.403 29580
359.536 29920
359.793 30260
360.126 30600
361.211 21080
361.566 21420
361.657 21760
361.664 22100
361.67 22440
361.676 22780
361.683 23120
361.689 23460
361.695 23800
361.702 24140
361.708 24480
361.833 24820
361.864 25160
362.063 25500
362.139 25840
362.229 26180
362.39 26520
362.472 26860
362.594 27200
362.739 27540
362.814 27880
362.936 28220
363.091 28560
363.179 28900
363.339 29240
363.547 29580
363.7 29920
363.973 30260
364.27 30600
366.686 30940
367.045 31280
367.29 31620
367.488 31960
367.654 32300
367.799 32640
367.932 32980
368.085 33320
368.154 33660
368.255 34000
368.362 34340
368.569 34680
368.677 35020
368.824 35360
368.887 35700
368.962 36040
369.044 36380
369.15 36720
369.21 37060
369.273 37400
369.343 37740
369.406 38080
369.456 38420
369.531 38760
369.594 39100
369.638 39440
369.688 39780
369.733 40120
369.783 40460
369.84 40800
369.892 41140
369.936 41480
369.981 41820
370.031 42160
370.075 42500
370.126 42840
370.163 43180
370.208 43520
370.239 30260
370.639 30600
370.72 30940
370.727 31280
370.733 31620
370.739 31960
370.745 32300
370.752 32640
370.758 32980
370.764 33320
370.809 33660
370.884 34000
370.96 34340
371.085 34680
371.142 35020
371.205 35360
371.255 35700
371.324 36040
371.387 36380
371.484 36720
371.541 37060
371.604 37400
371.673 37740
371.743 38080
371.833 38420
371.902 38760
371.972 39100
372.06 39440
372.16 39780
372.248 40120
372.343 40460
372.431 40800
372.557 41140
372.683 41480
372.809 41820
372.942 42160
373.137 42500
373.332 42840
373.484 29920
373.875 30260
373.962 30600
373.968 30940
373.974 31280
373.981 31620
373.987 31960
373.993 32300
374 32640
374.006 32980
374.012 33320
374.063 33660
374.157 34000
374.317 34340
374.361 34680
374.424 35020
374.493 35360
374.55 35700
374.62 36040
374.726 36380
374.795 36720
374.858 37060
374.927 37400
374.997 37740
375.09 38080
375.16 38420
375.248 38760
375.336 39100
375.433 39440
375.521 39780
375.616 40120
375.735 40460
375.862 40800
375.988 41140
376.126 41480
376.303 41820
376.498 42160
376.725 42500
377.085 42840
379.442 43180
379.795 43520
380.041 43860
380.237 44200
380.4 44540
380.552 44880
380.678 45220
380.798 45560
380.905 45900
381.069 31960
381.488 32300
381.556 32640
381.562 32980
381.569 33320
381.575 33660
381.581 34000
381.588 34340
381.594 34680
381.6 35020
381.607 35360
381.613 35700
381.689 36040
381.758 36380
381.846 36720
381.968 37060
382.031 37400
382.1 37740
382.17 38080
382.239 38420
382.32 38760
382.383 39100
382.459 39440
382.528 39780
382.604 40120
382.675 40460
382.751 40800
382.827 41140
382.902 41480
382.99 41820
383.072 42160
383.167 42500
383.268 42840
383.362 43180
383.495 43520
383.596 43860
383.728 44200
383.867 44540
384.068 44880
384.276 45220
384.485 45560
384.907 45900
385.499 31960
385.919 32300
385.987 32640
385.993 32980
386 33320
386.006 33660
386.012 34000
386.019 34340
386.025 34680
386.031 35020
386.037 35360
386.044 35700
386.05 36040
386.173 36380
386.23 36720
386.367 37060
386.443 37400
386.506 37740
386.575 38080
386.645 38420
386.732 38760
386.801 39100
386.871 39440
386.946 39780
387.016 40120
387.093 40460
387.163 40800
387.238 41140
387.32 41480
387.409 41820
387.503 42160
387.604 42500
387.699 42840
387.8 43180
387.926 43520
388.026 43860
388.165 44200
388.298 44540
388.506 44880
388.714 45220
388.922 45560
389.344 45900
391.601 46240
391.954 46580
392.2 46920
392.395 47260
392.565 47600
392.71 47940
392.843 48280
392.956 48620
393.171 48960
393.284 49300
393.435 49640
393.517 34680
393.971 35020
394.014 35360
394.021 35700
394.027 36040
394.033 36380
394.039 36720
394.046 37060
394.052 37400
394.058 37740
394.065 38080
394.102 26520
394.483 26860
394.568 27200
394.574 27540
394.581 27880
394.587 28220
394.593 28560
394.599 28900
394.606 29240
394.618 29580
394.728 29920
394.791 30260
394.923 30600
394.974 30940
395.037 31280
395.102 31620
395.171 31960
395.297 32300
395.354 32640
395.417 32980
395.493 33320
395.568 33660
395.7 34000
395.769 34340
395.845 34680
395.927 35020
396.061 35360
396.156 35700
396.269 36040
396.41 36380
396.568 36720
396.718 37060
396.888 37400
397.164 37740
397.441 38080
398.375 26520
398.73 26860
398.846 27200
398.858 27540
398.865 27880
398.871 28220
398.877 28560
398.884 28900
398.89 29240
398.896 29580
398.902 29920
398.909 30260
398.915 30600
398.972 30940
399.088 31280
399.28 31620
399.349 31960
399.425 32300
399.559 32640
399.632 32980
399.707 33320
399.783 33660
399.914 34000
399.99 34340
400.072 34680
