0.0 0
0.166191 3400
0.33547 3740
0.341774 4420
0.348078 5100
0.354382 5780
0.360686 6460
0.504317 7140
0.510621 7820
0.516925 8500
0.523229 9180
0.529533 9860
0.535837 10540
0.542141 11220
0.548445 11900
0.554749 12580
0.673165 13260
0.679469 13940
0.685773 14620
0.692077 15300
0.698381 15980
0.704685 16660
0.710989 17340
0.717293 18020
0.723597 18700
0.729901 19380
0.736205 20060
0.742509 20740
0.748813 21420
0.755117 22100
0.761421 22780
0.767725 23460
0.774029 24140
0.780333 24820
0.842012 25500
0.848316 26180
0.85462 26860
0.860924 27540
0.867228 28220
0.873532 28900
0.879836 29580
0.88614 30260
0.892444 30940
0.898748 31620
0.905052 32300
0.911356 32980
0.91766 33660
0.923964 34340
0.930268 35020
0.936572 35700
0.942876 36380
0.94918 37060
0.955484 37740
0.961788 38420
0.968092 39100
0.974396 39780
0.9807 40460
0.987004 41140
0.993308 41820
0.999612 42500
1.00592 43180
1.01222 43860
1.01852 44540
1.02483 45220
1.03113 45900
1.03744 46580
1.04374 47260
1.05004 47940
1.05635 48620
1.06265 49300
1.06896 49980
1.07526 50660
1.08156 51340
1.08787 52020
1.09417 52700
1.10048 53380
1.10678 54060
1.11308 54740
1.11939 55420
1.12569 56100
1.132 56780
1.1383 57460
1.1446 58140
1.15091 58820
1.15721 59500
1.16352 60180
1.16982 60860
1.17612 61540
1.18243 62220
1.18873 62900
1.19504 63580
1.20134 64260
1.20764 64940
1.21395 65620
1.22025 66300
1.22656 66980
1.23286 67660
1.23916 68340
1.24547 69020
1.25177 69700
1.25808 70380
1.26438 71060
1.27068 71740
1.27699 72420
1.28329 73100
1.2896 73780
1.2959 74460
1.3022 75140
1.30851 75820
1.31481 76500
1.32112 77180
1.32742 77860
1.33372 78540
1.34003 79220
1.34633 79900
1.35264 80580
1.35894 81260
1.36524 81940
1.37155 82620
1.37785 83300
1.38416 83980
1.39046 84660
1.39676 85340
1.40307 86020
1.40937 86700
1.41568 87380
1.42198 88060
1.42828 88740
1.43459 89420
1.44089 90100
1.4472 90780
1.4535 91460
1.4598 92140
1.46611 92820
1.47241 93500
1.47872 94180
1.48502 94860
1.49132 95540
1.49763 96220
1.50393 96900
1.51024 97580
1.51654 98260
1.52284 98940
1.52915 99620
1.53545 100300
1.54176 100980
1.54806 101660
1.55436 102340
1.56067 103020
1.56697 103700
1.57328 104380
1.57958 105060
1.58588 105740
1.59219 106420
1.59849 107100
1.6048 107780
1.6111 108460
1.6174 109140
1.62371 109820
1.63001 110500
1.63632 111180
1.64262 111860
1.64892 112540
1.65523 113220
1.66153 113900
1.66784 114580
1.67414 115260
1.68044 115940
1.68675 116620
1.69305 117300
1.69936 117980
1.70566 118660
1.71196 119340
1.71827 120020
1.72457 120700
1.73088 121380
1.73718 122060
1.74348 122740
1.74979 123420
1.75609 124100
1.7624 124780
1.7687 125460
1.775 126140
1.78131 126820
1.78761 127500
1.79392 128180
1.80022 128860
1.80652 129540
1.81283 130220
1.81913 130900
1.82544 131580
1.83174 132260
1.83804 132940
1.84435 133620
1.85065 134300
1.85696 134980
1.86326 135660
1.86956 136340
1.87587 137020
1.88217 137700
1.88848 138380
1.89478 139060
1.90108 139740
1.90739 140080
1.91684 97920
3.563 340
3.61577 680
3.83956 1700
4.00841 2040
4.01156 3060
4.02102 3400
4.17726 4420
4.18671 4760
4.18987 5780
4.19932 6120
4.20247 7140
4.34926 7480
4.35241 8500
4.36187 8840
4.36502 9860
4.37447 10200
4.37763 11220
4.38708 11560
4.39023 12580
4.39969 12920
4.40284 13940
4.4123 14280
4.5181 15300
4.52756 15640
4.53071 16660
4.54017 17000
4.54332 18020
4.55278 18360
4.55593 19380
4.56538 19720
4.56854 20740
4.57799 21080
4.58114 22100
4.5906 22440
4.59375 23460
4.60321 23800
4.60636 24820
4.61582 25160
4.61897 26180
4.62842 26520
4.63158 27540
4.64103 27880
4.64418 28900
4.6901 29240
4.69326 30260
4.70271 30600
4.70586 31620
4.71532 31960
4.71847 32980
4.72793 33320
4.73108 34340
4.74054 34680
4.74369 35700
4.75314 36040
4.7563 37060
4.76575 37400
4.7689 38420
4.77836 38760
4.78151 39780
4.79097 40120
4.79412 41140
4.80358 41480
4.80673 42500
4.81618 42840
4.81934 43860
4.82879 44200
4.83194 45220
4.8414 45560
4.84455 46580
4.85401 46920
4.85716 47940
4.86662 48280
4.86977 49300
4.87922 49640
4.88238 50660
4.89183 51000
4.89498 52020
4.90444 52360
4.90759 53380
4.91705 53720
4.9202 54740
4.92966 55080
4.93281 56100
4.94226 56440
4.94542 57460
4.95487 57800
4.95802 58820
4.96748 59160
4.97063 60180
4.98009 60520
4.98324 61540
4.9927 61880
4.99585 62900
5.0053 63240
5.00846 64260
5.01791 64600
5.02106 65620
5.03052 65960
5.03367 66980
5.04313 67320
5.04628 68340
5.10932 68680
5.17236 69020
5.2354 69360
5.29844 69700
5.36148 70040
5.42452 70380
5.48756 70720
5.5506 71060
5.61364 71400
5.67668 71740
5.69874 49980
7.3323 340
7.68135 680
7.8502 1020
7.85335 1360
8.01905 1700
8.0222 2040
8.02535 2380
8.0285 2720
8.18789 3060
8.19105 3400
8.1942 3740
8.19735 4080
8.2005 4420
8.20365 4760
8.20681 5100
8.20996 5440
8.35674 5780
8.35989 6120
8.36304 6460
8.3662 6800
8.36935 7140
8.3725 7480
8.37565 7820
8.3788 8160
8.38196 8500
8.38511 8840
8.38826 9180
8.39141 9520
8.39456 9860
8.39772 10200
8.40087 10540
8.40402 10880
8.52559 11220
8.52874 11560
8.53189 11900
8.53504 12240
8.5382 12580
8.54135 12920
8.5445 13260
8.54765 13600
8.5508 13940
8.55396 14280
8.55711 14620
8.56026 14960
8.56341 15300
8.56656 15640
8.56972 15980
8.57287 16320
8.57602 16660
8.57917 17000
8.58232 17340
8.58548 17680
8.58863 18020
8.59178 18360
8.59493 18700
8.59808 19040
8.60124 19380
8.60439 19720
8.60754 20060
8.61069 20400
8.61384 20740
8.617 21080
8.62015 21420
8.6233 21760
8.69443 22100
8.69759 22440
8.70074 22780
8.70389 23120
8.70704 23460
8.71019 23800
8.71335 24140
8.7165 24480
8.71965 24820
8.7228 25160
8.72595 25500
8.72911 25840
8.73226 26180
8.73541 26520
8.73856 26860
8.74171 27200
8.74487 27540
8.74802 27880
8.75117 28220
8.75432 28560
8.75747 28900
8.76063 29240
8.76378 29580
8.76693 29920
8.77008 30260
8.77323 30600
8.77639 30940
8.77954 31280
8.78269 31620
8.78584 31960
8.78899 32300
8.79215 32640
8.7953 32980
8.79845 33320
8.8016 33660
8.80475 34000
8.80791 34340
8.81106 34680
8.87095 35020
8.93399 35360
8.99703 35700
9.06007 36040
9.12311 36380
9.15147 25160
10.4824 340
10.8788 680
11.0476 1020
11.0508 1360
11.2165 1700
11.2196 2040
11.2228 2380
11.3916 1360
11.5605 1700
11.5762 2040
11.723 2380
14.2557 2720
15.1157 3060
15.2877 3400
15.4849 3740
15.6569 4080
15.8037 4420
15.9694 4760
16.1382 5100
16.1666 5440
16.3102 5780
16.4822 6120
16.4886 6460
16.6511 6800
16.6574 7140
16.6889 7480
16.8199 7820
16.8325 8160
16.9919 8500
16.9982 8840
17.0298 9180
17.1639 9520
17.1892 9860
17.3328 10200
17.3517 10540
17.4021 10880
17.5142 11220
17.5395 11560
17.5773 11900
17.6736 12240
17.6988 12580
17.7367 12920
17.7745 13260
17.8677 13600
17.8929 13940
17.9244 14280
17.956 14620
18.0302 14960
18.0618 15300
18.087 15640
18.1248 15980
18.1865 16320
18.218 16660
18.2432 17000
18.2747 17340
18.3126 17680
18.3616 18020
18.3931 18360
18.4247 18700
18.4625 19040
18.494 19380
18.5336 19720
18.5651 20060
18.5967 20400
18.6282 20740
18.6534 21080
18.6849 21420
18.7164 21760
18.748 22100
18.7795 22440
18.811 22780
18.8488 23120
18.8803 23460
18.9119 23800
18.9371 24140
18.9686 24480
19.0001 24820
19.0316 25160
19.0632 25500
19.0947 25840
19.1199 26180
19.1451 26520
19.1766 26860
19.2019 27200
19.2334 27540
19.2649 27880
19.2901 28220
19.3216 28560
19.3468 28900
19.3784 29240
19.4036 29580
19.4225 29920
19.4477 30260
19.4729 30600
19.5044 30940
19.5297 31280
19.5549 31620
19.5801 31960
19.6053 32300
19.6305 32640
19.6557 32980
19.681 33320
19.7062 33660
19.7314 34000
19.7566 34340
19.7818 34680
19.807 35020
19.8259 35360
19.8512 35700
19.8764 36040
19.9016 36380
19.9268 36720
19.9457 37060
19.9646 37400
19.9899 37740
20.0088 38080
20.034 38420
20.0592 38760
20.0781 39100
20.1033 39440
20.1222 39780
20.1475 40120
20.1664 40460
20.1916 40800
20.2105 41140
20.2357 41480
20.2546 41820
20.2798 42160
20.2987 42500
20.324 42840
20.3429 43180
20.3618 43520
20.387 43860
20.4059 44200
20.4248 44540
20.4437 44880
20.4627 45220
20.4816 45560
20.5068 45900
20.5194 46240
20.5383 46580
20.5572 46920
20.5761 47260
20.595 47600
20.6203 47940
20.6329 48280
20.6518 48620
20.6707 48960
20.6896 49300
20.7085 49640
20.7274 49980
20.7463 50320
20.7652 50660
20.7842 51000
20.8031 51340
20.822 51680
20.8409 52020
20.8598 52360
20.8787 52700
20.8976 53040
20.9165 53380
20.9355 53720
20.9544 54060
20.9733 54400
20.9922 54740
21.0111 55080
21.03 55420
21.0489 55760
21.0678 56100
21.0867 56440
21.1057 56780
21.1183 57120
21.1372 57460
21.1561 57800
21.175 58140
21.1876 58480
21.2002 58820
21.2191 59160
21.238 59500
21.2507 59840
21.2696 60180
21.2822 60520
21.2948 60860
21.3137 61200
21.3326 61540
21.3452 61880
21.3578 62220
21.3767 62560
21.3893 62900
21.4083 63240
21.4209 63580
21.4398 63920
21.4524 64260
21.4713 64600
21.4839 64940
21.5028 65280
21.5154 65620
21.5343 65960
21.5469 66300
21.5659 66640
21.5785 66980
21.5974 67320
21.61 67660
21.6289 68000
21.6415 68340
21.6604 68680
21.673 69020
21.6919 69360
21.7045 69700
21.7235 70040
21.7361 70380
21.755 70720
21.7676 71060
21.7865 71400
21.7991 71740
21.818 72080
21.8306 72420
21.8495 72760
21.8621 73100
21.8811 73440
21.8937 73780
21.9126 74120
21.9252 74460
21.9441 74800
21.9567 75140
21.9756 75480
21.9882 75820
22.0071 76160
22.0197 76500
22.0387 76840
22.0513 77180
22.0702 77520
22.0828 77860
22.0954 78200
22.108 78540
22.1206 78880
22.1395 79220
22.1458 79560
22.1584 79900
22.1773 80240
22.1899 80580
22.2026 80920
22.2089 81260
22.2215 81600
22.2404 81940
22.253 82280
22.2656 82620
22.2719 82960
22.2845 83300
22.3034 83640
22.316 83980
22.3286 84320
22.3349 84660
22.3475 85000
22.3665 85340
22.3822 59500
24.0252 340
24.2545 2720
24.4468 4420
24.4625 6800
24.6282 8500
24.644 10880
24.6661 12580
24.6818 14960
24.8097 16660
24.8255 19040
24.8475 20740
24.8633 23120
24.8853 24820
24.9011 27200
24.9232 28900
24.9389 31280
24.9911 32980
25.0069 35360
25.029 37060
25.0447 39440
25.0668 41140
25.0826 42840
25.1298 43180
25.1992 43520
25.2559 43860
25.3347 44200
25.3978 44540
25.445 30940
26.8516 340
27.1282 680
27.3835 1020
27.3867 1360
27.5524 1700
27.5555 2040
27.5587 2380
27.5618 2720
27.7212 3060
27.7244 3400
27.7275 3740
27.7307 4080
27.7338 4420
27.737 4760
27.7401 5100
27.7433 5440
27.8901 5780
27.8932 6120
27.8964 6460
27.8995 6800
27.9027 7140
27.9058 7480
27.909 7820
27.9121 8160
27.9153 8500
27.9184 8840
27.9216 9180
27.9247 9520
27.9279 9860
27.931 10200
27.9342 10540
27.9373 10880
28.0589 11220
28.0621 11560
28.0652 11900
28.0684 12240
28.0715 12580
28.0747 12920
28.0778 13260
28.081 13600
28.0841 13940
28.0873 14280
28.0904 14620
28.0936 14960
28.0967 15300
28.0999 15640
28.103 15980
28.1062 16320
28.1093 16660
28.1125 17000
28.1156 17340
28.1188 17680
28.1219 18020
28.1251 18360
28.1282 18700
28.1409 12920
28.5524 13260
28.5587 13600
28.565 13940
28.5839 14280
28.6091 14620
28.6407 14960
28.6911 15300
28.7857 15640
28.8676 15980
28.9527 16320
29.0851 16660
29.1891 17000
29.3341 17340
29.4822 17680
29.6934 18020
29.933 18360
30.2482 18700
32.7603 19040
33.1102 19380
33.3624 19720
33.5546 20060
33.728 20400
33.8667 20740
33.9991 21080
34.1157 21420
34.226 21760
34.3237 22100
34.4183 22440
34.5128 22780
34.6767 23120
34.7587 23460
34.8911 23800
34.9982 24140
35.0928 24480
35.1937 24820
35.2662 25160
35.3355 25500
35.4206 25840
35.4742 26180
35.5278 26520
35.5971 26860
35.6854 27200
35.7989 27540
35.8903 27880
35.9754 28220
36.0289 28560
36.0731 28900
36.1361 29240
36.2086 29580
36.2527 29920
36.3063 30260
36.3536 30600
36.3977 30940
36.4419 31280
36.4797 31620
36.5301 31960
36.5774 32300
36.6215 32640
36.6688 32980
36.7098 33320
36.7539 33660
36.798 34000
36.8296 34340
36.8674 34680
36.9052 35020
36.943 35360
36.9872 35700
37.0187 36040
37.0502 36380
37.0817 36720
37.1195 37060
37.1574 37400
37.1952 37740
37.2267 38080
37.2645 38420
37.2961 38760
37.3276 39100
37.3591 39440
37.3906 39780
37.4221 40120
37.4537 40460
37.4852 40800
37.5167 41140
37.5482 41480
37.5797 41820
37.6113 42160
37.6365 42500
37.6617 42840
37.6932 43180
37.7184 43520
37.7499 43860
37.7752 44200
37.8067 44540
37.8319 44880
37.8634 45220
37.8823 45560
37.9075 45900
37.9391 46240
37.9643 46580
37.9958 46920
38.0147 47260
38.0399 47600
38.0651 47940
38.0904 48280
38.1156 48620
38.1408 48960
38.166 49300
38.1912 49640
38.2164 49980
38.2417 50320
38.2669 50660
38.2921 51000
38.3173 51340
38.3362 51680
38.3614 52020
38.3866 52360
38.4119 52700
38.4308 53040
38.456 53380
38.4749 53720
38.5001 54060
38.519 54400
38.5442 54740
38.5632 55080
38.5884 55420
38.6073 55760
38.6325 56100
38.6514 56440
38.6766 56780
38.6955 57120
38.7208 57460
38.7397 57800
38.7649 58140
38.7838 58480
38.809 58820
38.8279 59160
38.8468 59500
38.8721 59840
38.891 60180
38.9162 60520
38.9288 60860
38.9477 61200
38.9666 61540
38.9855 61880
39.0107 62220
39.0233 62560
39.0423 62900
39.0612 63240
39.0801 63580
39.099 63920
39.1179 64260
39.1368 64600
39.1557 64940
39.1746 65280
39.1936 65620
39.2125 65960
39.2314 66300
39.2503 66640
39.2692 66980
39.2881 67320
39.307 67660
39.3259 68000
39.3449 68340
39.3638 68680
39.3827 69020
39.4016 69360
39.4205 69700
39.4394 70040
39.4583 70380
39.4772 70720
39.4961 71060
39.5151 71400
39.534 71740
39.5529 72080
39.5718 72420
39.5907 72760
39.6033 73100
39.6222 73440
39.6411 73780
39.6601 74120
39.6727 74460
39.6853 74800
39.7042 75140
39.7168 75480
39.7357 75820
39.7546 76160
39.7672 76500
39.7798 76840
39.7987 77180
39.8113 77520
39.8303 77860
39.8429 78200
39.8618 78540
39.8744 78880
39.8933 79220
39.9059 79560
39.9248 79900
39.9374 80240
39.9563 80580
39.9689 80920
39.9879 81260
40.0005 81600
40.0194 81940
40.032 82280
40.0509 82620
40.0635 82960
40.0824 83300
40.0982 58140
41.7412 340
41.9894 2720
42.169 5100
42.1911 7480
42.3568 9860
42.3789 12240
42.4009 13940
42.4167 16320
42.5383 18700
42.5603 21080
42.5824 22780
42.5981 24480
42.6139 26860
42.636 28560
42.6517 30940
42.6738 33320
42.7134 35020
42.7292 36720
42.7449 39100
42.767 40800
42.8206 41140
42.8962 41480
42.9561 41820
43.0097 42160
43.0853 42500
43.1169 29580
44.5046 340
44.8126 680
45.0427 1020
45.0459 1360
45.2116 1700
45.2147 2040
45.2179 2380
45.221 2720
45.3804 3060
45.3836 3400
45.3867 3740
45.3899 4080
45.393 4420
45.3962 4760
45.3993 5100
45.4025 5440
45.5493 5780
45.5524 6120
45.5556 6460
45.5587 6800
45.5619 7140
45.565 7480
45.5682 7820
45.5713 8160
45.5745 8500
45.5776 8840
45.5808 9180
45.584 9520
45.5871 9860
45.5903 10200
45.5934 10540
45.5966 10880
45.7181 11220
45.7213 11560
45.7244 11900
45.7276 12240
45.7307 12580
45.7339 12920
45.737 13260
45.7402 13600
45.7433 13940
45.7465 14280
45.7496 14620
45.7623 10200
46.0982 10540
46.1108 10880
46.1297 11220
46.1549 11560
46.1801 11900
46.2432 12240
46.3314 12580
46.4197 12920
46.5331 13260
46.6939 13600
46.8736 13940
47.11 14280
47.3464 14620
50.0035 14960
50.3565 15300
50.6055 15640
50.8041 15980
50.9712 16320
51.1161 16660
51.2485 17000
51.3683 17340
51.4755 17680
51.5795 18020
51.6709 18360
51.7592 18700
51.838 19040
51.9231 19380
51.9956 19720
52.068 20060
52.1374 20400
52.2792 20740
52.3959 21080
52.4873 21420
52.5661 21760
52.7363 22100
52.897 22440
52.9601 22780
53.0483 23120
53.1334 23460
53.2217 23800
53.2721 24140
53.3352 24480
53.3919 24820
53.4486 25160
53.5054 25500
53.5495 25840
53.6125 26180
53.6693 26520
53.7071 26860
53.7512 27200
53.8016 27540
53.8521 27880
53.8962 28220
53.934 28560
53.9782 28900
54.0223 29240
54.0664 29580
54.0979 29920
54.1358 30260
54.1736 30600
54.2114 30940
54.2555 31280
54.2871 31620
54.3186 31960
54.3501 32300
54.3879 32640
54.4257 32980
54.4636 33320
54.4951 33660
54.5203 34000
54.5581 34340
54.5896 34680
54.6275 35020
54.659 35360
54.6905 35700
54.722 36040
54.7536 36380
54.7851 36720
54.8166 37060
54.8418 37400
54.8733 37740
54.9048 38080
54.9364 38420
54.9616 38760
54.9868 39100
55.0183 39440
55.0435 39780
55.0751 40120
55.1003 40460
55.1318 40800
55.157 41140
55.1885 41480
55.2137 41820
55.239 42160
55.2642 42500
55.2894 42840
55.3146 43180
55.3461 43520
55.365 43860
55.3903 44200
55.4155 44540
55.4407 44880
55.4659 45220
55.4911 45560
55.5163 45900
55.5416 46240
55.5668 46580
55.592 46920
55.6172 47260
55.6424 47600
55.6676 47940
55.6865 48280
55.7118 48620
55.7307 48960
55.7559 49300
55.7811 49640
55.8 49980
55.8252 50320
55.8441 50660
55.8694 51000
55.8883 51340
55.9135 51680
55.9324 52020
55.9576 52360
55.9765 52700
56.0017 53040
56.0207 53380
56.0459 53720
56.0648 54060
56.09 54400
56.1089 54740
56.1341 55080
56.153 55420
56.1783 55760
56.1972 56100
56.2098 56440
56.2287 56780
56.2476 57120
56.2728 57460
56.2917 57800
56.3106 58140
56.3296 58480
56.3485 58820
56.3674 59160
56.3863 59500
56.4052 59840
56.4241 60180
56.443 60520
56.4619 60860
56.4808 61200
56.4998 61540
56.5187 61880
56.5376 62220
56.5565 62560
56.5754 62900
56.5943 63240
56.6132 63580
56.6321 63920
56.6511 64260
56.67 64600
56.6889 64940
56.7078 65280
56.7267 65620
56.7456 65960
56.7645 66300
56.7834 66640
56.8024 66980
56.8213 67320
56.8402 67660
56.8591 68000
56.878 68340
56.8969 68680
56.9095 69020
56.9221 69360
56.941 69700
56.96 70040
56.9789 70380
56.9915 70720
57.0041 71060
57.023 71400
57.0419 71740
57.0545 72080
57.0671 72420
57.086 72760
57.0986 73100
57.1176 73440
57.1302 73780
57.1491 74120
57.1617 74460
57.1806 74800
57.1932 75140
57.2121 75480
57.2247 75820
57.2436 76160
57.2562 76500
57.2752 76840
57.2878 77180
57.3067 77520
57.3193 77860
57.3382 78200
57.3508 78540
57.3697 78880
57.3823 79220
57.4012 79560
57.4138 79900
57.4328 80240
57.4454 80580
57.4643 80920
57.4769 81260
57.4958 81600
57.5084 81940
57.5273 82280
57.5399 82620
57.5588 82960
57.5714 83300
57.5904 83640
57.603 83980
57.6187 58480
59.2617 340
59.5005 2720
59.6864 5100
59.7085 6800
59.8679 8500
59.8836 10880
59.9057 12580
59.9215 14960
60.0493 16660
60.0651 19040
60.0872 20740
60.1029 23120
60.125 24820
60.1407 27200
60.1628 28900
60.1786 31280
60.2308 32980
60.2466 35360
60.2686 37060
60.2844 39440
60.3064 41140
60.36 41480
60.4357 41820
60.4956 42160
60.5491 42500
60.6248 42840
60.6721 29920
62.0629 340
62.3647 680
62.6011 1020
62.6043 1360
62.7699 1700
62.7731 2040
62.7763 2380
62.7794 2720
62.9388 3060
62.9419 3400
62.9451 3740
62.9483 4080
62.9514 4420
62.9546 4760
62.9577 5100
62.9609 5440
63.1076 5780
63.1108 6120
63.1139 6460
63.1171 6800
63.1203 7140
63.1234 7480
63.1266 7820
63.1297 8160
63.1329 8500
63.136 8840
63.1392 9180
63.1423 9520
63.1455 9860
63.1486 10200
63.1518 10540
63.1549 10880
63.2765 11220
63.2796 11560
63.2828 11900
63.2859 12240
63.2891 12580
63.2922 12920
63.2954 13260
63.2986 13600
63.3017 13940
63.3049 14280
63.308 14620
63.3112 14960
63.3143 15300
63.3269 10540
63.6754 10880
63.6817 11220
63.6943 11560
63.7133 11900
63.7385 12240
63.7858 12580
63.8614 12920
63.9654 13260
64.0789 13600
64.1924 13940
64.3468 14280
64.5454 14620
64.7944 14960
65.0497 15300
67.6659 15640
68.0157 15980
68.2679 16320
68.4602 16660
68.6272 17000
68.7754 17340
68.9014 17680
69.0212 18020
69.1315 18360
69.2293 18700
69.3238 19040
69.4152 19380
69.7998 19720
69.9069 20060
69.9952 20400
70.1087 20740
70.241 21080
70.3167 21420
70.4428 21760
70.4995 22100
70.5752 22440
70.6697 22780
70.7265 23120
70.7832 23460
70.8588 23800
70.9282 24140
70.9723 24480
71.0227 24820
71.0795 25160
71.1362 25500
71.193 25840
71.2371 26180
71.2875 26520
71.3316 26860
71.3821 27200
71.4325 27540
71.4766 27880
71.5145 28220
71.5523 28560
71.5964 28900
71.6405 29240
71.6847 29580
71.7225 29920
71.7603 30260
71.7981 30600
71.836 30940
71.8801 31280
71.9179 31620
71.9494 31960
71.981 32300
72.0188 32640
72.0566 32980
72.0944 33320
72.1259 33660
72.1575 34000
72.1953 34340
72.2268 34680
72.2646 35020
72.2962 35360
72.3277 35700
72.3592 36040
72.3907 36380
72.4222 36720
72.4538 37060
72.479 37400
72.5105 37740
72.542 38080
72.5735 38420
72.605 38760
72.6303 39100
72.6555 39440
72.687 39780
72.7122 40120
72.7437 40460
72.769 40800
72.8005 41140
72.8257 41480
72.8572 41820
72.8824 42160
72.9076 42500
72.9329 42840
72.9581 43180
72.9896 43520
73.0148 43860
73.04 44200
73.0652 44540
73.0905 44880
73.1157 45220
73.1409 45560
73.1661 45900
73.1913 46240
73.2165 46580
73.2418 46920
73.267 47260
73.2922 47600
73.3174 47940
73.3363 48280
73.3552 48620
73.3804 48960
73.4057 49300
73.4309 49640
73.4498 49980
73.4687 50320
73.4939 50660
73.5128 51000
73.538 51340
73.557 51680
73.5822 52020
73.6011 52360
73.6263 52700
73.6452 53040
73.6704 53380
73.6893 53720
73.7146 54060
73.7335 54400
73.7587 54740
73.7776 55080
73.8028 55420
73.8217 55760
73.8469 56100
73.8658 56440
73.8848 56780
73.9037 57120
73.9289 57460
73.9478 57800
73.9667 58140
73.9856 58480
74.0045 58820
74.0234 59160
74.0424 59500
74.0613 59840
74.0802 60180
74.0991 60520
74.118 60860
74.1369 61200
74.1558 61540
74.1747 61880
74.1937 62220
74.2126 62560
74.2315 62900
74.2504 63240
74.2693 63580
74.2882 63920
74.3071 64260
74.326 64600
74.345 64940
74.3639 65280
74.3828 65620
74.4017 65960
74.4206 66300
74.4395 66640
74.4584 66980
74.4773 67320
74.4962 67660
74.5152 68000
74.5341 68340
74.553 68680
74.5719 69020
74.5845 69360
74.6034 69700
74.6223 70040
74.6412 70380
74.6538 70720
74.6728 71060
74.6854 71400
74.7043 71740
74.7232 72080
74.7358 72420
74.7547 72760
74.7673 73100
74.7862 73440
74.7988 73780
74.8178 74120
74.8304 74460
74.8493 74800
74.8619 75140
74.8808 75480
74.8934 75820
74.9123 76160
74.9249 76500
74.9438 76840
74.9564 77180
74.9754 77520
74.988 77860
75.0069 78200
75.0195 78540
75.0384 78880
75.051 79220
75.0699 79560
75.0825 79900
75.1014 80240
75.114 80580
75.133 80920
75.1456 81260
75.1645 81600
75.1771 81940
75.196 82280
75.2086 82620
75.2275 82960
75.2401 83300
75.259 83640
75.2811 58480
76.9241 340
77.1723 2040
77.352 4420
77.5208 6800
77.5429 8500
77.5586 10880
77.7086 12580
77.7243 14960
77.7464 16660
77.7622 19040
77.7842 20740
77.8 23120
77.89 24820
77.9058 27200
77.9278 28900
77.9436 31280
77.9657 32980
77.9814 35360
78.0035 37060
78.0193 39440
78.0413 41140
78.0949 41480
78.1548 41820
78.2304 42160
78.284 42500
78.3439 42840
78.3912 29920
79.782 340
80.0838 680
80.3202 1020
80.3234 1360
80.4891 1700
80.4922 2040
80.4954 2380
80.4985 2720
80.6579 3060
80.6611 3400
80.6642 3740
80.6674 4080
80.6705 4420
80.6737 4760
80.6768 5100
80.68 5440
80.8268 5780
80.8299 6120
80.8331 6460
80.8362 6800
80.8394 7140
80.8425 7480
80.8457 7820
80.8488 8160
80.852 8500
80.8551 8840
80.8583 9180
80.8614 9520
80.8646 9860
80.8677 10200
80.8709 10540
80.874 10880
80.9956 11220
80.9988 11560
81.0019 11900
81.0051 12240
81.0082 12580
81.0114 12920
81.0145 13260
81.0177 13600
81.0208 13940
81.024 14280
81.0271 14620
81.0303 14960
81.0334 15300
81.046 10540
81.3945 10880
81.4008 11220
81.4198 11560
81.4387 11900
81.4639 12240
81.5175 12580
81.5931 12920
81.7003 13260
81.8106 13600
81.9272 13940
82.0659 14280
82.2708 14620
82.5072 14960
82.7562 15300
85.3818 15640
85.7348 15980
85.9839 16320
86.1793 16660
86.3526 17000
86.4976 17340
86.6206 17680
86.7403 18020
86.8507 18360
86.9515 18700
87.0492 19040
87.1343 19380
87.2194 19720
87.6008 20060
87.7017 20400
87.8152 20740
87.9097 21080
87.9917 21420
88.1556 21760
88.2186 22100
88.2754 22440
88.3762 22780
88.4456 23120
88.5149 23460
88.5906 23800
88.641 24140
88.6977 24480
88.7545 24820
88.8112 25160
88.8679 25500
88.9121 25840
88.9562 26180
88.994 26520
89.0444 26860
89.0886 27200
89.139 27540
89.1894 27880
89.2273 28220
89.2651 28560
89.3092 28900
89.3533 29240
89.3975 29580
89.4416 29920
89.4731 30260
89.5109 30600
89.5488 30940
89.574 21420
89.8545 21760
89.8608 22100
89.8671 22440
89.8734 22780
89.9365 23120
90.0373 23460
90.1004 23800
90.1634 24140
90.2264 24480
90.3021 24820
90.3777 25160
90.4534 25500
90.529 25840
90.611 26180
90.6866 26520
90.7686 26860
90.8568 27200
90.9577 27540
91.0586 27880
91.1847 28220
91.2729 28560
91.4053 28900
91.5377 29240
91.6764 29580
91.8277 29920
92.0735 30260
92.2311 30600
92.5148 30940
95.1373 31280
95.4903 31620
95.7424 31960
95.9379 32300
96.1018 32640
96.2468 32980
96.3792 33320
96.4989 33660
96.6061 34000
96.707 34340
96.8015 34680
96.8898 35020
96.9717 35360
97.0537 35700
97.1482 36040
97.3121 36380
97.4256 36720
97.5265 37060
97.5958 37400
97.6778 37740
97.7534 38080
97.8165 38420
97.8858 38760
97.9552 39100
98.0056 39440
98.0686 39780
98.1254 40120
98.1821 40460
98.2325 40800
98.283 41140
98.3397 41480
98.3838 41820
98.4343 42160
98.4784 42500
98.5288 42840
98.5729 43180
98.6171 43520
98.6612 43860
98.7053 44200
98.7495 44540
98.7873 44880
98.8251 45220
98.8692 45560
98.9071 45900
98.9449 46240
98.9827 46580
99.0205 46920
99.0584 47260
99.0962 47600
99.1277 47940
99.1655 48280
99.197 48620
99.2349 48960
99.2664 49300
99.3042 49640
99.3357 49980
99.3736 50320
99.4051 50660
99.4303 51000
99.4618 51340
99.4933 51680
99.5248 52020
99.5564 52360
99.5879 52700
99.6194 53040
99.6509 53380
99.6824 53720
99.7077 54060
99.7392 54400
99.7707 54740
99.7959 55080
99.8211 55420
99.8527 55760
99.8779 56100
99.9094 56440
99.9346 56780
99.9661 57120
99.9913 57460
100.017 57800
100.042 58140
100.073 58480
100.099 58820
100.124 59160
100.149 59500
100.174 59840
100.199 60180
100.225 60520
100.25 60860
100.275 61200
100.3 61540
100.325 61880
100.351 62220
100.376 62560
100.401 62900
100.426 63240
100.452 63580
100.477 63920
100.496 64260
100.521 64600
100.54 64940
100.565 65280
100.584 65620
100.609 65960
100.628 66300
100.653 66640
100.672 66980
100.697 67320
100.716 67660
100.742 68000
100.76 68340
100.786 68680
100.805 69020
100.83 69360
100.849 69700
100.874 70040
100.893 70380
100.918 70720
100.937 71060
100.962 71400
100.981 71740
101 72080
101.025 72420
101.044 72760
101.057 73100
101.076 73440
101.095 73780
101.12 74120
101.132 74460
101.151 74800
101.17 75140
101.189 75480
101.208 75820
101.227 76160
101.246 76500
101.265 76840
101.284 77180
101.303 77520
101.321 77860
101.34 78200
101.359 78540
101.378 78880
101.397 79220
101.416 79560
101.435 79900
101.454 80240
101.473 80580
101.492 80920
101.511 81260
101.533 56780
103.176 340
103.443 3400
103.612 5780
103.634 8160
103.793 11220
103.821 13600
103.844 15300
103.859 17680
103.975 20060
103.997 23120
104.025 24820
104.041 27200
104.063 29580
104.085 31960
104.107 34340
104.129 36720
104.156 39100
104.178 41480
104.244 41820
104.31 42160
104.377 42500
104.421 42840
104.496 29920
105.887 340
106.189 680
106.425 1020
106.429 1360
106.594 1700
106.597 2040
106.601 2380
106.604 2720
106.763 3060
106.766 3400
106.769 3740
106.773 4080
106.776 4420
106.779 4760
106.782 5100
106.785 5440
106.932 5780
106.935 6120
106.938 6460
106.941 6800
106.945 7140
106.948 7480
106.951 7820
106.954 8160
106.957 8500
106.96 8840
106.963 9180
106.967 9520
106.97 9860
106.973 10200
106.976 10540
106.979 10880
107.101 11220
107.104 11560
107.107 11900
107.11 12240
107.113 12580
107.117 12920
107.12 13260
107.123 13600
107.126 13940
107.129 14280
107.132 14620
107.135 14960
107.139 15300
107.151 10540
107.5 10880
107.506 11220
107.512 11560
107.525 11900
107.55 12240
107.588 12580
107.667 12920
107.777 13260
107.884 13600
108.007 13940
108.174 14280
108.357 14620
108.612 14960
108.868 15300
111.484 15640
111.837 15980
112.089 16320
112.285 16660
112.452 17000
112.597 17340
112.723 17680
112.846 18020
112.95 18360
113.054 18700
113.148 19040
113.243 19380
113.586 19720
113.731 20060
113.82 20400
113.908 20740
114.046 21080
114.135 21420
114.261 21760
114.324 22100
114.399 22440
114.494 22780
114.544 23120
114.608 23460
114.677 23800
114.746 24140
114.797 24480
114.841 24820
114.898 25160
114.954 25500
115.011 25840
115.061 26180
115.106 26520
115.156 26860
115.2 27200
115.251 27540
115.295 27880
115.332 28220
115.377 28560
115.421 28900
115.465 29240
115.509 29580
115.547 29920
115.578 30260
115.616 30600
115.654 30940
115.692 31280
115.736 31620
115.774 31960
115.805 32300
115.837 32640
115.875 32980
115.912 33320
115.95 33660
115.982 34000
116.013 34340
116.051 34680
116.083 35020
116.12 35360
116.146 35700
116.177 36040
116.209 36380
116.24 36720
116.272 37060
116.303 37400
116.335 37740
116.366 38080
116.398 38420
116.429 38760
116.455 39100
116.48 39440
116.511 39780
116.537 40120
116.568 40460
116.593 40800
116.625 41140
116.65 41480
116.682 41820
116.707 42160
116.726 42500
116.751 42840
116.782 43180
116.808 43520
116.833 43860
116.858 44200
116.883 44540
116.908 44880
116.934 45220
116.959 45560
116.984 45900
117.009 46240
117.035 46580
117.06 46920
117.085 47260
117.11 47600
117.135 47940
117.161 48280
117.18 48620
117.205 48960
117.23 49300
117.255 49640
117.274 49980
117.293 50320
117.318 50660
117.337 51000
117.362 51340
117.381 51680
117.407 52020
117.425 52360
117.451 52700
117.47 53040
117.495 53380
117.514 53720
117.539 54060
117.558 54400
117.583 54740
117.602 55080
117.627 55420
117.646 55760
117.671 56100
117.69 56440
117.709 56780
117.728 57120
117.747 57460
117.772 57800
117.791 58140
117.804 58480
117.823 58820
117.841 59160
117.86 59500
117.886 59840
117.898 60180
117.917 60520
117.936 60860
117.955 61200
117.974 61540
117.993 61880
118.012 62220
118.031 62560
118.05 62900
118.068 63240
118.087 63580
118.106 63920
118.125 64260
118.144 64600
118.163 64940
118.182 65280
118.201 65620
118.22 65960
118.239 66300
118.258 66640
118.276 66980
118.295 67320
118.314 67660
118.333 68000
118.352 68340
118.371 68680
118.39 69020
118.409 69360
118.428 69700
118.447 70040
118.459 70380
118.478 70720
118.491 71060
118.503 71400
118.522 71740
118.541 72080
118.554 72420
118.573 72760
118.585 73100
118.604 73440
118.623 73780
118.636 74120
118.648 74460
118.667 74800
118.68 75140
118.699 75480
118.711 75820
118.73 76160
118.743 76500
118.762 76840
118.774 77180
118.793 77520
118.806 77860
118.825 78200
118.838 78540
118.856 78880
118.869 79220
118.888 79560
118.901 79900
118.919 80240
118.932 80580
118.951 80920
118.964 81260
118.983 81600
118.995 81940
119.014 82280
119.027 82620
119.046 82960
119.058 83300
119.077 83640
119.09 83980
119.105 58480
120.748 340
120.987 2040
121.173 4420
121.342 6800
121.364 8500
121.38 10880
121.53 12580
121.546 14960
121.568 17340
121.59 19040
121.605 20740
121.621 23120
121.711 24820
121.727 27200
121.749 28900
121.765 31280
121.787 32980
121.803 35360
121.825 37060
121.84 39440
121.863 41140
121.916 41480
121.992 41820
122.052 42160
122.105 42500
122.181 42840
122.228 29920
123.619 340
123.921 680
124.157 1020
124.16 1360
124.326 1700
124.329 2040
124.332 2380
124.335 2720
124.495 3060
124.498 3400
124.501 3740
124.504 4080
124.507 4420
124.511 4760
124.514 5100
124.517 5440
124.664 5780
124.667 6120
124.67 6460
124.673 6800
124.676 7140
124.679 7480
124.683 7820
124.686 8160
124.689 8500
124.692 8840
124.695 9180
124.698 9520
124.702 9860
124.705 10200
124.708 10540
124.711 10880
124.833 11220
124.836 11560
124.839 11900
124.842 12240
124.845 12580
124.848 12920
124.851 13260
124.855 13600
124.858 13940
124.861 14280
124.864 14620
124.867 14960
124.87 15300
124.883 10540
125.231 10880
125.238 11220
125.25 11560
125.269 11900
125.295 12240
125.342 12580
125.417 12920
125.521 13260
125.635 13600
125.748 13940
125.903 14280
126.101 14620
126.35 14960
126.606 15300
129.222 15640
129.572 15980
129.824 16320
130.016 16660
130.183 17000
130.331 17340
130.458 17680
130.577 18020
130.688 18360
130.785 18700
130.88 19040
130.971 19380
131.356 19720
131.463 20060
131.551 20400
131.665 20740
131.797 21080
131.873 21420
131.999 21760
132.056 22100
132.131 22440
132.226 22780
132.283 23120
132.339 23460
132.415 23800
132.484 24140
132.528 24480
132.579 24820
132.636 25160
132.692 25500
132.749 25840
132.793 26180
132.844 26520
132.888 26860
132.938 27200
132.989 27540
133.033 27880
133.071 28220
133.108 28560
133.152 28900
133.197 29240
133.241 29580
133.279 29920
133.316 30260
133.354 30600
133.392 30940
133.436 31280
133.474 31620
133.505 31960
133.537 32300
133.575 32640
133.613 32980
133.65 33320
133.682 33660
133.714 34000
133.751 34340
133.783 34680
133.821 35020
133.852 35360
133.884 35700
133.915 36040
133.947 36380
133.978 36720
134.01 37060
134.035 37400
134.067 37740
134.098 38080
134.13 38420
134.161 38760
134.186 39100
134.212 39440
134.243 39780
134.268 40120
134.3 40460
134.325 40800
134.357 41140
134.382 41480
134.413 41820
134.438 42160
134.464 42500
134.489 42840
134.514 43180
134.546 43520
134.571 43860
134.596 44200
134.621 44540
134.647 44880
134.672 45220
134.697 45560
134.722 45900
134.747 46240
134.773 46580
134.798 46920
134.823 47260
134.848 47600
134.873 47940
134.892 48280
134.911 48620
134.936 48960
134.962 49300
134.987 49640
135.006 49980
135.025 50320
135.05 50660
135.069 51000
135.094 51340
135.113 51680
135.138 52020
135.157 52360
135.182 52700
135.201 53040
135.226 53380
135.245 53720
135.271 54060
135.29 54400
135.315 54740
135.334 55080
135.359 55420
135.378 55760
135.403 56100
135.422 56440
135.441 56780
135.46 57120
135.485 57460
135.504 57800
135.523 58140
135.542 58480
135.561 58820
135.58 59160
135.598 59500
135.617 59840
135.636 60180
135.655 60520
135.674 60860
135.693 61200
135.712 61540
135.731 61880
135.75 62220
135.769 62560
135.788 62900
135.806 63240
135.825 63580
135.844 63920
135.863 64260
135.882 64600
135.901 64940
135.92 65280
135.939 65620
135.958 65960
135.977 66300
135.996 66640
136.014 66980
136.033 67320
136.052 67660
136.071 68000
136.09 68340
136.109 68680
136.128 69020
136.141 69360
136.159 69700
136.178 70040
136.197 70380
136.21 70720
136.229 71060
136.241 71400
136.26 71740
136.279 72080
136.292 72420
136.311 72760
136.323 73100
136.342 73440
136.355 73780
136.374 74120
136.386 74460
136.405 74800
136.418 75140
136.437 75480
136.449 75820
136.468 76160
136.481 76500
136.5 76840
136.512 77180
136.531 77520
136.544 77860
136.563 78200
136.576 78540
136.594 78880
136.607 79220
136.626 79560
136.639 79900
136.657 80240
136.67 80580
136.689 80920
136.702 81260
136.721 81600
136.733 81940
136.752 82280
136.765 82620
136.784 82960
136.796 83300
136.815 83640
136.837 58480
138.48 340
138.728 2040
138.908 4420
139.077 6800
139.099 8500
139.115 10880
139.265 12580
139.28 14960
139.302 16660
139.318 19040
139.34 20740
139.356 23120
139.446 24820
139.462 27200
139.484 28900
139.5 31280
139.522 32980
139.537 35360
139.56 37060
139.575 39440
139.597 41140
139.651 41480
139.711 41820
139.786 42160
139.84 42500
139.9 42840
139.947 29920
141.338 340
141.64 680
141.876 1020
141.879 1360
142.045 1700
142.048 2040
142.051 2380
142.055 2720
142.214 3060
142.217 3400
142.22 3740
142.223 4080
142.227 4420
142.23 4760
142.233 5100
142.236 5440
142.383 5780
142.386 6120
142.389 6460
142.392 6800
142.395 7140
142.399 7480
142.402 7820
142.405 8160
142.408 8500
142.411 8840
142.414 9180
142.417 9520
142.421 9860
142.424 10200
142.427 10540
142.43 10880
142.552 11220
142.555 11560
142.558 11900
142.561 12240
142.564 12580
142.567 12920
142.571 13260
142.574 13600
142.577 13940
142.58 14280
142.583 14620
142.586 14960
142.589 15300
142.602 10540
142.951 10880
142.957 11220
142.976 11560
142.995 11900
143.02 12240
143.074 12580
143.149 12920
143.256 13260
143.367 13600
143.483 13940
143.622 14280
143.827 14620
144.063 14960
144.312 15300
146.938 15640
147.291 15980
147.54 16320
147.735 16660
147.909 17000
148.054 17340
148.177 17680
148.296 18020
148.407 18360
148.508 18700
148.605 19040
148.69 19380
148.776 19720
149.157 20060
149.258 20400
149.371 20740
149.466 21080
149.548 21420
149.712 21760
149.775 22100
149.831 22440
149.894 15640
150.096 15980
150.129 16320
150.136 16660
150.174 17000
150.262 17340
150.355 17680
150.437 18020
150.53 18360
150.612 18700
150.705 19040
150.794 19380
150.895 19720
151.014 20060
151.147 20400
151.254 20740
151.443 21080
151.638 21420
151.84 21760
152.042 22100
152.25 22440
154.967 22780
155.32 23120
155.566 23460
155.767 23800
155.931 24140
156.076 24480
156.209 24820
156.322 25160
156.436 25500
156.537 25840
156.631 26180
156.719 26520
156.801 26860
156.883 27200
156.959 27540
157.028 27880
157.098 28220
157.167 28560
157.23 28900
157.293 29240
157.356 29580
157.47 29920
157.552 30260
157.64 30600
157.734 30940
157.778 31280
157.854 31620
157.917 31960
157.968 32300
158.024 32640
158.087 32980
158.138 33320
158.188 33660
158.239 34000
158.289 34340
158.327 34680
158.371 35020
158.415 35360
158.459 35700
158.503 36040
158.548 36380
158.585 36720
158.63 37060
158.667 37400
158.705 37740
158.743 38080
158.781 38420
158.819 38760
158.856 39100
158.901 39440
158.926 39780
158.964 40120
158.995 40460
159.033 40800
159.064 41140
159.096 41480
159.134 41820
159.165 42160
159.203 42500
159.228 42840
159.26 43180
159.291 43520
159.323 43860
159.354 44200
159.386 44540
159.418 44880
159.449 45220
159.481 45560
159.506 45900
159.537 46240
159.563 46580
159.594 46920
159.619 47260
159.651 47600
159.676 47940
159.707 48280
159.733 48620
159.758 48960
159.789 49300
159.815 49640
159.846 49980
159.865 50320
159.89 50660
159.916 51000
159.941 51340
159.966 51680
159.991 52020
160.016 52360
160.042 52700
160.067 53040
160.092 53380
160.117 53720
160.142 54060
160.168 54400
160.193 54740
160.218 55080
160.243 55420
160.269 55760
160.287 56100
160.313 56440
160.332 56780
160.357 57120
160.376 57460
160.401 57800
160.42 58140
160.445 58480
160.464 58820
160.489 59160
160.508 59500
160.533 59840
160.552 60180
160.577 60520
160.596 60860
160.622 61200
160.64 61540
160.666 61880
160.685 62220
160.71 62560
160.729 62900
160.754 63240
160.773 63580
160.792 63920
160.804 64260
160.83 64600
160.849 64940
160.867 65280
160.886 65620
160.905 65960
160.924 66300
160.943 66640
160.962 66980
160.981 67320
161 67660
161.019 68000
161.038 68340
161.057 68680
161.075 69020
161.094 69360
161.113 69700
161.132 70040
161.151 70380
161.17 70720
161.189 71060
161.208 71400
161.227 71740
161.246 72080
161.265 72420
161.283 72760
161.302 73100
161.321 73440
161.34 73780
161.359 74120
161.378 74460
161.397 74800
161.416 75140
161.435 75480
161.454 75820
161.473 76160
161.492 76500
161.504 76840
161.523 77180
161.536 77520
161.555 77860
161.573 78200
161.586 78540
161.605 78880
161.618 79220
161.637 79560
161.649 79900
161.668 80240
161.681 80580
161.7 80920
161.712 81260
161.731 81600
161.744 81940
161.763 82280
161.775 82620
161.791 57800
163.434 340
163.692 2720
163.865 5100
163.887 7480
164.053 9860
164.075 12240
164.097 14620
164.119 17000
164.241 19380
164.263 21760
164.285 24140
164.307 26520
164.329 28900
164.351 31280
164.373 33660
164.395 36040
164.428 38420
164.45 40120
164.504 40460
164.586 40800
164.639 41140
164.699 41480
164.775 41820
164.8 29240
166.182 340
166.502 680
166.723 1020
166.726 1360
166.892 1700
166.895 2040
166.898 2380
166.901 2720
167.061 3060
167.064 3400
167.067 3740
167.07 4080
167.073 4420
167.076 4760
167.08 5100
167.083 5440
167.229 5780
167.233 6120
167.236 6460
167.239 6800
167.242 7140
167.245 7480
167.248 7820
167.252 8160
167.255 8500
167.258 8840
167.261 9180
167.264 9520
167.267 9860
167.27 10200
167.274 10540
167.277 10880
167.398 11220
167.401 11560
167.405 11900
167.408 12240
167.411 12580
167.414 12920
167.417 13260
167.43 9180
167.741 9520
167.747 9860
167.766 10200
167.785 10540
167.816 10880
167.889 11220
167.977 11560
168.071 11900
168.248 12240
168.38 12580
168.592 12920
168.853 13260
171.564 13600
171.917 13940
172.169 14280
172.364 14620
172.532 14960
172.677 15300
172.803 15640
172.919 15980
173.03 16320
173.499 16660
173.619 17000
173.769 17340
173.867 17680
173.95 18020
174.023 18360
174.099 18700
174.167 19040
174.236 19380
174.299 19720
174.362 20060
174.425 20400
174.482 20740
174.557 21080
174.658 21420
174.753 21760
174.797 22100
174.854 22440
174.923 22780
174.986 23120
175.03 23460
175.081 23800
175.137 24140
175.188 24480
175.238 24820
175.282 25160
175.32 25500
175.371 25840
175.415 26180
175.465 26520
175.503 26860
175.547 27200
175.585 27540
175.629 27880
175.667 28220
175.711 28560
175.743 28900
175.78 29240
175.818 29580
175.856 29920
175.894 30260
175.932 30600
175.963 30940
175.995 31280
176.032 31620
176.064 31960
176.102 32300
176.133 32640
176.165 32980
176.196 33320
176.228 33660
176.259 34000
176.297 34340
176.322 34680
176.354 35020
176.386 35360
176.417 35700
176.449 36040
176.48 36380
176.505 36720
176.537 37060
176.562 37400
176.594 37740
176.625 38080
176.65 38420
176.682 38760
176.707 39100
176.739 39440
176.757 39780
176.789 40120
176.814 40460
176.846 40800
176.871 41140
176.896 41480
176.921 41820
176.947 42160
176.972 42500
176.997 42840
177.022 43180
177.047 43520
177.073 43860
177.098 44200
177.123 44540
177.148 44880
177.174 45220
177.199 45560
177.218 45900
177.237 46240
177.262 46580
177.287 46920
177.312 47260
177.337 47600
177.356 47940
177.382 48280
177.4 48620
177.426 48960
177.445 49300
177.47 49640
177.489 49980
177.514 50320
177.533 50660
177.558 51000
177.577 51340
177.602 51680
177.621 52020
177.646 52360
177.665 52700
177.69 53040
177.709 53380
177.735 53720
177.753 54060
177.772 54400
177.791 54740
177.817 55080
177.835 55420
177.854 55760
177.873 56100
177.892 56440
177.911 56780
177.93 57120
177.955 57460
177.968 57800
177.987 58140
178.006 58480
178.025 58820
178.043 59160
178.062 59500
178.081 59840
178.1 60180
178.119 60520
178.138 60860
178.157 61200
178.176 61540
178.195 61880
178.214 62220
178.233 62560
178.252 62900
178.27 63240
178.289 63580
178.308 63920
178.327 64260
178.346 64600
178.365 64940
178.384 65280
178.403 65620
178.422 65960
178.447 45900
179.055 46240
179.062 46580
179.068 46920
179.074 47260
179.08 47600
179.106 47940
179.194 48280
179.27 48620
179.339 48960
179.396 49300
179.452 49640
179.509 49980
179.566 50320
179.61 50660
179.66 51000
179.711 51340
179.761 51680
179.812 52020
179.862 52360
179.906 52700
179.95 53040
180.001 53380
180.045 53720
180.095 54060
180.146 54400
180.196 54740
180.247 55080
180.303 55420
180.36 55760
180.417 56100
180.474 56440
180.53 56780
180.587 57120
180.644 57460
180.701 57800
180.757 58140
180.82 58480
180.883 58820
180.953 59160
181.016 59500
181.085 59840
181.154 60180
181.23 60520
181.312 60860
181.388 61200
181.47 61540
181.564 61880
181.659 62220
181.753 62560
181.848 62900
181.961 63240
182.081 63580
182.214 63920
182.346 64260
182.491 64600
182.693 64940
182.888 65280
183.191 65620
183.802 65960
185.529 66300
185.876 66640
186.128 66980
186.324 67320
186.633 67660
186.885 68000
186.992 68340
187.187 68680
187.307 69020
187.44 69360
187.559 69700
187.667 70040
187.774 70380
187.868 70720
187.957 71060
188.038 71400
188.12 71740
188.196 72080
188.265 72420
188.325 50660
189.968 340
190.311 9520
190.48 18700
190.565 27200
190.724 35020
190.806 24480
191.453 24820
191.459 25160
191.465 25500
191.478 25840
191.503 26180
191.528 26520
191.56 26860
191.585 27200
191.623 27540
191.654 27880
191.724 28220
191.793 28560
191.881 28900
191.957 29240
192.036 29580
192.114 29920
192.196 30260
192.278 30600
192.37 30940
192.474 31280
192.568 31620
192.666 31960
192.767 32300
192.896 32640
193.038 32980
193.18 33320
193.35 33660
193.467 23460
194.1 23800
194.106 24140
194.113 24480
194.119 24820
194.138 25160
194.17 25500
194.195 25840
194.226 26180
194.264 26520
194.302 26860
194.346 27200
194.396 27540
194.447 27880
194.497 28220
194.56 28560
194.623 28900
194.734 29240
194.847 29580
194.954 29920
195.068 30260
195.2 30600
195.32 30940
195.44 31280
195.575 31620
195.714 31960
195.881 32300
196.058 32640
196.316 32980
196.508 33320
197.069 33660
199.027 34000
199.383 34340
199.632 34680
199.827 35020
199.994 35360
200.269 35700
200.291 24820
201.924 340
202.024 17000
202.494 11900
202.814 12240
202.824 12580
202.83 12920
202.842 13260
202.868 13600
202.912 13940
202.984 14280
203.073 14620
203.186 14960
203.315 15300
203.441 15640
203.574 15980
203.804 16320
203.977 16660
204.251 17000
206.877 17340
207.224 17680
207.476 18020
207.668 18360
207.835 18700
207.983 19040
208.113 19380
208.232 19720
208.343 20060
208.437 20400
208.532 20740
208.62 21080
208.708 21420
208.793 21760
208.973 22100
209.087 22440
209.2 22780
209.263 23120
209.355 23460
209.481 23800
209.604 24140
209.73 24480
209.815 24820
209.881 25160
209.966 25500
210.048 25840
210.108 26180
210.158 26520
210.221 26860
210.278 27200
210.341 27540
210.398 27880
210.442 28220
210.492 28560
210.543 28900
210.6 29240
210.637 29580
210.675 29920
210.719 30260
210.763 30600
210.814 30940
210.852 31280
210.883 31620
210.927 31960
210.965 32300
211.009 32640
211.047 32980
211.085 33320
211.123 33660
211.161 34000
211.198 34340
211.23 34680
211.268 35020
211.299 35360
211.337 35700
211.369 36040
211.406 36380
211.432 36720
211.463 37060
211.495 37400
211.533 37740
211.564 38080
211.596 38420
211.627 38760
211.659 39100
211.69 39440
211.715 39780
211.741 40120
211.772 40460
211.797 40800
211.829 41140
211.86 41480
211.886 41820
211.917 42160
211.942 42500
211.974 42840
211.999 43180
212.031 43520
212.056 43860
212.087 44200
212.113 44540
212.131 44880
212.157 45220
212.182 45560
212.207 45900
212.239 46240
212.258 46580
212.283 46920
212.308 47260
212.333 47600
212.358 47940
212.384 48280
212.409 48620
212.434 48960
212.459 49300
212.484 49640
212.51 49980
212.535 50320
212.554 50660
212.579 51000
212.598 51340
212.623 51680
212.648 52020
212.667 52360
212.686 52700
212.711 53040
212.73 53380
212.756 53720
212.774 54060
212.8 54400
212.819 54740
212.844 55080
212.863 55420
212.888 55760
212.907 56100
212.932 56440
212.951 56780
212.976 57120
212.995 57460
213.02 57800
213.039 58140
213.064 58480
213.083 58820
213.096 59160
213.115 59500
213.14 59840
213.159 60180
213.178 60520
213.197 60860
213.216 61200
213.235 61540
213.254 61880
213.272 62220
213.291 62560
213.31 62900
213.329 63240
213.348 63580
213.367 63920
213.386 64260
213.405 64600
213.424 64940
213.443 65280
213.462 65620
213.48 65960
213.499 66300
213.518 66640
213.537 66980
213.556 67320
213.575 67660
213.594 68000
213.613 68340
213.632 68680
213.651 69020
213.67 69360
213.689 69700
213.707 70040
213.726 70380
213.745 70720
213.758 71060
213.777 71400
213.796 71740
213.815 72080
213.827 72420
213.84 72760
213.859 50660
215.499 340
215.822 2040
215.991 4420
216.16 6800
216.182 9180
216.332 10880
216.348 12580
216.373 8500
216.693 8840
216.712 9180
216.731 9520
216.756 9860
216.816 10200
216.908 10540
216.964 10880
217.075 11220
217.248 11560
217.44 11900
217.633 12240
217.869 12580
220.586 12920
220.936 13260
221.185 13600
221.383 13940
221.55 14280
221.695 14620
221.822 14960
221.941 15300
222.048 15640
222.149 15980
222.247 16320
222.335 16660
222.42 17000
222.792 17340
222.887 17680
222.988 18020
223.106 18360
223.179 18700
223.242 19040
223.307 19380
223.37 19720
223.426 20060
223.54 20400
223.59 20740
223.678 21080
223.748 21420
223.811 21760
223.874 22100
223.931 22440
223.975 22780
224.025 23120
224.082 23460
224.132 23800
224.189 24140
224.227 24480
224.265 24820
224.309 25160
224.353 25500
224.403 25840
224.448 26180
224.485 26520
224.53 26860
224.567 27200
224.611 27540
224.649 27880
224.687 28220
224.725 28560
224.756 28900
224.794 29240
224.832 29580
224.87 29920
224.908 30260
224.939 30600
224.977 30940
225.009 31280
225.046 31620
225.078 31960
225.109 32300
225.141 32640
225.173 32980
225.204 33320
225.236 33660
225.267 34000
225.299 34340
225.324 34680
225.355 35020
225.387 35360
225.418 35700
225.45 36040
225.475 36380
225.507 36720
225.532 37060
225.563 37400
225.589 37740
225.62 38080
225.645 38420
225.677 38760
225.702 39100
225.727 39440
225.753 39780
225.784 40120
225.809 40460
225.841 40800
225.86 41140
225.885 41480
225.91 41820
225.935 42160
225.961 42500
225.986 42840
226.011 43180
226.036 43520
226.061 43860
226.087 44200
226.112 44540
226.137 44880
226.162 45220
226.187 45560
226.206 45900
226.232 46240
226.257 46580
226.282 46920
226.301 47260
226.32 47600
226.345 47940
226.364 48280
226.389 48620
226.408 48960
226.433 49300
226.452 49640
226.477 49980
226.496 50320
226.522 50660
226.541 51000
226.566 51340
226.585 51680
226.61 52020
226.629 52360
226.654 52700
226.673 53040
226.698 53380
226.717 53720
226.736 54060
226.755 54400
226.774 54740
226.799 55080
226.818 55420
226.837 55760
226.856 56100
226.875 56440
226.894 56780
226.912 57120
226.931 57460
226.95 57800
226.969 58140
226.988 58480
227.007 58820
227.026 59160
227.045 59500
227.064 59840
227.083 60180
227.102 60520
227.12 60860
227.139 61200
227.158 61540
227.177 61880
227.196 62220
227.215 62560
227.234 62900
227.253 63240
227.272 63580
227.291 63920
227.31 64260
227.329 64600
227.347 64940
227.366 65280
227.385 65620
227.404 65960
227.423 66300
227.442 66640
227.455 66980
227.467 67320
227.486 67660
227.505 68000
227.524 68340
227.537 68680
227.549 69020
227.568 69360
227.587 69700
227.6 70040
227.612 70380
227.631 70720
227.644 71060
227.663 71400
227.675 71740
227.694 72080
227.707 72420
227.726 72760
227.738 73100
227.757 73440
227.77 73780
227.789 74120
227.801 74460
227.82 74800
227.833 75140
227.852 75480
227.864 75820
227.883 76160
227.896 76500
227.915 76840
227.927 77180
227.946 77520
227.959 77860
227.978 78200
227.99 78540
228.009 78880
228.022 79220
228.041 79560
228.053 79900
228.072 80240
228.085 80580
228.104 80920
228.117 81260
228.135 81600
228.148 81940
228.167 82280
228.18 82620
228.198 82960
228.211 83300
228.23 83640
228.243 83980
228.258 58480
229.901 340
230.14 2720
230.326 4420
230.342 6800
230.508 8500
230.523 10880
230.545 12580
230.561 14960
230.689 16660
230.705 19040
230.727 20740
230.743 23120
230.765 24820
230.78 27200
230.802 28900
230.818 31280
230.87 32980
230.886 35360
230.908 37060
230.924 39440
230.946 41140
231 41480
231.075 41820
231.135 42160
231.189 42500
231.264 42840
231.312 29920
232.703 340
233.004 680
233.241 1020
233.244 1360
233.41 1700
233.413 2040
233.416 2380
233.419 2720
233.578 3060
233.582 3400
233.585 3740
233.588 4080
233.591 4420
233.594 4760
233.597 5100
233.6 5440
233.747 5780
233.75 6120
233.754 6460
233.757 6800
233.76 7140
233.763 7480
233.766 7820
233.769 8160
233.772 8500
233.776 8840
233.779 9180
233.782 9520
233.785 9860
233.788 10200
233.791 10540
233.795 10880
233.916 11220
233.919 11560
233.922 11900
233.926 12240
233.929 12580
233.932 12920
233.935 13260
233.938 13600
233.941 13940
233.944 14280
233.948 14620
233.951 14960
233.954 15300
233.967 10540
234.315 10880
234.321 11220
234.334 11560
234.353 11900
234.378 12240
234.425 12580
234.501 12920
234.605 13260
234.719 13600
234.832 13940
234.996 14280
235.185 14620
235.434 14960
235.68 15300
238.305 15640
238.655 15980
238.908 16320
239.1 16660
239.267 17000
239.415 17340
239.541 17680
239.661 18020
239.771 18360
239.869 18700
239.963 19040
240.052 19380
240.402 19720
240.553 20060
240.641 20400
240.726 20740
240.84 21080
240.947 21420
241.079 21760
241.136 22100
241.218 22440
241.306 22780
241.363 23120
241.426 23460
241.502 23800
241.565 24140
241.609 24480
241.666 24820
241.722 25160
241.779 25500
241.836 25840
241.874 26180
241.918 26520
241.968 26860
242.012 27200
242.063 27540
242.113 27880
242.151 28220
242.189 28560
242.233 28900
242.277 29240
242.321 29580
242.359 29920
242.397 30260
242.435 30600
242.472 30940
242.51 31280
242.554 31620
242.586 31960
242.617 32300
242.649 32640
242.687 32980
242.725 33320
242.762 33660
242.794 34000
242.825 34340
242.863 34680
242.895 35020
242.933 35360
242.958 35700
242.989 36040
243.021 36380
243.052 36720
243.084 37060
243.115 37400
243.147 37740
243.178 38080
243.21 38420
243.242 38760
243.267 39100
243.292 39440
243.323 39780
243.349 40120
243.38 40460
243.405 40800
243.437 41140
243.462 41480
243.494 41820
243.519 42160
243.544 42500
243.569 42840
243.595 43180
243.626 43520
243.651 43860
243.676 44200
243.702 44540
243.727 44880
243.752 45220
243.777 45560
243.803 45900
243.828 46240
243.853 46580
243.878 46920
243.903 47260
243.929 47600
243.954 47940
243.973 48280
243.992 48620
244.017 48960
244.042 49300
244.067 49640
244.086 49980
244.105 50320
244.13 50660
244.149 51000
244.175 51340
244.193 51680
244.219 52020
244.238 52360
244.263 52700
244.282 53040
244.307 53380
244.326 53720
244.351 54060
244.37 54400
244.395 54740
244.414 55080
244.439 55420
244.458 55760
244.483 56100
244.502 56440
244.521 56780
244.54 57120
244.565 57460
244.584 57800
244.603 58140
244.622 58480
244.641 58820
244.66 59160
244.679 59500
244.698 59840
244.717 60180
244.736 60520
244.754 60860
244.773 61200
244.792 61540
244.811 61880
244.83 62220
244.849 62560
244.868 62900
244.887 63240
244.906 63580
244.925 63920
244.944 64260
244.963 64600
244.981 64940
245 65280
245.019 65620
245.038 65960
245.057 66300
245.076 66640
245.095 66980
245.114 67320
245.133 67660
245.152 68000
245.171 68340
245.189 68680
245.208 69020
245.221 69360
245.24 69700
245.259 70040
245.278 70380
245.29 70720
245.309 71060
245.322 71400
245.341 71740
245.36 72080
245.372 72420
245.391 72760
245.404 73100
245.423 73440
245.435 73780
245.454 74120
245.467 74460
245.486 74800
245.498 75140
245.517 75480
245.53 75820
245.549 76160
245.561 76500
245.58 76840
245.593 77180
245.612 77520
245.624 77860
245.643 78200
245.656 78540
245.675 78880
245.687 79220
245.706 79560
245.719 79900
245.738 80240
245.751 80580
245.769 80920
245.782 81260
245.801 81600
245.814 81940
245.832 82280
245.845 82620
245.864 82960
245.877 83300
245.896 83640
245.918 58480
247.561 340
247.809 2040
247.988 4420
248.157 6800
248.179 8500
248.195 10880
248.345 12580
248.361 14960
248.383 16660
248.399 19040
248.421 20740
248.436 23120
248.526 24820
248.542 27200
248.564 28900
248.58 31280
248.602 32980
248.618 35360
248.64 37060
248.656 39440
248.678 41140
248.731 41480
248.791 41820
248.867 42160
248.92 42500
248.98 42840
249.028 29920
250.419 340
250.714 680
250.954 1020
250.957 1360
251.122 1700
251.126 2040
251.129 2380
251.132 2720
251.291 3060
251.294 3400
251.298 3740
251.301 4080
251.304 4420
251.307 4760
251.31 5100
251.313 5440
251.46 5780
251.463 6120
251.466 6460
251.47 6800
251.473 7140
251.476 7480
251.479 7820
251.482 8160
251.485 8500
251.488 8840
251.492 9180
251.495 9520
251.498 9860
251.501 10200
251.504 10540
251.507 10880
251.629 11220
251.632 11560
251.635 11900
251.638 12240
251.642 12580
251.645 12920
251.648 13260
251.651 13600
251.654 13940
251.657 14280
251.66 14620
251.664 14960
251.667 15300
251.679 10540
252.028 10880
252.034 11220
252.053 11560
252.072 11900
252.097 12240
252.151 12580
252.226 12920
252.334 13260
252.444 13600
252.561 13940
252.699 14280
252.904 14620
253.141 14960
253.39 15300
256.015 15640
256.368 15980
256.617 16320
256.813 16660
256.986 17000
257.131 17340
257.254 17680
257.374 18020
257.484 18360
257.585 18700
257.683 19040
257.768 19380
257.853 19720
258.234 20060
258.335 20400
258.448 20740
258.543 21080
258.625 21420
258.789 21760
258.852 22100
258.909 22440
259.01 22780
259.079 23120
259.148 23460
259.224 23800
259.274 24140
259.331 24480
259.388 24820
259.445 25160
259.501 25500
259.545 25840
259.59 26180
259.627 26520
259.678 26860
259.722 27200
259.772 27540
259.823 27880
259.861 28220
259.898 28560
259.943 28900
259.987 29240
260.031 29580
260.075 29920
260.106 30260
260.144 30600
260.182 30940
260.22 31280
260.264 31620
260.296 31960
260.333 32300
260.365 32640
260.403 32980
260.441 33320
260.478 33660
260.51 34000
260.541 34340
260.579 34680
260.611 35020
260.649 35360
260.674 35700
260.705 36040
260.737 36380
260.768 36720
260.8 37060
260.831 37400
260.863 37740
260.894 38080
260.926 38420
260.951 38760
260.983 39100
261.008 39440
261.039 39780
261.065 40120
261.096 40460
261.121 40800
261.153 41140
261.178 41480
261.21 41820
261.235 42160
261.254 42500
261.279 42840
261.311 43180
261.336 43520
261.361 43860
261.386 44200
261.411 44540
261.437 44880
261.462 45220
261.487 45560
261.512 45900
261.537 46240
261.563 46580
261.588 46920
261.613 47260
261.638 47600
261.664 47940
261.689 48280
261.708 48620
261.733 48960
261.758 49300
261.783 49640
261.802 49980
261.821 50320
261.846 50660
261.865 51000
261.89 51340
261.909 51680
261.935 52020
261.954 52360
261.979 52700
261.998 53040
262.023 53380
262.042 53720
262.067 54060
262.086 54400
262.111 54740
262.13 55080
262.155 55420
262.174 55760
262.199 56100
262.218 56440
262.237 56780
262.256 57120
262.275 57460
262.3 57800
262.319 58140
262.332 58480
262.351 58820
262.37 59160
262.388 59500
262.414 59840
262.426 60180
262.445 60520
262.464 60860
262.483 61200
262.502 61540
262.521 61880
262.54 62220
262.559 62560
262.578 62900
262.597 63240
262.615 63580
262.634 63920
262.653 64260
262.672 64600
262.691 64940
262.71 65280
262.729 65620
262.748 65960
262.767 66300
262.786 66640
262.805 66980
262.823 67320
262.842 67660
262.861 68000
262.88 68340
262.899 68680
262.918 69020
262.937 69360
262.956 69700
262.975 70040
262.987 70380
263 70720
263.019 71060
263.031 71400
263.05 71740
263.069 72080
263.082 72420
263.101 72760
263.113 73100
263.132 73440
263.145 73780
263.164 74120
263.176 74460
263.195 74800
263.208 75140
263.227 75480
263.24 75820
263.258 76160
263.271 76500
263.29 76840
263.303 77180
263.321 77520
263.334 77860
263.353 78200
263.366 78540
263.385 78880
263.397 79220
263.416 79560
263.429 79900
263.448 80240
263.46 80580
263.479 80920
263.492 81260
263.511 81600
263.523 81940
263.542 82280
263.555 82620
263.574 82960
263.586 83300
263.605 83640
263.618 83980
263.634 58480
265.277 340
265.515 2040
265.701 4420
265.87 6800
265.892 8500
265.908 10880
266.058 12580
266.074 14960
266.096 16660
266.111 19040
266.133 20740
266.149 23120
266.239 24820
266.255 27200
266.277 28900
266.293 31280
266.315 32980
266.331 35360
266.353 37060
266.369 39440
266.391 41140
266.444 41480
266.52 41820
266.58 42160
266.633 42500
266.709 42840
266.756 29920
268.147 340
268.449 680
268.685 1020
268.688 1360
268.854 1700
268.857 2040
268.86 2380
268.864 2720
269.023 3060
269.026 3400
269.029 3740
269.032 4080
269.036 4420
269.039 4760
269.042 5100
269.045 5440
269.192 5780
269.195 6120
269.198 6460
269.201 6800
269.204 7140
269.208 7480
269.211 7820
269.214 8160
269.217 8500
269.22 8840
269.223 9180
269.226 9520
269.23 9860
269.233 10200
269.236 10540
269.239 10880
269.361 11220
269.364 11560
269.367 11900
269.37 12240
269.373 12580
269.376 12920
269.38 13260
269.383 13600
269.386 13940
269.389 14280
269.392 14620
269.395 14960
269.398 15300
269.411 10540
269.76 10880
269.766 11220
269.779 11560
269.797 11900
269.823 12240
269.87 12580
269.946 12920
270.05 13260
270.163 13600
270.277 13940
270.431 14280
270.63 14620
270.879 14960
271.134 15300
273.75 15640
274.1 15980
274.352 16320
274.544 16660
274.711 17000
274.86 17340
274.986 17680
275.105 18020
275.216 18360
275.313 18700
275.408 19040
275.499 19380
275.884 19720
275.991 20060
276.079 20400
276.193 20740
276.325 21080
276.401 21420
276.527 21760
276.584 22100
276.659 22440
276.754 22780
276.811 23120
276.867 23460
276.943 23800
277.012 24140
277.056 24480
277.107 24820
277.164 25160
277.22 25500
277.277 25840
277.321 26180
277.372 26520
277.416 26860
277.466 27200
277.517 27540
277.561 27880
277.599 28220
277.636 28560
277.681 28900
277.725 29240
277.769 29580
277.807 29920
277.844 30260
277.882 30600
277.92 30940
277.964 31280
278.002 31620
278.034 31960
278.065 32300
278.103 32640
278.141 32980
278.179 33320
278.21 33660
278.242 34000
278.279 34340
278.311 34680
278.349 35020
278.38 35360
278.412 35700
278.443 36040
278.475 36380
278.506 36720
278.538 37060
278.563 37400
278.595 37740
278.626 38080
278.658 38420
278.689 38760
278.714 39100
278.74 39440
278.771 39780
278.796 40120
278.828 40460
278.853 40800
278.885 41140
278.91 41480
278.941 41820
278.967 42160
278.992 42500
279.017 42840
279.042 43180
279.074 43520
279.099 43860
279.124 44200
279.149 44540
279.175 44880
279.2 45220
279.225 45560
279.25 45900
279.275 46240
279.301 46580
279.326 46920
279.351 47260
279.376 47600
279.402 47940
279.42 48280
279.439 48620
279.465 48960
279.49 49300
279.515 49640
279.534 49980
279.553 50320
279.578 50660
279.597 51000
279.622 51340
279.641 51680
279.666 52020
279.685 52360
279.71 52700
279.729 53040
279.755 53380
279.773 53720
279.799 54060
279.818 54400
279.843 54740
279.862 55080
279.887 55420
279.906 55760
279.931 56100
279.95 56440
279.969 56780
279.988 57120
280.013 57460
280.032 57800
280.051 58140
280.07 58480
280.089 58820
280.108 59160
280.127 59500
280.145 59840
280.164 60180
280.183 60520
280.202 60860
280.221 61200
280.24 61540
280.259 61880
280.278 62220
280.297 62560
280.316 62900
280.335 63240
280.353 63580
280.372 63920
280.391 64260
280.41 64600
280.429 64940
280.448 65280
280.467 65620
280.486 65960
280.505 66300
280.524 66640
280.543 66980
280.561 67320
280.58 67660
280.599 68000
280.618 68340
280.637 68680
280.656 69020
280.669 69360
280.688 69700
280.706 70040
280.725 70380
280.738 70720
280.757 71060
280.77 71400
280.788 71740
280.807 72080
280.82 72420
280.839 72760
280.851 73100
280.87 73440
280.883 73780
280.902 74120
280.915 74460
280.933 74800
280.946 75140
280.965 75480
280.978 75820
280.996 76160
281.009 76500
281.028 76840
281.041 77180
281.06 77520
281.072 77860
281.091 78200
281.104 78540
281.123 78880
281.135 79220
281.154 79560
281.167 79900
281.186 80240
281.198 80580
281.217 80920
281.23 81260
281.249 81600
281.261 81940
281.28 82280
281.293 82620
281.312 82960
281.324 83300
281.343 83640
281.365 58480
283.008 340
283.256 2040
283.436 4420
283.605 6800
283.627 8500
283.643 10880
283.793 12580
283.808 14960
283.831 16660
283.846 19040
283.868 20740
283.884 23120
283.974 24820
283.99 27200
284.012 28900
284.028 31280
284.05 32980
284.066 35360
284.088 37060
284.103 39440
284.125 41140
284.179 41480
284.239 41820
284.315 42160
284.368 42500
284.428 42840
284.475 29920
285.866 340
286.168 680
286.404 1020
286.408 1360
286.573 1700
286.576 2040
286.58 2380
286.583 2720
286.742 3060
286.745 3400
286.748 3740
286.752 4080
286.755 4420
286.758 4760
286.761 5100
286.764 5440
286.911 5780
286.914 6120
286.917 6460
286.92 6800
286.924 7140
286.927 7480
286.93 7820
286.933 8160
286.936 8500
286.939 8840
286.942 9180
286.946 9520
286.949 9860
286.952 10200
286.955 10540
286.958 10880
287.08 11220
287.083 11560
287.086 11900
287.089 12240
287.092 12580
287.096 12920
287.099 13260
287.102 13600
287.105 13940
287.108 14280
287.111 14620
287.114 14960
287.118 15300
287.13 10540
287.479 10880
287.485 11220
287.504 11560
287.523 11900
287.548 12240
287.602 12580
287.677 12920
287.784 13260
287.895 13600
288.011 13940
288.15 14280
288.355 14620
288.591 14960
288.84 15300
291.466 15640
291.819 15980
292.068 16320
292.263 16660
292.437 17000
292.582 17340
292.705 17680
292.824 18020
292.935 18360
293.036 18700
293.133 19040
293.218 19380
293.304 19720
293.685 20060
293.786 20400
293.899 20740
293.994 21080
294.076 21420
294.24 21760
294.303 22100
294.36 22440
294.46 22780
294.53 23120
294.599 23460
294.675 23800
294.725 24140
294.782 24480
294.839 24820
294.895 25160
294.952 25500
294.996 25840
295.04 26180
295.078 26520
295.129 26860
295.173 27200
295.223 27540
295.274 27880
295.311 28220
295.349 28560
295.393 28900
295.438 29240
295.482 29580
295.526 29920
295.557 30260
295.595 30600
295.633 30940
295.671 31280
295.715 31620
295.746 31960
295.778 32300
295.809 32640
295.847 32980
295.885 33320
295.923 33660
295.961 34000
295.992 34340
296.03 34680
296.062 35020
296.093 35360
296.125 24480
296.449 24820
296.456 25160
296.462 25500
296.468 25840
296.512 26180
296.594 26520
296.67 26860
296.752 27200
296.821 27540
296.878 27880
296.941 28220
297.01 28560
297.073 28900
297.143 29240
297.218 29580
297.294 29920
297.363 30260
297.452 30600
297.546 30940
297.616 31280
297.71 31620
297.811 31960
297.906 32300
298.006 32640
298.107 32980
298.246 33320
298.359 33660
298.517 34000
298.675 34340
298.857 34680
299.154 35020
299.475 35360
301.921 35700
302.274 36040
302.52 36380
302.722 36720
302.886 37060
303.031 37400
303.163 37740
303.277 38080
303.39 38420
303.491 38760
303.585 39100
303.674 39440
303.838 39780
303.983 40120
304.052 40460
304.172 40800
304.266 41140
304.361 41480
304.436 41820
304.512 42160
304.588 42500
304.638 42840
304.701 43180
304.771 43520
304.827 43860
304.884 44200
304.941 44540
304.998 44880
305.048 45220
305.098 45560
305.149 45900
305.199 46240
305.243 46580
305.294 46920
305.338 47260
305.388 47600
305.432 47940
305.477 48280
305.521 48620
305.565 48960
305.603 49300
305.641 49640
305.685 49980
305.722 50320
305.76 50660
305.798 51000
305.836 51340
305.874 51680
305.912 52020
305.943 52360
305.981 52700
306.012 53040
306.05 53380
306.082 53720
306.12 54060
306.151 54400
306.183 54740
306.214 55080
306.246 55420
306.277 55760
306.309 56100
306.34 56440
306.372 56780
306.403 57120
306.435 57460
306.46 57800
306.492 58140
306.523 58480
306.555 58820
306.58 59160
306.611 59500
306.637 59840
306.668 60180
306.693 60520
306.725 60860
306.75 61200
306.782 61540
306.807 61880
306.838 62220
306.864 62560
306.889 62900
306.914 63240
306.939 63580
306.964 63920
306.99 64260
307.015 64600
307.04 64940
307.065 65280
307.09 65620
307.116 65960
307.141 66300
307.166 66640
307.191 66980
307.217 67320
307.242 67660
307.261 68000
307.286 68340
307.311 68680
307.33 69020
307.355 69360
307.374 69700
307.399 70040
307.418 70380
307.443 70720
307.462 71060
307.488 71400
307.507 71740
307.532 72080
307.551 72420
307.576 72760
307.595 73100
307.62 73440
307.639 73780
307.664 74120
307.683 74460
307.708 74800
307.727 75140
307.752 75480
307.771 75820
307.79 76160
307.815 76500
307.834 76840
307.853 77180
307.872 77520
307.891 77860
307.91 78200
307.929 78540
307.948 78880
307.967 79220
307.986 79560
308.005 79900
308.023 80240
308.042 80580
308.058 56100
309.701 340
309.968 3400
310.137 5780
310.159 8840
310.325 11220
310.347 14280
310.375 16660
310.397 19720
310.513 22100
310.535 25160
310.563 27540
310.585 30600
310.613 32980
310.636 36040
310.664 38420
310.686 40800
310.758 41140
310.825 41480
310.891 41820
310.935 42160
311.011 29240
312.395 340
312.703 680
312.933 1020
312.936 1360
313.102 1700
313.105 2040
313.108 2380
313.112 2720
313.271 3060
313.274 3400
313.277 3740
313.28 4080
313.284 4420
313.287 4760
313.29 5100
313.293 5440
313.44 5780
313.443 6120
313.446 6460
313.449 6800
313.452 7140
313.456 7480
313.459 7820
313.462 8160
313.465 8500
313.468 8840
313.471 9180
313.475 9520
313.478 9860
313.481 10200
313.484 10540
313.487 10880
313.609 11220
313.612 11560
313.615 11900
313.618 12240
313.621 12580
313.624 12920
313.628 13260
313.631 13600
313.634 13940
313.647 9520
313.97 9860
313.976 10200
313.982 10540
313.989 10880
314.02 11220
314.064 11560
314.172 11900
314.263 12240
314.373 12580
314.562 12920
314.692 13260
314.912 13600
315.161 13940
317.878 14280
318.228 14620
318.48 14960
318.673 15300
318.843 15640
318.991 15980
319.117 16320
319.237 16660
319.344 17000
319.445 17340
319.896 17680
320.015 18020
320.123 18360
320.247 18700
320.336 19040
320.407 19380
320.482 19720
320.545 20060
320.615 20400
320.671 20740
320.734 21080
320.848 21420
320.905 21760
320.961 22100
321.056 22440
321.125 22780
321.195 23120
321.251 23460
321.302 23800
321.352 24140
321.409 24480
321.466 24820
321.51 25160
321.554 25500
321.598 25840
321.649 26180
321.693 26520
321.743 26860
321.781 27200
321.819 27540
321.857 27880
321.901 28220
321.939 28560
321.983 28900
322.02 29240
322.058 29580
322.096 29920
322.134 30260
322.172 30600
322.21 30940
322.247 31280
322.279 31620
322.317 31960
322.348 32300
322.386 32640
322.418 32980
322.449 33320
322.481 33660
322.512 34000
322.55 34340
322.582 34680
322.613 35020
322.645 35360
322.676 35700
322.708 36040
322.739 36380
322.764 36720
322.79 37060
322.821 37400
322.853 37740
322.884 38080
322.909 38420
322.935 38760
322.966 39100
322.991 39440
323.023 39780
323.048 40120
323.08 40460
323.105 40800
323.136 41140
323.161 41480
323.18 41820
323.206 42160
323.231 42500
323.256 42840
323.288 43180
323.313 43520
323.332 43860
323.357 44200
323.382 44540
323.407 44880
323.433 45220
323.458 45560
323.483 45900
323.508 46240
323.533 46580
323.559 46920
323.584 47260
323.609 47600
323.628 47940
323.653 48280
323.672 48620
323.697 48960
323.723 49300
323.741 49640
323.76 49980
323.786 50320
323.805 50660
323.83 51000
323.849 51340
323.874 51680
323.893 52020
323.918 52360
323.937 52700
323.962 53040
323.981 53380
324.006 53720
324.025 54060
324.05 54400
324.069 54740
324.088 55080
324.113 55420
324.132 55760
324.151 56100
324.17 56440
324.189 56780
324.208 57120
324.233 57460
324.252 57800
324.265 58140
324.284 58480
324.303 58820
324.321 59160
324.34 59500
324.359 59840
324.378 60180
324.397 60520
324.416 60860
324.435 61200
324.454 61540
324.473 61880
324.492 62220
324.511 62560
324.529 62900
324.548 63240
324.567 63580
324.586 63920
324.605 64260
324.624 64600
324.643 64940
324.662 65280
324.681 65620
324.7 65960
324.719 66300
324.737 66640
324.756 66980
324.775 67320
324.794 67660
324.813 68000
324.832 68340
324.845 68680
324.864 69020
324.876 69360
324.895 69700
324.914 70040
324.927 70380
324.946 70720
324.958 71060
324.977 71400
324.996 71740
325.009 72080
325.021 72420
325.04 72760
325.053 73100
325.072 73440
325.084 73780
325.103 74120
325.116 74460
325.135 74800
325.147 75140
325.166 75480
325.179 75820
325.198 76160
325.21 76500
325.229 76840
325.242 77180
325.261 77520
325.273 77860
325.292 78200
325.305 78540
325.324 78880
325.336 79220
325.355 79560
325.368 79900
325.387 80240
325.399 80580
325.418 80920
325.431 81260
325.45 81600
325.462 81940
325.481 82280
325.494 82620
325.513 82960
325.525 83300
325.544 83640
325.557 83980
325.573 58480
327.216 340
327.455 2720
327.64 5100
327.663 6800
327.822 8500
327.838 10880
327.86 12580
327.876 14960
328.003 16660
328.019 19040
328.041 20740
328.057 23120
328.079 24820
328.095 27200
328.117 28900
328.133 31280
328.185 32980
328.201 35360
328.223 37060
328.238 39440
328.26 41140
328.314 41480
328.39 41820
328.45 42160
328.503 42500
328.579 42840
328.626 29920
330.017 340
330.319 680
330.555 1020
330.558 1360
330.724 1700
330.727 2040
330.73 2380
330.733 2720
330.893 3060
330.896 3400
330.899 3740
330.902 4080
330.905 4420
330.909 4760
330.912 5100
330.915 5440
331.062 5780
331.065 6120
331.068 6460
331.071 6800
331.074 7140
331.077 7480
331.081 7820
331.084 8160
331.087 8500
331.09 8840
331.093 9180
331.096 9520
331.1 9860
331.103 10200
331.106 10540
331.109 10880
331.231 11220
331.234 11560
331.237 11900
331.24 12240
331.243 12580
331.246 12920
331.249 13260
331.253 13600
331.256 13940
331.259 14280
331.262 14620
331.265 14960
331.268 15300
331.281 10540
331.629 10880
331.636 11220
331.648 11560
331.667 11900
331.693 12240
331.74 12580
331.815 12920
331.919 13260
332.033 13600
332.146 13940
332.301 14280
332.499 14620
332.748 14960
333.004 15300
335.62 15640
335.97 15980
336.222 16320
336.414 16660
336.581 17000
336.729 17340
336.856 17680
336.975 18020
337.086 18360
337.183 18700
337.278 19040
337.369 19380
337.754 19720
337.861 20060
337.949 20400
338.063 20740
338.195 21080
338.271 21420
338.397 21760
338.454 22100
338.529 22440
338.624 22780
338.681 23120
338.737 23460
338.813 23800
338.882 24140
338.926 24480
338.977 24820
339.034 25160
339.09 25500
339.147 25840
339.191 26180
339.242 26520
339.286 26860
339.336 27200
339.387 27540
339.431 27880
339.469 28220
339.506 28560
339.55 28900
339.595 29240
339.639 29580
339.677 29920
339.714 30260
339.752 30600
339.79 30940
339.834 31280
339.872 31620
339.903 31960
339.935 32300
339.973 32640
340.011 32980
340.048 33320
340.08 33660
340.112 34000
340.149 34340
340.181 34680
340.219 35020
340.25 35360
340.282 35700
340.313 36040
340.345 36380
340.376 36720
340.408 37060
340.433 37400
340.465 37740
340.496 38080
340.528 38420
340.559 38760
340.584 39100
340.61 39440
340.641 39780
340.666 40120
340.698 40460
340.723 40800
340.755 41140
340.78 41480
340.811 41820
340.836 42160
340.862 42500
340.887 42840
340.912 43180
340.944 43520
340.969 43860
340.994 44200
341.019 44540
341.045 44880
341.07 45220
341.095 45560
341.12 45900
341.145 46240
341.171 46580
341.196 46920
341.221 47260
341.246 47600
341.271 47940
341.29 48280
341.309 48620
341.334 48960
341.36 49300
341.385 49640
341.404 49980
341.423 50320
341.448 50660
341.467 51000
341.492 51340
341.511 51680
341.536 52020
341.555 52360
341.58 52700
341.599 53040
341.624 53380
341.643 53720
341.669 54060
341.688 54400
341.713 54740
341.732 55080
341.757 55420
341.776 55760
341.801 56100
341.82 56440
341.839 56780
341.858 57120
341.883 57460
341.902 57800
341.921 58140
341.94 58480
341.959 58820
341.978 59160
341.996 59500
342.015 59840
342.034 60180
342.053 60520
342.072 60860
342.091 61200
342.11 61540
342.129 61880
342.148 62220
342.167 62560
342.186 62900
342.204 63240
342.223 63580
342.242 63920
342.261 64260
342.28 64600
342.299 64940
342.318 65280
342.337 65620
342.356 65960
342.375 66300
342.394 66640
342.412 66980
342.431 67320
342.45 67660
342.469 68000
342.488 68340
342.507 68680
342.526 69020
342.539 69360
342.557 69700
342.576 70040
342.595 70380
342.608 70720
342.627 71060
342.639 71400
342.658 71740
342.677 72080
342.69 72420
342.709 72760
342.721 73100
342.74 73440
342.753 73780
342.772 74120
342.784 74460
342.803 74800
342.816 75140
342.835 75480
342.847 75820
342.866 76160
342.879 76500
342.898 76840
342.91 77180
342.929 77520
342.942 77860
342.961 78200
342.974 78540
342.992 78880
343.005 79220
343.024 79560
343.037 79900
343.055 80240
343.068 80580
343.087 80920
343.1 81260
343.119 81600
343.131 81940
343.15 82280
343.163 82620
343.182 82960
343.194 83300
343.213 83640
343.235 58480
344.878 340
345.126 2040
345.306 4420
345.475 6800
345.497 8500
345.513 10880
345.663 12580
345.678 14960
345.7 16660
345.716 19040
345.738 20740
345.754 23120
345.844 24820
345.86 27200
345.882 28900
345.898 31280
345.92 32980
345.935 35360
345.958 37060
345.973 39440
345.995 41140
346.049 41480
346.109 41820
346.184 42160
346.238 42500
346.298 42840
346.345 29920
347.736 340
347.839 680
348.271 1020
348.274 1360
348.44 1700
348.443 2040
348.446 2380
348.449 2720
348.609 3060
348.612 3400
348.615 3740
348.618 4080
348.621 4420
348.625 4760
348.628 5100
348.631 5440
348.778 5780
348.781 6120
348.784 6460
348.787 6800
348.79 7140
348.793 7480
348.797 7820
348.8 8160
348.803 8500
348.806 8840
348.809 9180
348.812 9520
348.815 9860
348.819 10200
348.822 10540
348.825 10880
348.947 11220
348.95 11560
348.953 11900
348.956 12240
348.959 12580
348.962 12920
348.965 13260
348.969 13600
348.972 13940
348.975 14280
348.978 14620
348.981 14960
348.984 15300
348.987 15640
349 10880
349.352 11220
349.361 11560
349.374 11900
349.399 12240
349.424 12580
349.481 12920
349.557 13260
349.657 13600
349.78 13940
349.9 14280
350.029 14620
350.269 14960
350.524 15300
350.792 15640
353.342 15980
353.692 16320
353.941 16660
354.136 17000
354.307 17340
354.449 17680
354.578 18020
354.698 18360
354.808 18700
354.906 19040
355.003 19380
355.095 19720
355.18 20060
355.252 20400
355.369 20740
355.523 21080
355.64 21420
355.835 21760
355.968 22100
356.094 22440
356.166 22780
356.255 23120
356.34 23460
356.415 23800
356.485 24140
356.567 24480
356.611 24820
356.661 25160
356.718 25500
356.775 25840
356.838 26180
356.882 26520
356.92 26860
356.964 27200
357.014 27540
357.065 27880
357.115 28220
357.153 28560
357.191 28900
357.235 29240
357.279 29580
357.323 29920
357.367 30260
357.399 30600
357.437 30940
357.481 31280
357.519 31620
357.563 31960
357.588 32300
357.626 32640
357.664 32980
357.701 33320
357.739 33660
357.771 34000
357.802 34340
357.834 34680
357.872 35020
357.903 35360
357.941 35700
357.966 36040
357.998 36380
358.029 36720
358.061 37060
358.092 37400
358.124 37740
358.155 38080
358.187 38420
358.218 38760
358.25 39100
358.275 39440
358.307 39780
358.332 40120
358.363 40460
358.389 40800
358.42 41140
358.445 41480
358.477 41820
358.502 42160
358.527 42500
358.552 42840
358.578 43180
358.609 43520
358.634 43860
358.66 44200
358.685 44540
358.71 44880
358.735 45220
358.76 45560
358.786 45900
358.811 46240
358.836 46580
358.861 46920
358.887 47260
358.912 47600
358.937 47940
358.962 48280
358.981 48620
359 48960
359.025 49300
359.05 49640
359.076 49980
359.095 50320
359.12 50660
359.139 51000
359.164 51340
359.183 51680
359.208 52020
359.227 52360
359.252 52700
359.271 53040
359.296 53380
359.315 53720
359.34 54060
359.359 54400
359.385 54740
359.403 55080
359.429 55420
359.448 55760
359.473 56100
359.492 56440
359.511 56780
359.53 57120
359.555 57460
359.574 57800
359.593 58140
359.612 58480
359.63 58820
359.649 59160
359.668 59500
359.687 59840
359.706 60180
359.725 60520
359.744 60860
359.763 61200
359.782 61540
359.801 61880
359.82 62220
359.838 62560
359.857 62900
359.876 63240
359.895 63580
359.914 63920
359.933 64260
359.952 64600
359.971 64940
359.99 65280
360.009 65620
360.028 65960
360.046 66300
360.065 66640
360.084 66980
360.103 67320
360.122 67660
360.141 68000
360.16 68340
360.179 68680
360.198 69020
360.217 69360
360.229 69700
360.248 70040
360.267 70380
360.28 70720
360.299 71060
360.311 71400
360.33 71740
360.349 72080
360.362 72420
360.381 72760
360.393 73100
360.412 73440
360.425 73780
360.444 74120
360.456 74460
360.475 74800
360.488 75140
360.507 75480
360.519 75820
360.538 76160
360.551 76500
360.57 76840
360.582 77180
360.601 77520
360.614 77860
360.633 78200
360.645 78540
360.664 78880
360.677 79220
360.696 79560
360.708 79900
360.727 80240
360.74 80580
360.759 80920
360.771 81260
360.79 81600
360.803 81940
360.822 82280
360.834 82620
360.853 82960
360.866 83300
360.885 83640
360.907 58480
362.55 340
362.798 2040
362.978 4420
363.147 6800
363.169 8500
363.185 10880
363.334 12580
363.35 14960
363.372 16660
363.388 19040
363.41 20740
363.426 23120
363.516 24820
363.532 27200
363.554 28900
363.569 31280
363.592 32980
363.607 35360
363.629 37060
363.645 39440
363.667 41140
363.721 41480
363.781 41820
363.856 42160
363.91 42500
363.97 42840
364.017 29920
365.408 340
365.71 680
365.946 1020
365.949 1360
366.115 1700
366.118 2040
366.121 2380
366.124 2720
366.284 3060
366.287 3400
366.29 3740
366.293 4080
366.296 4420
366.3 4760
366.303 5100
366.306 5440
366.453 5780
366.456 6120
366.459 6460
366.462 6800
366.465 7140
366.468 7480
366.472 7820
366.475 8160
366.478 8500
366.481 8840
366.484 9180
366.487 9520
366.49 9860
366.494 10200
366.497 10540
366.5 10880
366.621 11220
366.625 11560
366.628 11900
366.631 12240
366.634 12580
366.637 12920
366.64 13260
366.644 13600
366.647 13940
366.65 14280
366.653 14620
366.656 14960
366.659 15300
366.672 10540
367.02 10880
367.027 11220
367.046 11560
367.065 11900
367.09 12240
367.143 12580
367.219 12920
367.326 13260
367.436 13600
367.553 13940
367.692 14280
367.897 14620
368.133 14960
368.382 15300
371.008 15640
371.361 15980
371.61 16320
371.805 16660
371.979 17000
372.124 17340
372.246 17680
372.366 18020
372.477 18360
372.577 18700
372.675 19040
372.76 19380
372.845 19720
373.227 20060
373.328 20400
373.441 20740
373.536 21080
373.618 21420
373.781 21760
373.845 22100
373.901 22440
374.002 22780
374.071 23120
374.141 23460
374.216 23800
374.267 24140
374.324 24480
374.38 24820
374.437 25160
374.494 25500
374.538 25840
374.582 26180
374.62 26520
374.67 26860
374.714 27200
374.765 27540
374.815 27880
374.853 28220
374.891 28560
374.935 28900
374.979 29240
375.023 29580
375.067 29920
375.099 30260
375.137 30600
375.175 30940
375.212 31280
375.257 31620
375.288 31960
375.326 32300
375.357 32640
375.395 32980
375.433 33320
375.471 33660
375.502 34000
375.534 34340
375.572 34680
375.603 35020
375.641 35360
375.666 35700
375.698 36040
375.729 36380
375.761 36720
375.792 37060
375.824 37400
375.855 37740
375.887 38080
375.919 38420
375.944 38760
375.975 39100
376 39440
376.032 39780
376.057 40120
376.089 40460
376.114 40800
376.145 41140
376.171 41480
376.202 41820
376.227 42160
376.246 42500
376.272 42840
376.303 43180
376.328 43520
376.354 43860
376.379 44200
376.404 44540
376.429 44880
376.454 45220
376.48 45560
376.505 45900
376.53 46240
376.555 46580
376.58 46920
376.606 47260
376.631 47600
376.656 47940
376.681 48280
376.7 48620
376.725 48960
376.751 49300
376.776 49640
376.795 49980
376.814 50320
376.839 50660
376.858 51000
376.883 51340
376.902 51680
376.927 52020
376.946 52360
376.971 52700
376.99 53040
377.015 53380
377.034 53720
377.06 54060
377.078 54400
377.104 54740
377.123 55080
377.148 55420
377.167 55760
377.192 56100
377.211 56440
377.23 56780
377.249 57120
377.268 57460
377.293 57800
377.312 58140
377.324 58480
377.343 58820
377.362 59160
377.381 59500
377.406 59840
377.419 60180
377.438 60520
377.457 60860
377.476 61200
377.495 61540
377.513 61880
377.532 62220
377.551 62560
377.57 62900
377.589 63240
377.608 63580
377.627 63920
377.646 64260
377.665 64600
377.684 64940
377.703 65280
377.721 65620
377.74 65960
377.759 66300
377.778 66640
377.797 66980
377.816 67320
377.835 67660
377.854 68000
377.873 68340
377.892 68680
377.911 69020
377.93 69360
377.948 69700
377.967 70040
377.98 70380
377.993 70720
378.011 71060
378.024 71400
378.043 71740
378.062 72080
378.074 72420
378.093 72760
378.106 73100
378.125 73440
378.138 73780
378.156 74120
378.169 74460
378.188 74800
378.201 75140
378.219 75480
378.232 75820
378.251 76160
378.264 76500
378.283 76840
378.295 77180
378.314 77520
378.327 77860
378.346 78200
378.358 78540
378.377 78880
378.39 79220
378.409 79560
378.421 79900
378.44 80240
378.453 80580
378.472 80920
378.484 81260
378.503 81600
378.516 81940
378.535 82280
378.547 82620
378.566 82960
378.579 83300
378.598 83640
378.61 83980
378.626 58480
380.269 340
380.508 2040
380.694 4420
380.863 6800
380.885 8500
380.9 10880
381.05 12580
381.066 14960
381.088 16660
381.104 19040
381.126 20740
381.142 23120
381.232 24820
381.248 27200
381.27 28900
381.285 31280
381.308 32980
381.323 35360
381.345 37060
381.361 39440
381.383 41140
381.437 41480
381.512 41820
381.572 42160
381.626 42500
381.702 42840
381.749 29920
383.14 340
383.435 680
383.675 1020
383.678 1360
383.844 1700
383.847 2040
383.85 2380
383.853 2720
384.012 3060
384.016 3400
384.019 3740
384.022 4080
384.025 4420
384.028 4760
384.031 5100
384.034 5440
384.181 5780
384.184 6120
384.188 6460
384.191 6800
384.194 7140
384.197 7480
384.2 7820
384.203 8160
384.206 8500
384.21 8840
384.213 9180
384.216 9520
384.219 9860
384.222 10200
384.225 10540
384.228 10880
384.35 11220
384.353 11560
384.356 11900
384.36 12240
384.363 12580
384.366 12920
384.369 13260
384.372 13600
384.375 13940
384.378 14280
384.382 14620
384.385 14960
384.388 15300
384.4 10540
384.749 10880
384.755 11220
384.768 11560
384.787 11900
384.812 12240
384.859 12580
384.935 12920
385.039 13260
385.152 13600
385.266 13940
385.42 14280
385.619 14620
385.868 14960
386.123 15300
388.739 15640
389.089 15980
389.341 16320
389.534 16660
389.701 17000
389.849 17340
389.975 17680
390.095 18020
390.205 18360
390.303 18700
390.397 19040
390.489 19380
390.873 19720
390.981 20060
391.069 20400
391.182 20740
391.315 21080
391.39 21420
391.516 21760
391.573 22100
391.649 22440
391.743 22780
391.8 23120
391.857 23460
391.932 23800
392.002 24140
392.046 24480
392.096 24820
392.153 25160
392.21 25500
392.267 25840
392.311 26180
392.361 26520
392.405 26860
392.456 27200
392.506 27540
392.55 27880
392.588 28220
392.626 28560
392.67 28900
392.714 29240
392.758 29580
392.796 29920
392.834 30260
392.872 30600
392.91 30940
392.954 31280
392.991 31620
393.023 31960
393.055 32300
393.092 32640
393.13 32980
393.168 33320
393.2 33660
393.231 34000
393.269 34340
393.3 34680
393.338 35020
393.37 35360
393.401 35700
393.433 36040
393.464 36380
393.496 36720
393.527 37060
393.553 37400
393.584 37740
393.616 38080
393.647 38420
393.679 38760
393.704 39100
393.729 39440
393.761 39780
393.786 40120
393.817 40460
393.843 40800
393.874 41140
393.899 41480
393.931 41820
393.956 42160
393.981 42500
394.006 42840
394.032 43180
394.063 43520
394.088 43860
394.114 44200
394.139 44540
394.164 44880
394.189 45220
394.214 45560
394.24 45900
394.265 46240
394.29 46580
394.315 46920
394.341 47260
394.366 47600
394.391 47940
394.41 48280
394.429 48620
394.454 48960
394.479 49300
394.504 49640
394.523 49980
394.542 50320
394.567 50660
394.586 51000
394.612 51340
394.631 51680
394.656 52020
394.675 52360
394.7 52700
394.719 53040
394.744 53380
394.763 53720
394.788 54060
394.807 54400
394.832 54740
394.851 55080
394.876 55420
394.895 55760
394.921 56100
394.939 56440
394.958 56780
394.977 57120
395.002 57460
395.021 57800
395.04 58140
395.059 58480
395.078 58820
395.097 59160
395.116 59500
395.135 59840
395.154 60180
395.173 60520
395.192 60860
395.21 61200
395.229 61540
395.248 61880
395.267 62220
395.286 62560
395.305 62900
395.324 63240
395.343 63580
395.362 63920
395.381 64260
395.4 64600
395.419 64940
395.437 65280
395.456 65620
395.475 65960
395.494 66300
395.513 66640
395.532 66980
395.551 67320
395.57 67660
395.589 68000
395.608 68340
395.627 68680
395.645 69020
395.658 69360
395.677 69700
395.696 70040
395.715 70380
395.727 70720
395.746 71060
395.759 71400
395.778 71740
395.797 72080
395.809 72420
395.828 72760
395.841 73100
395.86 73440
395.872 73780
395.891 74120
395.904 74460
395.923 74800
395.935 75140
395.954 75480
395.967 75820
395.986 76160
395.998 76500
396.017 76840
396.03 77180
396.049 77520
396.062 77860
396.08 78200
396.093 78540
396.112 78880
396.125 79220
396.143 79560
396.156 79900
396.175 80240
396.188 80580
396.207 80920
396.219 81260
396.238 81600
396.251 81940
396.27 82280
396.282 82620
396.301 82960
396.314 83300
396.333 83640
396.355 58480
397.998 340
398.246 2040
398.426 4420
398.594 6800
398.616 8500
398.632 10880
398.782 12580
398.798 14960
398.82 16660
398.836 19040
398.858 20740
398.874 23120
398.964 24820
398.979 27200
399.001 28900
399.017 31280
399.039 32980
399.055 35360
399.077 37060
399.093 39440
399.115 41140
399.168 41480
399.228 41820
399.304 42160
399.358 42500
399.417 42840
399.465 29920
