0.0 0
0.570803 3400
1.14778 3740
1.16039 4420
1.173 5100
1.18561 5780
1.19821 6460
1.40452 6800
1.7302 7480
1.74281 8160
1.75542 8840
1.76803 9520
1.78063 10200
1.79324 10880
1.80585 11560
1.81846 12240
1.83107 12920
1.98694 13600
2.31262 14280
2.32523 14960
2.33784 15640
2.35045 16320
2.36305 17000
2.37566 17680
2.38827 18360
2.40088 19040
2.41349 19720
2.42609 20400
2.4387 21080
2.45131 21760
2.46392 22440
2.47653 23120
2.48913 23800
2.50174 24480
2.51435 25160
2.52696 25840
2.56936 26520
2.58197 27200
2.89504 27880
2.90765 28560
2.92026 29240
2.93286 29920
2.94547 30600
2.95808 31280
2.97069 31960
2.9833 32640
2.9959 33320
3.00851 34000
3.02112 34680
3.03373 35360
3.04634 36040
3.05894 36720
3.07155 37400
3.08416 38080
3.09677 38760
3.10938 39440
3.12198 40120
3.13459 40800
3.1472 41480
3.15981 42160
3.17242 42840
3.18502 43520
3.19763 44200
3.21024 44880
3.22285 45560
3.23546 46240
3.24806 46920
3.26067 47600
3.27328 48280
3.28589 48960
3.2985 49640
3.3111 50320
3.32371 51000
3.33632 51680
3.34893 52360
3.36154 53040
3.37414 53720
3.38675 54400
3.47746 55080
3.49007 55760
3.50268 56440
3.51528 57120
3.52789 57800
3.5405 58480
3.55311 59160
3.56572 59840
3.57832 60520
3.59093 61200
3.60354 61880
3.61615 62560
3.62876 63240
3.64136 63920
3.65397 64600
3.66658 65280
3.67919 65960
3.6918 66640
3.7044 67320
3.71701 68000
3.72962 68680
3.74223 69360
3.75484 70040
3.76744 70720
3.78005 71400
3.79266 72080
3.80527 72760
3.81788 73440
3.83048 74120
3.84309 74800
3.8557 75480
3.86831 76160
3.88092 76840
3.89352 77520
3.90613 78200
3.91874 78880
3.93135 79560
3.94396 80240
3.95656 80920
3.96917 81600
3.98178 82280
3.99439 82960
4.007 83640
4.0196 84320
4.03221 85000
4.04482 85680
4.05743 86360
4.07004 87040
4.08264 87720
4.09525 88400
4.10786 89080
4.12047 89760
4.13308 90440
4.14568 91120
4.15829 91800
4.1709 92480
4.18351 93160
4.19612 93840
4.20872 94520
4.22133 95200
4.23394 95880
4.24655 96560
4.25916 97240
4.27176 97920
4.28437 98600
4.29698 99280
4.30959 99960
4.3222 100640
4.3348 101320
4.34741 102000
4.36002 102680
4.37263 103360
4.38524 104040
4.39784 104720
4.41045 105400
4.42306 106080
4.43567 106760
4.44828 107440
4.46088 108120
4.47349 108800
4.4861 109480
4.49871 110160
4.51132 110840
4.52392 111520
4.53653 112200
4.54914 112880
4.56175 113560
4.57436 114240
4.58696 114920
4.59957 115600
4.61218 116280
4.62479 116960
4.6374 117640
4.65 118320
4.66261 119000
4.67522 119680
4.68783 120360
4.70044 121040
4.71304 121720
4.72565 122400
4.73826 123080
4.75087 123760
4.76348 124440
4.77608 125120
4.78869 125800
4.8013 126480
4.81391 127160
4.82652 127840
4.83912 128520
4.85173 129200
4.86434 129880
4.87695 130560
4.88956 131240
4.90216 131920
4.91477 132600
4.92738 133280
4.93999 133960
4.9526 134640
4.9652 135320
4.97781 136000
4.99042 136680
5.00303 137360
5.01564 138040
5.02824 138720
5.04085 139400
5.05346 140080
5.06607 140760
5.07868 141440
5.09128 142120
5.10389 142800
5.1165 143480
5.12911 144160
5.14172 144840
5.15432 145520
5.16693 146200
5.17954 146880
5.19215 147560
5.20476 148240
5.21736 148920
5.22997 149600
5.24258 150280
5.25519 150960
5.2678 151640
5.2804 152320
5.29301 153000
5.30562 153680
5.31823 154360
5.33084 155040
5.34344 155720
5.35605 156400
5.36866 157080
5.38127 157760
5.39388 158440
5.40648 159120
5.41909 159800
5.4317 160480
5.44431 161160
5.45692 161840
5.46952 162520
5.48213 163200
5.49474 163880
5.50735 164560
5.51996 165240
5.53256 165920
5.54517 166600
5.55778 167280
5.57039 167960
5.583 168640
5.5956 169320
5.60821 170000
5.62082 170680
5.63343 171360
5.64604 172040
5.65864 172720
5.67125 173400
5.68386 174080
5.69647 174760
5.70908 175440
5.72168 176120
5.73429 176800
5.7469 177480
5.75951 178160
5.77212 178840
5.78472 179520
5.79733 180200
5.80994 180880
5.82255 181560
5.83516 182240
5.84776 182920
5.86037 183600
5.87298 184280
5.88559 184960
5.8982 185640
5.9108 186320
5.92341 187000
5.93602 187680
5.94863 188360
5.96124 189040
5.97384 189720
5.98645 190400
5.99906 191080
6.01797 133620
9.7077 340
9.92015 1360
10.4963 1700
10.5026 2720
11.0724 3060
11.0787 4080
11.0976 4420
11.1039 5440
11.6485 5780
11.6548 6800
11.6737 7140
11.68 8160
11.6989 8500
11.7052 9520
11.7241 9860
11.7304 10880
12.2246 11220
12.2309 12240
12.2498 12580
12.2561 13600
12.275 13940
12.2813 14960
12.3003 15300
12.3066 16320
12.3255 16660
12.3318 17680
12.3507 18020
12.357 19040
12.3759 19380
12.3822 20400
12.4011 20740
12.4074 21760
12.8007 22100
12.807 23120
12.8259 23460
12.8322 24480
12.8512 24820
12.8575 25840
12.8764 26180
12.8827 27200
12.9016 27540
12.9079 28560
12.9268 28900
12.9331 29920
12.952 30260
12.9583 31280
12.9772 31620
12.9835 32640
13.0025 32980
13.0088 34000
13.0277 34340
13.034 35360
13.0529 35700
13.0592 36720
13.0781 37060
13.0844 38080
13.1033 38420
13.1096 39440
13.1285 39780
13.1348 40800
13.1537 41140
13.1601 42160
13.179 42500
13.1853 43520
13.3768 43860
13.3831 44880
13.4021 45220
13.4084 46240
13.4273 46580
13.4336 47600
13.4525 47940
13.4588 48960
13.4777 49300
13.484 50320
13.5029 50660
13.5092 51680
13.5281 52020
13.5344 53040
13.5534 53380
13.5597 54400
13.5786 54740
13.5849 55760
13.6038 56100
13.6101 57120
13.629 57460
13.6353 58480
13.6542 58820
13.6605 59840
13.6794 60180
13.6857 61200
13.7046 61540
13.711 62560
13.7299 62900
13.7362 63920
13.7551 64260
13.7614 65280
13.7803 65620
13.7866 66640
13.8055 66980
13.8118 68000
13.8307 68340
13.837 69360
13.8559 69700
13.8622 70720
13.8812 71060
13.8875 72080
13.9064 72420
13.9127 73440
13.9316 73780
13.9379 74800
13.9568 75140
13.9631 76160
13.982 76500
13.9883 77520
14.0072 77860
14.0135 78880
14.0325 79220
14.0388 80240
14.0577 80580
14.064 81600
14.0829 81940
14.0892 82960
14.1081 83300
14.1144 84320
14.1333 84660
14.1396 85680
14.1585 86020
14.1648 87040
14.1838 87380
14.1901 88400
14.209 88740
14.2153 89760
14.2342 90100
14.2405 91120
14.2594 91460
14.2657 92480
14.2846 92820
14.2909 93840
14.417 94180
14.5431 94520
14.6692 94860
14.7952 95200
14.9213 95540
15.0474 95880
15.1735 96220
15.2996 96560
15.4256 96900
15.5517 97240
15.6778 97580
15.8039 97920
15.93 98260
16.056 98600
16.0813 98940
18.4099 69020
20.9106 340
21.2905 680
21.8666 1020
21.8729 1360
22.4427 1700
22.449 2040
22.4553 2380
22.4616 2720
23.0188 3060
23.0251 3400
23.0314 3740
23.0377 4080
23.044 4420
23.0503 4760
23.0566 5100
23.0629 5440
23.5949 5780
23.6012 6120
23.6075 6460
23.6138 6800
23.6201 7140
23.6264 7480
23.6327 7820
23.6391 8160
23.6454 8500
23.6517 8840
23.658 9180
23.6643 9520
23.6706 9860
23.6769 10200
23.6832 10540
23.6895 10880
24.171 11220
24.1773 11560
24.1836 11900
24.1899 12240
24.1963 12580
24.2026 12920
24.2089 13260
24.2152 13600
24.2215 13940
24.2278 14280
24.2341 14620
24.2404 14960
24.2467 15300
24.253 15640
24.2593 15980
24.2656 16320
24.2719 16660
24.2782 17000
24.2845 17340
24.2908 17680
24.2971 18020
24.3034 18360
24.3097 18700
24.316 19040
24.3223 19380
24.3286 19720
24.3349 20060
24.3412 20400
24.3475 20740
24.3539 21080
24.3602 21420
24.3665 21760
24.7472 22100
24.7535 22440
24.7598 22780
24.7661 23120
24.7724 23460
24.7787 23800
24.785 24140
24.7913 24480
24.7976 24820
24.8039 25160
24.8102 25500
24.8165 25840
24.8228 26180
24.8291 26520
24.8354 26860
24.8417 27200
24.848 27540
24.8543 27880
24.8606 28220
24.8669 28560
24.8732 28900
24.8795 29240
24.8858 29580
24.8921 29920
24.8984 30260
24.9048 30600
24.9111 30940
24.9174 31280
24.9237 31620
24.93 31960
24.9363 32300
24.9426 32640
24.9489 32980
24.9552 33320
24.9615 33660
24.9678 34000
24.9741 34340
24.9804 34680
24.9867 35020
24.993 35360
24.9993 35700
25.0056 36040
25.0119 36380
25.0182 36720
25.0245 37060
25.0308 37400
25.0371 37740
25.0434 38080
25.0497 38420
25.056 38760
25.0624 39100
25.0687 39440
25.075 39780
25.0813 40120
25.0876 40460
25.0939 40800
25.1002 41140
25.1065 41480
25.1128 41820
25.1191 42160
25.1254 42500
25.1317 42840
25.138 43180
25.1443 43520
25.3233 43860
25.3296 44200
25.3359 44540
25.3422 44880
25.3485 45220
25.3548 45560
25.3611 45900
25.3674 46240
25.3737 46580
25.38 46920
25.3863 47260
25.3926 47600
25.3989 47940
25.4052 48280
25.4115 48620
25.4178 48960
25.4241 49300
25.4304 49640
25.4367 49980
25.443 50320
25.4493 50660
25.4557 51000
25.462 51340
25.4683 51680
25.4746 52020
25.4809 52360
25.4872 52700
25.4935 53040
25.4998 53380
25.5061 53720
25.5124 54060
25.6133 54400
25.7393 54740
25.878 38080
27.3721 38420
27.3847 38760
27.3973 39100
27.4099 39440
27.4225 39780
27.4351 40120
27.4477 40460
27.4603 40800
27.4729 41140
27.4855 41480
27.5108 41820
27.5612 42160
27.6242 42500
27.6999 42840
27.7755 43180
27.8512 43520
27.9268 43860
28.0025 44200
28.0781 44540
28.1538 44880
28.2294 45220
28.3177 45560
28.4059 45900
28.4942 46240
28.5635 46580
28.6077 46920
28.6581 47260
28.7085 47600
28.7589 47940
28.822 48280
28.8724 48620
28.9355 48960
28.9985 49300
29.0489 34340
29.9567 34680
29.9693 35020
29.9819 35360
29.9945 35700
30.0071 36040
30.0197 36380
30.0324 36720
30.045 37060
30.0576 37400
30.0702 37740
30.0828 38080
30.0954 38420
30.108 38760
30.1206 39100
30.1332 39440
30.1458 39780
30.1584 40120
30.1837 40460
30.3349 40800
30.461 41140
30.5619 41480
30.6754 41820
30.7636 42160
30.8645 42500
30.9527 42840
31.0536 43180
31.1419 43520
31.2427 43860
31.3436 44200
31.4445 44540
31.5453 44880
31.6462 45220
31.7723 45560
31.9109 31620
33.3192 31960
33.3318 32300
33.3444 32640
33.357 32980
33.3696 33320
33.3822 33660
33.3948 34000
33.4074 34340
33.4201 34680
33.4327 35020
33.4453 35360
33.4579 35700
33.4705 36040
33.4831 36380
33.4957 36720
33.5335 37060
33.6722 37400
33.7857 37740
33.8992 38080
34 38420
34.1009 38760
34.2018 39100
34.3026 39440
34.4035 39780
34.4917 40120
34.58 40460
34.6935 40800
34.7943 41140
34.9078 41480
35.0087 41820
35.1221 42160
35.2482 42500
35.3743 42840
35.5004 43180
35.6643 43520
35.7273 30260
36.5279 30600
36.5556 30940
36.5682 31280
36.5808 31620
36.5934 31960
36.606 32300
36.6186 32640
36.6312 32980
36.6439 33320
36.6565 33660
36.6691 34000
36.6817 34340
36.6943 34680
36.7447 35020
36.8456 35360
36.9212 24480
37.5793 24820
37.7267 25160
37.7393 25500
37.752 25840
37.7646 26180
37.7772 26520
37.7898 26860
37.8024 27200
37.815 27540
37.8276 27880
37.8402 28220
37.8528 28560
37.8654 28900
37.9159 29240
38.0419 29580
38.1302 29920
38.3407 30260
38.4289 30600
38.5298 30940
38.6181 31280
38.7189 31620
38.8324 31960
38.9735 32300
39.087 32640
39.2131 32980
39.3518 33320
39.4778 33660
39.6291 34000
39.8435 34340
40.0452 34680
40.373 35020
41.016 35360
41.886 24480
42.5353 24820
42.6701 25160
42.6827 25500
42.6953 25840
42.7079 26180
42.7206 26520
42.7332 26860
42.7458 27200
42.7584 27540
42.771 27880
42.7836 28220
42.7962 28560
42.8088 28900
42.8214 29240
42.834 29580
42.8466 29920
42.9475 30260
43.2462 30600
43.3093 30940
43.448 31280
43.5488 31620
43.6749 31960
43.8224 32300
43.9358 32640
44.0871 32980
44.2384 33320
44.3897 33660
44.5536 34000
44.7427 34340
44.9571 34680
45.2723 35020
45.9279 35360
47.63 35700
47.983 36040
48.2225 36380
48.5882 36720
48.7395 37060
48.9286 37400
49.1555 37740
49.3194 38080
49.4581 38420
49.5968 38760
49.7229 39100
49.8238 39440
49.9246 39780
50.0129 40120
50.1011 40460
50.1768 40800
50.265 41140
50.3407 41480
50.4163 41820
50.4794 42160
50.555 42500
50.6181 42840
50.6811 43180
50.7441 43520
50.7946 43860
50.845 44200
50.9081 44540
50.9585 44880
51.0215 45220
51.0593 45560
51.1098 45900
51.1602 46240
51.2106 46580
51.2611 46920
51.3115 47260
51.3619 47600
51.3998 47940
51.4502 48280
51.488 48620
51.5385 48960
51.5763 49300
51.6267 49640
51.6645 49980
51.7024 50320
51.7528 50660
51.778 51000
51.8158 51340
51.8537 51680
51.8915 52020
51.9293 52360
51.9671 52700
52.0049 53040
52.0428 53380
52.0806 53720
52.1184 54060
52.1562 54400
52.1941 54740
52.2193 55080
52.2571 55420
52.2823 55760
52.3201 56100
52.3454 56440
52.3832 56780
52.4084 57120
52.4462 57460
52.4714 57800
52.5093 58140
52.5345 58480
52.5723 58820
52.5975 59160
52.6353 59500
52.6606 59840
52.6984 60180
52.7236 60520
52.7614 60860
52.7866 61200
52.8119 61540
52.8497 61880
52.8623 62220
52.8875 62560
52.9127 62900
52.9379 63240
52.9632 63580
52.9884 63920
53.0136 64260
53.0388 64600
53.064 64940
53.0892 65280
53.1145 65620
53.1397 65960
53.1649 66300
53.1901 66640
53.2153 66980
53.2405 67320
53.2657 67660
53.291 68000
53.3162 68340
53.3414 68680
53.3666 69020
53.3918 69360
53.417 69700
53.4423 70040
53.4675 70380
53.4927 70720
53.5179 71060
53.5431 71400
53.5683 71740
53.5936 72080
53.6188 72420
53.644 72760
53.6692 73100
53.6944 73440
53.7196 73780
53.7449 74120
53.7701 74460
53.7827 74800
53.8079 75140
53.8331 75480
53.8457 75820
53.8709 76160
53.8835 76500
53.9088 76840
53.9214 77180
53.9466 77520
53.9592 77860
53.9844 78200
53.997 78540
54.0222 78880
54.0348 79220
54.0601 79560
54.0727 79900
54.0979 80240
54.1105 80580
54.1357 80920
54.1483 81260
54.1735 81600
54.1861 81940
54.2113 82280
54.224 82620
54.2492 82960
54.2618 83300
54.287 83640
54.2996 83980
54.3248 84320
54.3374 84660
54.3626 85000
54.3753 85340
54.4005 85680
54.4131 86020
54.4383 86360
54.4509 86700
54.4761 87040
54.4887 87380
54.5139 87720
54.5265 88060
54.5518 88400
54.5644 88740
54.5896 89080
54.6022 89420
54.6274 89760
54.64 90100
54.6652 90440
54.6778 90780
54.7031 91120
54.7157 91460
54.7409 91800
54.7535 92140
54.7787 92480
54.7913 92820
54.8165 93160
54.8291 93500
54.8544 93840
54.867 94180
54.8922 94520
54.9048 94860
54.93 95200
54.9426 95540
54.9678 95880
54.9804 96220
55.0057 96560
55.0183 96900
55.0435 97240
55.0561 97580
55.0813 97920
55.0939 98260
55.1191 98600
55.1317 98940
55.1569 99280
55.1696 99620
55.1948 99960
55.2074 100300
55.2326 100640
55.2452 100980
55.2704 101320
55.283 101660
55.3082 102000
55.3209 102340
55.3335 102680
55.3461 103020
55.3587 103360
55.3713 103700
55.3839 104040
55.3965 104380
55.4091 104720
55.4217 105060
55.4343 105400
55.4595 105740
55.4721 106080
55.4848 106420
55.4974 106760
55.51 107100
55.5226 107440
55.5352 107780
55.5478 108120
55.5604 108460
55.573 108800
55.5856 109140
55.5982 109480
55.6108 109820
55.6234 110160
55.6361 110500
55.6487 110840
55.6613 111180
55.6739 111520
55.6865 111860
55.6991 112200
55.7117 112540
55.7243 112880
55.7369 113220
55.7495 113560
55.7621 113900
55.7747 114240
55.7873 114580
55.8 114920
55.8126 115260
55.8252 115600
55.8378 115940
55.8504 116280
55.863 116620
55.8756 116960
55.8882 117300
55.9008 117640
55.9134 117980
55.926 118320
55.9386 118660
55.9513 119000
55.9639 119340
55.9765 119680
55.9891 120020
56.0017 120360
56.0143 120700
56.0269 121040
56.0395 121380
56.0521 121720
56.0647 122060
56.0773 122400
56.0899 122740
56.1025 123080
56.1152 123420
56.1278 123760
56.1404 124100
56.153 124440
56.1656 124780
56.1782 125120
56.1908 125460
56.2034 125800
56.216 126140
56.2286 126480
56.2412 126820
56.2538 127160
56.2665 127500
56.2791 127840
56.2917 128180
56.3043 128520
56.3169 128860
56.3295 129200
56.3421 129540
56.3547 129880
56.3673 130220
56.3799 130560
56.3925 130900
56.4051 131240
56.4177 131580
56.4304 131920
56.443 132260
56.4556 132600
56.4682 132940
56.4808 133280
56.4934 133620
56.506 133960
56.5186 134300
56.5312 134640
56.5438 134980
56.5564 135320
56.569 135660
56.5817 136000
56.5943 136340
56.6069 136680
56.6195 137020
56.6321 137360
56.6447 137700
56.6573 138040
56.6699 138380
56.6825 138720
56.6951 139060
56.7077 139400
56.7266 97580
60.3349 340
60.4775 2040
61.3349 3060
61.3538 4760
61.9236 5780
61.9425 7480
61.974 8500
61.9929 10200
62.5123 11220
62.5312 12920
62.5627 13940
62.5817 15640
62.6132 16660
62.6321 18360
62.6636 19380
62.6825 21080
63.101 22100
63.1199 23800
63.1515 24820
63.1704 25840
63.1893 26860
63.2082 27880
63.2271 28900
63.246 29920
63.2649 30940
63.2839 31960
63.3028 32980
63.3217 34000
63.3406 35700
63.3721 36720
63.391 37740
63.4099 38760
63.4288 39780
63.4478 40800
63.4667 41820
63.4856 42840
63.6898 43860
63.7087 44880
63.7276 45900
63.7465 46920
63.7654 47940
63.7843 48960
63.8032 49980
63.8221 51000
63.8411 52020
63.86 53040
63.8789 54060
63.8978 55080
63.9167 56100
63.9356 57120
63.9545 58140
63.9734 59160
63.9924 60180
64.0113 61200
64.0302 62220
64.0491 63240
64.068 64260
64.0869 65280
64.1058 66300
64.1247 67320
64.1436 68340
64.2571 68680
64.3895 69020
64.5219 69360
64.6354 69700
64.7677 70040
64.9001 70380
65.0136 70720
65.146 71060
65.2784 71400
65.3918 71740
65.4297 72080
65.562 72420
66.9174 50660
70.5218 340
71.1183 680
71.7613 1020
71.7676 1360
72.3374 1700
72.3438 2040
72.3501 2380
72.3564 2720
72.9136 3060
72.9199 3400
72.9262 3740
72.9325 4080
72.9388 4420
72.9451 4760
72.9514 5100
72.9577 5440
73.4897 5780
73.496 6120
73.5023 71060
74.091 71400
74.0973 71740
74.1036 72080
74.1288 50320
77.1571 340
77.2304 680
78.5227 1020
78.529 1360
79.0988 1700
79.1051 2040
79.1114 2380
79.1177 2720
79.675 3060
79.6813 3400
79.6939 4080
79.7002 4420
79.7065 4760
79.7128 5100
79.7191 5440
80.2511 5780
80.2574 6120
80.2637 6460
80.27 6800
80.2763 7140
80.2826 7480
80.2889 7820
80.2952 8160
80.3015 8500
80.3078 8840
80.3141 9180
80.3204 9520
80.3267 9860
80.333 10200
80.3393 10540
80.3456 10880
80.8272 11220
80.8335 11560
80.8398 11900
80.8461 12240
80.8524 12580
80.8587 12920
80.865 13260
80.8713 13600
80.8776 13940
80.8839 14280
80.8902 14620
80.8965 14960
80.9028 15300
80.9091 15640
80.9154 15980
80.9217 16320
80.928 16660
80.9344 17000
80.9407 17340
80.947 17680
80.9533 18020
80.9596 18360
80.9659 18700
80.9722 19040
80.9785 19380
80.9848 19720
80.9911 20060
80.9974 20400
81.0037 20740
81.01 21080
81.0163 21420
81.0226 21760
81.4033 22100
81.4096 22440
81.4159 22780
81.4222 23120
81.4285 23460
81.4348 23800
81.4411 24140
81.4474 24480
81.4537 24820
81.46 25160
81.4663 25500
81.4726 25840
81.4789 26180
81.4852 26520
81.4916 26860
81.4979 27200
81.5042 27540
81.5105 27880
81.5168 28220
81.5231 28560
81.5294 28900
81.5357 29240
81.542 29580
81.5483 29920
81.5546 30260
81.5609 30600
81.5672 30940
81.5735 31280
81.5798 31620
81.5861 31960
81.5924 32300
81.5987 32640
81.605 32980
81.6113 33320
81.6176 33660
81.6239 34000
81.6302 34340
81.6365 34680
81.6428 35020
81.6492 35360
81.6555 35700
81.6618 36040
81.6681 36380
81.6744 36720
81.6807 37060
81.687 37400
81.6933 37740
81.75 38080
81.7815 26520
83.3537 26860
83.3726 27200
83.3978 27540
83.4104 27880
83.4356 28220
83.4482 28560
83.4735 28900
83.4987 29240
83.5239 29580
83.5491 29920
83.5743 30260
83.5995 30600
83.6248 30940
83.6626 31280
83.6878 31620
83.7256 31960
83.7634 32300
83.8139 32640
83.8769 32980
83.9778 33320
84.0786 33660
84.1921 34000
84.3056 34340
84.4317 34680
84.5577 35020
84.6649 35360
84.8099 35700
84.9675 36040
85.1566 36380
85.4088 36720
85.7303 37060
86.1148 37400
86.72 37740
87.363 38080
87.9619 38420
88.1699 38760
88.5104 39100
88.7751 39440
88.9264 27540
90.3448 27880
90.3574 28220
90.37 28560
90.3826 28900
90.3953 29240
90.4079 29580
90.4205 29920
90.4331 30260
90.4457 30600
90.4709 30940
90.4961 31280
90.5213 31620
90.5592 31960
90.5844 32300
90.6222 32640
90.66 32980
90.6978 33320
90.7357 33660
90.7861 34000
90.8365 34340
90.887 34680
90.9374 35020
91.0004 35360
91.0761 35700
91.1391 36040
91.2274 36380
91.3156 36720
91.4165 37060
91.5363 37400
91.7128 37740
91.946 38080
92.2612 38420
92.6962 38760
93.3014 39100
94.3983 39440
94.7513 39780
95.1926 40120
95.4385 40460
95.7537 40800
95.968 41140
96.1319 41480
96.3147 41820
96.4597 42160
96.5795 42500
96.7182 42840
96.8442 43180
96.9451 43520
97.0586 43860
97.1657 44200
97.2288 44540
97.3233 44880
97.3927 45220
97.4557 45560
97.5377 45900
97.607 46240
97.6764 46580
97.752 46920
97.8025 47260
97.8781 47600
97.9348 47940
98.0105 48280
98.042 48620
98.105 48960
98.1681 49300
98.2185 49640
98.2816 49980
98.3383 50320
98.395 50660
98.4455 51000
98.5022 51340
98.54 51680
98.5841 52020
98.6283 52360
98.6787 52700
98.7228 53040
98.7607 53380
98.8048 53720
98.8489 54060
98.8867 54400
98.9246 54740
98.9624 55080
98.9939 55420
99.0317 55760
99.0822 56100
99.1137 56440
99.1578 56780
99.1956 57120
99.2335 57460
99.2587 57800
99.2902 58140
99.3154 58480
99.3532 58820
99.3848 59160
99.4352 59500
99.473 59840
99.5171 60180
99.555 60520
99.5991 60860
99.6369 61200
99.6621 61540
99.7063 61880
99.7378 62220
99.7756 62560
99.8071 62900
99.8323 63240
99.8765 63580
99.9017 63920
99.9395 64260
99.9647 64600
100.003 64940
100.028 65280
100.072 65620
100.097 65960
100.135 66300
100.166 66640
100.192 66980
100.223 67320
100.261 67660
100.293 68000
100.324 68340
100.349 68680
100.387 69020
100.419 69360
100.444 69700
100.475 70040
100.513 70380
100.545 70720
100.57 71060
100.589 71400
100.614 71740
100.652 72080
100.664 72420
100.69 72760
100.702 73100
100.715 73440
100.746 73780
100.759 74120
100.784 74460
100.816 74800
100.828 75140
100.841 75480
100.866 75820
100.879 76160
100.904 76500
100.917 76840
100.929 77180
100.948 77520
100.98 77860
100.992 78200
101.024 78540
101.043 78880
101.062 79220
101.081 55420
104.056 55760
104.069 56100
104.081 56440
104.094 56780
104.106 57120
104.119 57460
104.132 57800
104.144 58140
104.157 58480
104.169 58820
104.182 59160
104.195 59500
104.207 59840
104.22 60180
104.233 60520
104.245 60860
104.258 61200
104.27 61540
104.283 61880
104.296 62220
104.308 62560
104.321 62900
104.333 63240
104.346 63580
104.359 63920
104.371 64260
104.384 64600
104.396 64940
104.409 65280
104.422 65620
104.434 65960
104.447 66300
104.459 66640
104.472 66980
104.485 67320
104.497 67660
104.51 68000
104.523 68340
104.535 68680
104.548 69020
104.56 69360
104.573 69700
104.586 70040
104.598 70380
104.611 70720
104.623 71060
104.636 71400
104.649 71740
104.661 72080
104.674 72420
104.888 72760
105.102 73100
105.292 73440
105.531 73780
105.72 74120
105.928 74460
106.117 74800
106.262 75140
106.401 75480
106.552 75820
106.704 76160
106.88 76500
107.057 76840
107.258 77180
107.498 77520
107.775 77860
108.141 78200
108.62 78540
109.339 78880
110.07 79220
110.31 79560
110.675 79900
110.978 80240
111.217 80580
111.432 80920
111.608 81260
111.772 81600
111.911 81940
112.024 82280
112.15 82620
112.264 82960
112.365 83300
112.466 83640
112.566 83980
112.655 84320
112.73 84660
112.819 85000
112.894 85340
112.957 85680
113.033 86020
113.096 86360
113.172 86700
113.235 87040
113.298 87380
113.361 87720
113.411 88060
113.462 88400
113.525 88740
113.575 89080
113.638 89420
113.676 89760
113.726 90100
113.777 90440
113.827 90780
113.878 91120
113.928 91460
113.966 91800
114.016 92140
114.054 92480
114.105 92820
114.142 93160
114.193 93500
114.231 93840
114.281 94180
114.306 94520
114.344 94860
114.382 95200
114.42 95540
114.458 95880
114.495 96220
114.533 96560
114.571 96900
114.609 97240
114.647 97580
114.685 97920
114.722 98260
114.76 98600
114.785 98940
114.823 99280
114.848 99620
114.886 99960
114.912 100300
114.949 100640
114.975 100980
115.012 101320
115.038 101660
115.075 102000
115.101 102340
115.138 102680
115.164 103020
115.201 103360
115.227 103700
115.265 104040
115.29 104380
115.328 104720
115.353 105060
115.378 105400
115.403 105740
115.428 106080
115.454 106420
115.479 106760
115.504 107100
115.529 107440
115.555 107780
115.58 108120
115.605 108460
115.63 108800
115.655 109140
115.681 109480
115.706 109820
115.731 110160
115.756 110500
115.781 110840
115.807 111180
115.832 111520
115.857 111860
115.882 112200
115.908 112540
115.933 112880
115.958 113220
115.983 113560
116.008 113900
116.034 114240
116.059 114580
116.084 114920
116.109 115260
116.134 115600
116.16 115940
116.185 116280
116.204 81260
119.776 340
120.207 2720
120.913 5100
120.957 7480
121.527 9860
121.571 12240
121.615 14620
121.659 17000
122.147 18700
122.172 21080
122.216 22780
122.248 25160
122.292 26860
122.324 29240
122.368 30940
122.399 33320
122.443 35020
122.742 37400
122.786 39100
122.818 41480
122.862 43180
122.893 45560
122.938 47260
122.969 49640
123.013 51340
123.045 53720
123.089 55420
123.12 57120
123.246 57460
123.373 57800
123.499 58140
123.625 58480
125.432 340
126.008 184620
126.603 129200
128.423 340
128.841 680
129.417 1020
129.423 1360
129.993 1700
130 2040
130.006 2380
130.012 2720
130.569 3060
130.576 3400
130.582 3740
130.588 4080
130.595 4420
130.601 4760
130.607 5100
132.414 340
132.991 5440
133.604 5780
134.143 6120
134.149 6460
134.2 6800
134.719 7140
134.725 7480
134.757 7820
134.801 8160
135.295 8500
135.301 8840
135.308 9180
135.333 9520
135.364 9860
135.396 10200
135.434 10540
135.871 10880
135.884 11220
135.903 11560
135.922 11900
135.94 12240
135.966 12580
135.991 12920
136.022 13260
136.054 13600
136.447 13940
136.46 14280
136.479 14620
136.498 14960
136.517 15300
136.535 15640
136.554 15980
136.573 16320
136.599 16660
136.624 17000
136.649 17340
136.674 17680
137.023 18020
137.03 18360
137.036 18700
137.055 19040
137.074 19380
137.093 19720
137.112 20060
137.131 20400
137.149 20740
137.168 21080
137.187 21420
137.212 21760
137.231 22100
137.257 22440
137.282 22780
137.307 23120
137.332 23460
137.599 23800
137.612 24140
137.625 24480
137.644 24820
137.663 25160
137.681 25500
137.7 25840
137.719 26180
137.738 26520
137.757 26860
137.776 27200
137.795 27540
137.814 27880
137.833 28220
137.852 28560
137.877 28900
137.902 29240
137.927 29580
137.952 29920
137.978 30260
138.003 30600
138.028 30940
138.188 31280
138.207 31620
138.226 31960
138.245 32300
138.264 32640
138.283 32980
138.302 33320
138.321 33660
138.339 34000
138.358 34340
138.377 34680
138.396 35020
138.415 35360
138.434 35700
138.453 36040
138.472 36380
138.491 36720
138.51 37060
138.535 25840
139.918 26180
139.931 26520
139.943 26860
139.968 27200
139.981 27540
140.006 27880
140.019 28220
140.044 28560
140.069 28900
140.094 29240
140.12 29580
140.145 29920
140.183 30260
140.208 30600
140.246 30940
140.284 31280
140.334 31620
140.384 31960
140.473 32300
140.561 32640
140.662 32980
140.775 33320
140.889 33660
141.027 34000
141.147 34340
141.261 34680
141.418 35020
141.607 35360
141.841 35700
142.15 36040
142.54 36380
143.108 36720
143.385 25500
144.747 25840
144.759 26180
144.772 26520
144.785 26860
144.797 27200
144.81 27540
144.822 27880
144.835 28220
144.848 28560
144.86 28900
144.873 29240
144.885 29580
144.898 29920
144.923 30260
144.961 30600
144.999 30940
145.049 31280
145.087 31620
145.138 31960
145.201 32300
145.251 32640
145.314 32980
145.39 33320
145.453 33660
145.541 34000
145.642 34340
145.73 34680
145.856 35020
146.045 35360
146.316 35700
146.714 36040
147.313 36380
148.504 36720
149.071 37060
149.513 37400
149.822 37740
150.061 38080
150.263 38420
150.465 38760
150.616 39100
150.767 39440
150.868 39780
151 40120
151.12 40460
151.196 28220
152.62 28560
152.633 28900
152.646 29240
152.658 29580
152.684 29920
152.696 30260
152.721 30600
152.747 30940
152.772 31280
152.797 31620
152.822 31960
152.847 32300
152.873 32640
152.91 32980
152.936 33320
152.974 33660
153.011 34000
153.049 34340
153.1 34680
153.137 35020
153.188 35360
153.238 35700
153.301 36040
153.364 36380
153.427 36720
153.503 37060
153.579 37400
153.667 37740
153.755 38080
153.925 38420
154.102 38760
154.348 39100
154.657 39440
155.111 39780
155.716 40120
156.718 40460
157.059 40800
157.506 41140
157.821 41480
158.086 41820
158.294 42160
158.471 42500
158.622 42840
158.786 43180
158.931 43520
159.057 43860
159.17 44200
159.284 44540
159.391 44880
159.479 45220
159.549 45560
159.643 45900
159.731 31960
161.238 32300
161.251 32640
161.263 32980
161.276 33320
161.288 33660
161.301 34000
161.326 34340
161.339 34680
161.364 35020
161.389 35360
161.415 35700
161.44 36040
161.465 36380
161.503 36720
161.528 37060
161.566 37400
161.591 37740
161.629 38080
161.667 38420
161.705 38760
161.755 39100
161.793 39440
161.843 39780
161.894 40120
161.944 40460
162.007 40800
162.07 41140
162.133 41480
162.209 41820
162.285 42160
162.36 42500
162.461 42840
162.6 43180
162.789 43520
162.984 43860
163.218 44200
163.514 44540
163.892 44880
164.34 45220
165.071 45560
165.802 45900
166.3 46240
166.634 46580
166.88 46920
167.088 47260
167.252 47600
167.441 47940
167.624 48280
167.788 48620
167.946 48960
168.084 49300
168.217 49640
168.349 49980
168.444 50320
168.538 50660
168.62 51000
168.708 51340
168.797 51680
168.879 52020
168.954 52360
169.024 52700
169.099 53040
169.156 53380
169.219 53720
169.282 54060
169.332 54400
169.395 54740
169.452 55080
169.515 55420
169.559 55760
169.622 56100
169.692 56440
169.755 56780
169.799 57120
169.837 57460
169.875 57800
169.912 58140
169.956 58480
169.994 58820
170.051 59160
170.108 59500
170.165 59840
170.19 60180
170.228 60520
170.278 42160
171.451 42500
171.463 42840
171.476 43180
171.488 43520
171.501 43860
171.514 44200
171.526 44540
171.539 44880
171.551 45220
171.564 45560
171.577 45900
171.589 46240
171.602 46580
171.614 46920
171.627 47260
171.64 47600
171.652 47940
171.665 48280
171.677 48620
171.69 48960
171.703 49300
171.715 49640
171.728 49980
171.741 50320
171.753 50660
171.816 51000
171.942 51340
172.056 51680
172.182 52020
172.295 52360
172.428 52700
172.529 53040
172.617 53380
172.718 53720
172.806 54060
172.907 54400
173.008 54740
173.108 55080
173.209 55420
173.31 55760
173.424 56100
173.525 56440
173.638 56780
173.764 57120
173.89 57460
174.041 57800
174.18 58140
174.357 58480
174.533 58820
174.748 59160
175.012 59500
175.378 59840
175.466 41820
176.536 340
176.569 60860
176.632 61200
176.759 61540
176.885 61880
177.011 62220
177.137 62560
177.263 62900
177.32 43860
179.146 340
179.747 680
180.566 1020
180.572 1360
181.142 1700
181.149 2040
181.155 2380
181.161 2720
181.718 3060
181.725 3400
181.731 3740
181.737 4080
181.744 4420
181.75 4760
181.756 5100
181.762 5440
182.294 9180
182.364 16320
182.971 23460
183.104 30600
183.236 30940
183.642 31280
183.775 31620
184.376 22100
185.328 22440
185.34 22780
185.353 23120
185.366 23460
185.378 23800
185.391 24140
185.403 24480
185.416 24820
185.429 25160
185.441 25500
185.454 25840
185.466 26180
185.479 26520
185.492 26860
185.504 27200
185.523 27540
185.586 27880
185.763 28220
186.015 28560
186.236 28900
186.387 29240
186.639 29580
186.885 29920
187.055 30260
187.118 21080
187.824 21420
187.871 21760
187.883 22100
187.896 22440
187.909 22780
187.921 23120
187.934 23460
187.946 23800
187.959 24140
187.972 24480
187.984 24820
188.003 25160
188.016 25500
188.041 25840
188.167 26180
188.369 26520
188.554 26860
188.756 27200
188.907 27540
189.033 27880
189.159 28220
189.344 28560
189.54 28900
189.716 29240
189.958 29580
190.211 29920
190.799 30260
192.307 21080
192.883 21420
193.06 21760
193.072 22100
193.085 22440
193.097 22780
193.11 23120
193.123 23460
193.135 23800
193.148 24140
193.16 24480
193.173 24820
193.186 25160
193.198 25500
193.211 25840
193.224 26180
193.274 26520
193.459 26860
193.724 27200
193.888 27540
194.052 27880
194.224 28220
194.388 28560
194.565 28900
194.807 29240
195.021 29580
195.261 29920
195.862 30260
196.218 21080
196.794 21420
196.97 21760
196.983 22100
196.995 22440
197.008 22780
197.021 23120
197.033 23460
197.046 23800
197.058 24140
197.071 24480
197.105 24820
197.118 25160
197.13 25500
197.168 25840
197.332 26180
197.584 26520
197.698 26860
197.798 27200
197.836 19040
198.425 19380
198.57 19720
198.583 20060
198.595 20400
198.705 20740
198.724 21080
198.736 21420
198.749 21760
198.762 22100
198.774 22440
198.787 22780
198.837 23120
198.938 23460
199.146 23800
199.312 24140
199.413 24480
199.527 24820
199.64 25160
199.895 25500
200.059 25840
200.172 26180
200.368 18020
200.944 18360
201.173 18700
201.186 19040
201.198 19380
201.211 19720
201.224 20060
201.236 20400
201.249 20740
201.261 21080
201.274 21420
201.287 21760
201.299 22100
201.362 22440
201.52 22780
201.819 23120
201.92 23460
202.033 23800
202.134 24140
202.407 24480
202.559 24820
202.71 25160
202.996 25500
203.223 25840
203.818 26180
203.932 18020
204.527 18360
204.781 18700
204.794 19040
204.806 19380
204.819 19720
204.838 20060
204.851 20400
204.863 20740
204.876 21080
204.888 21420
204.901 21760
204.914 22100
204.989 22440
205.364 22780
205.401 23120
205.49 23460
205.603 23800
205.717 24140
205.984 24480
206.135 24820
206.286 25160
206.573 25500
206.8 25840
207.395 26180
209.217 26520
209.579 26860
209.819 27200
210.023 27540
210.326 27880
210.464 28220
210.694 28560
210.795 28900
210.971 29240
211.059 29580
211.232 29920
211.333 30260
211.421 30600
211.522 30940
211.61 31280
211.686 31620
211.783 31960
211.858 32300
211.922 32640
211.985 32980
212.048 33320
212.111 33660
212.174 34000
212.237 34340
212.3 34680
212.35 35020
212.401 35360
212.464 35700
212.501 36040
212.552 36380
212.602 36720
212.653 37060
212.703 37400
212.754 37740
212.804 38080
212.855 38420
212.892 38760
212.943 39100
212.981 39440
213.031 39780
213.069 40120
213.119 40460
213.157 40800
213.195 41140
213.233 41480
213.271 41820
213.308 42160
213.346 42500
213.384 42840
213.422 43180
213.46 43520
213.498 43860
213.535 44200
213.573 44540
213.611 44880
213.649 45220
213.687 45560
213.712 45900
213.737 46240
213.775 46580
213.8 46920
213.838 47260
213.863 47600
213.901 47940
213.926 48280
213.964 48620
213.989 48960
214.027 49300
214.052 49640
214.09 49980
214.115 50320
214.153 50660
214.178 51000
214.216 51340
214.241 51680
214.279 52020
214.304 52360
214.33 52700
214.355 53040
214.393 53380
214.405 53720
214.431 54060
214.456 54400
214.481 54740
214.506 55080
214.531 55420
214.557 55760
214.582 56100
214.607 56440
214.632 56780
214.657 57120
214.683 57460
214.708 57800
214.733 58140
214.758 58480
214.784 58820
214.809 59160
214.834 59500
214.859 59840
214.884 60180
214.91 60520
214.935 60860
214.96 61200
214.985 61540
215.01 61880
215.036 62220
215.061 62560
215.086 62900
215.111 63240
215.137 63580
215.162 63920
215.187 64260
215.212 64600
215.237 64940
215.263 65280
215.288 65620
215.3 65960
215.326 66300
215.338 66640
215.364 66980
215.389 67320
215.401 67660
215.414 68000
215.439 68340
215.452 68680
215.477 69020
215.49 69360
215.515 69700
215.527 70040
215.553 70380
215.565 70720
215.59 71060
215.603 71400
215.628 71740
215.641 72080
215.666 72420
215.679 72760
215.704 73100
215.717 73440
215.742 73780
215.754 74120
215.78 74460
215.792 74800
215.817 75140
215.83 75480
215.855 75820
215.868 76160
215.893 76500
215.906 76840
215.931 77180
215.943 77520
215.969 77860
215.981 78200
216.007 78540
216.019 78880
216.044 79220
216.057 79560
216.082 79900
216.095 80240
216.12 80580
216.133 80920
216.158 81260
216.17 81600
216.196 81940
216.208 82280
216.233 82620
216.246 82960
216.271 83300
216.284 83640
216.309 83980
216.322 84320
216.347 84660
216.36 85000
216.385 85340
216.397 85680
216.423 86020
216.435 86360
216.46 86700
216.473 87040
216.498 87380
216.511 87720
216.536 88060
216.549 88400
216.574 88740
216.586 89080
216.612 89420
216.624 89760
216.65 90100
216.662 90440
216.687 90780
216.7 91120
216.725 91460
216.738 91800
216.763 92140
216.776 92480
216.801 92820
216.813 93160
216.839 93500
216.851 93840
216.864 94180
216.876 94520
216.889 94860
216.902 95200
216.914 95540
216.927 95880
216.94 96220
216.965 96560
216.977 96900
216.99 97240
217.003 97580
217.015 97920
217.028 98260
217.04 98600
217.053 98940
217.066 99280
217.078 99620
217.091 99960
217.103 100300
217.116 100640
217.129 100980
217.141 101320
217.154 101660
217.166 102000
217.179 102340
217.192 102680
217.204 103020
217.229 103360
217.242 103700
217.255 104040
217.267 104380
217.293 72760
218.755 340
219.051 76500
220.054 76840
220.167 77180
220.3 77520
220.426 77860
220.482 54400
222.317 340
223.905 680
224.482 1020
224.488 1360
225.058 1700
225.064 27880
225.665 19380
226.746 19720
226.765 20060
226.777 20400
226.79 20740
226.815 21080
226.84 21420
226.866 21760
226.891 22100
226.929 22440
226.966 22780
227.004 23120
227.042 23460
227.08 23800
227.174 24140
227.263 24480
227.376 24820
227.502 25160
227.628 25500
227.742 25840
227.906 26180
228.057 26520
228.29 26860
228.605 27200
229.021 27540
229.923 27880
230.85 28220
231.31 28560
231.65 28900
231.928 29240
232.073 29580
232.274 29920
232.451 30260
232.596 30600
232.735 30940
232.848 31280
232.961 31620
233.056 31960
233.151 32300
233.239 32640
233.346 32980
233.434 33320
233.51 33660
233.586 34000
233.668 23800
234.809 24140
234.821 24480
234.834 24820
234.846 25160
234.872 25500
234.897 25840
234.922 26180
234.947 26520
234.985 26860
235.01 27200
235.048 27540
235.086 27880
235.124 28220
235.162 28560
235.212 28900
235.262 29240
235.313 29580
235.376 29920
235.439 30260
235.515 30600
235.59 30940
235.678 31280
235.798 31620
235.962 31960
236.158 32300
236.372 32640
236.649 32980
237.002 33320
237.519 33660
237.633 23460
238.774 23800
238.786 24140
238.799 24480
238.812 24820
238.824 25160
238.849 25500
238.875 25840
238.9 26180
238.938 26520
238.963 26860
239.001 27200
239.039 27540
239.076 27880
239.127 28220
239.165 28560
239.215 28900
239.278 29240
239.329 29580
239.392 29920
239.467 30260
239.543 30600
239.631 30940
239.757 31280
239.908 31620
240.104 31960
240.306 32300
240.57 32640
240.911 32980
241.434 33320
242.317 23120
243.439 23460
243.451 23800
243.464 24140
243.477 24480
243.489 24820
243.502 25160
243.514 25500
243.527 25840
243.54 26180
243.552 26520
243.565 26860
243.577 27200
243.59 27540
243.603 27880
243.615 28220
243.628 28560
243.64 28900
243.653 29240
243.741 29580
243.83 29920
243.93 30260
244.044 30600
244.157 30940
244.296 31280
244.485 31620
244.712 31960
244.983 32300
245.355 32640
245.822 32980
246.893 33320
247.77 23120
248.898 23460
248.911 23800
248.923 24140
248.936 24480
248.948 24820
248.961 25160
248.974 25500
248.986 25840
248.999 26180
249.011 26520
249.024 26860
249.037 27200
249.049 27540
249.062 27880
249.074 28220
249.087 28560
249.1 28900
249.138 29240
249.213 29580
249.301 29920
249.402 30260
249.516 30600
249.629 30940
249.768 31280
249.97 31620
250.19 31960
250.461 32300
250.833 32640
251.306 32980
252.39 33320
253.456 33660
253.695 34000
254.023 34340
254.338 34680
254.565 35020
254.729 35360
254.925 35700
255.063 36040
255.208 36380
255.284 25160
257.402 25500
257.415 25840
257.427 26180
257.44 26520
257.453 26860
257.465 27200
257.478 27540
257.49 27880
257.503 28220
257.516 28560
257.528 28900
257.541 29240
257.553 29580
257.566 29920
257.579 30260
257.591 30600
257.604 30940
257.616 31280
257.629 31620
257.642 31960
257.654 32300
257.667 32640
257.679 32980
257.692 33320
257.705 33660
257.869 34000
258.07 34340
258.285 34680
258.556 35020
258.896 35360
259.312 35700
259.854 36040
261.014 36380
262.092 36720
262.47 37060
262.767 37400
263.139 37740
263.359 38080
263.523 38420
263.719 38760
263.908 39100
264.065 39440
264.204 39780
264.292 40120
264.374 40460
264.481 40800
264.557 41140
264.645 41480
264.746 41820
264.822 42160
264.929 42500
265.005 42840
265.08 43180
265.156 43520
265.232 43860
265.307 44200
265.37 44540
265.433 44880
265.496 45220
265.559 45560
265.622 45900
265.673 46240
265.749 46580
265.799 46920
265.849 47260
265.9 47600
265.95 47940
266.001 48280
266.039 48620
266.089 48960
266.127 49300
266.177 49640
266.215 49980
266.266 50320
266.303 50660
266.354 51000
266.392 51340
266.429 51680
266.467 52020
266.505 52360
266.543 52700
266.581 53040
266.619 53380
266.656 53720
266.694 54060
266.732 54400
266.77 54740
266.808 55080
266.833 55420
266.871 55760
266.909 56100
266.934 56440
266.972 56780
266.997 57120
267.035 57460
267.06 57800
267.098 58140
267.123 58480
267.161 58820
267.186 59160
267.224 59500
267.249 59840
267.287 60180
267.312 60520
267.35 60860
267.375 61200
267.413 61540
267.438 61880
267.476 62220
267.501 62560
267.514 62900
267.552 63240
267.577 63580
267.589 63920
267.615 64260
267.64 64600
267.665 64940
267.69 65280
267.728 65620
267.741 65960
267.766 66300
267.791 66640
267.816 66980
267.842 67320
267.867 67660
267.892 68000
267.917 68340
267.942 68680
267.968 69020
267.993 69360
268.018 69700
268.043 70040
268.068 70380
268.094 70720
268.119 71060
268.144 71400
268.169 71740
268.195 72080
268.22 72420
268.245 72760
268.27 73100
268.295 73440
268.321 73780
268.346 74120
268.371 74460
268.396 74800
268.421 75140
268.447 75480
268.472 75820
268.485 76160
268.51 76500
268.522 76840
268.548 77180
268.56 77520
268.585 77860
268.598 78200
268.623 78540
268.636 78880
268.661 79220
268.674 79560
268.699 79900
268.711 80240
268.737 80580
268.749 80920
268.774 81260
268.787 81600
268.812 81940
268.825 82280
268.85 82620
268.863 82960
268.888 83300
268.901 83640
268.926 83980
268.938 84320
268.964 84660
268.976 85000
269.001 85340
269.014 85680
269.039 86020
269.052 86360
269.077 86700
269.09 87040
269.115 87380
269.128 87720
269.153 88060
269.165 88400
269.191 88740
269.203 89080
269.228 89420
269.241 89760
269.266 90100
269.279 90440
269.304 90780
269.317 91120
269.342 91460
269.354 91800
269.38 92140
269.392 92480
269.418 92820
269.43 93160
269.455 93500
269.468 93840
269.493 94180
269.506 94520
269.531 94860
269.544 95200
269.569 95540
269.581 95880
269.607 96220
269.619 96560
269.644 96900
269.657 97240
269.682 97580
269.695 97920
269.72 98260
269.733 98600
269.758 98940
269.771 99280
269.796 99620
269.808 99960
269.834 100300
269.846 100640
269.871 100980
269.884 101320
269.909 101660
269.922 102000
269.947 102340
269.96 102680
269.985 103020
269.997 103360
270.01 103700
270.023 104040
270.035 104380
270.048 104720
270.061 105060
270.073 105400
270.098 105740
270.111 106080
270.124 106420
270.136 106760
270.149 107100
270.161 107440
270.174 107780
270.187 108120
270.199 108460
270.212 108800
270.224 109140
270.237 109480
270.25 109820
270.262 110160
270.275 110500
270.287 110840
270.3 111180
270.313 111520
270.325 111860
270.338 112200
270.35 112540
270.363 112880
270.376 113220
270.388 113560
270.401 113900
270.414 114240
270.426 114580
270.439 114920
270.451 115260
270.464 115600
270.477 115940
270.489 116280
270.502 116620
270.514 116960
270.527 117300
270.54 117640
270.552 117980
270.565 118320
270.577 118660
270.59 119000
270.603 119340
270.615 119680
270.628 120020
270.64 120360
270.653 120700
270.666 121040
270.678 121380
270.691 121720
270.704 122060
270.716 122400
270.729 122740
270.741 123080
270.754 123420
270.767 123760
270.779 124100
270.792 124440
270.804 124780
270.817 125120
270.83 125460
270.842 125800
270.855 126140
270.867 126480
270.88 126820
270.893 127160
270.905 127500
270.918 127840
270.93 128180
270.943 128520
270.956 128860
270.968 129200
270.981 129540
270.994 129880
271.006 130220
271.019 130560
271.031 130900
271.044 131240
271.057 131580
271.069 131920
271.082 132260
271.094 132600
271.107 132940
271.12 133280
271.132 133620
271.145 133960
271.157 134300
271.17 134640
271.183 134980
271.195 135320
271.208 135660
271.22 136000
271.233 136340
271.246 136680
271.258 137020
271.271 137360
271.283 137700
271.296 138040
271.309 138380
271.321 138720
271.334 139060
271.353 97240
274.961 340
275.11 1360
275.974 3060
276.55 4080
276.569 5780
276.6 6800
277.138 8500
277.17 9520
277.189 11220
277.22 12240
277.239 13940
277.721 14960
277.74 16660
277.771 17680
277.79 19380
277.822 20400
277.841 22100
277.872 23120
277.891 24820
277.923 25840
277.942 27540
277.973 28560
278.31 29580
278.329 30600
278.347 31620
278.366 32640
278.385 33660
278.404 34680
278.423 36380
278.455 37400
278.474 38420
278.492 39440
278.511 40460
278.53 41480
278.549 42500
278.568 43520
278.587 44540
278.606 45560
278.625 46580
278.644 47600
278.663 48620
278.682 49640
278.7 50660
278.719 51680
278.738 52700
278.757 53720
278.776 54740
278.795 55760
278.814 56780
278.833 57800
278.898 58820
278.917 59840
278.936 60860
278.955 61880
278.974 62900
278.993 63920
279.012 64940
279.031 65960
279.05 66980
279.069 68000
279.182 68340
279.314 68680
279.447 69020
279.56 69360
279.693 69700
279.825 70040
279.939 70380
280.071 70720
280.203 71060
280.317 71400
280.374 49980
283.528 340
284.868 680
285.444 1020
285.451 1360
286.02 1700
286.027 2040
286.033 2380
286.039 2720
286.597 3060
286.603 3400
286.609 3740
286.616 4080
286.622 4420
286.628 4760
286.634 5100
286.641 5440
287.173 5780
287.179 6120
287.185 6460
287.192 6800
287.198 7140
287.204 7480
287.211 7820
287.217 8160
287.223 8500
287.229 8840
287.236 9180
287.242 9520
287.248 9860
287.255 10200
287.261 10540
287.267 10880
287.749 11220
287.755 11560
287.761 11900
287.768 12240
287.774 12580
287.78 12920
287.787 13260
287.793 13600
287.799 13940
287.806 14280
287.812 14620
287.818 14960
287.824 15300
287.831 15640
287.837 15980
287.843 16320
287.85 16660
287.856 17000
287.862 17340
287.869 17680
287.875 18020
287.881 18360
287.888 18700
287.894 19040
287.9 19380
287.906 19720
287.913 20060
287.919 20400
287.925 20740
287.932 21080
287.938 21420
287.944 21760
288.325 22100
288.331 22440
288.338 22780
288.344 23120
288.35 23460
288.356 23800
288.363 24140
288.369 24480
288.375 24820
288.382 25160
288.388 25500
288.394 25840
288.401 26180
288.407 26520
288.413 26860
288.42 27200
288.426 27540
288.432 27880
288.438 28220
288.445 28560
288.451 28900
288.457 29240
288.464 29580
288.47 29920
288.476 30260
288.483 30600
288.489 30940
288.495 31280
288.501 31620
288.508 31960
288.514 32300
288.52 32640
288.527 32980
288.533 33320
288.539 33660
288.546 34000
288.552 34340
288.558 34680
288.665 35020
288.983 24480
290.275 24820
290.288 25160
290.301 25500
290.313 25840
290.326 26180
290.338 26520
290.351 26860
290.364 27200
290.376 27540
290.389 27880
290.401 28220
290.414 28560
290.452 28900
290.49 29240
290.527 29580
290.578 29920
290.628 30260
290.679 30600
290.754 30940
290.868 31280
290.994 31620
291.12 31960
291.259 32300
291.404 32640
291.536 32980
291.7 33320
291.914 33660
292.204 34000
292.602 34340
293.112 34680
294.152 35020
294.505 35360
294.846 35700
295.262 36040
295.432 36380
295.653 36720
295.854 37060
296.031 37400
296.176 37740
296.321 38080
296.453 38420
296.567 38760
296.655 39100
296.737 39440
296.831 39780
296.913 40120
296.995 40460
297.084 40800
297.147 41140
297.229 41480
297.317 41820
297.361 42160
297.43 42500
297.493 42840
297.569 43180
297.638 43520
297.695 43860
297.758 44200
297.802 44540
297.859 44880
297.922 45220
297.96 45560
298.017 45900
298.061 46240
298.105 46580
298.168 46920
298.206 47260
298.244 47600
298.294 47940
298.313 48280
298.37 48620
298.414 48960
298.464 49300
298.508 49640
298.546 49980
298.584 50320
298.616 50660
298.666 51000
298.716 51340
298.754 51680
298.792 52020
298.842 52360
298.88 52700
298.912 53040
298.937 53380
298.981 53720
299.025 54060
299.069 54400
299.114 54740
299.145 55080
299.202 55420
299.24 55760
299.277 56100
299.328 56440
299.366 56780
299.397 57120
299.441 57460
299.467 57800
299.504 58140
299.555 58480
299.593 58820
299.637 59160
299.662 59500
299.694 59840
299.719 60180
299.763 60520
299.782 60860
299.82 61200
299.845 61540
299.87 61880
299.908 62220
299.927 62560
299.958 62900
300.002 63240
300.034 63580
300.065 63920
300.091 64260
300.11 64600
300.154 64940
300.173 65280
300.204 65620
300.236 65960
300.267 66300
300.305 66640
300.337 66980
300.368 67320
300.393 67660
300.437 68000
300.469 68340
300.494 68680
300.532 69020
300.551 69360
300.563 69700
300.595 70040
300.608 70380
300.627 70720
300.652 71060
300.671 71400
300.696 71740
300.708 72080
300.727 72420
300.74 72760
300.759 73100
300.771 73440
300.803 73780
300.828 74120
300.841 74460
300.853 74800
300.879 75140
300.891 75480
300.904 75820
300.916 76160
300.942 76500
300.954 76840
300.967 77180
300.992 77520
301.005 77860
301.017 78200
301.043 78540
301.055 78880
301.068 79220
301.099 79560
301.112 79900
301.125 80240
301.15 80580
301.162 80920
301.194 81260
301.213 81600
301.225 81940
301.238 82280
301.257 82620
301.276 82960
301.288 83300
301.307 83640
301.32 83980
301.333 84320
301.345 84660
301.37 85000
301.383 85340
301.396 85680
301.408 86020
301.421 86360
301.446 86700
301.459 87040
301.471 87380
301.496 87720
301.509 88060
301.541 88400
301.553 88740
301.566 89080
301.578 89420
301.604 89760
301.616 90100
301.629 90440
301.641 90780
301.654 91120
301.667 91460
301.692 91800
301.704 92140
301.717 92480
301.73 92820
301.742 93160
301.755 93500
301.768 93840
301.793 94180
301.812 94520
301.831 94860
301.843 95200
301.856 95540
301.875 95880
301.887 96220
301.9 96560
301.919 96900
301.938 97240
301.95 97580
301.982 97920
301.994 98260
302.007 98600
302.026 98940
302.045 99280
302.058 99620
302.07 99960
302.083 100300
302.108 100640
302.121 100980
302.133 101320
302.146 101660
302.158 102000
302.171 102340
302.184 102680
302.196 103020
302.209 103360
302.221 103700
302.234 104040
302.247 104380
302.259 104720
302.272 105060
302.284 105400
302.297 105740
302.31 106080
302.322 106420
302.335 106760
302.347 107100
302.36 107440
302.392 107780
302.411 108120
302.423 108460
302.436 108800
302.448 109140
302.461 109480
302.474 109820
302.486 110160
302.499 110500
302.511 110840
302.524 111180
302.537 111520
302.549 111860
302.562 112200
302.574 112540
302.587 112880
302.6 113220
302.612 113560
302.625 113900
302.637 114240
302.65 114580
302.663 114920
302.675 115260
302.688 115600
302.701 115940
302.713 116280
302.726 116620
302.738 116960
302.751 117300
302.764 117640
302.776 117980
302.789 118320
302.801 118660
302.814 119000
302.827 119340
302.839 119680
302.852 120020
302.864 120360
302.877 120700
302.896 121040
302.909 121380
302.927 121720
302.94 122060
302.953 122400
302.965 122740
302.978 123080
302.991 123420
303.003 123760
303.016 124100
303.028 124440
303.041 124780
303.054 125120
303.066 125460
303.079 125800
303.091 126140
303.104 126480
303.117 126820
303.129 127160
303.142 127500
303.154 127840
303.167 128180
303.199 89420
306.803 340
307.038 1360
307.857 2380
307.876 4760
308.471 6120
308.496 7820
308.528 8840
308.547 9860
309.054 11220
309.079 12240
309.098 13260
309.117 14280
309.135 17340
309.192 18360
309.211 19380
309.23 20400
309.642 21420
309.661 23800
309.705 25840
309.743 27540
309.775 28560
309.794 30260
309.825 33320
309.882 34680
309.907 36380
309.939 39440
309.995 40460
310.014 41480
310.231 43860
310.275 44880
310.294 46580
310.326 47600
310.344 48620
310.363 49640
310.382 50660
310.401 51680
310.42 52700
310.439 53720
310.458 54740
310.477 55760
310.496 56780
310.515 57800
310.534 58820
310.552 59840
310.571 60860
310.59 61880
310.609 62900
310.729 63240
310.861 63580
310.994 63920
311.107 64260
311.24 64600
311.372 64940
311.485 65280
311.612 65620
311.744 65960
311.801 45900
314.856 340
314.946 680
316.264 1020
316.27 1360
316.84 1700
316.846 2040
316.853 2380
316.859 2720
317.416 3060
317.422 3400
317.429 3740
317.435 4080
317.441 4420
317.448 4760
317.454 5100
317.46 5440
317.992 5780
317.999 6120
318.005 6460
318.011 6800
318.017 7140
318.024 7480
318.03 7820
318.036 8160
318.043 8500
318.049 8840
318.055 9180
318.062 9520
318.068 9860
318.074 10200
318.081 10540
318.087 10880
318.568 11220
318.575 11560
318.581 11900
318.587 12240
318.594 12580
318.6 12920
318.606 13260
318.613 13600
318.619 13940
318.625 14280
318.631 14620
318.638 14960
318.644 15300
318.65 15640
318.657 15980
318.663 16320
318.669 16660
318.676 17000
318.682 17340
318.688 17680
318.694 18020
318.701 18360
318.707 18700
318.713 19040
318.72 19380
318.726 19720
318.732 20060
318.739 20400
318.745 20740
318.751 21080
318.758 21420
318.764 21760
319.144 22100
319.151 22440
319.157 22780
319.163 23120
319.17 23460
319.176 23800
319.182 24140
319.189 24480
319.195 24820
319.201 25160
319.208 25500
319.214 25840
319.22 26180
319.226 26520
319.233 26860
319.239 27200
319.245 27540
319.252 27880
319.258 28220
319.264 28560
319.271 28900
319.277 29240
319.283 29580
319.289 29920
319.296 30260
319.302 30600
319.308 30940
319.315 31280
319.321 31620
319.327 31960
319.434 22100
320.78 22440
320.799 22780
320.811 23120
320.824 23460
320.836 23800
320.849 24140
320.862 24480
320.874 24820
320.887 25160
320.899 25500
320.912 25840
320.925 26180
320.963 26520
321 26860
321.038 27200
321.089 27540
321.139 27880
321.208 28220
321.322 28560
321.448 28900
321.574 29240
321.725 29580
321.851 29920
321.984 30260
322.167 30600
322.419 30940
322.778 31280
323.251 31620
324.297 31960
324.921 32300
325.363 32640
325.533 32980
325.81 33320
326.025 33660
326.226 34000
326.39 34340
326.542 34680
326.668 35020
326.787 35360
326.901 35700
327.002 36040
327.103 36380
327.197 36720
327.285 37060
327.374 37400
327.449 37740
327.525 38080
327.607 38420
327.683 38760
327.758 39100
327.802 39440
327.872 39780
327.922 40120
327.998 40460
328.036 40800
328.111 41140
328.155 41480
328.206 41820
328.263 42160
328.307 42500
328.351 42840
328.414 43180
328.471 43520
328.521 43860
328.553 44200
328.616 44540
328.641 44880
328.679 45220
328.729 45560
328.767 45900
328.811 46240
328.855 46580
328.899 46920
328.931 47260
328.975 47600
329.025 47940
329.076 48280
329.114 48620
329.151 48960
329.183 49300
329.227 49640
329.259 49980
329.315 50320
329.359 50660
329.404 51000
329.454 51340
329.498 51680
329.53 52020
329.567 52360
329.612 52700
329.656 53040
329.687 53380
329.738 53720
329.763 54060
329.807 54400
329.851 54740
329.895 55080
329.927 55420
329.965 55760
330.015 56100
330.059 56440
330.084 56780
330.135 57120
330.179 57460
330.204 57800
330.236 58140
330.255 58480
330.292 58820
330.324 59160
330.355 59500
330.374 59840
330.406 60180
330.444 60520
330.469 60860
330.507 61200
330.526 42500
331.988 42840
332.001 43180
332.026 43520
332.039 43860
332.064 44200
332.089 44540
332.114 44880
332.139 45220
332.165 45560
332.19 45900
332.215 46240
332.24 46580
332.278 46920
332.303 47260
332.341 47600
332.366 47940
332.404 48280
332.429 48620
332.467 48960
332.505 49300
332.543 49640
332.581 49980
332.619 50320
332.669 50660
332.719 51000
332.77 51340
332.82 51680
332.871 52020
332.934 52360
332.997 52700
333.072 53040
333.173 53380
333.268 53720
333.381 54060
333.489 54400
333.596 54740
333.715 55080
333.816 55420
333.892 55760
333.968 56100
334.043 56440
334.132 56780
334.22 57120
334.321 57460
334.428 57800
334.567 58140
334.724 58480
334.913 58820
335.096 59160
335.273 59500
335.5 59840
335.777 60180
336.155 60520
336.71 60860
337.391 61200
337.845 61540
338.223 61880
338.5 62220
338.74 62560
338.954 62900
339.105 63240
339.269 63580
339.421 63920
339.547 64260
339.66 64600
339.774 64940
339.875 65280
339.975 65620
340.064 65960
340.152 66300
340.228 66640
340.303 66980
340.379 67320
340.454 67660
340.53 68000
340.593 68340
340.669 68680
340.719 69020
340.782 69360
340.845 69700
340.908 70040
340.959 70380
341.022 70720
341.072 71060
341.123 71400
341.173 71740
341.224 72080
341.274 72420
341.324 72760
341.375 73100
341.413 73440
341.463 73780
341.501 74120
341.551 74460
341.602 52020
342.865 340
342.97 75480
343.071 75820
343.197 76160
343.323 76500
343.449 76840
343.575 77180
343.701 77520
343.846 54060
345.973 340
346.059 680
347.307 1020
347.313 1360
347.883 1700
347.889 2040
347.896 2380
347.902 2720
348.459 3060
348.465 3400
348.472 3740
348.478 4080
348.484 4420
348.491 4760
348.497 5100
348.503 5440
349.035 5780
349.042 6120
349.048 6460
349.054 6800
349.06 7140
349.067 7480
349.073 7820
349.079 8160
349.086 8500
349.092 8840
349.098 9180
349.105 9520
349.111 9860
349.117 10200
349.124 10540
349.13 10880
349.611 11220
349.618 11560
349.624 11900
349.63 12240
349.637 12580
349.643 12920
349.649 13260
349.656 13600
349.662 13940
349.668 14280
349.674 14620
349.681 14960
349.687 15300
349.693 15640
349.7 15980
349.706 16320
349.712 16660
349.719 17000
349.725 17340
349.731 17680
349.737 18020
349.744 18360
349.75 18700
349.756 19040
349.763 19380
349.769 19720
349.775 20060
349.782 20400
349.788 20740
349.794 21080
349.8 21420
349.807 21760
350.187 22100
350.194 22440
350.2 22780
350.206 23120
350.213 23460
350.219 23800
350.225 24140
350.232 24480
350.238 24820
350.244 25160
350.251 25500
350.257 25840
350.263 26180
350.269 26520
350.276 32300
350.383 39440
350.515 39780
350.82 40120
350.953 40460
351.085 40800
351.236 28560
352.737 28900
352.756 29240
352.768 29580
352.781 29920
352.793 30260
352.806 30600
352.819 30940
352.831 31280
352.844 31620
352.869 31960
352.907 32300
352.945 32640
352.983 32980
353.02 33320
353.071 33660
353.121 34000
353.172 34340
353.222 34680
353.31 35020
353.424 35360
353.537 35700
353.663 36040
353.777 36380
353.903 36720
354.029 37060
354.13 37400
354.262 37740
354.414 38080
354.596 38420
354.634 26860
355.891 340
356.072 44540
356.198 44880
356.324 45220
356.45 45560
356.576 45900
356.702 46240
356.828 46580
356.954 46920
357.08 47260
357.162 32980
359.364 340
359.589 7480
360.871 340
360.875 7480
361.008 7820
361.586 8160
361.718 8500
362.282 8840
362.433 6120
363.167 6460
363.485 6800
363.497 7140
363.51 7480
363.522 7820
363.535 8160
363.548 8500
364.092 8840
366.01 9180
366.365 9520
366.617 9860
366.842 10200
366.973 10540
367.225 10880
367.561 11220
367.675 11560
367.757 11900
367.839 12240
368.093 12580
368.15 12920
368.207 13260
368.27 13600
368.333 13940
368.39 14280
368.446 14620
368.682 14960
368.72 15300
368.783 15640
369.016 15980
369.246 16320
369.328 16660
369.416 17000
369.498 17340
369.58 17680
369.643 18020
369.847 18360
369.879 18700
369.923 19040
369.954 19380
370.011 19720
370.042 20060
370.093 20400
370.131 20740
370.181 21080
370.206 21420
370.312 21760
370.423 22100
370.448 22440
370.474 22780
370.499 23120
370.524 23460
370.549 23800
370.587 24140
370.612 24480
370.656 24820
370.669 25160
370.713 25500
370.745 25840
370.77 26180
370.808 26520
370.888 26860
370.987 27200
371.018 27540
371.043 27880
371.069 28220
371.094 28560
371.119 28900
371.144 29240
371.169 29580
371.195 29920
371.22 30260
371.245 30600
371.27 30940
371.296 31280
371.321 31620
371.346 31960
371.371 32300
371.396 32640
371.422 32980
371.447 33320
371.483 33660
371.563 34000
371.588 34340
371.613 34680
371.638 35020
371.664 35360
371.676 35700
371.701 36040
371.727 36380
371.752 36720
371.777 37060
371.802 37400
371.827 37740
371.853 38080
371.878 38420
371.903 38760
371.928 39100
371.954 39440
371.979 39780
372.004 40120
372.029 40460
372.042 40800
372.067 41140
372.092 41480
372.117 41820
372.143 42160
372.155 42500
372.181 42840
372.206 43180
372.231 43520
372.244 43860
372.269 44200
372.294 44540
372.319 44880
372.344 31280
373.17 31620
373.183 31960
373.195 32300
373.208 32640
373.221 32980
373.233 33320
373.246 33660
373.259 34000
373.271 34340
373.284 34680
373.296 35020
373.309 35360
373.322 35700
373.385 36040
373.485 36380
373.599 36720
373.687 37060
373.788 37400
373.876 37740
373.965 38080
374.053 38420
374.141 38760
374.229 39100
374.318 39440
374.406 39780
374.507 40120
374.608 40460
374.708 40800
374.822 41140
374.923 41480
375.049 41820
375.175 42160
375.301 42500
375.465 42840
375.616 43180
375.818 43520
376.02 43860
376.284 44200
376.7 44540
377.52 44880
378.592 45220
379.184 31620
381.01 340
381.162 62220
381.175 62560
381.188 62900
381.2 63240
381.213 63580
381.225 63920
381.238 64260
381.251 64600
381.377 64940
381.503 65280
381.745 45560
383.173 340
384.279 7480
384.855 14620
385.444 10200
386.02 10540
386.108 10880
386.121 11220
386.133 11560
386.146 11900
386.196 12240
386.247 12580
386.392 12920
386.583 13260
386.785 13600
387.012 13940
387.305 14280
387.837 14620
389.754 14960
390.094 15300
390.343 15640
390.538 15980
390.73 16320
390.976 16660
391.114 17000
391.318 17340
391.489 17680
391.583 18020
391.722 18360
391.842 18700
391.945 19040
392.033 19380
392.121 19720
392.203 20060
392.298 20400
392.355 20740
392.443 21080
392.519 21420
392.601 21760
392.689 22100
392.777 22440
392.853 22780
392.935 23120
392.998 23460
393.08 23800
393.136 24140
393.193 24480
393.231 24820
393.269 25160
393.307 25500
393.344 25840
393.389 26180
393.448 26520
393.523 26860
393.574 27200
393.631 27540
393.681 27880
393.725 28220
393.769 28560
393.807 28900
393.845 29240
393.883 29580
393.908 29920
393.946 30260
393.971 30600
394.009 30940
394.047 31280
394.087 31620
394.125 31960
394.163 32300
394.207 32640
394.251 32980
394.289 33320
394.314 33660
394.358 34000
394.383 34340
394.421 34680
394.446 35020
394.484 35360
394.509 35700
394.547 36040
394.572 36380
394.61 36720
394.635 37060
394.661 37400
394.698 37740
394.724 38080
394.761 38420
394.774 38760
394.799 39100
394.837 39440
394.862 39780
394.894 40120
394.919 40460
394.944 40800
394.969 41140
394.995 41480
395.02 41820
395.045 42160
395.07 42500
395.096 42840
395.121 43180
395.146 43520
395.171 43860
395.196 44200
395.222 44540
395.247 44880
395.272 45220
395.297 45560
395.322 45900
395.348 46240
395.373 46580
395.398 46920
395.423 47260
395.449 47600
395.474 47940
395.499 48280
395.524 48620
395.549 48960
395.575 49300
395.6 49640
395.625 49980
395.65 50320
395.676 50660
395.701 51000
395.726 51340
395.751 51680
395.776 52020
395.802 52360
395.827 52700
395.852 53040
395.877 53380
395.902 53720
395.915 54060
395.94 54400
395.953 54740
395.978 55080
395.991 55420
396.016 55760
396.041 56100
396.054 56440
396.066 56780
396.092 57120
396.117 57460
396.129 57800
396.142 58140
396.167 58480
396.192 58820
396.205 59160
396.218 59500
396.243 59840
396.268 60180
396.281 60520
396.293 60860
396.319 61200
396.331 61540
396.369 42840
397.344 340
397.504 62560
397.617 62900
397.743 63240
397.869 63580
397.995 63920
398.121 64260
398.153 44880
399.783 340
