0.0 0
0.011856 3400
0.029888 3740
0.042496 4420
0.055104 5100
0.067712 5780
0.08032 6460
0.092928 7140
0.105536 7820
0.118144 8500
0.130752 9180
0.14336 9860
0.155968 10540
0.168576 11220
0.181184 11900
0.193792 12580
0.219008 13940
0.231616 14620
0.244224 15300
0.256832 15980
0.26944 16660
0.282048 17340
0.294656 18020
0.307264 18700
0.319872 19380
0.33248 20060
0.345088 20740
0.357696 21420
0.370304 22100
0.382912 22780
0.39552 23460
0.408128 24140
0.420736 24820
0.433344 25500
0.445952 26180
0.45856 26860
0.471168 27540
0.483776 28220
0.496384 28900
0.508992 29580
0.5216 30260
0.534208 30940
0.546816 31620
0.559424 32300
0.572032 32980
0.58464 33660
0.597248 34340
0.609856 35020
0.622464 35700
0.635072 36380
0.64768 37060
0.660288 37740
0.672896 38420
0.685504 39100
0.698112 39780
0.71072 40460
0.723328 41140
0.735936 41820
0.748544 42500
0.77376 43860
0.786368 44540
0.798976 45220
0.811584 45900
0.824192 46580
0.8368 47260
0.849408 47940
0.862016 48620
0.874624 49300
0.887232 49980
0.89984 50660
0.912448 51340
0.925056 52020
0.937664 52700
0.950272 53380
0.96288 54060
0.975488 54740
0.988096 55420
1.0007 56100
1.01331 56780
1.02592 57460
1.03853 58140
1.05114 58820
1.06374 59500
1.07635 60180
1.08896 60860
1.10157 61540
1.11418 62220
1.12678 62900
1.13939 63580
1.152 64260
1.16461 64940
1.17722 65620
1.18982 66300
1.20243 66980
1.21504 67660
1.22765 68340
1.24026 69020
1.25286 69700
1.26547 70380
1.27808 70720
1.3033 49300
2.9463 340
3.18819 680
3.20536 1700
3.22253 2040
3.22883 3060
3.24774 3400
3.25405 4420
3.27296 4760
3.27926 5780
3.29818 6120
3.30448 7140
3.32339 7480
3.3297 8500
3.34861 8840
3.35491 9860
3.37382 10200
3.38013 11220
3.39904 11560
3.40534 13260
3.43686 13600
3.44317 13940
3.44947 14280
3.45578 15300
3.47469 15640
3.48099 16660
3.4999 17000
3.50621 18020
3.52512 18360
3.53142 19380
3.55034 19720
3.55664 20740
3.57555 21080
3.58186 22100
3.60077 22440
3.60707 23460
3.62598 23800
3.63229 24820
3.6512 25160
3.6575 26180
3.67642 26520
3.68272 27540
3.70163 27880
3.70794 28900
3.72685 29240
3.73315 30260
3.75206 30600
3.75837 31620
3.77728 31960
3.78358 32980
3.8025 33320
3.8088 34340
4.90966 340
6.92683 15300
6.944 15640
7.22768 15980
7.24029 16320
7.55549 11220
8.84547 340
8.88563 35700
9.35843 24820
10.5476 340
10.9281 680
11.0353 1020
11.0416 1360
11.0525 1700
11.0588 2040
11.0651 2380
11.0714 2720
11.0777 3060
11.084 3400
11.0903 3740
11.0966 4080
11.1029 4420
11.1092 4760
11.1155 5100
11.1218 5440
11.1281 5780
11.1344 6120
12.1344 340
12.1516 16660
12.1688 17000
13.1688 340
13.1859 12240
13.2031 12580
13.2787 8500
13.5435 8840
13.5624 6120
14.0983 6460
14.1172 4420
14.3441 4760
14.363 5100
14.3756 5440
14.3882 5780
14.4891 6120
14.8547 6460
15.233 4420
15.4662 4760
15.4788 5100
15.4914 5440
15.504 5780
15.6175 6120
15.7058 4080
15.939 4420
15.9516 4760
15.9642 5100
15.9768 5440
16.0903 5780
16.4433 6120
17.0737 4080
17.2944 4420
17.307 4760
17.3196 5100
17.3322 5440
17.4457 5780
17.805 6120
20.4968 4080
20.7112 4420
20.7238 4760
20.7364 5100
20.749 5440
20.8624 5780
21.2092 6120
21.5055 4080
21.8837 4420
21.8963 4760
21.9089 5100
21.9215 5440
21.9972 3740
22.2115 4080
22.2241 4420
22.2367 4760
22.2493 5100
22.2998 3400
22.5141 3740
22.5267 4080
22.5393 4420
22.5519 4760
22.6654 3060
22.8671 3400
22.8797 3740
22.8923 4080
22.9049 4420
23.2201 4760
25.8552 3060
25.9309 3400
25.9435 3740
26.1956 2380
27.1767 340
27.198 18360
27.2151 18700
27.5745 12920
28.5871 340
28.9172 680
28.955 1020
28.9911 1700
29.0037 2380
29.0163 2720
29.0289 3400
29.0416 4080
29.0542 4760
29.0668 5440
29.0794 6120
29.092 6800
29.1046 7480
29.1172 8160
29.1298 8840
29.1424 9180
29.155 9520
29.1676 9860
29.1802 10200
29.1928 10540
29.2055 10880
29.2181 11220
29.2307 11560
29.2433 11900
29.2559 12240
29.2685 12580
29.2811 12920
29.2937 13260
29.3063 13600
29.3189 13940
29.3315 14280
29.3441 14620
29.3568 14960
29.3694 15300
29.382 15640
29.3946 15980
29.4072 16320
29.4198 16660
29.4324 17000
29.445 17340
29.4576 17680
29.4702 18020
29.4828 18360
29.4954 18700
29.508 19040
29.5207 19380
29.5333 19720
29.5459 20060
29.5585 20400
29.5711 20740
29.5837 21080
29.5963 21420
29.6089 21760
29.6215 22100
29.6341 22440
29.6467 22780
29.6593 23120
29.672 23460
29.6846 23800
29.6972 24140
29.7098 24480
29.7224 24820
29.735 25160
29.8106 25500
29.8611 17680
30.958 18020
30.9769 12580
31.311 12920
31.3866 13260
31.4623 13600
31.5695 13940
31.6955 14280
31.8342 14620
31.9288 14960
31.9477 10200
32.2125 10540
32.3133 10880
32.4142 11220
32.5151 11560
32.6159 11900
32.7294 12240
32.8429 12580
32.9563 12920
33.1076 13260
33.2841 9180
33.5237 9520
33.5615 9860
33.6498 10200
33.8011 10540
33.9776 10880
34.0911 11220
34.2676 11560
34.4063 11900
34.6206 12240
34.7467 12580
34.9736 12920
35.1123 8840
35.3392 9180
35.3771 9520
35.4905 9860
35.6797 10200
35.7679 10540
35.9192 10880
36.0705 11220
36.1714 11560
36.3857 11900
36.6 8160
36.9405 8500
36.9783 8840
37.0792 9180
37.1926 9520
37.2683 6460
37.4322 6800
37.4826 4760
37.5961 5100
37.6843 5440
37.8482 5780
37.9995 3740
38.0941 4080
38.1824 4420
38.3463 4760
38.548 5100
38.8001 5440
39.1532 5780
39.9727 3740
40.0672 4080
40.1555 4420
40.3194 4760
40.5211 5100
40.7103 3400
40.7985 3740
40.912 4080
41.1011 4420
41.2902 3060
41.3596 3400
41.4983 3740
41.5802 2380
41.6874 2720
41.8387 3060
42.0908 3400
42.4439 3740
44.7889 2380
44.852 2720
44.8646 3060
45.2491 2040
45.2933 2380
45.495 2720
45.5454 1700
45.5896 2040
45.8039 1360
45.8354 1700
46.1552 2040
46.9621 1360
46.9936 1700
47.3214 2040
47.6744 1360
47.6996 1700
47.7123 2040
48.2544 1360
48.3031 1700
48.3266 1020
48.3455 1360
48.5941 680
48.6113 1020
49.0814 1360
50.1668 680
50.184 1020
50.2074 1360
50.3507 680
50.3696 1020
50.713 1360
52.6448 1700
53.3554 1020
53.3743 1360
53.7067 1700
53.9399 1020
53.9743 1360
54.2734 680
54.2905 1020
54.623 1360
54.725 680
54.7421 1020
55.1093 1360
55.7631 1700
55.927 1020
55.946 1360
56.2783 1700
57.3122 1020
57.3374 1360
57.6778 1700
58.0434 1020
58.0687 1360
58.4073 1700
59.0756 2040
59.9455 1360
59.977 1700
60.3174 2040
60.4183 1360
60.4498 1700
60.7822 2040
61.6395 1360
61.6648 1700
62.0052 2040
63.0516 2380
63.1147 1360
63.1525 1700
63.3794 2040
63.7325 1360
63.764 1700
64.1044 2040
64.47 1360
64.5016 1700
64.842 2040
65.0185 1360
65.0437 1700
65.3761 2040
66.3658 1360
66.4099 1700
66.5234 2040
66.599 1360
67.5801 340
67.5973 21420
67.6901 21760
67.8162 22100
67.9423 22440
68.0684 22780
68.1944 23120
68.3205 15980
68.7366 16320
68.7996 16660
68.9509 17000
69.0518 17340
69.1652 17680
69.2535 18020
69.3418 18360
69.43 18700
69.5183 19040
69.6317 19380
69.7326 19720
69.8083 13600
70.4008 13940
70.4387 14280
70.5773 14620
70.653 14960
70.6971 10200
71.1321 10540
71.1825 10880
71.2582 7480
71.4473 7820
71.5103 8160
71.6238 8500
71.7499 5780
71.8949 6120
71.9831 6460
72.0336 4420
72.147 4760
72.2605 5100
72.2857 3400
72.374 3740
72.5127 4080
72.7018 4420
72.954 3060
73.0233 3400
73.1872 3740
73.4394 4080
73.5024 2720
73.5717 3060
73.7356 3400
73.9878 3740
74.2526 2380
74.3156 2720
74.4795 3060
74.7317 3400
75.0847 3740
75.879 2380
75.9357 2720
76.0996 3060
76.1375 2040
76.1879 2380
76.4022 2720
76.7553 3060
76.9444 2040
76.9948 2380
77.2092 2720
77.5622 3060
78.6086 2040
78.6591 2380
78.6717 2720
78.7473 1700
78.7915 2040
79.0058 2380
79.3588 2720
79.4219 1700
79.466 2040
79.6803 2380
80.0333 2720
80.1216 1700
80.1594 2040
80.3738 2380
80.5503 1360
80.5881 1700
80.807 2040
80.8322 1360
80.8637 1700
81.1033 2040
81.4185 1360
81.4437 1700
81.7715 2040
81.9228 1360
81.948 1700
82.2678 2040
83.0495 1360
83.0747 1700
83.4025 2040
84.3733 1360
84.4157 1700
84.5292 2040
85.3991 1360
85.4306 1700
85.7504 2040
86.053 1360
86.0845 1700
86.4043 2040
87.0347 1360
87.0662 1700
87.1797 1020
87.2049 1360
87.2427 1700
88.3018 1020
88.3207 1360
88.6513 1700
89.1556 1020
89.1808 1360
89.5087 1700
90.5047 2040
90.6182 1360
90.6434 1700
90.9803 2040
92.487 1360
92.523 1700
92.6869 1020
92.7059 1360
93.0382 1700
93.7317 1020
93.7569 1360
93.7695 1700
93.8577 1020
93.8767 1360
93.9597 680
93.994 1020
94.1205 680
94.1377 1020
94.4467 680
94.4639 1020
95.556 340
95.5732 1700
95.5966 2040
95.6092 2380
95.6219 2720
95.6345 3060
95.6471 3400
95.6597 3740
95.6723 4080
95.6849 4420
95.7101 4760
95.8047 3060
95.9308 3400
96.0694 3740
96.2712 4080
96.4099 2720
96.4729 3060
96.5233 2040
96.5738 2380
96.7881 2720
97.0403 1700
97.0781 2040
97.2924 2380
97.3933 1360
97.4311 1700
97.6454 2040
97.9985 2380
99.3475 1360
99.379 1700
99.4295 2040
99.9464 2380
100.64 1360
100.671 1700
100.886 2040
101.1 1360
101.125 1700
101.396 1020
101.413 1360
101.593 680
101.61 1020
101.633 1360
101.781 680
101.798 1020
101.908 680
101.948 1020
103.547 680
103.564 1020
104.04 680
104.075 1020
104.315 680
104.332 1020
104.521 680
104.538 1020
104.555 1360
105.296 680
106.272 340
106.507 680
106.53 1020
106.554 1360
106.571 1700
106.583 2040
106.596 2380
106.609 2720
106.709 3060
106.836 3400
106.949 2380
107.006 2720
107.233 3060
107.586 3400
109.01 2380
109.061 2720
109.288 3060
109.363 2040
109.408 2380
109.634 2720
109.988 3060
110.643 2040
110.687 2380
110.914 2720
111.103 1700
112.078 340
112.317 680
112.34 1360
112.363 1700
112.376 2040
112.389 2380
112.401 2720
112.414 3060
112.427 3400
112.439 3740
112.452 4080
112.464 4420
112.477 4760
112.49 5100
112.502 5440
112.515 5780
112.527 6120
112.54 6460
112.553 6800
112.565 7140
112.578 7480
112.59 7820
112.603 8160
112.616 8500
112.628 8840
112.641 9180
112.653 9520
112.666 9860
112.679 10200
112.698 10540
112.716 7140
112.899 7480
112.962 7820
113.063 8160
113.126 5440
113.454 5780
113.53 6120
113.656 6460
113.807 6800
113.971 7140
114.148 4760
114.28 5100
114.368 5440
114.519 5780
114.658 3740
114.759 4080
114.86 4420
115.024 4760
115.225 5100
115.478 5440
115.824 5780
115.843 3740
115.938 4080
116.039 4420
116.203 4760
116.404 5100
116.656 5440
117.01 5780
117.741 3740
117.842 4080
117.917 2720
117.98 3060
118.132 3400
118.296 2380
118.346 2720
118.548 3060
118.573 2040
118.623 2380
118.825 2720
119.178 3060
119.531 2040
119.575 2380
119.588 2720
120.13 3060
120.269 2040
120.319 2380
120.521 2720
120.874 3060
121.113 2040
121.208 2380
121.296 1360
121.334 1700
121.553 2040
121.717 1360
121.748 1700
121.805 1020
121.824 1360
122.169 680
122.188 1020
122.205 1360
122.737 680
122.756 1020
123.1 1360
123.563 680
123.58 1020
123.724 1360
123.922 680
123.939 1020
124.117 680
124.134 1020
124.501 680
124.518 1020
125.956 680
125.973 1020
126.031 680
126.048 1020
126.655 1360
126.904 680
126.921 1020
127.116 680
127.133 1020
127.975 680
127.992 1020
128.273 680
129.221 340
129.456 680
129.479 1020
129.503 1360
129.52 1700
129.532 2040
129.545 2380
129.558 2720
129.57 3060
129.583 3400
129.595 3740
129.608 4080
129.734 4420
129.86 4760
129.986 5100
130.112 5440
130.238 3740
130.333 4080
130.396 2720
130.459 3060
130.623 3400
130.875 3740
130.938 2380
131.014 2720
131.178 3060
131.43 3400
131.594 2380
131.644 2720
131.695 1700
131.732 2040
131.846 1360
131.877 1700
132.193 1020
132.218 1360
132.394 680
132.413 1020
132.843 1360
133.035 680
133.052 1020
133.075 1360
133.663 680
133.68 1020
133.95 680
133.967 1020
134.712 680
134.729 1020
135.364 1360
135.671 680
135.69 1020
135.885 680
135.902 1020
136.355 680
136.372 1020
136.51 680
136.527 1020
136.722 680
136.739 1020
136.917 680
136.934 1020
137.844 680
137.861 1020
138.085 1360
138.483 680
138.5 1020
138.832 1360
139.795 680
139.814 1020
139.889 680
139.906 1020
140.084 680
140.101 1020
140.359 1360
142.664 680
142.683 1020
142.7 1360
143.325 680
143.342 1020
143.675 1360
143.868 680
143.911 1020
144.243 1360
145.193 1700
145.635 1020
145.66 1360
145.702 680
145.719 1020
146.052 1360
146.726 680
146.743 1020
146.996 680
147.013 1020
147.129 680
147.146 1020
147.633 1360
148.617 680
148.636 1020
148.98 1360
149.443 680
149.46 1020
149.844 1360
149.91 680
149.927 1020
150.071 1360
150.143 680
150.16 1020
150.338 680
150.355 1020
151.621 680
151.639 1020
152.613 680
152.63 1020
153.226 1360
154.202 680
154.221 1020
154.564 1360
155.12 680
155.139 1020
155.351 1360
155.683 680
155.702 1020
156.046 1360
156.429 680
156.447 1020
156.791 1360
156.838 680
156.855 1020
157.187 1360
157.997 680
158.016 1020
158.033 1360
158.143 680
158.16 1020
158.493 1360
158.679 680
158.696 1020
159.028 1360
160.254 680
160.273 1020
160.29 1360
160.499 680
160.516 1020
160.952 1360
161.697 680
161.714 1020
162.047 1360
162.518 680
162.554 1020
162.571 1360
164.643 680
164.66 1020
164.683 1360
166.911 1700
168.063 2040
168.315 2380
168.403 1360
168.441 1700
168.668 2040
169.021 2380
170.42 1360
170.458 1700
170.483 1020
170.509 1360
170.521 1700
170.786 1020
170.811 1360
171.152 1700
172.866 2040
173.295 1360
173.32 1700
173.653 2040
174.516 1360
174.56 1700
174.88 1020
174.899 1360
175.231 1700
175.433 1020
175.452 1360
175.545 680
175.564 1020
175.581 1360
176.364 680
176.383 1020
176.606 680
176.623 1020
176.955 680
176.973 1020
177.202 1360
177.333 680
177.352 1020
177.781 1360
177.88 680
177.899 1020
178.242 1360
178.65 680
178.669 1020
179.013 1360
179.053 680
179.088 1020
179.431 1360
179.953 680
179.972 1020
179.989 1360
181.28 680
181.297 1020
181.654 680
181.671 1020
182.237 1360
182.707 680
182.749 1020
183.082 1360
184.175 680
184.192 1020
184.531 1360
185.255 1700
186.003 1020
186.022 1360
186.089 680
186.108 1020
186.321 680
186.338 1020
186.66 680
186.677 1020
187.93 340
189.947 1020
189.97 1360
189.987 1700
190 2040
190.013 2380
190.025 2720
190.038 3060
190.05 3400
190.063 3740
190.076 4080
190.088 4420
190.101 4760
190.177 5100
190.303 5440
190.429 5780
190.542 3740
190.643 4080
190.731 2720
190.794 3060
190.971 3400
191.21 2380
191.267 2720
191.368 1700
191.406 2040
191.633 2380
191.973 2720
192.074 1700
192.112 2040
192.276 1360
192.301 1700
192.629 2040
193.448 1360
193.474 1700
193.738 1020
193.764 1360
193.781 1700
194.307 1020
194.326 1360
194.658 1700
194.809 1020
194.835 1360
195.162 1700
195.734 1020
195.753 1360
196.086 1700
196.281 1020
196.3 1360
196.317 1700
196.946 1020
196.963 1360
197.3 1700
198.136 1020
198.162 1360
198.49 1700
198.898 1020
198.923 1360
198.935 1700
199.957 1020
199.976 1360
200.308 1700
200.382 1020
200.401 1360
200.733 1700
202.15 1020
202.175 1360
202.188 1700
202.402 1020
202.421 1360
202.751 1700
203.624 1020
203.643 1360
203.715 680
203.732 1020
203.756 1360
203.861 680
204.091 1020
204.303 680
204.321 1020
205.196 680
205.213 1020
206.198 680
206.215 1020
206.428 1360
206.963 680
206.98 1020
207.364 1360
207.651 680
207.67 1020
208.019 680
208.037 1020
208.41 680
208.427 1020
209.171 1360
209.655 680
209.674 1020
209.931 680
210.155 1020
211.273 680
211.29 1020
212.179 680
212.196 1020
212.539 1360
212.626 680
212.645 1020
212.713 680
212.731 1020
213.973 680
213.99 1020
215.559 1360
215.896 680
215.913 1020
216.246 1360
216.896 680
216.914 1020
217.246 1360
217.295 680
217.314 1020
217.657 1360
218.292 680
218.311 1020
218.328 1360
218.497 680
218.516 1020
218.859 1360
220.188 680
220.206 1020
220.229 1360
222.039 680
222.057 1020
222.114 1360
223.055 680
223.072 1020
223.404 1360
223.51 680
223.529 1020
223.872 1360
224.912 680
224.929 1020
224.952 1360
225.398 680
225.417 1020
225.554 680
225.572 1020
227.222 1360
228.196 680
228.215 1020
228.558 1360
229.223 680
229.24 1020
229.315 1360
230.996 680
231.015 1020
231.307 1360
232.412 680
232.429 1020
232.768 1360
232.964 680
232.981 1020
233.314 1360
233.556 680
233.575 1020
233.73 1360
234.47 680
234.487 1020
234.826 680
234.843 1020
236.154 1360
236.29 680
236.307 1020
236.382 680
236.399 1020
236.955 680
236.972 1020
237.315 680
237.333 1020
238.444 680
238.461 1020
239.143 680
240.092 340
240.326 680
240.35 1020
240.373 1360
240.39 1700
240.403 2040
240.416 2380
240.428 2720
240.441 3060
240.453 3400
240.466 3740
240.479 4080
240.491 4420
240.504 4760
240.517 5100
240.529 5440
240.542 5780
240.617 6120
240.743 6460
240.87 6800
240.996 7140
241.096 4760
241.216 5100
241.317 5440
241.468 5780
241.632 6120
241.821 6460
242.074 4420
242.25 4760
242.37 5100
242.389 3400
242.471 3740
242.609 4080
242.761 2720
242.824 3060
242.988 3400
243.114 2380
243.17 2720
243.385 3060
243.549 2040
243.593 2380
243.807 2720
244.034 1700
244.078 2040
244.293 2380
244.608 1360
244.646 1700
244.86 2040
245.213 2380
246.814 2720
247.898 1700
247.943 2040
248.157 2380
248.226 1360
248.258 1700
248.472 2040
248.724 1360
248.75 1700
249.077 2040
249.884 1360
249.916 1700
249.966 1020
249.991 1360
250.004 1700
250.942 1020
251.916 340
251.934 29920
251.97 20740
253.064 340
253.249 20060
253.716 20400
253.722 20740
253.936 21080
253.949 21420
253.962 21760
253.974 22100
253.987 22440
254 22780
254.012 23120
254.025 23460
254.037 23800
254.05 24140
254.063 24480
254.075 24820
254.088 25160
254.176 25500
254.302 25840
254.428 26180
254.554 26520
254.68 26860
254.806 27200
254.932 27540
255.059 27880
255.185 28220
255.311 28560
255.437 28900
255.563 29240
255.689 29580
255.815 29920
255.941 30260
256.08 21080
257.007 21420
257.025 14960
257.643 15300
257.662 10540
258.28 10880
258.33 11220
258.406 11560
258.507 11900
258.595 12240
258.671 8500
259.15 8840
259.213 9180
259.314 9520
259.427 9860
259.49 6800
259.667 7140
259.742 7480
259.856 5100
259.988 5440
260.089 5780
260.203 3740
260.304 4080
260.417 4420
260.581 4760
260.783 5100
260.858 3400
260.947 3740
261.085 4080
261.274 4420
261.526 4760
261.88 5100
263.708 3400
263.79 3740
263.928 4080
264.117 4420
264.37 4760
264.723 5100
264.76 3400
264.905 3740
265.044 4080
265.233 4420
265.422 3060
265.492 3400
265.656 3740
265.908 4080
266.046 2720
266.116 3060
266.28 3400
266.532 3740
266.885 4080
268.625 2720
268.694 3060
268.707 3400
268.972 2380
269.022 2720
269.236 3060
269.451 2040
269.495 2380
269.709 2720
269.785 1700
269.823 2040
270.037 2380
270.403 2720
270.856 1700
270.894 2040
270.97 1360
271.001 1700
271.014 2040
271.102 1360
271.134 1700
271.454 2040
271.542 1360
271.567 1700
271.895 2040
273.08 1360
273.111 1700
273.288 1020
273.313 1360
273.326 1700
274.377 1020
274.396 1360
274.726 1700
274.903 1020
274.928 1360
275.071 680
275.089 1020
275.146 1360
275.554 680
275.573 1020
275.917 1360
276.55 680
276.569 1020
276.912 1360
277.961 1700
278.214 1020
278.239 1360
278.264 680
278.283 1020
278.472 680
278.489 1020
279.938 680
279.955 1020
281.354 680
281.389 1020
281.423 1360
283.509 680
283.526 1020
283.55 1360
285.156 680
285.174 1020
285.386 1360
285.466 680
285.485 1020
285.818 1360
286.802 680
286.819 1020
287.152 1360
287.3 680
287.317 1020
287.656 1360
287.925 680
287.944 1020
288.064 1360
289.23 680
289.247 1020
289.58 1360
289.891 680
289.909 1020
290.241 1360
290.301 680
290.318 1020
290.341 1360
290.615 680
290.632 1020
290.948 680
290.965 1020
293.049 1360
294.002 680
294.019 1020
294.351 1360
295.062 680
295.081 1020
295.139 1360
295.173 680
295.19 1020
295.523 1360
295.868 680
295.887 1020
296.23 1360
297.545 680
297.562 1020
297.586 1360
298.522 680
298.54 1020
298.684 680
298.701 1020
299.847 1360
300.71 680
300.727 1020
301.06 680
301.077 1020
301.358 680
301.375 1020
302.167 680
302.184 1020
302.746 1360
303.111 680
303.129 1020
303.461 1360
303.733 680
303.75 1020
304.083 1360
304.163 680
304.182 1020
304.405 680
304.422 1020
304.869 680
304.886 1020
304.937 680
304.954 1020
305.367 1360
307.387 680
307.406 1020
307.423 1360
307.873 680
307.914 1020
308.246 1360
308.276 680
308.295 1020
308.484 680
308.501 1020
310.231 1360
311.547 1700
311.748 1020
311.767 1360
311.822 680
311.841 1020
312.122 680
312.139 1020
312.232 680
312.266 1020
312.472 1360
312.855 680
312.874 1020
313.114 680
313.131 1020
315.129 680
315.146 1020
315.198 1360
316.498 680
316.517 1020
316.86 1360
317.507 680
317.526 1020
317.544 1360
318.963 680
318.98 1020
319.192 680
319.21 1020
319.313 1360
319.763 680
319.78 1020
320.113 1360
321.765 680
321.784 1020
321.802 1360
323.851 680
323.869 1020
323.892 1360
323.952 680
323.969 1020
324.308 1360
324.342 680
324.359 1020
324.692 1360
325.495 680
325.512 1020
325.587 1360
327.517 680
327.536 1020
327.553 1360
328.911 680
328.929 1020
329.044 680
329.061 1020
329.72 1360
332.104 1700
332.243 1020
332.268 1360
332.318 1700
332.508 1020
332.533 1360
332.873 1700
333.01 1020
333.044 1360
333.377 1700
333.604 1020
333.629 1360
333.969 1700
334.108 1020
334.127 1360
334.459 1700
335.23 1020
335.255 1360
335.267 1700
335.756 1020
335.781 1360
335.831 680
335.85 1020
336.183 680
336.2 1020
337.414 680
337.431 1020
337.592 680
337.609 1020
337.678 1360
338.002 680
338.019 1020
338.197 680
338.215 1020
339.182 680
339.2 1020
339.961 680
339.978 1020
340.163 680
340.18 1020
340.392 1360
341.927 680
341.944 1020
342.277 1360
342.323 680
342.341 1020
342.501 1360
342.834 680
342.853 1020
343.196 1360
343.44 680
343.459 1020
343.802 1360
344.001 680
344.018 1020
344.35 1360
344.658 680
344.676 1020
344.882 1360
345.057 680
345.092 1020
345.435 1360
346.925 680
346.944 1020
346.996 1360
347.492 680
347.511 1020
347.683 680
347.7 1020
348.118 680
348.135 1020
349.007 680
349.024 1020
349.728 1360
350.725 680
350.744 1020
351.087 1360
351.826 680
351.843 1020
351.866 1360
352.027 680
352.044 1020
352.377 1360
354.236 680
354.253 1020
354.276 1360
355.505 680
355.522 1020
355.689 680
355.706 1020
356.073 1360
358.61 1700
358.824 1020
358.85 1360
359.043 680
359.06 1020
359.393 1360
359.826 680
359.845 1020
360.188 1360
360.513 680
360.53 1020
360.605 680
360.622 1020
360.983 1360
361.783 680
361.8 1020
362.012 680
362.029 1020
362.894 680
362.911 1020
364.202 1360
364.89 680
364.907 1020
365.907 340
365.924 680
365.965 1020
365.982 1360
365.999 1700
366.012 2040
366.024 2380
366.062 2720
366.188 3060
366.314 3400
366.44 3740
366.566 2380
366.63 2720
366.806 3060
366.97 2040
367.02 2380
367.058 1360
367.09 1700
367.317 2040
367.607 1360
367.638 1700
367.966 2040
368.697 1360
368.729 1700
369.057 2040
369.372 1360
369.397 1700
369.725 2040
370.62 2380
370.708 1360
370.746 1700
370.973 2040
371.332 2380
371.351 1360
371.383 1700
371.61 2040
371.963 2380
372.681 1360
372.73 1700
372.907 1020
372.932 1360
373.26 1700
373.373 1020
373.392 1360
373.497 1700
373.964 1020
373.983 1360
374.315 1700
375.9 1020
375.926 1360
376.115 1700
376.926 1020
376.945 1360
377.276 1700
379.121 1020
379.14 1360
379.157 1700
379.409 1020
379.434 1360
379.773 1700
379.849 1020
379.874 1360
380.202 1700
381.719 1020
381.744 1360
381.757 1700
381.883 1020
381.908 1360
381.963 680
381.981 1020
382.302 680
382.319 1020
382.48 680
382.497 1020
382.532 680
382.549 1020
383.671 680
383.688 1020
384.021 1360
384.093 680
384.11 1020
384.226 680
384.243 1020
385.653 680
385.67 1020
388.005 340
388.239 680
388.263 1020
388.286 1360
388.303 1700
388.316 2040
388.329 2380
388.341 2720
388.354 3060
388.366 3400
388.379 3740
388.392 4080
388.404 4420
388.417 4760
388.429 5100
388.442 5440
388.505 5780
388.631 6120
388.757 6460
388.782 4420
388.896 4760
389.009 5100
389.173 5440
389.375 5780
389.514 3740
389.678 4080
389.791 4420
389.955 4760
390.157 5100
390.283 3400
390.371 3740
390.51 4080
390.648 2720
390.718 3060
390.882 3400
390.957 2380
391.008 2720
391.21 1700
391.254 2040
391.468 2380
391.821 2720
392.079 1700
392.143 2040
392.357 2380
392.508 1360
392.546 1700
392.76 2040
393.113 2380
393.34 1360
393.372 1700
393.402 2040
393.734 1360
393.765 1700
394.093 2040
394.207 1360
394.232 1700
394.383 1020
394.402 1360
394.735 1700
395.857 1020
395.882 1360
396.008 1700
396.87 1020
396.889 1360
397.085 680
397.102 1020
397.435 1360
397.477 680
397.496 1020
397.84 1360
398.078 680
398.096 1020
398.435 1360
399.171 1700
399.533 1020
399.558 1360
399.886 1700
399.949 1020
399.974 1360
400.062 680
400.081 1020
