0.0 0
0.508698 3400
1.02357 3740
1.03618 4420
1.04879 5100
1.0614 5780
1.074 6460
1.28031 6800
1.54389 7480
1.55649 8160
1.5691 8840
1.58171 9520
1.59432 10200
1.60693 10880
1.61953 11560
1.63214 12240
1.64475 12920
1.80062 13600
2.0642 14280
2.07681 14960
2.08942 15640
2.10202 16320
2.11463 17000
2.12724 17680
2.13985 18360
2.15246 19040
2.16506 19720
2.17767 20400
2.19028 21080
2.20289 21760
2.2155 22440
2.2281 23120
2.24071 23800
2.25332 24480
2.26593 25160
2.27854 25840
2.32094 26520
2.33354 27200
2.58451 27880
2.59712 28560
2.60973 29240
2.62234 29920
2.63495 30600
2.64755 31280
2.66016 31960
2.67277 32640
2.68538 33320
2.69799 34000
2.71059 34680
2.7232 35360
2.73581 36040
2.74842 36720
2.76103 37400
2.77363 38080
2.78624 38760
2.79885 39440
2.81146 40120
2.82407 40800
2.83667 41480
2.84928 42160
2.86189 42840
2.8745 43520
2.88711 44200
2.89971 44880
2.91232 45560
2.92493 46240
2.93754 46920
2.95015 47600
2.96275 48280
2.97536 48960
2.98797 49640
3.00058 50320
3.01319 51000
3.02579 51680
3.0384 52360
3.05101 53040
3.06362 53720
3.07623 54400
3.10483 55080
3.11744 55760
3.13004 56440
3.14265 57120
3.15526 57800
3.16787 58480
3.18048 59160
3.19308 59840
3.20569 60520
3.2183 61200
3.23091 61880
3.24352 62560
3.25612 63240
3.26873 63920
3.28134 64600
3.30656 65960
3.31916 66640
3.33177 67320
3.34438 68000
3.35699 68680
3.3696 69360
3.3822 70040
3.39481 70720
3.40742 71400
3.42003 72080
3.43264 72760
3.44524 73440
3.45785 74120
3.47046 74800
3.48307 75480
3.49568 76160
3.50828 76840
3.52089 77520
3.5335 78200
3.54611 78880
3.55872 79560
3.57132 80240
3.58393 80920
3.59654 81600
3.60915 82280
3.62176 82960
3.63436 83640
3.64697 84320
3.65958 85000
3.67219 85680
3.6848 86360
3.6974 87040
3.71001 87720
3.72262 88400
3.73523 89080
3.74784 89760
3.76044 90440
3.77305 91120
3.78566 91800
3.79827 92480
3.81088 93160
3.82348 93840
3.83609 94520
3.8487 95200
3.86131 95880
3.87392 96560
3.88652 97240
3.89913 97920
3.91174 98600
3.92435 99280
3.93696 99960
3.94956 100640
3.96217 101320
3.97478 102000
3.98739 102680
4 103360
4.0126 104040
4.02521 104720
4.03782 105400
4.05043 106080
4.06304 106760
4.07564 107440
4.08825 108120
4.10086 108800
4.11347 109480
4.12608 110160
4.13868 110840
4.15129 111520
4.1639 112200
4.17651 112880
4.18912 113560
4.20172 114240
4.21433 114920
4.22694 115600
4.23955 116280
4.25216 116960
4.26476 117640
4.27737 118320
4.28998 119000
4.30259 119680
4.3152 120360
4.3278 121040
4.34041 121720
4.35302 122400
4.36563 123080
4.37824 123760
4.39084 124440
4.40345 125120
4.41606 125800
4.42867 126480
4.44128 127160
4.45388 127840
4.46649 128520
4.4791 129200
4.49171 129880
4.50432 130560
4.51692 131240
4.52953 131920
4.54214 132600
4.55475 133280
4.56736 133960
4.57996 134640
4.59257 135320
4.60518 136000
4.61779 136680
4.6304 137360
4.643 138040
4.65561 138720
4.66822 139400
4.68083 140080
4.69344 140760
4.70604 141440
4.71865 142120
4.73126 142800
4.74387 143480
4.75648 144160
4.76908 144840
4.78169 145520
4.7943 146200
4.80691 146880
4.81952 147560
4.83212 148240
4.84473 148920
4.85734 149600
4.86995 150280
4.88256 150960
4.89516 151640
4.90777 152320
4.92038 153000
4.93299 153680
4.9456 154360
4.9582 155040
4.97081 155720
4.98342 156400
4.99603 157080
5.00864 157760
5.02124 158440
5.03385 159120
5.04646 159800
5.05907 160480
5.07168 161160
5.08428 161840
5.09689 162520
5.1095 163200
5.12211 163880
5.13472 164560
5.14732 165240
5.15993 165920
5.17254 166600
5.18515 167280
5.19776 167960
5.21036 168640
5.22297 169320
5.23558 170000
5.24819 170680
5.2608 171360
5.2734 172040
5.28601 172720
5.29862 173400
5.31123 174080
5.32384 174760
5.33644 175440
5.34905 176120
5.36166 176800
5.37427 177480
5.39318 124100
8.82979 340
9.01798 1360
9.53199 1700
9.53829 2720
10.046 3060
10.0523 4080
10.0712 4420
10.0775 5440
10.56 5780
10.5663 6800
10.5852 7140
10.5915 8160
10.6104 8500
10.6167 9520
10.6357 9860
10.642 10880
11.074 11220
11.0803 12240
11.0992 12580
11.1055 13600
11.1245 13940
11.1308 14960
11.1497 15300
11.156 16320
11.1749 16660
11.1812 17680
11.2001 18020
11.2064 19040
11.2253 19380
11.2316 20400
11.2505 20740
11.2568 21760
11.588 22100
11.5943 23120
11.6132 23460
11.6196 24480
11.6385 24820
11.6448 25840
11.6637 26180
11.67 27200
11.6889 27540
11.6952 28560
11.7141 28900
11.7204 29920
11.7393 30260
11.7456 31280
11.7645 31620
11.7708 32640
11.7898 32980
11.7961 34000
11.815 34340
11.8213 35360
11.8402 35700
11.8465 36720
11.8654 37060
11.8717 38080
11.8906 38420
11.8969 39440
11.9158 39780
11.9221 40800
11.9411 41140
11.9474 42160
11.9663 42500
11.9726 43520
12.102 43860
12.1083 44880
12.1273 45220
12.1336 46240
12.1525 46580
12.1588 47600
12.1777 47940
12.184 48960
12.2029 49300
12.2092 50320
12.2281 50660
12.2344 51680
12.2533 52020
12.2596 53040
12.2786 53380
12.2849 54400
12.3038 54740
12.3101 55760
12.329 56100
12.3353 57120
12.3542 57460
12.3605 58480
12.3794 58820
12.3857 59840
12.4046 60180
12.4109 61200
12.4298 61540
12.4362 62560
12.4551 62900
12.4614 63920
12.4803 64260
12.4866 65280
12.5055 65620
12.5118 66640
12.5307 66980
12.537 68000
12.5559 68340
12.5622 69360
12.5811 69700
12.5874 70720
12.6064 71060
12.6127 72080
12.6316 72420
12.6379 73440
12.6568 73780
12.6631 74800
12.682 75140
12.6883 76160
12.7072 76500
12.7135 77520
12.7324 77860
12.7387 78880
12.7577 79220
12.764 80240
12.7829 80580
12.7892 81600
12.8081 81940
12.8144 82960
12.8333 83300
12.8396 84320
12.8585 84660
12.8648 85680
12.8837 86020
12.89 87040
13.0161 87380
13.1422 87720
13.2683 88060
13.3944 88400
13.5204 88740
13.6465 89080
13.7726 89420
13.8987 89760
14.0248 90100
14.1508 90440
14.2769 90780
14.403 91120
14.5291 91460
14.5543 91800
16.6947 64260
19.0063 340
19.2648 680
19.7788 1020
19.7851 1360
20.2928 1700
20.2991 2040
20.3054 2380
20.3117 2720
20.8068 3060
20.8131 3400
20.8194 3740
20.8257 4080
20.832 4420
20.8383 4760
20.8446 5100
20.8509 5440
21.3208 5780
21.3271 6120
21.3334 6460
21.3397 6800
21.346 7140
21.3524 7480
21.3587 7820
21.365 8160
21.3713 8500
21.3776 8840
21.3839 9180
21.3902 9520
21.3965 9860
21.4028 10200
21.4091 10540
21.4154 10880
21.8348 11220
21.8411 11560
21.8474 11900
21.8538 12240
21.8601 12580
21.8664 12920
21.8727 13260
21.879 13600
21.8853 13940
21.8916 14280
21.8979 14620
21.9042 14960
21.9105 15300
21.9168 15640
21.9231 15980
21.9294 16320
21.9357 16660
21.942 17000
21.9483 17340
21.9546 17680
21.9609 18020
21.9672 18360
21.9735 18700
21.9798 19040
21.9861 19380
21.9924 19720
21.9987 20060
22.005 20400
22.0114 20740
22.0177 21080
22.024 21420
22.0303 21760
22.3489 22100
22.3552 22440
22.3615 22780
22.3678 23120
22.3741 23460
22.3804 23800
22.3867 24140
22.393 24480
22.3993 24820
22.4056 25160
22.4119 25500
22.4182 25840
22.4245 26180
22.4308 26520
22.4371 26860
22.4434 27200
22.4497 27540
22.456 27880
22.4623 28220
22.4686 28560
22.4749 28900
22.4812 29240
22.4875 29580
22.4938 29920
22.5001 30260
22.5065 30600
22.5128 30940
22.5191 31280
22.5254 31620
22.5317 31960
22.538 32300
22.5443 32640
22.5506 32980
22.5569 33320
22.5632 33660
22.5695 34000
22.5758 34340
22.5821 34680
22.5884 35020
22.5947 35360
22.601 35700
22.6073 36040
22.6136 36380
22.6199 36720
22.6262 37060
22.6325 37400
22.6388 37740
22.6451 38080
22.6514 38420
22.6577 38760
22.6641 39100
22.6704 39440
22.6767 39780
22.683 40120
22.6893 40460
22.6956 40800
22.7019 41140
22.7082 41480
22.7145 41820
22.7208 42160
22.7271 42500
22.7334 42840
22.7397 43180
22.746 43520
22.8629 43860
22.8692 44200
22.8755 44540
22.8818 44880
22.8881 45220
22.8944 45560
22.9007 45900
22.907 46240
22.9133 46580
22.9196 46920
22.9259 47260
22.9322 47600
22.9385 47940
22.9448 48280
22.9511 48620
22.9574 48960
22.9637 49300
22.97 49640
22.9763 49980
22.9826 50320
23.0835 50660
23.2096 51000
23.342 35700
24.7036 36040
24.7225 36380
24.7351 36720
24.7478 37060
24.7604 37400
24.773 37740
24.7856 38080
24.7982 38420
24.8108 38760
24.8549 39100
24.918 39440
24.981 39780
25.0567 40120
25.1197 40460
25.1953 40800
25.271 41140
25.3466 41480
25.4223 41820
25.4979 42160
25.5736 42500
25.6492 42840
25.7186 43180
25.7942 43520
25.8573 43860
25.9077 44200
25.9581 44540
26.0086 44880
26.0968 45220
26.2103 45560
26.3301 45900
26.4435 46240
26.5759 46580
26.702 46920
26.8344 47260
26.9731 47600
27.0613 47940
27.1622 48280
27.2631 48620
27.4459 48960
27.6854 49300
27.9943 49640
28.2906 49980
28.6058 50320
29.1984 50660
29.8414 51000
30.2638 51340
30.642 51680
30.9572 36040
32.5962 36380
32.6088 36720
32.6215 37060
32.6341 37400
32.6467 37740
32.6593 38080
32.6719 38420
32.6845 38760
32.6971 39100
32.7097 39440
32.7223 39780
32.7349 40120
32.7475 40460
32.7601 40800
32.7727 41140
32.7854 41480
32.798 41820
32.8106 42160
32.8232 42500
32.8736 42840
33.0249 43180
33.1384 43520
33.2519 43860
33.359 44200
33.4599 44540
33.5607 44880
33.6616 45220
33.7625 45560
33.8507 45900
33.939 46240
34.0525 46580
34.1533 46920
34.2668 47260
34.3677 47600
34.4811 47940
34.6072 48280
34.7333 48620
34.8594 48960
35.0107 49300
35.162 49640
35.3385 49980
35.5276 50320
35.7545 50660
36.0697 51000
36.5362 51340
37.4944 51680
38.4527 52020
38.9318 52360
39.0957 52700
39.373 53040
39.5748 53380
39.7765 53720
39.9404 54060
40.0791 54400
40.2052 54740
40.3312 55080
40.4195 55420
40.5204 55760
40.6212 56100
40.7221 56440
40.7977 56780
40.886 57120
40.9616 57460
41.0373 57800
41.1129 40120
42.1109 340
42.1783 58820
42.254 59160
42.38 59500
42.5061 59840
42.6322 60180
42.7583 60520
42.8781 42160
44.5694 340
45.116 680
45.8788 1020
45.8851 1360
46.3928 1700
46.3991 2040
46.4054 2380
46.4117 2720
46.9068 3060
46.9131 3400
46.9194 3740
46.9257 4080
46.932 4420
46.9383 4760
46.9446 5100
46.9509 5440
47.4208 5780
47.4271 6120
47.4334 6460
47.4397 6800
47.446 7140
47.4523 11560
47.9474 18700
48.0798 25840
48.5119 32980
48.6442 33320
48.7955 23120
50.0534 23460
50.0723 23800
50.0849 24140
50.0975 24480
50.1102 24820
50.1228 25160
50.148 25500
50.1858 25840
50.2236 26180
50.2741 26520
50.3119 26860
50.3623 27200
50.4127 27540
50.4632 27880
50.583 28220
50.6964 28560
50.8099 28900
50.936 29240
51.0621 29580
51.1629 29920
51.2827 30260
51.4088 30600
51.5664 30940
51.724 31280
51.9194 31620
52.1211 31960
52.3607 32300
52.6948 32640
53.2558 32980
54.3527 33320
54.9831 33660
55.0462 23460
56.0441 340
56.225 36040
56.3007 36380
56.4268 36720
56.5528 37060
56.6789 37400
56.805 37740
56.9311 38080
57.0761 26520
58.6079 26860
58.6269 27200
58.6395 27540
58.6521 27880
58.6647 28220
58.6773 28560
58.6899 28900
58.7277 29240
58.7655 29580
58.8034 29920
58.8538 30260
58.8916 30600
58.9421 30940
58.9925 31280
59.0555 31620
59.106 31960
59.169 32300
59.251 32640
59.377 32980
59.5031 33320
59.6292 33660
59.7679 34000
59.9066 34340
60.0263 34680
60.1524 35020
60.2092 24480
61.2071 340
61.6654 44540
61.7789 44880
61.9049 45220
62.031 45560
62.1571 45900
62.2832 46240
62.4093 46580
62.5164 32300
64.3402 340
64.9119 7480
65.7252 14620
65.8575 21760
66.3653 28900
66.5165 20060
67.6925 20400
67.7051 20740
67.7177 21080
67.7303 21420
67.7429 21760
67.7681 22100
67.8059 22440
67.8438 22780
67.8816 23120
67.932 15980
68.8902 16320
68.9028 16660
68.9281 17000
68.9533 17340
68.9911 17680
69.0163 18020
69.0541 18360
69.092 18700
69.1298 19040
69.1802 19380
69.2433 19720
69.3063 20060
69.3819 20400
69.4702 20740
69.508 14280
70.441 14620
70.4536 14960
70.4788 15300
70.5041 15640
70.5419 15980
70.5671 16320
70.6049 16660
70.6554 17000
70.7058 17340
70.7562 17680
70.8193 18020
70.8949 18360
70.9579 18700
71.0714 19040
71.1849 19380
71.3866 19720
71.6892 20060
71.9351 20400
72.6096 20740
74.4125 21080
74.7593 21420
75.0114 21760
75.3771 22100
75.5283 22440
75.7679 22780
75.9507 23120
76.1272 23460
76.2848 23800
76.4109 24140
76.537 24480
76.6379 24820
76.745 25160
76.8396 25500
76.9152 25840
77.0035 26180
77.0854 26520
77.1485 26860
77.2367 27200
77.3061 27540
77.3817 27880
77.4511 28220
77.5141 28560
77.5771 28900
77.6339 29240
77.6906 29580
77.7474 29920
77.8041 30260
77.8482 30600
77.9113 30940
77.9617 31280
78.0121 31620
78.0689 31960
78.113 32300
78.1697 32640
78.2075 32980
78.2454 33320
78.2958 33660
78.3399 34000
78.3778 34340
78.4156 34680
78.4534 35020
78.4975 24480
79.4955 340
79.6512 39780
79.7772 40120
79.9033 40460
80.0294 40800
80.1555 41140
80.2816 41480
80.4076 41820
80.5022 29240
82.3512 340
83.3327 56780
83.3957 57120
83.5218 57460
83.6479 57800
83.853 40120
85.267 340
85.2777 1020
85.2903 1700
85.3029 2380
85.3155 3060
85.3345 3740
85.3471 4420
85.3597 5100
85.3723 5780
85.3912 6460
85.4101 6800
85.4227 7140
85.4353 7480
85.4479 7820
85.4605 8160
85.4731 8500
85.4858 8840
85.4984 9180
85.511 9520
85.5236 9860
85.5362 10200
85.5488 10540
85.5614 10880
85.574 11220
85.5866 11560
85.5992 11900
85.6118 12240
85.6244 12580
85.637 12920
85.6497 13260
85.6623 13600
85.6749 13940
85.6875 14280
85.7001 14620
85.7127 14960
85.7253 15300
85.7379 15640
85.7505 15980
85.7631 16320
85.7757 16660
85.7883 17000
85.801 17340
85.8136 17680
85.8262 18020
85.8388 18360
85.8514 18700
85.864 19040
85.8766 19380
85.8892 19720
85.9018 20060
85.9144 20400
85.927 20740
85.9396 21080
85.9522 21420
85.9649 21760
85.9775 22100
85.9901 22440
86.0027 22780
86.0153 23120
86.0279 23460
86.0405 23800
86.0531 24140
86.0657 24480
86.0783 24820
86.0909 25160
86.1035 25500
86.1162 25840
86.1288 26180
86.1414 26520
86.154 26860
86.1666 27200
86.1792 27540
86.1918 28220
86.2864 28560
86.4755 28900
86.5511 20060
87.8245 20400
87.8371 20740
87.8624 21080
87.8876 21420
87.9254 21760
87.9506 22100
87.9758 22440
88.0137 22780
88.0515 23120
88.1019 23460
88.1397 23800
88.1902 24140
88.2532 24480
88.3036 24820
88.3793 25160
88.5117 25500
88.663 25840
88.8143 26180
88.9593 26520
89.1169 26860
89.2745 27200
89.4888 27540
89.6968 27880
90.0246 28220
90.4596 28560
91.4367 28900
92.4138 29240
92.8993 29580
93.2334 29920
93.4918 30260
93.6936 30600
93.8638 30940
94.034 31280
94.1664 31620
94.2735 31960
94.3996 32300
94.5131 32640
94.6076 32980
94.7022 33320
94.7905 33660
94.885 34000
94.9733 34340
95.0552 34680
95.1435 35020
95.2002 35360
95.2759 35700
95.3515 36040
95.4146 36380
95.4776 36720
95.5406 37060
95.6037 37400
95.6478 37740
95.7108 38080
95.755 38420
95.8117 38760
95.8747 39100
95.9252 39440
95.9693 39780
96.0323 40120
96.0765 40460
96.1143 40800
96.1647 41140
96.1962 41480
96.2404 41820
96.2845 42160
96.3349 42500
96.3791 42840
96.4232 43180
96.4673 43520
96.5178 43860
96.5556 44200
96.5997 44540
96.6501 44880
96.6943 45220
96.7447 45560
96.7699 45900
96.8014 46240
96.8266 46580
96.8645 46920
96.8834 47260
96.9275 47600
96.9527 47940
96.9906 48280
97.0221 48620
97.0473 48960
97.0725 49300
97.1166 49640
97.1418 49980
97.1734 50320
97.2049 50660
97.2427 51000
97.2679 51340
97.3058 51680
97.3247 52020
97.3499 52360
97.3814 52700
97.4192 53040
97.4507 53380
97.4886 53720
97.5201 54060
97.5516 54400
97.5831 54740
97.6146 55080
97.6525 55420
97.6714 55760
97.7092 56100
97.7407 56440
97.7596 56780
97.7912 57120
97.8353 57460
97.8668 57800
97.892 58140
97.9298 58480
97.9614 58820
97.9929 59160
98.0118 59500
98.037 59840
98.0622 60180
98.0748 60520
98.1127 60860
98.1253 61200
98.1442 61540
98.1757 61880
98.2009 62220
98.2198 62560
98.2387 62900
98.2514 63240
98.2829 63580
98.3081 63920
98.327 64260
98.3396 64600
98.3585 64940
98.3774 65280
98.409 65620
98.4279 65960
98.4531 66300
98.4657 66640
98.4783 66980
98.5035 67320
98.5287 67660
98.5476 68000
98.5602 68340
98.5918 68680
98.6044 69020
98.6233 69360
98.6422 69700
98.6737 70040
98.6926 70380
98.7052 70720
98.7305 71060
98.7557 71400
98.7746 71740
98.8061 49980
99.8104 340
100.42 1700
101.063 3060
101.088 4420
101.596 5440
101.615 6800
101.64 7820
101.659 8840
102.11 10200
102.135 11900
102.167 13260
102.192 14620
102.217 15980
102.242 17340
102.267 18700
102.643 20060
102.668 21420
102.693 22440
102.712 24140
102.744 25500
102.769 26520
102.788 27880
102.813 29580
102.845 30940
102.87 31960
102.889 33320
102.914 34680
103.201 35020
103.346 35360
103.472 35700
103.598 36040
103.705 36380
103.838 25160
105.136 25500
105.149 25840
105.161 26180
105.174 26520
105.187 26860
105.212 27200
105.237 27540
105.275 27880
105.313 28220
105.351 28560
105.401 28900
105.439 29240
105.489 29580
105.54 29920
105.634 30260
105.735 30600
105.849 30940
105.962 31280
106.076 31620
106.189 31960
106.214 22100
107.212 340
107.399 36380
107.532 36720
107.658 37060
107.784 37400
107.91 37740
108.036 38080
108.162 38420
108.269 26860
109.833 27200
109.845 27540
109.858 27880
109.871 28220
109.896 28560
109.921 28900
109.959 29240
109.997 29580
110.034 29920
110.072 30260
110.11 30600
110.161 30940
110.211 31280
110.249 31620
110.312 31960
110.362 32300
110.413 32640
110.501 32980
110.627 33320
110.753 33660
110.892 34000
111.03 34340
111.169 34680
111.283 35020
111.402 35360
111.554 35700
111.724 36040
111.894 36380
112.102 36720
112.354 37060
112.67 37400
113.054 37740
113.666 38080
114.586 38420
114.945 38760
115.38 39100
115.714 39440
115.973 39780
116.187 40120
116.357 40460
116.521 40800
116.654 41140
116.811 41480
116.931 41820
117.057 42160
117.158 42500
117.253 42840
117.347 43180
117.442 43520
117.511 43860
117.587 44200
117.669 44540
117.738 44880
117.807 45220
117.883 45560
117.94 45900
118.003 46240
118.066 46580
118.122 46920
118.173 47260
118.236 47600
118.286 47940
118.349 48280
118.412 48620
118.463 48960
118.526 49300
118.576 49640
118.633 49980
118.671 50320
118.709 50660
118.753 51000
118.803 51340
118.822 35700
119.826 340
120.436 3400
121.193 6460
121.249 9520
121.757 12240
121.807 14960
121.858 17680
121.908 20060
122.29 22780
122.34 25500
122.511 25840
122.624 26180
122.905 26520
123.012 26860
123.144 18700
124.163 19040
124.175 19380
124.188 19720
124.2 20060
124.213 20400
124.238 20740
124.276 21080
124.314 21420
124.352 21760
124.402 22100
124.465 22440
124.547 22780
124.661 23120
124.774 23460
124.913 23800
125.033 24140
125.152 24480
125.31 24820
125.461 25160
125.676 25500
125.89 25840
126.148 26180
126.564 26520
127.441 26860
128.43 27200
129.029 27540
129.231 27880
129.553 28220
129.792 28560
129.988 28900
130.158 29240
130.309 29580
130.454 29920
130.574 30260
130.7 30600
130.801 30940
130.895 31280
130.984 31620
131.078 31960
131.147 32300
131.217 32640
131.299 32980
131.374 33320
131.45 33660
131.519 34000
131.576 34340
131.646 34680
131.702 35020
131.778 35360
131.841 35700
131.898 36040
131.954 36380
132.005 36720
132.049 37060
132.112 37400
132.162 37740
132.207 38080
132.263 38420
132.301 38760
132.345 39100
132.389 39440
132.434 39780
132.471 40120
132.515 40460
132.553 40800
132.597 41140
132.648 41480
132.692 41820
132.717 42160
132.768 42500
132.799 42840
132.843 43180
132.881 43520
132.932 43860
132.982 44200
133.02 44540
133.045 44880
133.083 45220
133.121 45560
133.146 45900
133.165 46240
133.215 46580
133.234 46920
133.272 47260
133.31 32980
134.476 33320
134.501 33660
134.526 34000
134.564 34340
134.589 34680
134.615 35020
134.653 35360
134.678 35700
134.716 36040
134.753 36380
134.791 36720
134.829 37060
134.867 37400
134.905 37740
134.943 38080
134.993 38420
135.043 38760
135.094 39100
135.144 39440
135.195 39780
135.258 40120
135.321 40460
135.415 40800
135.522 41140
135.649 41480
135.762 41820
135.894 42160
136.008 42500
136.084 42840
136.159 43180
136.247 43520
136.336 43860
136.449 44200
136.582 44540
136.739 44880
136.916 45220
137.067 45560
137.231 45900
137.433 46240
137.729 46580
138.158 46920
139.027 47260
139.91 47600
140.351 47940
140.654 48280
140.919 48620
141.083 48960
141.259 49300
141.436 49640
141.562 49980
141.7 50320
141.814 50660
141.927 51000
142.028 51340
142.129 51680
142.217 52020
142.293 52360
142.381 52700
142.457 53040
142.545 53380
142.608 53720
142.684 54060
142.747 54400
142.81 54740
142.873 55080
142.936 55420
142.999 55760
143.062 56100
143.112 56440
143.176 56780
143.226 57120
143.276 57460
143.327 57800
143.377 58140
143.428 58480
143.478 58820
143.516 59160
143.566 59500
143.604 59840
143.655 60180
143.692 60520
143.743 60860
143.781 61200
143.831 61540
143.869 61880
143.907 62220
143.945 62560
143.982 62900
144.02 63240
144.058 63580
144.096 63920
144.134 64260
144.172 64600
144.209 64940
144.247 65280
144.285 65620
144.323 65960
144.361 66300
144.386 66640
144.424 66980
144.449 67320
144.487 67660
144.512 68000
144.55 68340
144.575 68680
144.613 69020
144.638 69360
144.676 69700
144.701 70040
144.739 70380
144.764 70720
144.802 71060
144.827 71400
144.865 71740
144.89 72080
144.928 72420
144.953 72760
144.991 73100
145.016 73440
145.042 73780
145.054 74120
145.079 74460
145.105 74800
145.13 75140
145.155 75480
145.18 75820
145.205 76160
145.231 76500
145.256 76840
145.281 77180
145.306 77520
145.331 77860
145.357 78200
145.382 78540
145.407 78880
145.432 79220
145.458 79560
145.483 79900
145.508 80240
145.533 80580
145.558 80920
145.584 81260
145.609 81600
145.634 81940
145.659 82280
145.685 82620
145.71 82960
145.735 83300
145.76 83640
145.785 83980
145.811 84320
145.836 84660
145.861 85000
145.886 85340
145.911 85680
145.937 86020
145.962 86360
145.975 86700
146 87040
146.025 87380
146.038 87720
146.05 88060
146.075 88400
146.088 88740
146.113 89080
146.126 89420
146.151 89760
146.164 90100
146.189 90440
146.201 90780
146.227 91120
146.239 91460
146.264 91800
146.277 92140
146.302 92480
146.315 92820
146.34 93160
146.353 93500
146.378 93840
146.391 94180
146.416 94520
146.428 94860
146.454 95200
146.466 95540
146.491 95880
146.504 96220
146.529 96560
146.542 96900
146.567 97240
146.58 97580
146.605 97920
146.618 98260
146.643 98600
146.655 98940
146.681 99280
146.693 99620
146.718 99960
146.731 100300
146.756 100640
146.769 100980
146.794 101320
146.807 101660
146.832 102000
146.844 102340
146.87 102680
146.882 103020
146.907 103360
146.92 103700
146.945 104040
146.958 104380
146.983 104720
146.996 105060
147.021 105400
147.034 105740
147.059 106080
147.071 106420
147.097 106760
147.109 107100
147.134 107440
147.147 107780
147.172 108120
147.185 108460
147.21 108800
147.223 109140
147.248 109480
147.261 109820
147.286 110160
147.298 110500
147.324 110840
147.336 111180
147.361 111520
147.374 111860
147.399 112200
147.412 112540
147.437 112880
147.45 113220
147.462 113560
147.487 113900
147.5 114240
147.513 114580
147.525 114920
147.538 115260
147.551 115600
147.563 115940
147.576 116280
147.588 116620
147.601 116960
147.614 117300
147.626 117640
147.639 117980
147.651 118320
147.664 118660
147.677 119000
147.689 119340
147.702 119680
147.714 120020
147.727 120360
147.746 83980
151.101 340
151.32 2040
152.089 3060
152.108 4760
152.616 5780
152.635 7480
152.666 8500
152.685 10200
153.143 11220
153.162 12920
153.193 13940
153.212 15640
153.243 16660
153.262 18360
153.294 19380
153.313 21080
153.669 22100
153.688 23800
153.72 24820
153.739 26520
153.77 27540
153.789 29240
153.821 30260
153.839 31960
153.871 32980
153.89 34680
153.921 35700
153.94 37400
153.972 38420
153.991 40120
154.022 41140
154.041 42840
154.196 43860
154.215 45560
154.246 46580
154.265 48280
154.297 49300
154.316 51000
154.347 52020
154.366 53720
154.398 54740
154.416 56440
154.448 57460
154.467 59160
154.599 59500
154.719 59840
154.851 60180
154.971 60520
155.104 60860
155.223 61200
155.356 61540
155.488 61880
155.602 43180
158.452 340
158.52 680
159.762 1020
159.769 1360
160.276 1700
160.283 2040
160.289 2380
160.295 2720
160.79 3060
160.797 3400
160.803 3740
160.809 4080
160.816 4420
160.822 4760
160.828 5100
160.834 5440
161.304 5780
161.311 6120
161.317 6460
161.323 6800
161.33 7140
161.336 7480
161.342 7820
161.348 8160
161.355 8500
161.361 8840
161.367 9180
161.374 9520
161.38 9860
161.386 10200
161.393 10540
161.399 10880
161.818 11220
161.825 11560
161.831 11900
161.837 12240
161.844 12580
161.85 12920
161.856 13260
161.862 13600
161.869 13940
161.875 14280
161.881 14620
161.888 14960
161.894 15300
161.9 15640
161.907 15980
161.913 16320
161.919 16660
161.925 17000
161.932 17340
161.938 17680
161.944 18020
161.951 18360
161.957 18700
161.963 19040
161.97 19380
161.976 19720
161.982 20060
161.989 20400
161.995 20740
162.001 21080
162.007 21420
162.014 21760
162.332 22100
162.339 22440
162.345 22780
162.351 23120
162.358 23460
162.364 23800
162.37 24140
162.376 24480
162.383 24820
162.389 25160
162.395 25500
162.402 25840
162.408 26180
162.414 26520
162.421 26860
162.427 27200
162.433 27540
162.44 27880
162.446 28220
162.452 28560
162.458 28900
162.465 29240
162.471 29580
162.477 29920
162.515 30260
162.578 30600
163.269 21080
163.861 21420
163.88 14960
164.596 15300
164.615 10540
165.189 10880
165.207 7480
165.728 7820
165.8 5440
166.302 5780
166.365 3740
166.866 4080
166.948 2720
167.857 3060
167.901 2040
168.408 2380
168.49 2720
168.522 3060
170.127 3400
170.464 3740
170.71 4080
170.934 4420
171.073 4760
171.212 5100
171.344 5440
171.461 5780
171.574 6120
171.682 6460
171.77 6800
171.864 7140
171.962 7480
172.025 7820
172.101 8160
172.177 8500
172.252 8840
172.309 9180
172.372 9520
172.435 9860
172.508 10200
172.558 10540
172.615 10880
172.665 11220
172.728 11560
172.773 11900
172.829 12240
172.873 12580
172.924 12920
173.012 13260
173.1 13600
173.195 13940
173.277 14280
173.327 14620
173.39 14960
173.472 15300
173.523 15640
173.573 15980
173.624 16320
173.687 16660
173.731 17000
173.788 17340
173.844 17680
173.876 18020
173.92 18360
173.964 18700
174.002 19040
174.04 19380
174.078 19720
174.122 20060
174.166 20400
174.204 20740
174.229 21080
174.279 21420
174.317 21760
174.355 22100
174.399 22440
174.443 22780
174.468 23120
174.506 23460
174.544 23800
174.569 24140
174.594 24480
174.632 24820
174.67 25160
174.689 25500
174.721 25840
174.758 26180
174.796 26520
174.815 26860
174.847 27200
174.878 27540
174.903 27880
174.922 28220
174.954 28560
174.992 28900
175.011 29240
175.036 29580
175.074 29920
175.099 30260
175.13 30600
175.162 30940
175.2 31280
175.231 31620
175.263 31960
175.288 32300
175.319 32640
175.351 32980
175.382 33320
175.408 33660
175.445 34000
175.565 34340
175.704 34680
175.817 35020
175.918 35360
175.981 35700
176.032 36040
176.088 36380
176.126 36720
176.177 37060
176.221 37400
176.259 37740
176.297 38080
176.334 38420
176.366 38760
176.397 39100
176.429 39440
176.454 39780
176.486 40120
176.511 40460
176.536 40800
176.561 41140
176.587 41480
176.599 41820
176.624 42160
176.65 42500
176.662 42840
176.7 29920
177.538 30260
177.551 30600
177.564 30940
177.576 31280
177.589 31620
177.601 31960
177.614 32300
177.627 32640
177.639 32980
177.652 33320
177.664 33660
177.677 34000
177.69 34340
177.702 34680
177.715 35020
177.728 35360
177.854 35700
177.942 24820
178.642 25160
178.664 25500
178.677 25840
178.689 26180
178.702 26520
178.714 26860
178.727 27200
178.74 27540
178.752 27880
178.765 28220
178.777 28560
178.79 28900
178.929 29240
179.042 29580
179.168 29920
179.31 30260
179.411 30600
179.512 30940
179.6 31280
179.714 31620
179.827 31960
179.941 32300
180.067 32640
180.18 32980
180.306 33320
180.458 33660
180.609 34000
180.76 34340
180.975 34680
181.189 35020
181.504 35360
182.16 35700
183.786 36040
184.139 36380
184.391 36720
184.757 37060
184.896 37400
185.148 37740
185.312 38080
185.488 38420
185.627 38760
185.766 39100
185.879 39440
185.993 39780
186.081 40120
186.182 40460
186.257 40800
186.346 41140
186.421 41480
186.509 41820
186.573 42160
186.648 42500
186.711 42840
186.787 43180
186.837 43520
186.9 43860
186.963 44200
187.026 44540
187.077 44880
187.14 45220
187.19 45560
187.241 45900
187.291 46240
187.342 46580
187.392 46920
187.442 47260
187.493 47600
187.543 47940
187.581 48280
187.632 48620
187.669 48960
187.72 49300
187.758 49640
187.808 49980
187.846 50320
187.884 50660
187.922 51000
187.959 51340
187.997 51680
188.035 52020
188.073 52360
188.111 52700
188.149 53040
188.186 53380
188.224 53720
188.262 54060
188.3 54400
188.338 54740
188.363 55080
188.401 55420
188.426 55760
188.464 56100
188.489 56440
188.527 56780
188.552 57120
188.59 57460
188.615 57800
188.653 58140
188.678 58480
188.716 58820
188.741 59160
188.779 59500
188.804 59840
188.842 60180
188.867 60520
188.905 60860
188.93 61200
188.968 61540
188.993 61880
189.018 62220
189.044 62560
189.069 62900
189.094 63240
189.119 63580
189.145 63920
189.17 64260
189.195 64600
189.22 64940
189.245 65280
189.271 65620
189.296 65960
189.321 66300
189.346 66640
189.371 66980
189.397 67320
189.422 67660
189.447 68000
189.472 68340
189.498 68680
189.523 69020
189.548 69360
189.573 69700
189.598 70040
189.624 70380
189.649 70720
189.674 71060
189.699 71400
189.725 71740
189.75 72080
189.775 72420
189.8 72760
189.825 73100
189.851 73440
189.876 73780
189.901 74120
189.926 74460
189.939 74800
189.964 75140
189.977 75480
190.002 75820
190.014 76160
190.04 76500
190.052 76840
190.078 77180
190.09 77520
190.115 77860
190.128 78200
190.153 78540
190.166 78880
190.191 79220
190.204 79560
190.229 79900
190.241 80240
190.267 80580
190.279 80920
190.304 81260
190.317 81600
190.342 81940
190.355 82280
190.38 82620
190.393 82960
190.418 83300
190.431 83640
190.456 83980
190.468 84320
190.494 84660
190.506 85000
190.531 85340
190.544 85680
190.569 86020
190.582 86360
190.607 86700
190.62 87040
190.645 87380
190.658 87720
190.683 88060
190.695 88400
190.721 88740
190.733 89080
190.758 89420
190.771 89760
190.796 90100
190.809 90440
190.834 90780
190.847 91120
190.872 91460
190.884 91800
190.91 92140
190.922 92480
190.947 92820
190.96 93160
190.985 93500
190.998 93840
191.023 94180
191.036 94520
191.061 94860
191.074 95200
191.099 95540
191.111 95880
191.137 96220
191.149 96560
191.174 96900
191.187 97240
191.212 97580
191.225 97920
191.25 98260
191.263 98600
191.288 98940
191.301 99280
191.326 99620
191.338 99960
191.364 100300
191.376 100640
191.401 100980
191.414 101320
191.439 101660
191.452 102000
191.477 102340
191.49 102680
191.502 103020
191.515 103360
191.527 103700
191.54 104040
191.553 104380
191.565 104720
191.578 105060
191.59 105400
191.616 105740
191.628 106080
191.641 106420
191.654 106760
191.666 107100
191.679 107440
191.691 107780
191.704 108120
191.717 108460
191.729 108800
191.742 109140
191.754 109480
191.767 109820
191.78 110160
191.792 110500
191.805 110840
191.817 111180
191.83 111520
191.843 111860
191.855 112200
191.868 112540
191.88 112880
191.893 113220
191.906 113560
191.918 113900
191.931 114240
191.944 114580
191.956 114920
191.969 115260
191.981 115600
191.994 115940
192.007 116280
192.019 116620
192.032 116960
192.044 117300
192.057 117640
192.07 117980
192.082 118320
192.095 118660
192.107 119000
192.12 119340
192.133 119680
192.145 120020
192.158 120360
192.17 120700
192.183 121040
192.196 121380
192.208 121720
192.221 122060
192.234 122400
192.246 122740
192.259 123080
192.271 123420
192.284 123760
192.297 124100
192.309 124440
192.322 124780
192.334 125120
192.347 125460
192.36 125800
192.378 88060
195.735 340
195.915 1360
196.703 3060
197.217 4080
197.236 5780
197.267 6800
197.744 8500
197.775 9520
197.794 11220
197.826 12240
197.845 13940
198.264 14960
198.283 16660
198.314 17680
198.333 19380
198.365 20400
198.384 22100
198.415 23120
198.434 24820
198.466 25840
198.485 27540
198.516 28560
198.791 30260
198.822 31280
198.841 32980
198.873 34000
198.891 35700
198.923 36720
198.942 38420
198.973 39440
198.992 41140
199.024 42160
199.043 43860
199.074 44880
199.093 46580
199.125 47600
199.144 49300
199.175 50320
199.194 52020
199.226 53040
199.244 54060
199.263 55080
199.282 56100
199.301 57120
199.32 58140
199.339 59160
199.358 60180
199.377 61200
199.396 62900
199.522 63240
199.654 63580
199.787 63920
199.9 64260
200.032 64600
200.165 64940
200.278 65280
200.411 65620
200.562 45900
203.483 340
204.735 680
205.249 1020
205.256 1360
205.763 1700
205.77 2040
205.776 2380
205.782 2720
206.277 3060
206.284 3400
206.29 3740
206.296 4080
206.303 4420
206.309 4760
206.315 5100
206.321 5440
206.791 5780
206.798 6120
206.804 6460
206.81 6800
206.817 7140
206.823 7480
206.829 7820
206.835 8160
206.842 8500
206.848 8840
206.854 9180
206.861 9520
206.867 9860
206.873 10200
206.88 10540
206.886 10880
207.305 11220
207.312 11560
207.318 11900
207.324 12240
207.331 12580
207.337 12920
207.343 13260
207.349 13600
207.356 13940
207.362 14280
207.368 14620
207.375 14960
207.381 15300
207.387 15640
207.394 15980
207.4 16320
207.406 16660
207.412 17000
207.419 17340
207.425 17680
207.431 18020
207.438 18360
207.444 18700
207.45 19040
207.457 19380
207.463 19720
207.469 20060
207.476 20400
207.482 20740
207.488 21080
207.494 21420
207.501 21760
207.819 22100
207.826 22440
207.832 22780
207.838 23120
207.845 23460
207.851 23800
207.857 24140
207.863 24480
207.87 24820
207.876 25160
207.882 25500
207.889 25840
207.895 26180
207.901 26520
207.908 26860
207.914 27200
207.92 27540
207.927 27880
207.933 28220
207.939 28560
207.945 28900
207.952 29240
207.958 29580
207.964 29920
207.971 30260
207.977 30600
207.983 30940
207.99 31280
207.996 31620
208.002 31960
208.008 32300
208.135 32640
208.216 22780
209.525 23120
209.544 23460
209.556 23800
209.569 24140
209.582 24480
209.594 24820
209.607 25160
209.632 25500
209.657 25840
209.682 26180
209.72 26520
209.758 26860
209.783 27200
209.821 27540
209.872 27880
209.922 28220
209.991 28560
210.105 28900
210.218 29240
210.344 29580
210.47 29920
210.603 30260
210.729 30600
210.88 30940
211.069 31280
211.353 31620
211.725 31960
212.21 32300
213.276 32640
213.824 32980
214.24 33320
214.53 33660
214.789 34000
214.978 34340
215.161 34680
215.331 35020
215.457 35360
215.564 35700
215.684 36040
215.791 36380
215.879 36720
215.993 37060
216.087 37400
216.194 37740
216.264 38080
216.346 38420
216.421 38760
216.497 39100
216.579 39440
216.629 39780
216.692 40120
216.762 40460
216.825 40800
216.888 41140
216.951 41480
216.989 41820
217.052 42160
217.096 42500
217.159 42840
217.209 43180
217.266 43520
217.31 43860
217.367 44200
217.417 44540
217.455 44880
217.493 45220
217.543 45560
217.588 45900
217.632 46240
217.676 46580
217.72 46920
217.758 47260
217.808 47600
217.846 47940
217.897 48280
217.934 48620
217.966 48960
218.016 49300
218.048 49640
218.092 49980
218.13 50320
218.168 50660
218.205 51000
218.25 51340
218.287 51680
218.319 52020
218.363 52360
218.42 52700
218.451 53040
218.495 53380
218.54 53720
218.584 54060
218.628 54400
218.672 54740
218.71 55080
218.748 55420
218.785 55760
218.817 56100
218.842 56440
218.886 56780
218.918 57120
218.949 57460
218.987 57800
219.019 58140
219.038 58480
219.075 58820
219.107 59160
219.138 59500
219.164 59840
219.189 60180
219.214 60520
219.252 60860
219.29 61200
219.321 61540
219.353 61880
219.391 62220
219.422 62560
219.447 62900
219.473 63240
219.517 63580
219.529 63920
219.554 64260
219.567 64600
219.599 64940
219.611 65280
219.636 65620
219.662 65960
219.674 66300
219.699 66640
219.731 66980
219.744 67320
219.769 67660
219.781 68000
219.807 68340
219.832 68680
219.863 69020
219.901 69360
219.914 69700
219.926 70040
219.952 70380
219.977 70720
219.989 71060
220.021 71400
220.04 71740
220.052 72080
220.071 72420
220.097 72760
220.116 73100
220.128 73440
220.141 73780
220.172 74120
220.185 74460
220.197 74800
220.21 75140
220.235 75480
220.254 75820
220.286 76160
220.298 76500
220.317 76840
220.33 77180
220.342 77520
220.361 77860
220.374 78200
220.387 78540
220.412 78880
220.424 79220
220.437 79560
220.45 79900
220.475 80240
220.487 80580
220.5 80920
220.513 81260
220.538 81600
220.55 81940
220.576 82280
220.588 82620
220.601 82960
220.614 83300
220.639 83640
220.651 83980
220.67 84320
220.689 84660
220.714 85000
220.733 85340
220.746 85680
220.759 86020
220.777 86360
220.796 86700
220.809 87040
220.822 87380
220.853 87720
220.866 88060
220.878 88400
220.891 88740
220.904 89080
220.922 89420
220.935 89760
220.948 90100
220.96 90440
220.973 90780
220.985 91120
220.998 91460
221.011 91800
221.036 92140
221.049 92480
221.061 92820
221.074 93160
221.086 93500
221.099 93840
221.112 94180
221.124 94520
221.137 94860
221.149 95200
221.162 95540
221.175 95880
221.206 96220
221.219 96560
221.231 96900
221.244 97240
221.257 97580
221.269 97920
221.282 98260
221.294 98600
221.307 98940
221.32 99280
221.332 99620
221.345 99960
221.376 100300
221.389 100640
221.402 100980
221.414 101320
221.427 101660
221.439 102000
221.452 102340
221.465 102680
221.477 103020
221.49 103360
221.502 103700
221.515 104040
221.528 104380
221.54 104720
221.553 105060
221.565 105400
221.578 105740
221.591 106080
221.603 106420
221.616 106760
221.628 107100
221.641 107440
221.654 107780
221.666 108120
221.679 108460
221.692 108800
221.704 109140
221.717 109480
221.729 109820
221.742 110160
221.755 110500
221.767 110840
221.78 111180
221.792 111520
221.805 111860
221.824 112200
221.837 112540
221.849 112880
221.862 113220
221.874 113560
221.893 113900
221.906 114240
221.918 114580
221.931 114920
221.95 115260
221.963 115600
221.975 115940
221.988 116280
222 116620
222.013 116960
222.026 117300
222.038 117640
222.051 117980
222.063 118320
222.076 118660
222.089 119000
222.101 119340
222.114 119680
222.126 120020
222.139 120360
222.152 120700
222.164 121040
222.177 121380
222.19 121720
222.208 85000
225.56 340
225.77 1360
226.527 2380
226.546 4080
227.066 5100
227.085 7140
227.123 9520
227.605 11220
227.637 13260
227.674 14960
227.706 17340
227.75 18360
227.769 19380
228.125 20400
228.144 21420
228.163 23120
228.195 24140
228.214 25160
228.233 26180
228.252 27200
228.27 28220
228.289 29920
228.321 30940
228.34 31960
228.359 32980
228.378 34000
228.397 35020
228.415 36040
228.434 37060
228.453 38080
228.472 39100
228.646 40120
228.665 41140
228.684 43860
228.734 44880
228.753 45900
228.772 46920
228.791 47940
228.81 48960
228.829 49980
228.847 51000
228.866 52020
228.885 53040
228.904 55420
228.948 57120
228.98 58140
228.999 59160
229.018 60180
229.15 60520
229.276 60860
229.409 61200
229.522 61540
229.654 61880
229.787 62220
229.9 62560
230.033 62900
230.127 63240
230.777 44200
233.491 340
233.683 680
234.792 1020
234.798 1360
235.306 1700
235.312 2040
235.319 2380
235.325 2720
235.82 3060
235.826 3400
235.833 3740
235.839 4080
235.845 4420
235.852 4760
235.858 5100
237.57 340
238.084 5440
238.598 5780
238.605 6120
238.611 6460
238.617 6800
238.623 7140
239.15 7480
239.658 7820
240.14 5440
240.618 5780
240.705 6120
240.717 6460
240.73 6800
240.743 7140
240.787 7480
241.288 7820
242.95 8160
243.313 8500
243.702 8840
243.789 9180
243.927 9520
244.216 9860
244.36 10200
244.517 10540
244.73 10880
244.829 11220
244.886 11560
244.974 11900
245.05 12240
245.244 12580
245.331 12920
245.394 13260
245.444 13600
246.272 13940
246.284 14280
246.479 14620
246.573 14960
246.792 15300
246.817 15640
246.911 15980
246.955 16320
247.012 16660
247.062 17000
247.112 17340
247.175 17680
247.325 18020
247.35 18360
247.431 18700
247.456 19040
247.481 19380
247.532 19720
247.557 20060
247.608 20400
247.633 20740
247.689 21080
247.715 21420
247.845 21760
247.871 22100
247.896 22440
247.951 22780
247.977 23120
248.002 23460
248.027 23800
248.065 24140
248.09 24480
248.115 24820
248.14 25160
248.178 25500
248.203 25840
248.229 26180
248.347 26520
248.372 26860
248.397 27200
248.422 27540
248.448 27880
248.484 28220
248.509 28560
248.535 28900
248.56 29240
248.585 29580
248.61 29920
248.636 30260
248.661 30600
248.686 30940
248.711 31280
248.736 31620
248.762 31960
248.787 32300
248.825 32640
248.861 32980
248.886 33320
248.911 33660
248.936 34000
248.962 34340
248.987 34680
249.012 35020
249.037 35360
249.062 35700
249.088 36040
249.113 36380
249.138 36720
249.163 37060
249.189 37400
249.214 37740
249.239 38080
249.264 38420
249.289 38760
249.315 39100
249.34 39440
249.365 39780
249.39 40120
249.416 40460
249.441 40800
249.466 41140
249.491 41480
249.516 41820
249.542 42160
249.567 42500
249.592 42840
249.617 43180
249.642 43520
249.668 43860
249.693 44200
249.718 44540
249.743 44880
249.769 45220
249.794 45560
249.819 45900
249.844 46240
249.857 46580
249.882 46920
249.907 47260
249.92 47600
249.945 47940
249.97 48280
249.983 48620
250.008 48960
250.033 49300
250.046 49640
250.059 49980
250.084 50320
250.109 50660
250.122 51000
250.134 51340
250.159 51680
250.185 52020
250.197 52360
250.21 52700
250.235 53040
250.26 53380
250.273 53720
250.285 54060
250.311 54400
250.323 54740
250.348 55080
250.361 55420
250.386 55760
250.399 56100
250.424 56440
250.437 56780
250.462 57120
250.475 57460
250.5 57800
250.512 58140
250.538 58480
250.55 58820
250.575 59160
250.588 59500
250.613 59840
250.626 60180
250.651 60520
250.664 60860
250.689 61200
250.702 61540
250.727 61880
250.739 62220
250.765 62560
250.777 62900
250.802 63240
250.815 63580
250.84 63920
250.853 64260
250.878 64600
250.891 64940
250.916 65280
250.928 65620
250.954 65960
250.966 66300
250.992 66640
251.004 66980
251.029 46580
252.015 340
252.265 68000
252.391 68340
252.517 68680
252.643 69020
253.387 48280
254.518 340
254.749 680
255.373 1020
255.379 1360
255.887 1700
255.893 2040
255.899 2380
255.906 2720
256.401 3060
256.407 3400
256.413 3740
256.42 4080
256.426 4420
256.432 4760
256.439 5100
256.445 5440
256.915 5780
256.921 6120
256.927 6460
256.934 6800
256.94 7140
256.946 7480
256.953 7820
256.959 8160
256.965 8500
256.972 8840
256.978 9180
256.984 9520
256.99 9860
256.997 10200
257.003 10540
257.009 10880
257.429 11220
257.435 11560
257.441 11900
257.448 12240
257.454 12580
257.46 12920
257.467 20060
257.599 27200
258.044 34340
258.176 34680
258.535 24140
259.705 24480
259.724 24820
259.737 25160
259.749 25500
259.762 25840
259.774 26180
259.787 26520
259.8 26860
259.812 27200
259.825 27540
259.837 27880
259.875 28220
259.938 28560
260.014 28900
260.14 29240
260.266 29580
260.392 29920
260.531 30260
260.67 30600
260.764 30940
260.896 31280
261.048 31620
261.205 31960
261.357 32300
261.539 32640
261.735 32980
261.924 33320
262.176 33660
262.561 34000
263.109 34340
264.25 34680
264.818 35020
265.215 35360
265.536 35700
265.776 36040
265.971 36380
266.16 36720
266.337 37060
266.457 37400
266.576 37740
266.69 38080
266.797 38420
266.885 38760
266.992 39100
267.093 39440
267.15 39780
267.238 40120
267.301 40460
267.327 28220
268.316 28560
268.329 28900
268.342 29240
268.354 29580
268.367 29920
268.379 30260
268.392 30600
268.405 30940
268.417 31280
268.43 31620
268.442 31960
268.455 32300
268.468 32640
268.48 32980
268.493 33320
268.505 33660
268.518 34000
268.606 34340
268.707 34680
268.808 35020
268.921 35360
269.048 35700
269.193 36040
269.344 36380
269.539 36720
269.697 37060
269.81 37400
269.924 37740
270.05 38080
270.176 38420
270.384 38760
270.611 39100
270.787 39440
271.027 39780
271.424 40120
271.462 27880
272.193 28220
272.209 28560
272.222 28900
272.234 29240
272.247 29580
272.26 29920
272.272 30260
272.285 30600
272.298 30940
272.31 31280
272.323 31620
272.335 31960
272.373 32300
272.512 32640
272.638 32980
272.739 33320
272.84 33660
272.941 34000
273.041 34340
273.142 34680
273.23 35020
273.319 35360
273.432 35700
273.533 36040
273.647 36380
273.747 36720
273.861 37060
274 37400
274.113 37740
274.252 38080
274.428 38420
274.605 38760
274.806 39100
275.021 39440
275.386 39780
276.13 40120
277.517 40460
277.87 40800
278.312 41140
278.475 41480
278.753 41820
278.891 42160
279.081 42500
279.27 42840
279.396 43180
279.534 43520
279.648 43860
279.761 44200
279.862 44540
279.963 44880
280.039 45220
280.127 45560
280.203 45900
280.278 46240
280.354 46580
280.417 46920
280.493 47260
280.556 47600
280.619 47940
280.682 48280
280.745 48620
280.795 48960
280.858 49300
280.909 49640
280.972 49980
281.022 50320
281.073 50660
281.123 51000
281.174 51340
281.224 51680
281.262 52020
281.312 52360
281.363 52700
281.4 53040
281.451 53380
281.489 53720
281.539 54060
281.577 54400
281.615 54740
281.665 55080
281.703 55420
281.741 55760
281.779 56100
281.817 56440
281.854 56780
281.892 57120
281.93 57460
281.968 57800
282.006 58140
282.043 58480
282.081 58820
282.107 59160
282.144 59500
282.17 59840
282.195 60180
282.233 60520
282.258 60860
282.296 61200
282.321 61540
282.359 61880
282.384 62220
282.422 62560
282.447 62900
282.485 63240
282.51 63580
282.548 63920
282.573 64260
282.611 64600
282.636 64940
282.674 65280
282.699 65620
282.737 65960
282.762 66300
282.787 66640
282.813 66980
282.838 67320
282.863 67660
282.888 68000
282.913 68340
282.939 68680
282.964 69020
282.989 69360
283.014 69700
283.04 70040
283.065 70380
283.103 48960
284.203 340
284.395 71400
284.508 71740
284.634 72080
284.761 72420
284.887 72760
285.013 73100
285.12 51000
286.946 340
287.27 680
288.19 1020
288.196 1360
288.704 1700
288.71 2040
288.717 2380
288.723 2720
289.218 3060
289.224 3400
289.231 3740
289.237 4080
289.243 4420
289.249 4760
289.256 5100
289.262 5440
289.732 5780
289.738 6120
289.745 6460
289.751 6800
289.757 7140
289.763 7480
289.77 7820
289.776 8160
289.782 8500
289.789 8840
289.795 9180
289.801 9520
289.808 9860
289.814 10200
289.82 10540
289.826 10880
290.246 11220
290.252 11560
290.259 11900
290.265 12240
290.271 12580
290.277 12920
290.284 13260
290.29 13600
290.296 13940
290.303 14280
290.309 14620
290.315 14960
290.322 15300
290.328 15640
290.334 15980
290.34 16320
290.347 16660
290.353 17000
290.359 17340
290.366 17680
290.372 18020
290.378 18360
290.385 18700
290.391 19040
290.397 19380
290.404 19720
290.41 20060
290.416 20400
290.422 20740
290.429 21080
290.435 21420
290.441 27880
290.873 35020
291.006 42160
291.138 42500
291.271 42840
291.422 29920
292.998 30260
293.017 30600
293.029 30940
293.042 31280
293.055 31620
293.067 31960
293.105 32300
293.13 32640
293.168 32980
293.206 33320
293.244 33660
293.294 34000
293.332 34340
293.382 34680
293.42 35020
293.471 35360
293.521 35700
293.609 36040
293.71 36380
293.811 36720
293.925 37060
294.038 37400
294.164 37740
294.29 38080
294.397 38420
294.498 38760
294.618 39100
294.763 39440
294.895 39780
295.059 40120
295.223 40460
295.425 40800
295.658 41140
295.929 41480
296.244 41820
296.711 42160
297.436 42500
298.123 42840
298.602 43180
298.968 43520
299.195 43860
299.428 44200
299.611 44540
299.768 44880
299.901 45220
300.046 45560
300.184 45900
300.298 46240
300.411 46580
300.525 46920
300.626 47260
300.701 47600
300.79 47940
300.865 48280
300.947 48620
301.029 48960
301.111 49300
301.168 49640
301.231 49980
301.294 50320
301.357 50660
301.42 51000
301.489 51340
301.533 51680
301.584 52020
301.653 52360
301.704 52700
301.767 53040
301.817 53380
301.849 37060
302.949 340
303.463 4080
304.301 7480
304.364 10880
304.865 14280
304.928 17000
304.979 20060
305.036 22780
305.398 25500
305.449 28220
305.587 28560
305.72 28900
305.956 29240
306.076 29580
306.133 20400
307.677 20740
307.69 21080
307.703 21420
307.715 21760
307.728 22100
307.74 22440
307.753 22780
307.766 23120
307.778 23460
307.791 23800
307.804 24140
307.816 24480
307.829 24820
307.841 25160
307.854 25500
307.867 25840
307.879 26180
307.98 26520
308.093 26860
308.245 27200
308.409 27540
308.573 27880
308.818 28220
309.127 28560
309.468 28900
309.903 29240
310.867 29580
312.059 29920
312.601 20740
313.685 21080
313.698 21420
313.71 21760
313.723 22100
313.736 22440
313.748 22780
313.761 23120
313.773 23460
313.786 23800
313.799 24140
313.811 24480
313.824 24820
313.836 25160
313.849 25500
313.937 25840
314.038 26180
314.126 26520
314.227 26860
314.341 27200
314.467 27540
314.618 27880
314.807 28220
315.028 28560
315.337 28900
315.614 29240
316.049 29580
317.026 29920
318.06 30260
318.659 30600
319.031 30940
319.163 31280
319.428 31620
319.642 31960
319.806 32300
319.964 32640
320.109 32980
320.229 33320
320.323 33660
320.449 34000
320.538 34340
320.632 34680
320.727 35020
320.815 35360
320.897 35700
320.966 36040
321.055 36380
321.13 36720
321.2 37060
321.263 37400
321.332 37740
321.389 38080
321.433 38420
321.489 38760
321.559 39100
321.609 39440
321.66 39780
321.716 40120
321.761 40460
321.817 40800
321.874 41140
321.918 41480
321.975 41820
322.013 42160
322.069 42500
322.101 42840
322.139 43180
322.177 43520
322.233 43860
322.271 44200
322.322 44540
322.353 44880
322.397 45220
322.448 45560
322.498 45900
322.53 46240
322.574 46580
322.618 46920
322.656 47260
322.687 47600
322.725 47940
322.763 33320
323.857 340
324.162 27540
325.039 19040
326.07 19380
326.082 19720
326.107 20060
326.133 20400
326.158 20740
326.196 21080
326.221 21420
326.259 21760
326.297 22100
326.334 22440
326.385 22780
326.473 23120
326.574 23460
326.675 23800
326.801 24140
326.927 24480
327.021 24820
327.16 25160
327.293 25500
327.469 25840
327.646 26180
327.879 26520
328.144 26860
328.585 27200
329.467 27540
330.388 27880
330.936 28220
331.289 28560
331.466 28900
331.693 29240
331.901 29580
332.084 29920
332.203 30260
332.329 30600
332.456 30940
332.569 31280
332.682 31620
332.777 31960
332.884 32300
332.966 32640
333.048 32980
333.136 33320
333.199 33660
333.281 34000
333.351 34340
333.426 34680
333.496 35020
333.552 35360
333.615 35700
333.666 36040
333.735 36380
333.786 36720
333.842 37060
333.887 37400
333.937 37740
334 38080
334.05 38420
334.101 38760
334.158 39100
334.208 39440
334.252 39780
334.29 40120
334.322 40460
334.359 40800
334.41 41140
334.441 41480
334.485 41820
334.536 42160
334.567 42500
334.618 42840
334.662 43180
334.706 43520
334.738 43860
334.775 44200
334.813 44540
334.864 44880
334.908 45220
334.946 45560
334.977 45900
335.009 46240
335.028 46580
335.078 46920
335.097 47260
335.135 47600
335.16 47940
335.185 48280
335.223 48620
335.261 48960
335.286 49300
335.318 49640
335.343 49980
335.381 50320
335.412 50660
335.437 51000
335.469 51340
335.507 51680
335.532 52020
335.57 52360
335.601 52700
335.626 53040
335.652 53380
335.683 53720
335.708 54060
335.746 54400
335.778 54740
335.816 55080
335.841 55420
335.872 55760
335.91 56100
335.929 56440
335.954 56780
335.986 57120
335.998 57460
336.03 57800
336.043 58140
336.068 58480
336.08 58820
336.106 59160
336.118 59500
336.15 59840
336.175 60180
336.188 60520
336.213 60860
336.225 61200
336.251 61540
336.263 61880
336.288 62220
336.314 62560
336.326 62900
336.364 63240
336.389 63580
336.402 63920
336.427 64260
336.44 64600
336.465 64940
336.496 65280
336.522 65620
336.534 65960
336.566 66300
336.578 66640
336.604 66980
336.616 67320
336.648 67660
336.679 68000
336.698 68340
336.723 68680
336.742 69020
336.774 69360
336.786 69700
336.799 70040
336.824 70380
336.849 70720
336.862 71060
336.875 71400
336.887 71740
336.9 72080
336.925 72420
336.938 72760
336.95 73100
336.976 73440
336.994 73780
337.026 74120
337.039 74460
337.051 74800
337.076 75140
337.089 75480
337.108 75820
337.12 76160
337.133 76500
337.158 76840
337.171 77180
337.184 77520
337.202 77860
337.215 78200
337.24 78540
337.253 78880
337.265 79220
337.278 79560
337.291 79900
337.303 80240
337.329 80580
337.341 80920
337.354 81260
337.379 81600
337.392 81940
337.417 82280
337.429 82620
337.442 82960
337.455 83300
337.467 83640
337.48 83980
337.505 84320
337.518 84660
337.53 85000
337.543 85340
337.568 85680
337.581 86020
337.593 86360
337.606 86700
337.619 87040
337.631 87380
337.656 87720
337.675 88060
337.688 88400
337.7 88740
337.713 89080
337.726 89420
337.738 89760
337.751 90100
337.764 90440
337.789 90780
337.801 91120
337.82 91460
337.833 91800
337.845 92140
337.858 92480
337.871 92820
337.883 93160
337.896 93500
337.908 93840
337.921 94180
337.934 94520
337.946 94860
337.972 95200
337.984 95540
338.003 95880
338.016 96220
338.028 96560
338.041 96900
338.053 97240
338.066 97580
338.079 97920
338.091 98260
338.104 98600
338.117 98940
338.129 99280
338.142 99620
338.154 99960
338.167 100300
338.18 100640
338.192 100980
338.205 101320
338.217 101660
338.23 102000
338.243 102340
338.255 102680
338.268 103020
338.293 103360
338.306 103700
338.318 104040
338.331 104380
338.343 104720
338.356 105060
338.369 105400
338.381 105740
338.394 106080
338.407 106420
338.419 106760
338.432 107100
338.451 107440
338.463 107780
338.476 108120
338.488 108460
338.501 108800
338.514 109140
338.526 109480
338.539 109820
338.552 110160
338.564 110500
338.577 110840
338.589 111180
338.602 111520
338.615 111860
338.627 112200
338.64 112540
338.652 112880
338.665 113220
338.678 113560
338.69 113900
338.703 114240
338.715 114580
338.728 114920
338.741 115260
338.753 115600
338.766 115940
338.778 116280
338.791 116620
338.804 116960
338.816 117300
338.829 117640
338.841 117980
338.854 118320
338.867 118660
338.879 119000
338.892 119340
338.905 119680
338.917 120020
338.93 120360
338.942 120700
338.955 121040
338.968 121380
338.98 121720
338.993 122060
339.005 122400
339.018 122740
339.031 123080
339.043 123420
339.056 123760
339.068 124100
339.081 124440
339.094 124780
339.106 125120
339.119 125460
339.131 125800
339.144 126140
339.157 126480
339.169 126820
339.182 127160
339.195 127500
339.207 127840
339.22 128180
339.232 128520
339.245 128860
339.258 129200
339.276 90440
342.646 340
342.775 2380
343.588 3400
343.607 4420
343.626 5440
344.115 6460
344.134 7480
344.153 8500
344.172 10200
344.203 11220
344.635 13260
344.673 14280
344.692 15300
344.711 16320
344.73 17340
344.749 18360
344.768 19380
344.787 20400
344.806 21420
344.824 22440
345.149 24140
345.181 25160
345.2 27200
345.238 28220
345.257 29240
345.275 30260
345.294 31280
345.313 32300
345.332 33320
345.351 34340
345.37 35360
345.389 36380
345.408 37400
345.427 38420
345.446 39440
345.465 40460
345.483 41480
345.502 42500
345.521 43520
345.54 44540
345.559 45560
345.676 46580
345.695 47600
345.714 49300
345.745 50320
345.764 51340
345.783 52360
345.802 53380
345.821 54400
345.84 55420
345.859 56440
345.878 57460
345.897 58480
345.916 59500
345.934 60520
345.953 62560
345.991 63580
346.105 63920
346.25 64260
346.363 64600
346.495 64940
346.628 65280
346.741 65620
346.874 65960
347.006 66300
347.12 66640
347.176 66980
348.431 46580
350.663 340
351.359 680
351.99 1020
351.996 1360
352.504 1700
352.51 2040
352.516 2380
352.523 2720
353.018 3060
353.024 3400
353.03 3740
353.037 4080
353.043 4420
353.049 4760
353.055 5100
353.062 5440
353.532 5780
353.538 6120
353.544 24480
354.09 17000
355.619 17340
355.631 17680
355.644 18020
355.657 18360
355.669 18700
355.682 19040
355.694 19380
355.707 19720
355.72 20060
355.732 20400
355.745 20740
355.757 21080
355.77 21420
355.783 21760
355.795 22100
355.808 22440
355.82 22780
355.833 23120
355.846 23460
355.858 23800
356.098 24140
356.451 24480
359.168 24820
359.527 25160
359.773 25500
359.962 25840
360.284 26180
360.448 26520
360.731 26860
360.895 27200
361.072 27540
361.204 27880
361.305 28220
361.406 28560
361.532 28900
361.639 29240
361.727 29580
361.828 29920
361.904 30260
361.986 30600
362.049 30940
362.118 31280
362.162 21760
363.19 22100
363.202 22440
363.215 22780
363.24 23120
363.253 23460
363.278 23800
363.303 24140
363.329 24480
363.354 24820
363.379 25160
363.404 25500
363.442 25840
363.48 26180
363.518 26520
363.568 26860
363.606 27200
363.656 27540
363.719 27880
363.782 28220
363.858 28560
363.946 28900
364.047 29240
364.211 29580
364.4 29920
364.646 30260
364.987 30600
365.447 30940
366.449 31280
367.407 31620
368 31960
368.51 32300
368.819 32640
369.021 22780
369.778 23120
369.79 23460
369.803 23800
369.815 24140
369.828 24480
369.841 24820
369.853 25160
369.866 25500
369.878 25840
369.891 26180
369.904 26520
369.916 26860
369.929 27200
369.941 27540
369.954 27880
369.967 28220
370.03 28560
370.294 28900
370.521 29240
370.755 29580
370.893 29920
371.032 30260
371.196 30600
371.385 30940
371.536 31280
371.725 31620
371.997 31960
372.236 32300
372.476 22440
373.075 22780
373.179 23120
373.191 23460
373.204 23800
373.217 24140
373.229 24480
373.242 24820
373.254 25160
373.267 25500
373.28 25840
373.292 26180
373.305 26520
373.368 26860
373.519 27200
373.712 27540
373.813 27880
373.913 28220
374.014 28560
374.128 28900
374.257 29240
374.371 29580
374.497 29920
374.635 30260
374.774 30600
374.963 30940
375.077 21420
375.644 21760
375.774 22100
375.786 22440
375.799 22780
375.811 23120
375.824 23460
375.837 23800
375.849 24140
375.862 24480
375.874 24820
375.887 25160
375.975 25500
376.064 25840
376.164 26180
376.382 26520
376.47 26860
376.571 27200
376.672 27540
376.808 27880
376.934 28220
377.035 28560
377.161 28900
377.3 29240
377.486 29580
377.612 20400
378.148 20740
378.302 21080
378.315 21420
378.328 21760
378.34 22100
378.353 22440
378.365 22780
378.378 23120
378.391 23460
378.403 23800
378.416 24140
378.492 24480
378.605 24820
378.829 25160
378.917 25500
379.006 25840
379.106 26180
379.22 26520
379.381 26860
379.494 27200
379.62 27540
379.747 27880
379.952 28220
380.116 28560
380.342 28900
380.472 20060
380.995 20400
381.156 20740
381.169 21080
381.181 21420
381.194 21760
381.207 22100
381.219 22440
381.232 22780
381.244 23120
381.257 23460
381.27 23800
381.307 24140
381.459 24480
381.689 24820
381.79 25160
381.891 25500
382.004 25840
382.118 26180
382.317 26520
382.43 26860
382.556 27200
382.755 27540
382.919 27880
383.146 28220
383.364 28560
383.893 28900
385.86 29240
386.213 29580
386.465 29920
386.654 30260
386.818 30600
387.095 30940
387.222 31280
387.423 31620
387.587 31960
387.738 32300
387.852 32640
387.978 32980
388.079 33320
388.18 33660
388.255 34000
388.344 34340
388.419 34680
388.495 35020
388.571 35360
388.634 35700
388.697 36040
388.76 36380
388.823 36720
388.886 37060
388.949 37400
389.012 37740
389.062 38080
389.125 38420
389.176 38760
389.226 39100
389.277 39440
389.327 39780
389.378 40120
389.428 40460
389.466 40800
389.516 41140
389.567 41480
389.604 41820
389.642 42160
389.693 42500
389.731 42840
389.781 43180
389.819 43520
389.869 43860
389.907 44200
389.932 44540
389.97 44880
390.008 45220
390.046 45560
390.084 45900
390.121 46240
390.159 46580
390.197 46920
390.235 47260
390.273 47600
390.311 47940
390.348 48280
390.374 48620
390.411 48960
390.449 49300
390.474 49640
390.5 49980
390.537 50320
390.563 50660
390.6 51000
390.626 51340
390.664 51680
390.689 52020
390.727 52360
390.752 52700
390.79 53040
390.815 53380
390.853 53720
390.878 54060
390.916 54400
390.941 54740
390.979 55080
391.004 55420
391.029 55760
391.042 56100
391.08 56440
391.105 56780
391.117 57120
391.143 57460
391.168 57800
391.193 58140
391.218 58480
391.244 58820
391.269 59160
391.294 59500
391.319 59840
391.344 60180
391.37 60520
391.395 60860
391.42 61200
391.445 61540
391.47 61880
391.496 62220
391.521 62560
391.546 62900
391.571 63240
391.597 63580
391.622 63920
391.647 64260
391.672 64600
391.697 64940
391.723 65280
391.748 65620
391.773 65960
391.798 66300
391.823 66640
391.849 66980
391.874 67320
391.899 67660
391.924 68000
391.95 68340
391.975 68680
391.987 69020
392.013 69360
392.038 69700
392.05 70040
392.063 70380
392.088 70720
392.113 71060
392.126 71400
392.139 71740
392.164 72080
392.176 72420
392.202 72760
392.214 73100
392.24 73440
392.252 73780
392.277 74120
392.29 74460
392.315 74800
392.328 75140
392.353 75480
392.366 75820
392.391 76160
392.403 76500
392.429 76840
392.441 77180
392.466 77520
392.479 77860
392.504 78200
392.517 78540
392.542 78880
392.555 79220
392.58 79560
392.593 79900
392.618 80240
392.63 80580
392.656 80920
392.668 81260
392.693 81600
392.706 81940
392.731 82280
392.744 82620
392.769 82960
392.782 83300
392.807 83640
392.82 83980
392.845 84320
392.857 84660
392.883 85000
392.895 85340
392.92 85680
392.933 86020
392.958 86360
392.971 86700
392.996 87040
393.009 87380
393.034 87720
393.046 88060
393.072 88400
393.084 88740
393.109 89080
393.122 89420
393.147 89760
393.16 90100
393.185 90440
393.198 90780
393.223 91120
393.236 91460
393.261 91800
393.273 92140
393.299 92480
393.311 92820
393.336 93160
393.349 93500
393.374 93840
393.387 94180
393.412 94520
393.425 94860
393.45 95200
393.463 95540
393.488 95880
393.5 96220
393.513 96560
393.526 96900
393.538 97240
393.551 97580
393.563 97920
393.576 98260
393.601 98600
393.614 98940
393.626 99280
393.639 99620
393.652 99960
393.664 100300
393.677 100640
393.689 100980
393.702 101320
393.715 101660
393.727 102000
393.74 102340
393.752 102680
393.765 103020
393.778 103360
393.79 103700
393.803 104040
393.816 104380
393.828 104720
393.866 73100
395.359 340
395.492 48280
396.413 49980
396.444 51000
396.564 51340
396.696 51680
396.816 52020
396.949 52360
397.081 52700
398.644 340
399.158 1360
399.672 2380
399.691 3400
