0.0 0
0.229224 3400
0.464625 3740
0.477233 4420
0.489841 5100
0.502449 5780
0.515057 6460
0.699161 7140
0.711769 7820
0.724377 8500
0.736985 9180
0.749593 9860
0.762201 10540
0.774809 11220
0.787417 11900
0.800025 12580
0.933698 13260
0.946306 13940
0.958914 14620
0.971522 15300
0.98413 15980
0.996738 16660
1.00935 17340
1.02195 18020
1.03456 18700
1.04717 19380
1.05978 20060
1.07239 20740
1.08499 21420
1.0976 22100
1.11021 22780
1.12282 23460
1.13543 24140
1.14803 24820
1.16823 25500
1.18084 26180
1.19345 26860
1.20606 27540
1.21867 28220
1.23127 28900
1.24388 29580
1.25649 30260
1.2691 30940
1.28171 31620
1.29431 32300
1.30692 32980
1.31953 33660
1.33214 34340
1.34475 35020
1.35735 35700
1.36996 36380
1.38257 37060
1.39518 37740
1.40779 38420
1.42039 39100
1.433 39780
1.44561 40460
1.45822 41140
1.47083 41820
1.48343 42500
1.49604 43180
1.50865 43860
1.52126 44540
1.53387 45220
1.54647 45900
1.55908 46580
1.57169 47260
1.5843 47940
1.59691 48620
1.60951 49300
1.62212 49980
1.63473 50660
1.64734 51340
1.65995 52020
1.67255 52700
1.68516 53380
1.69777 54060
1.71038 54740
1.72299 55420
1.73559 56100
1.7482 56780
1.76081 57460
1.77342 58140
1.78603 58820
1.79863 59500
1.81124 60180
1.82385 60860
1.83646 61540
1.84907 62220
1.86167 62900
1.87428 63580
1.88689 64260
1.8995 64940
1.91211 65620
1.92471 66300
1.93732 66980
1.94993 67660
1.97515 69020
1.98775 69700
2.00036 70380
2.01297 71060
2.02558 71740
2.03819 72420
2.05079 73100
2.0634 73780
2.07601 74460
2.08862 75140
2.10123 75820
2.11383 76500
2.12644 77180
2.13905 77860
2.15166 78540
2.16427 79220
2.17687 79900
2.18948 80580
2.20209 81260
2.2147 81940
2.22731 82620
2.23991 83300
2.25252 83980
2.26513 84660
2.27774 85340
2.29035 86020
2.30295 86700
2.31556 87380
2.32817 88060
2.34078 88740
2.35339 89420
2.36599 90100
2.3786 90780
2.39121 91460
2.40382 92140
2.41643 92820
2.42903 93500
2.44164 94180
2.45425 94860
2.46686 95540
2.47947 96220
2.49207 96900
2.50468 97580
2.51729 98260
2.5299 98940
2.54251 99620
2.55511 100300
2.56772 100980
2.58033 101660
2.59294 102340
2.60555 103020
2.61815 103700
2.63076 104380
2.64337 105060
2.65598 105740
2.66859 106420
2.68119 107100
2.6938 107780
2.70641 108460
2.71902 109140
2.73163 109820
2.74423 110500
2.75684 111180
2.76945 111860
2.78206 112540
2.79467 113220
2.80727 113900
2.81988 114580
2.83249 115260
2.8451 115940
2.85771 116620
2.87031 117300
2.88923 81940
5.21595 340
5.29735 680
5.6819 1700
5.91643 2040
5.92274 3060
5.94165 3400
6.15097 4420
6.16988 4760
6.17619 5780
6.1951 6120
6.2014 7140
6.39181 7480
6.39812 8500
6.41703 8840
6.42333 9860
6.44224 10200
6.44855 11220
6.46746 11560
6.47376 12580
6.49268 12920
6.49898 13940
6.51789 14280
6.62635 15300
6.64526 15640
6.65156 17340
6.68308 17680
6.68939 18020
6.69569 18360
6.702 19380
6.72091 19720
6.72721 20740
6.74612 21080
6.75243 22100
6.77134 22440
6.77764 23460
6.79656 23800
6.80286 24820
6.82177 25160
6.82808 26180
6.84699 26520
6.85329 27540
6.8722 27880
6.87851 28900
6.89742 29240
6.90372 30260
6.92264 30600
6.92894 31620
6.94785 31960
6.95416 32980
6.97307 33320
6.97937 34340
6.99828 34680
7.00459 35700
7.0235 36040
7.0298 37060
7.04872 37400
7.05502 38420
7.07393 38760
7.08024 39780
7.09915 40120
7.10545 41140
7.12436 41480
7.13067 42500
7.14958 42840
7.15588 43860
7.1748 44200
7.1811 45220
7.20001 45560
7.20632 46580
7.22523 46920
7.23153 47940
7.25044 48280
7.25675 49300
7.27566 49640
7.28196 50660
7.30088 51000
7.30718 52020
7.32609 52360
7.3324 53380
7.35131 53720
7.35761 54740
7.37652 55080
7.38283 56100
7.40174 56440
7.40804 57460
7.53412 57800
7.6602 58140
7.78628 58480
7.91236 58820
8.03844 59160
9.29979 340
9.96886 680
10.2097 1360
10.4505 2040
10.4632 2720
10.6914 3400
10.704 4080
10.7166 4760
10.7292 5440
10.9322 6120
10.9448 6800
10.9574 7480
10.97 8160
10.9827 8840
10.9953 9520
11.0079 10200
11.0205 10880
11.1731 11560
11.1857 12240
11.1983 12920
11.2109 13600
11.2235 14280
11.2361 14960
11.2487 15640
11.2613 16320
11.2739 17000
11.2865 17680
11.2991 18360
11.3118 19040
11.3244 19720
11.337 20400
11.3496 21080
11.3622 21760
11.4139 22440
11.4265 23120
11.4391 23800
11.4517 24480
11.4643 25160
11.4769 25840
11.4896 26520
11.5022 27200
11.5148 27880
11.5274 28560
11.54 29240
11.5526 29920
11.5652 30600
11.5778 31280
11.5904 31960
11.603 32640
11.6156 33320
11.6282 34000
11.6408 34680
11.6535 35360
11.6661 36040
11.6787 36720
11.6913 37400
11.7039 38080
11.7165 38760
11.7291 39440
11.7417 40120
11.7543 40800
11.7669 41480
11.893 41820
12.0191 42160
12.1452 42500
12.2712 42840
12.3973 43180
12.5234 43520
12.6495 43860
12.7756 44200
12.9016 44540
13.0277 44880
13.1538 45220
13.2799 45560
13.406 45900
13.532 46240
13.6581 46580
13.7842 46920
13.9103 47260
14.0364 47600
14.1624 47940
14.2885 48280
14.4146 48620
14.4903 34000
15.3791 34340
15.3917 34680
15.4043 35020
15.4169 35360
15.4296 35700
15.4422 36040
15.4548 36380
15.4674 36720
15.6061 37060
15.7195 37400
15.8078 37740
15.896 38080
15.9843 38420
16.06 38760
16.1356 39100
16.2112 39440
16.2869 39780
16.3625 40120
16.4382 40460
16.5012 40800
16.5895 41140
16.6651 41480
16.7408 41820
16.8164 42160
16.9047 42500
16.9803 42840
17.0686 43180
17.1568 43520
17.2577 43860
17.346 44200
17.4468 44540
17.5477 44880
17.6612 45220
17.7872 45560
17.9007 45900
18.0394 46240
18.1781 46580
18.3546 46920
18.5185 47260
18.7328 47600
19.0228 47940
19.4641 48280
20.3593 48620
21.2671 48960
21.8092 49300
22.1748 49640
22.3261 49980
22.5657 50320
22.78 50660
22.9187 51000
23.07 51340
23.2087 51680
23.3348 52020
23.4608 52360
23.5617 52700
23.6626 53040
23.7508 53380
23.8391 53720
23.9273 54060
24.003 54400
24.0786 54740
24.1543 55080
24.2299 55420
24.293 55760
24.356 56100
24.4191 56440
24.4821 56780
24.5325 57120
24.5956 57460
24.646 57800
24.709 58140
24.7595 58480
24.8225 58820
24.8603 59160
24.9108 59500
24.9612 59840
25.0116 60180
25.0621 60520
25.1125 60860
25.1503 61200
25.2008 61540
25.2386 61880
25.289 62220
25.3268 62560
25.3773 62900
25.4151 63240
25.4529 63580
25.4907 63920
25.5286 64260
25.5664 64600
25.6042 64940
25.642 65280
25.6799 65620
25.7303 65960
25.7555 66300
25.7933 66640
25.8312 66980
25.869 67320
25.9068 67660
25.9257 47260
28.1208 340
28.4158 3400
28.8445 6460
28.9012 9520
29.1294 12580
29.1862 14960
29.2303 18020
29.287 20400
29.3892 23120
29.4396 23460
29.4459 25840
29.49 28900
29.5468 31280
29.5909 33660
29.7233 34000
29.8557 34340
29.9881 34680
30.1204 35020
30.1835 24480
31.9309 340
32.1377 680
32.8375 1020
32.8438 1360
33.072 1700
33.0783 2040
33.0846 2380
33.0909 2720
33.3065 3060
33.3129 3400
33.3192 3740
33.3255 4080
33.3318 4420
33.3381 4760
33.3444 5100
33.3507 5440
33.5411 5780
33.5474 6120
33.5537 6460
33.56 6800
33.5663 7140
33.5726 7480
33.5789 7820
33.5852 8160
33.5915 8500
33.5978 8840
33.6041 9180
33.6104 9520
33.6167 9860
33.623 10200
33.6293 10540
33.6356 10880
33.7756 11220
33.8008 7820
34.2434 8160
34.256 8500
34.2686 8840
34.2938 9180
34.3317 9520
34.3884 9860
34.5019 10200
34.6721 10540
34.836 10880
35.189 11220
37.4521 11560
37.7989 11900
38.051 12240
38.2527 12580
38.423 12920
38.5616 13260
38.6877 13600
38.8075 13940
38.9273 14280
39.129 14620
39.2803 14960
39.7594 15300
39.98 15640
40.1566 15980
40.2637 16320
40.3646 16660
40.4655 17000
40.5663 17340
40.6672 17680
40.7302 18020
40.7807 12580
41.1022 12920
41.1224 13260
41.135 13600
41.1476 13940
41.2484 14280
41.3632 14620
41.4641 14960
41.5901 15300
41.7288 15640
41.8675 15980
42.0188 16320
42.1701 16660
42.3214 17000
42.5736 17340
42.8005 17680
43.1283 18020
45.6373 18360
45.9651 12580
46.2929 12920
46.3131 13260
46.3257 13600
46.3383 13940
46.3509 14280
46.4392 14620
46.5275 14960
46.617 15300
46.7179 15640
46.8313 15980
46.9448 16320
47.0709 16660
47.2222 17000
47.3861 17340
47.5878 17680
47.8274 18020
48.1804 18360
49.1512 12580
49.479 12920
49.4992 13260
49.5118 13600
49.5244 13940
49.537 14280
49.6253 14620
49.7136 14960
49.8031 15300
49.904 15640
50.0174 15980
50.257 16320
50.4083 16660
50.5722 17000
50.7613 17340
51.0135 17680
51.2404 18020
51.5808 18360
54.0898 18700
54.4428 19040
54.6824 19380
54.8841 19720
55.048 20060
55.1993 20400
55.3254 20740
55.4389 21080
55.5524 21420
55.6532 21760
55.7415 22100
55.918 22440
56.0819 22780
56.1449 23120
56.2836 23460
56.3593 23800
56.4727 24140
56.5358 24480
56.624 24820
56.6997 25160
56.7753 25500
56.851 25840
56.9014 26180
56.9771 26520
57.0401 26860
57.0905 27200
57.1536 27540
57.204 27880
57.267 28220
57.3175 28560
57.3679 28900
57.4183 29240
57.4688 29580
57.5192 29920
57.5696 30260
57.6201 30600
57.6579 30940
57.7083 31280
57.7461 31620
57.7966 31960
57.8344 32300
57.8848 32640
57.9227 32980
57.9479 33320
57.9983 33660
58.0235 23460
58.6413 23800
58.6539 24140
58.6665 24480
58.6791 24820
58.6917 25160
58.8052 25500
58.9187 25840
59.0196 26180
59.1078 26520
59.1961 26860
59.2717 27200
59.36 27540
59.4356 27880
59.5239 28220
59.5995 28560
59.7004 28900
59.8012 29240
59.8895 29580
59.9904 29920
60.1038 30260
60.2047 30600
60.3182 30940
60.4569 31280
60.6082 31620
60.7468 31960
60.9108 32300
61.0873 32640
61.289 32980
61.4655 22780
62.0644 23120
62.077 23460
62.0896 23800
62.1022 24140
62.1148 24480
62.1652 24820
62.2913 25160
62.3922 25500
62.4804 25840
62.5813 26180
62.6696 26520
62.7704 26860
62.8461 27200
62.9343 27540
63.0226 27880
63.0982 28220
63.1991 28560
63.3 28900
63.4134 29240
63.5143 29580
63.6278 29920
63.7286 30260
63.8673 30600
64.006 30940
64.1447 31280
64.3338 31620
64.4851 31960
64.6868 32300
64.9768 32640
65.4055 22780
66.0044 23120
66.017 23460
66.0296 23800
66.0422 24140
66.0548 24480
66.08 24820
66.1305 25160
66.2439 25500
66.3826 25840
66.4583 26180
66.5844 26520
66.66 26860
66.7483 27200
66.8491 27540
66.95 27880
67.0508 28220
67.1517 28560
67.2526 28900
67.3534 29240
67.4669 29580
67.593 29920
67.7317 30260
67.8704 30600
68.0091 30940
68.0847 21420
68.6521 21760
68.6647 22100
68.6773 22440
68.6899 22780
68.7025 23120
68.7908 23460
68.9168 23800
68.9925 24140
69.106 24480
69.1942 24820
69.2825 25160
69.3707 25500
69.459 25840
69.522 18020
69.9948 18360
70.0074 18700
70.02 19040
70.0326 19380
70.0831 19720
70.1965 20060
70.3226 20400
70.4235 20740
70.5117 21080
70.6 21420
70.7009 21760
70.8017 22100
70.9026 22440
71.0161 22780
71.1421 23120
71.243 23460
71.3817 23800
71.533 24140
71.6717 24480
71.8986 24820
72.0499 25160
72.2895 25500
72.756 25840
74.4076 18020
74.8804 18360
74.893 18700
74.9056 19040
74.9182 19380
74.9308 19720
74.9435 20060
75.0065 20400
75.0821 20740
75.1578 21080
75.3091 21420
75.4478 21760
75.5865 22100
75.7125 22440
75.8512 22780
75.9899 23120
76.1286 23460
76.2799 23800
76.4186 24140
76.5699 24480
76.7842 24820
76.9481 25160
77.1751 25500
77.6542 25840
79.8606 26180
80.2136 26520
80.264 18360
81.0709 18700
81.0836 19040
81.0962 19380
81.1088 19720
81.1214 20060
81.134 20400
81.1844 20740
81.2601 21080
81.3231 21420
81.4744 21760
81.6131 22100
81.7518 22440
81.8905 22780
82.0292 23120
82.13 23460
82.2687 23800
82.42 24140
82.5209 24480
82.6722 24820
82.8235 25160
83.0378 25500
83.2143 25840
83.4539 26180
83.933 26520
84.3616 18360
84.847 18700
84.8596 19040
84.8723 19380
84.8849 19720
84.8975 20060
84.9353 20400
85.0992 20740
85.1875 21080
85.3135 21420
85.4144 21760
85.5027 22100
85.6035 22440
85.7044 22780
85.8052 23120
85.9313 23460
86.0574 23800
86.1709 24140
86.3096 24480
86.4609 24820
86.6122 25160
86.8139 25500
87.003 25840
87.2426 26180
87.7217 26520
89.8776 26860
90.2307 27200
90.4828 27540
90.6719 27880
90.8484 28220
90.9871 28560
91.2393 28900
91.3402 29240
91.5419 29580
91.6554 29920
91.794 30260
91.9327 30600
92.0462 30940
92.1471 31280
92.2353 31620
92.3362 22100
92.9099 22440
92.9225 22780
92.9351 23120
92.9477 23460
92.9603 23800
93.0485 24140
93.1746 24480
93.2503 24820
93.3637 25160
93.4079 17340
94.1707 17680
94.1833 18020
94.1959 18360
94.2085 18700
94.2589 19040
94.3724 19380
94.4859 19720
94.5993 20060
94.6876 20400
94.7758 20740
94.8641 21080
94.965 21420
95.0784 21760
95.1793 22100
95.3054 22440
95.4441 22780
95.5828 23120
95.7214 23460
95.8727 23800
96.0745 24140
96.2384 24480
96.4653 24820
96.9192 25160
99.1508 25500
99.5038 25840
99.7434 26180
99.9451 26520
100.109 26860
100.26 27200
100.386 27540
100.613 27880
100.802 28220
100.916 28560
101.067 28900
101.181 29240
101.282 29580
101.395 29920
101.483 30260
101.572 30600
101.647 30940
101.723 31280
101.811 31620
101.862 31960
101.937 32300
102 32640
102.063 32980
102.126 33320
102.189 33660
102.24 34000
102.303 34340
102.366 34680
102.416 35020
102.467 35360
102.517 35700
102.568 36040
102.618 36380
102.668 36720
102.719 37060
102.757 37400
102.807 37740
102.845 38080
102.895 38420
102.933 38760
102.984 39100
103.021 39440
103.072 39780
103.097 40120
103.135 40460
103.185 40800
103.223 41140
103.248 41480
103.286 41820
103.324 42160
103.362 42500
103.4 42840
103.438 43180
103.475 43520
103.513 43860
103.551 44200
103.589 44540
103.614 44880
103.652 45220
103.69 45560
103.715 45900
103.753 46240
103.778 46580
103.816 46920
103.841 47260
103.879 47600
103.904 47940
103.942 48280
103.967 48620
104.005 48960
104.03 49300
104.068 49640
104.093 49980
104.131 50320
104.156 50660
104.194 51000
104.219 51340
104.244 51680
104.27 52020
104.295 52360
104.32 52700
104.358 53040
104.371 53380
104.396 53720
104.421 54060
104.446 54400
104.471 54740
104.497 55080
104.522 55420
104.547 55760
104.572 56100
104.597 56440
104.623 56780
104.648 57120
104.673 57460
104.698 57800
104.724 58140
104.749 58480
104.774 58820
104.799 59160
104.824 59500
104.85 59840
104.875 60180
104.9 60520
104.925 60860
104.95 61200
104.976 61540
105.001 61880
105.026 62220
105.051 62560
105.077 62900
105.102 63240
105.127 63580
105.152 63920
105.177 64260
105.203 64600
105.215 64940
105.228 65280
105.253 65620
105.278 65960
105.291 66300
105.316 66640
105.341 66980
105.354 67320
105.367 67660
105.392 68000
105.404 68340
105.43 68680
105.442 69020
105.467 69360
105.48 69700
105.505 70040
105.518 70380
105.543 70720
105.556 71060
105.581 71400
105.594 71740
105.619 72080
105.631 72420
105.657 72760
105.669 73100
105.694 73440
105.707 73780
105.732 74120
105.745 74460
105.77 74800
105.783 75140
105.808 75480
105.82 75820
105.846 76160
105.858 76500
105.877 53380
108.108 340
108.279 2040
108.783 3740
108.815 5440
109.043 7140
109.075 8840
109.106 10540
109.138 12240
109.303 13940
109.334 15640
109.366 17340
109.397 19040
109.429 20740
109.46 22440
109.492 24140
109.523 25840
109.563 26520
109.575 26860
109.581 27880
109.6 29580
109.632 31280
109.663 32300
109.682 34000
109.714 35700
109.745 36720
109.764 37740
109.884 38080
110.016 38420
110.136 38760
110.269 39100
110.388 39440
110.458 27540
112.323 340
112.393 680
113.2 1020
113.206 1360
113.435 1700
113.441 2040
113.447 2380
113.453 2720
113.669 3060
113.675 3400
113.682 3740
113.688 4080
113.694 4420
113.701 4760
113.707 5100
113.713 5440
113.904 5780
113.91 6120
113.916 6460
113.923 6800
113.929 7140
113.935 7480
113.941 7820
113.948 8160
113.954 8500
113.96 8840
113.967 9180
113.973 9520
113.979 9860
113.986 10200
113.992 10540
113.998 10880
114.138 11220
114.144 11560
114.151 11900
114.157 12240
114.163 12580
114.17 12920
114.176 13260
114.182 13600
114.189 13940
114.195 14280
114.201 14620
114.207 14960
114.214 15300
114.22 15640
114.226 15980
114.233 16320
114.239 16660
114.245 17000
114.252 17340
114.258 17680
114.264 18020
114.271 18360
114.277 18700
114.283 19040
114.327 13260
115.633 13600
115.646 13940
115.659 14280
115.671 14620
115.684 14960
115.697 15300
115.709 15640
115.722 15980
115.734 16320
115.747 16660
115.76 17000
115.835 17340
115.986 17680
116.15 18020
116.371 18360
116.699 18700
117.279 19040
119.41 19380
119.763 19720
120.015 20060
120.21 20400
120.519 20740
120.658 21080
120.841 21420
121.074 21760
121.206 22100
121.332 22440
121.458 22780
121.584 23120
121.692 23460
121.786 23800
121.881 24140
121.963 24480
122.045 24820
122.12 25160
122.209 25500
122.278 25840
122.335 26180
122.41 26520
122.473 26860
122.53 27200
122.606 27540
122.675 27880
122.763 28220
122.826 28560
122.889 28900
122.971 29240
123.041 29580
123.104 29920
123.167 30260
123.236 30600
123.293 30940
123.337 31280
123.375 31620
123.432 31960
123.476 32300
123.513 32640
123.57 32980
123.608 33320
123.646 33660
123.677 34000
123.722 34340
123.759 34680
123.785 35020
123.822 35360
123.86 35700
123.892 36040
123.93 36380
123.999 36720
124.043 37060
124.087 37400
124.112 37740
124.138 38080
124.182 38420
124.207 38760
124.245 39100
124.283 39440
124.327 27540
125.127 27880
125.165 28220
125.19 28560
125.228 28900
125.266 29240
125.316 29580
125.354 29920
125.405 30260
125.455 30600
125.518 30940
125.569 31280
125.632 31620
125.714 31960
125.808 32300
125.871 32640
125.922 32980
125.985 33320
126.06 33660
126.123 34000
126.199 34340
126.275 34680
126.388 35020
126.476 35360
126.565 35700
126.665 36040
126.766 36380
126.88 36720
127.018 37060
127.145 37400
127.283 37740
127.447 38080
127.624 38420
127.863 38760
128.216 39100
128.948 39440
130.334 39780
130.687 40120
131.129 40460
131.305 40800
131.532 41140
131.784 41480
131.973 41820
132.125 42160
132.251 42500
132.377 42840
132.49 43180
132.604 43520
132.692 43860
132.78 44200
132.869 44540
132.944 44880
133.033 45220
133.108 45560
133.184 45900
133.247 46240
133.322 46580
133.386 46920
133.449 47260
133.499 47600
133.562 47940
133.625 48280
133.676 48620
133.739 48960
133.789 49300
133.839 49640
133.89 49980
133.94 50320
133.991 50660
134.041 51000
134.079 51340
134.117 51680
134.167 52020
134.205 52360
134.255 52700
134.293 53040
134.344 53380
134.382 53720
134.432 54060
134.47 54400
134.495 54740
134.545 55080
134.571 55420
134.609 55760
134.646 56100
134.684 56440
134.722 56780
134.76 57120
134.798 57460
134.835 57800
134.873 58140
134.911 58480
134.949 58820
134.974 59160
135.012 59500
135.037 59840
135.075 60180
135.1 60520
135.138 60860
135.163 61200
135.201 61540
135.226 61880
135.264 62220
135.289 62560
135.327 62900
135.352 63240
135.39 63580
135.415 63920
135.453 64260
135.478 64600
135.516 64940
135.542 65280
135.579 65620
135.592 65960
135.617 66300
135.655 66640
135.668 66980
135.693 67320
135.718 67660
135.743 68000
135.768 68340
135.794 68680
135.819 69020
135.844 69360
135.869 69700
135.895 70040
135.92 70380
135.945 70720
135.97 71060
135.995 71400
136.021 71740
136.052 49980
138.263 340
138.504 2040
138.965 4420
139.199 6120
139.231 8500
139.275 10200
139.459 12580
139.503 14280
139.535 16660
139.579 18360
139.61 20740
139.7 22440
139.731 24820
139.775 26520
139.807 28900
139.851 30600
139.883 32980
139.927 34680
140.053 35020
140.179 35360
140.305 35700
140.431 36040
140.576 25160
142.358 340
142.53 680
143.249 1020
143.255 1360
143.483 1700
143.49 2040
143.496 2380
143.502 2720
143.718 3060
143.724 3400
143.731 3740
143.737 4080
143.743 4420
143.749 4760
143.756 5100
143.762 5440
143.952 5780
143.959 6120
143.965 6460
143.971 6800
143.978 7140
143.984 7480
143.99 7820
143.997 8160
144.003 8500
144.009 8840
144.016 9180
144.022 9520
144.028 9860
144.034 10200
144.041 10540
144.047 10880
144.187 11220
144.193 11560
144.2 11900
144.206 12240
144.212 12580
144.219 12920
144.225 13260
144.25 9180
144.768 9520
144.781 9860
144.793 10200
144.806 10540
144.819 10880
144.844 11220
144.882 11560
144.976 11900
145.115 12240
145.304 12580
145.506 12920
145.909 13260
147.99 9180
148.443 9520
148.456 9860
148.469 10200
148.481 10540
148.494 10880
148.507 11220
148.519 11560
148.532 11900
148.544 12240
148.557 12580
148.771 12920
149.118 13260
151.841 13600
152.201 13940
152.447 14280
152.642 14620
152.8 14960
152.951 15300
153.09 15640
153.19 15980
153.316 16320
153.405 16660
153.499 17000
153.676 17340
153.764 17680
153.922 18020
154.054 18360
154.161 18700
154.294 19040
154.571 19380
154.766 19720
154.842 20060
154.943 20400
155.044 20740
155.138 21080
155.227 21420
155.309 21760
155.372 22100
155.435 22440
155.498 22780
155.548 23120
155.611 23460
155.68 23800
155.744 24140
155.781 24480
155.832 24820
155.895 25160
155.933 25500
155.983 25840
156.034 26180
156.071 26520
156.122 26860
156.172 27200
156.21 27540
156.26 27880
156.298 28220
156.323 28560
156.374 28900
156.412 20060
156.941 20400
156.954 20740
156.967 21080
156.979 21420
156.992 21760
157.004 22100
157.017 22440
157.08 22780
157.193 23120
157.32 23460
157.408 23800
157.521 24140
157.622 24480
157.736 24820
157.849 25160
157.963 25500
158.076 25840
158.202 26180
158.316 26520
158.442 26860
158.606 27200
158.769 27540
158.933 27880
159.198 28220
159.45 28560
159.98 28900
161.947 29240
162.035 20400
162.564 20740
162.577 21080
162.59 21420
162.602 21760
162.615 22100
162.627 22440
162.64 22780
162.653 23120
162.665 23460
162.716 23800
162.791 24140
162.955 24480
163.107 24820
163.258 25160
163.397 25500
163.497 25840
163.624 26180
163.75 26520
163.888 26860
164.052 27200
164.216 27540
164.38 27880
164.557 28220
164.809 28560
165.073 28900
165.616 29240
167.57 29580
167.923 29920
168.175 30260
168.364 30600
168.541 30940
168.818 31280
168.957 31620
169.158 31960
169.322 32300
169.448 32640
169.562 32980
169.688 33320
169.789 33660
169.89 34000
169.978 34340
170.066 34680
170.142 35020
170.218 35360
170.293 35700
170.356 36040
170.419 36380
170.482 36720
170.545 37060
170.608 37400
170.671 37740
170.734 38080
170.785 38420
170.835 38760
170.898 39100
170.936 39440
170.987 39780
171.037 27540
171.762 27880
171.775 28220
171.787 28560
171.8 28900
171.812 29240
171.825 29580
171.838 29920
171.85 30260
171.901 30600
172.002 30940
172.115 31280
172.216 31620
172.304 31960
172.392 32300
172.468 32640
172.556 32980
172.632 33320
172.72 33660
172.808 34000
172.897 34340
172.985 34680
173.073 35020
173.161 35360
173.275 35700
173.363 36040
173.464 36380
173.578 36720
173.704 37060
173.842 37400
173.981 37740
174.145 38080
174.321 38420
174.523 38760
174.737 39100
175.103 39440
175.834 39780
177.234 40120
177.587 40460
178.028 40800
178.192 41140
178.444 41480
178.696 41820
178.822 42160
178.986 42500
179.125 42840
179.264 43180
179.302 29920
180.09 30260
180.102 30600
180.115 30940
180.127 31280
180.14 31620
180.153 31960
180.165 32300
180.178 32640
180.19 32980
180.304 33320
180.405 33660
180.506 34000
180.594 34340
180.682 34680
180.77 35020
180.833 35360
180.909 35700
180.997 36040
181.073 36380
181.161 36720
181.237 37060
181.325 37400
181.401 37740
181.502 38080
181.59 38420
181.691 38760
181.792 39100
181.893 39440
182.006 39780
182.107 40120
182.233 40460
182.372 40800
182.498 41140
182.649 41480
182.838 41820
183.027 42160
183.292 42500
183.683 29580
184.458 29920
184.471 30260
184.483 30600
184.496 30940
184.509 31280
184.521 31620
184.534 31960
184.547 32300
184.559 32640
184.572 32980
184.685 33320
184.799 33660
184.912 34000
185 34340
185.101 34680
185.177 35020
185.265 35360
185.353 35700
185.454 36040
185.543 36380
185.631 36720
185.706 37060
185.807 37400
185.896 37740
185.996 38080
186.097 38420
186.198 38760
186.312 39100
186.438 39440
186.551 39780
186.69 40120
186.816 40460
186.967 40800
187.156 41140
187.345 41480
187.598 41820
187.976 42160
188.758 42500
190.006 42840
190.359 43180
190.8 43520
191.115 43860
191.279 44200
191.481 44540
191.67 44880
191.809 45220
191.947 45560
192.073 45900
192.187 46240
192.288 46580
192.401 46920
192.477 47260
192.565 47600
192.653 47940
192.691 33320
193.568 33660
193.58 34000
193.593 34340
193.605 34680
193.618 35020
193.631 35360
193.643 35700
193.656 36040
193.668 36380
193.694 36720
193.832 37060
193.921 37400
194.021 37740
194.097 38080
194.185 38420
194.274 38760
194.337 39100
194.412 39440
194.488 39780
194.576 40120
194.652 40460
194.74 40800
194.816 41140
194.904 41480
194.98 41820
195.068 42160
195.144 42500
195.244 42840
195.32 43180
195.421 43520
195.522 43860
195.635 44200
195.736 44540
195.85 44880
195.988 45220
196.127 45560
196.266 45900
196.43 46240
196.606 46580
196.82 46920
197.11 47260
197.539 47600
198.422 47940
199.317 48280
199.909 48620
200.212 48960
200.515 49300
200.741 49640
200.918 49980
201.069 50320
201.221 50660
201.334 51000
201.448 51340
201.561 51680
201.662 52020
201.763 52360
201.851 52700
201.939 53040
202.027 53380
202.103 53720
202.179 54060
202.254 54400
202.33 54740
202.393 55080
202.456 55420
202.519 55760
202.582 56100
202.633 56440
202.696 56780
202.746 57120
202.809 57460
202.86 57800
202.91 58140
202.96 58480
203.011 58820
203.061 59160
203.112 59500
203.15 59840
203.2 60180
203.238 60520
203.288 60860
203.326 61200
203.377 61540
203.414 61880
203.465 62220
203.503 62560
203.54 62900
203.578 63240
203.616 63580
203.654 63920
203.692 64260
203.73 64600
203.767 64940
203.805 65280
203.843 65620
203.881 65960
203.919 66300
203.957 66640
203.994 66980
204.02 67320
204.057 67660
204.083 68000
204.114 47600
206.312 340
206.617 2720
207.039 5780
207.274 8160
207.318 11220
207.375 13600
207.546 16660
207.603 19040
207.647 22100
207.704 24480
207.748 26860
207.792 29240
207.836 31620
207.88 34000
208.013 34340
208.145 34680
208.277 35020
208.397 35360
208.448 24480
210.204 340
210.402 680
211.102 1020
211.108 1360
211.336 1700
211.342 2040
211.349 2380
211.355 2720
211.571 3060
211.577 3400
211.583 3740
211.59 4080
211.596 4420
211.602 4760
211.608 5100
211.615 5440
211.805 5780
211.811 6120
211.818 6460
211.824 6800
211.83 7140
211.837 7480
211.843 7820
211.849 8160
211.856 8500
211.862 8840
211.868 9180
211.874 9520
211.881 9860
211.887 10200
211.893 10540
211.9 10880
212.04 11220
212.046 11560
212.052 11900
212.077 8160
212.545 8500
212.558 8840
212.583 9180
212.608 9520
212.634 9860
212.684 10200
212.785 10540
212.898 10880
213.069 11220
213.258 11560
213.636 11900
215.842 12240
216.195 12580
216.454 12920
216.649 13260
216.807 13600
216.952 13940
217.084 14280
217.21 14620
217.418 14960
217.507 15300
217.683 15640
217.822 15980
217.96 16320
218.049 16660
218.143 17000
218.263 17340
218.553 17680
218.711 18020
218.843 18360
218.925 18700
219.001 19040
219.108 19380
219.196 19720
219.284 20060
219.36 20400
219.436 20740
219.511 21080
219.562 21420
219.625 21760
219.688 22100
219.738 22440
219.801 22780
219.839 23120
219.889 23460
219.94 23800
219.99 24140
220.028 24480
220.079 24820
220.129 25160
220.167 25500
220.217 25840
220.268 26180
220.293 26520
220.343 26860
220.381 27200
220.419 27540
220.457 27880
220.495 28220
220.532 28560
220.57 28900
220.608 29240
220.646 29580
220.684 29920
220.722 30260
220.759 30600
220.797 30940
220.835 31280
220.873 31620
220.898 31960
220.923 32300
220.961 32640
220.999 32980
221.024 33320
221.049 33660
221.087 34000
221.112 34340
221.15 34680
221.175 35020
221.213 35360
221.238 35700
221.276 36040
221.302 36380
221.339 36720
221.365 37060
221.402 37400
221.428 37740
221.465 38080
221.491 38420
221.516 38760
221.541 39100
221.566 39440
221.604 39780
221.617 40120
221.642 40460
221.667 40800
221.705 41140
221.718 41480
221.743 41820
221.768 42160
221.793 42500
221.818 42840
221.844 43180
221.869 43520
221.894 43860
221.919 44200
221.945 44540
221.97 44880
221.995 45220
222.02 45560
222.045 45900
222.071 46240
222.096 46580
222.121 46920
222.146 47260
222.171 47600
222.197 47940
222.222 48280
222.247 48620
222.272 48960
222.298 49300
222.323 49640
222.348 49980
222.373 50320
222.398 50660
222.424 51000
222.449 51340
222.474 51680
222.499 52020
222.512 52360
222.537 52700
222.55 53040
222.575 53380
222.6 53720
222.613 54060
222.625 54400
222.651 54740
222.676 55080
222.688 55420
222.701 55760
222.726 56100
222.739 56440
222.764 56780
222.777 57120
222.802 57460
222.814 57800
222.84 58140
222.852 58480
222.878 58820
222.89 59160
222.915 59500
222.928 59840
222.953 60180
222.966 60520
222.991 60860
223.004 61200
223.029 61540
223.041 61880
223.067 62220
223.079 62560
223.104 62900
223.117 63240
223.142 63580
223.155 63920
223.18 64260
223.193 64600
223.218 64940
223.231 65280
223.256 65620
223.268 65960
223.294 66300
223.306 66640
223.331 66980
223.369 46580
224.362 340
224.441 34000
225.172 34340
225.292 34680
225.424 35020
226.537 340
226.772 2040
227.006 3060
227.025 4760
227.254 5780
227.272 7480
227.323 5100
227.734 5440
227.754 5780
227.767 6120
227.779 6460
227.792 6800
227.981 7140
228.214 7480
230.774 7820
231.121 8160
231.373 8500
232.245 8840
232.403 9180
232.562 9520
232.681 9860
232.809 10200
232.91 10540
233.031 10880
233.106 11220
233.201 11560
233.278 11900
233.36 12240
233.436 12580
233.506 12920
233.582 13260
233.67 13600
233.804 13940
233.892 14280
233.98 14620
234.056 14960
234.106 15300
234.182 15640
234.245 15980
234.308 16320
234.358 16660
234.422 17000
234.485 17340
234.535 17680
234.573 18020
234.623 18360
234.674 18700
234.737 19040
234.775 19380
234.825 19720
234.875 20060
234.913 20400
234.964 20740
235.001 21080
235.052 21420
235.09 21760
235.128 22100
235.178 22440
235.216 22780
235.254 23120
235.291 23460
235.329 23800
235.367 24140
235.405 24480
235.443 24820
235.481 25160
235.518 25500
235.556 25840
235.594 26180
235.632 26520
235.67 26860
235.708 27200
235.733 27540
235.758 27880
235.796 28220
235.821 28560
235.859 28900
235.897 29240
235.922 29580
235.96 29920
235.985 30260
236.023 30600
236.048 30940
236.086 31280
236.111 31620
236.149 31960
236.174 32300
236.212 32640
236.237 32980
236.275 33320
236.3 33660
236.325 34000
236.351 34340
236.388 34680
236.414 35020
236.439 35360
236.451 35700
236.489 36040
236.514 36380
236.54 36720
236.552 37060
236.577 37400
236.615 37740
236.628 38080
236.653 38420
236.678 38760
236.704 39100
236.729 39440
236.754 39780
236.779 40120
236.804 40460
236.83 40800
236.855 41140
236.88 41480
236.905 41820
236.93 42160
236.956 42500
236.981 42840
237.006 43180
237.031 43520
237.057 43860
237.082 44200
237.107 44540
237.132 44880
237.157 45220
237.183 45560
237.208 45900
237.233 46240
237.258 46580
237.284 46920
237.309 47260
237.334 47600
237.359 47940
237.384 48280
237.397 48620
237.41 48960
237.435 49300
237.46 49640
237.473 49980
237.498 50320
237.523 50660
237.536 51000
237.548 51340
237.574 35700
238.519 36040
238.532 36380
238.544 36720
238.557 37060
238.57 37400
238.582 37740
238.595 38080
238.708 38420
238.822 38760
238.923 39100
238.998 39440
239.074 39780
239.162 40120
239.225 40460
239.301 40800
239.376 41140
239.452 41480
239.528 41820
239.591 42160
239.654 42500
239.729 42840
239.793 43180
239.868 43520
239.944 43860
240.019 44200
240.095 44540
240.183 44880
240.259 45220
240.347 45560
240.423 45900
240.524 46240
240.612 46580
240.713 46920
240.814 47260
240.927 47600
241.028 47940
241.154 48280
241.28 48620
241.432 48960
241.558 49300
241.747 49640
241.923 49980
242.15 50320
242.465 50660
242.932 51000
243.878 51340
244.823 51680
245.302 52020
245.466 52360
245.743 52700
245.945 53040
246.134 53380
246.298 53720
246.437 54060
246.462 37740
247.437 340
247.458 55080
247.584 55420
247.71 55760
247.836 56100
247.962 56440
248.089 56780
248.158 39440
249.139 340
249.236 680
249.91 1020
249.917 1360
250.145 1700
250.151 2040
250.158 2380
250.164 2720
250.38 3060
250.386 3400
250.398 4080
250.405 4420
250.411 4760
250.417 5100
250.424 5440
250.614 5780
250.62 6120
251.62 340
251.855 6460
252.171 6800
252.324 7140
252.558 7480
252.793 7820
252.925 8160
253.154 8500
253.388 5780
253.697 6120
253.71 6460
253.722 6800
253.735 7140
253.76 7480
253.88 7820
254.088 8160
254.277 8500
256.805 8840
257.158 9180
257.416 9520
257.599 9860
257.769 10200
257.927 10540
258.015 7140
258.362 7480
258.375 7820
258.387 8160
258.4 8500
258.412 8840
258.425 9180
258.438 9520
258.45 9860
258.614 10200
258.967 10540
261.678 10880
262.044 11220
262.984 11560
263.193 11900
263.384 12240
263.51 12580
263.644 12920
263.757 13260
263.866 13600
263.966 13940
264.067 14280
264.156 14620
264.244 14960
264.319 15300
264.395 15640
264.471 15980
264.534 16320
264.609 16660
264.736 17000
264.799 17340
264.912 17680
264.962 18020
265.063 18360
265.126 18700
265.215 19040
265.265 19380
265.341 19720
265.404 20060
265.454 20400
265.517 20740
265.568 21080
265.618 21420
265.669 21760
265.732 22100
265.769 22440
265.82 22780
265.87 23120
265.908 23460
265.958 23800
265.996 24140
266.047 24480
266.085 24820
266.135 25160
266.173 25500
266.211 25840
266.248 26180
266.286 26520
266.337 26860
266.362 27200
266.4 27540
266.438 27880
266.475 28220
266.513 28560
266.551 28900
266.589 29240
266.627 29580
266.665 29920
266.69 30260
266.728 30600
266.765 30940
266.803 31280
266.828 31620
266.854 31960
266.891 32300
266.917 32640
266.955 32980
266.98 33320
267.018 33660
267.043 34000
267.081 34340
267.106 34680
267.144 35020
267.169 35360
267.207 35700
267.232 36040
267.27 36380
267.295 36720
267.333 37060
267.345 37400
267.383 37740
267.408 38080
267.434 38420
267.459 38760
267.484 39100
267.509 39440
267.534 39780
267.56 40120
267.585 40460
267.61 40800
267.635 41140
267.661 41480
267.686 41820
267.711 42160
267.736 42500
267.761 42840
267.787 43180
267.812 43520
267.837 43860
267.862 44200
267.888 44540
267.913 44880
267.938 45220
267.963 45560
267.988 45900
268.014 46240
268.039 46580
268.064 46920
268.089 47260
268.114 47600
268.14 47940
268.165 48280
268.19 48620
268.215 48960
268.241 49300
268.266 49640
268.291 49980
268.304 50320
268.329 50660
268.354 51000
268.367 51340
268.392 51680
268.404 52020
268.43 52360
268.442 52700
268.467 53040
268.493 53380
268.505 53720
268.518 54060
268.543 54400
268.568 54740
268.581 55080
268.594 55420
268.619 55760
268.644 56100
268.657 56440
268.669 56780
268.694 57120
268.707 57460
268.732 57800
268.745 58140
268.77 58480
268.783 58820
268.808 59160
268.821 59500
268.846 59840
268.858 60180
268.884 60520
268.896 60860
268.921 61200
268.934 61540
268.959 61880
268.972 62220
268.997 62560
269.01 62900
269.035 63240
269.047 63580
269.073 63920
269.085 64260
269.11 64600
269.123 64940
269.148 65280
269.161 65620
269.186 65960
269.199 66300
269.224 66640
269.237 66980
269.262 67320
269.274 67660
269.3 68000
269.312 68340
269.337 68680
269.35 69020
269.375 69360
269.388 69700
269.413 70040
269.426 70380
269.451 70720
269.464 71060
269.489 71400
269.501 71740
269.527 72080
269.539 72420
269.564 72760
269.577 73100
269.602 73440
269.615 73780
269.64 74120
269.653 74460
269.678 74800
269.69 75140
269.716 75480
269.728 75820
269.754 76160
269.766 76500
269.791 76840
269.804 77180
269.829 77520
269.842 77860
269.867 78200
269.886 54740
272.134 340
272.275 2040
272.805 3060
272.824 4760
273.052 5780
273.071 7480
273.102 8500
273.121 10200
273.299 11220
273.318 12920
273.349 13940
273.368 15640
273.4 16660
273.419 18360
273.45 19380
273.469 21080
273.546 22100
273.565 23800
273.597 24820
273.615 26520
273.647 27540
273.666 29240
273.697 30260
273.716 31960
273.748 32980
273.767 34680
273.798 35700
273.817 37400
273.849 38420
273.968 38760
274.101 39100
274.221 39440
274.353 39780
274.473 40120
274.574 27880
276.469 340
276.503 680
277.341 1020
277.347 1360
277.576 1700
277.582 2040
277.588 2380
277.595 2720
277.81 3060
277.816 3400
277.823 3740
277.829 4080
277.835 4420
277.842 4760
277.848 5100
277.854 5440
278.045 5780
278.051 6120
278.057 6460
278.064 6800
278.07 7140
278.076 7480
278.083 7820
278.089 8160
278.095 8500
278.101 8840
278.108 9180
278.114 9520
278.12 9860
278.127 10200
278.133 10540
278.139 10880
278.279 11220
278.286 11560
278.292 11900
278.298 12240
278.304 12580
278.311 12920
278.317 13260
278.323 13600
278.33 13940
278.336 14280
278.342 14620
278.349 14960
278.355 15300
278.361 15640
278.367 15980
278.374 16320
278.38 16660
278.386 17000
278.393 17340
278.399 17680
278.405 18020
278.412 18360
278.418 18700
278.424 19040
278.431 19380
278.475 19720
278.886 13600
279.604 13940
279.623 14280
279.636 14620
279.648 14960
279.661 15300
279.674 15640
279.686 15980
279.699 16320
279.712 16660
279.724 17000
279.737 17340
279.749 17680
279.762 18020
279.951 18360
280.203 18700
280.462 19040
280.657 13260
281.369 13600
281.382 13940
281.395 14280
281.407 14620
281.42 14960
281.433 15300
281.483 15640
281.521 15980
281.571 16320
281.647 16660
281.71 17000
281.811 17340
281.912 17680
282.101 18020
282.366 18360
282.687 18700
283.292 19040
285.158 19380
285.511 19720
285.757 20060
285.959 20400
286.261 20740
286.495 21080
286.703 21420
286.879 21760
287.012 22100
287.15 22440
287.232 22780
287.346 23120
287.434 23460
287.522 23800
287.629 24140
287.718 24480
287.787 24820
287.875 25160
287.932 25500
287.995 25840
288.058 26180
288.14 26520
288.19 26860
288.26 27200
288.329 27540
288.392 27880
288.443 28220
288.512 28560
288.575 28900
288.657 29240
288.733 29580
288.789 29920
288.84 30260
288.909 30600
288.972 30940
289.041 31280
289.079 31620
289.13 31960
289.193 32300
289.249 32640
289.306 32980
289.344 33320
289.382 33660
289.413 34000
289.439 34340
289.476 34680
289.521 35020
289.565 35360
289.59 35700
289.615 36040
289.653 36380
289.678 36720
289.716 37060
289.754 37400
289.785 37740
289.829 38080
289.867 38420
289.892 38760
289.918 39100
289.956 39440
289.981 39780
290.019 40120
290.063 40460
290.094 40800
290.132 41140
290.157 41480
290.182 41820
290.208 42160
290.233 42500
290.258 42840
290.283 43180
290.315 43520
290.34 43860
290.384 44200
290.409 44540
290.435 44880
290.46 45220
290.485 45560
290.51 45900
290.535 46240
290.561 46580
290.586 46920
290.611 47260
290.636 47600
290.662 47940
290.687 48280
290.712 48620
290.737 48960
290.762 49300
290.788 49640
290.813 49980
290.838 50320
290.876 50660
290.901 51000
290.926 51340
290.952 51680
290.977 52020
291.002 52360
291.027 52700
291.052 53040
291.078 53380
291.103 53720
291.128 54060
291.16 54400
291.172 54740
291.21 55080
291.223 55420
291.235 55760
291.26 56100
291.286 56440
291.298 56780
291.323 57120
291.349 57460
291.361 57800
291.387 58140
291.399 58480
291.424 58820
291.437 59160
291.462 59500
291.475 59840
291.5 60180
291.525 60520
291.538 60860
291.55 61200
291.576 61540
291.588 61880
291.613 62220
291.626 62560
291.651 62900
291.664 63240
291.689 63580
291.702 63920
291.727 64260
291.74 64600
291.765 64940
291.777 65280
291.803 65620
291.815 65960
291.84 66300
291.853 66640
291.878 66980
291.891 67320
291.916 67660
291.929 68000
291.954 68340
291.967 68680
291.992 69020
292.004 69360
292.03 69700
292.042 70040
292.067 70380
292.08 70720
292.105 71060
292.118 71400
292.143 71740
292.156 72080
292.181 72420
292.193 72760
292.219 73100
292.231 73440
292.256 73780
292.269 74120
292.294 74460
292.307 74800
292.332 75140
292.345 75480
292.37 75820
292.383 76160
292.408 76500
292.42 76840
292.446 77180
292.458 77520
292.483 77860
292.496 78200
292.528 54740
294.766 340
294.917 1360
295.44 3060
295.675 4760
295.706 5780
295.725 6800
295.922 8500
295.953 9520
295.972 11220
296.004 12240
296.023 13940
296.163 14960
296.181 16660
296.213 17680
296.232 19380
296.263 20400
296.282 22100
296.314 23120
296.333 24820
296.364 25840
296.383 27540
296.415 28560
296.434 30260
296.465 31280
296.484 32980
296.516 34000
296.534 35700
296.566 36720
296.585 38420
296.717 38760
296.837 39100
296.969 39440
297.089 39780
297.222 40120
297.31 27880
299.196 340
299.239 680
300.071 1020
300.077 1360
300.306 1700
300.312 2040
300.318 2380
300.324 2720
300.54 3060
300.546 3400
300.553 3740
300.559 4080
300.565 4420
300.572 4760
300.578 5100
300.584 5440
300.775 5780
300.781 6120
300.787 6460
300.794 6800
300.8 7140
300.806 7480
300.812 7820
300.819 8160
300.825 8500
300.831 8840
300.838 9180
300.844 9520
300.85 9860
300.857 10200
300.863 10540
300.869 10880
301.009 11220
301.015 11560
301.022 11900
301.028 12240
301.034 12580
301.041 12920
301.047 13260
301.053 13600
301.06 13940
301.066 14280
301.072 14620
301.078 14960
301.085 15300
301.091 15640
301.097 15980
301.104 16320
301.11 16660
301.116 17000
301.123 17340
301.129 17680
301.135 18020
301.142 18360
301.148 18700
301.154 19040
301.16 19380
301.256 13260
301.969 13600
301.981 13940
301.994 14280
302.006 14620
302.019 14960
302.032 15300
302.044 15640
302.095 15980
302.145 16320
302.196 16660
302.315 17000
302.454 17340
302.599 17680
302.75 18020
302.914 18360
303.135 18700
303.419 19040
304.062 19380
305.827 19720
306.18 20060
306.419 20400
306.779 20740
306.93 21080
307.125 21420
307.359 21760
307.554 22100
307.693 22440
307.812 22780
307.932 23120
308.039 23460
308.134 23800
308.235 24140
308.317 24480
308.418 24820
308.481 25160
308.563 25500
308.632 25840
308.695 26180
308.771 26520
308.827 26860
308.89 27200
308.947 27540
309.023 27880
309.067 28220
309.124 28560
309.187 28900
309.231 29240
309.3 29580
309.357 29920
309.439 30260
309.502 30600
309.546 30940
309.571 21420
310.384 21760
310.397 22100
310.41 22440
310.422 22780
310.435 23120
310.448 23460
310.46 23800
310.473 24140
310.485 24480
310.498 24820
310.511 25160
310.523 25500
310.536 25840
310.586 26180
310.712 26520
310.826 26860
310.952 27200
311.116 27540
311.299 27880
311.513 28220
311.671 28560
311.809 28900
311.935 29240
312.162 29580
312.395 29920
312.572 30260
312.881 30600
313.448 30940
313.536 21420
314.098 21760
314.11 22100
314.123 22440
314.135 22780
314.148 23120
314.161 23460
314.173 23800
314.186 24140
314.224 24480
314.337 24820
314.476 25160
314.564 25500
314.678 25840
314.791 26180
314.904 26520
315.005 26860
315.106 27200
315.207 27540
315.333 27880
315.459 28220
315.585 28560
315.711 28900
315.863 29240
316.027 29580
316.203 29920
316.468 30260
316.67 30600
317.224 21080
317.779 21420
317.792 21760
317.804 22100
317.817 22440
317.83 22780
317.842 23120
317.855 23460
317.867 23800
317.88 24140
317.956 24480
318.094 24820
318.183 25160
318.321 25500
318.409 25840
318.523 26180
318.649 26520
318.763 26860
318.889 27200
319.015 27540
319.141 27880
319.267 28220
319.393 28560
319.557 28900
319.695 29240
319.872 29580
320.149 29920
320.427 30260
320.982 30600
321.234 21080
321.795 21420
321.807 21760
321.82 22100
321.833 22440
321.845 22780
321.858 23120
321.87 23460
321.883 23800
321.971 24140
322.059 24480
322.186 24820
322.286 25160
322.4 25500
322.513 25840
322.602 26180
322.703 26520
322.803 26860
322.929 27200
323.03 27540
323.156 27880
323.282 28220
323.409 28560
323.572 28900
323.711 29240
323.888 29580
324.165 29920
324.442 30260
324.997 30600
326.888 30940
327.241 31280
327.481 31620
327.683 31960
327.897 32300
328.2 32640
328.401 32980
328.553 33320
328.704 33660
328.817 34000
328.943 34340
329.019 34680
329.133 35020
329.221 35360
329.309 35700
329.385 36040
329.473 36380
329.549 36720
329.612 37060
329.687 37400
329.763 37740
329.826 38080
329.889 38420
329.952 38760
330.015 39100
330.066 39440
330.129 39780
330.179 40120
330.229 40460
330.28 40800
330.33 41140
330.381 41480
330.431 41820
330.482 42160
330.532 42500
330.57 42840
330.62 43180
330.658 43520
330.709 43860
330.746 44200
330.797 44540
330.835 44880
330.872 45220
330.923 45560
330.961 45900
330.986 46240
331.024 46580
331.062 46920
331.099 47260
331.137 47600
331.175 47940
331.213 48280
331.251 48620
331.289 48960
331.326 49300
331.364 49640
331.402 49980
331.427 50320
331.465 50660
331.49 51000
331.528 51340
331.553 51680
331.591 52020
331.616 52360
331.654 52700
331.679 53040
331.717 53380
331.742 53720
331.78 54060
331.805 54400
331.843 54740
331.869 55080
331.906 55420
331.932 55760
331.969 56100
331.995 56440
332.02 56780
332.058 57120
332.07 57460
332.095 57800
332.133 58140
332.146 58480
332.171 58820
332.196 59160
332.222 59500
332.247 59840
332.272 60180
332.297 60520
332.322 60860
332.348 61200
332.373 61540
332.398 61880
332.423 62220
332.448 62560
332.474 62900
332.499 63240
332.524 63580
332.549 63920
332.575 64260
332.6 64600
332.625 64940
332.65 65280
332.675 65620
332.701 65960
332.726 66300
332.751 66640
332.776 66980
332.802 67320
332.827 67660
332.852 68000
332.877 68340
332.902 68680
332.928 69020
332.953 69360
332.978 69700
333.003 70040
333.016 70380
333.028 70720
333.054 71060
333.079 71400
333.091 71740
333.117 72080
333.129 72420
333.155 72760
333.167 73100
333.192 73440
333.205 73780
333.23 74120
333.243 74460
333.274 52020
335.501 340
335.701 2040
336.193 3740
336.225 5440
336.453 7140
336.484 8840
336.516 10540
336.547 12240
336.713 13940
336.744 15640
336.776 17340
336.807 19040
336.839 20740
336.87 22440
336.902 24140
336.933 25840
336.972 27540
337.004 29240
337.035 30940
337.067 32640
337.098 34340
337.13 36040
337.161 37740
337.288 38080
337.414 38420
337.546 38760
337.678 39100
337.817 27200
339.672 340
339.746 680
340.553 1020
340.559 1360
340.788 1700
340.794 2040
340.8 2380
340.806 2720
341.022 3060
341.028 3400
341.035 3740
341.041 4080
341.047 4420
341.054 4760
341.06 5100
341.066 5440
341.257 5780
341.263 6120
341.269 6460
341.276 6800
341.282 7140
341.288 7480
341.294 7820
341.301 8160
341.307 8500
341.313 8840
341.32 9180
341.326 9520
341.332 9860
341.339 10200
341.345 10540
341.351 10880
341.491 11220
341.497 11560
341.504 11900
341.51 12240
341.516 12580
341.523 12920
341.529 13260
341.535 13600
341.542 13940
341.548 14280
341.554 14620
341.56 14960
341.567 15300
341.573 15640
341.579 15980
341.586 16320
341.592 16660
341.598 17000
341.605 17340
341.611 17680
341.617 18020
341.624 18360
341.63 18700
341.636 19040
341.668 13260
342.394 13600
342.413 13940
342.438 14280
342.451 14620
342.463 14960
342.476 15300
342.488 15640
342.514 15980
342.577 16320
342.671 16660
342.785 17000
342.936 17340
343.1 17680
343.295 18020
343.497 18360
343.793 18700
344.417 19040
346.176 19380
346.536 19720
346.781 20060
347.021 20400
347.361 20740
347.582 21080
347.74 21420
347.765 14960
348.509 15300
348.521 15640
348.547 15980
348.572 16320
348.597 16660
348.635 17000
348.673 17340
348.711 17680
348.761 18020
348.811 18360
348.874 18700
348.937 19040
349.026 19380
349.139 19720
349.341 20060
349.499 20400
349.732 20740
350.06 21080
350.74 21420
352.417 21760
352.758 22100
353.004 22440
353.363 22780
353.647 23120
353.785 23460
354.056 23800
354.315 24140
354.485 24480
354.63 24820
354.769 25160
354.888 25500
354.964 25840
355.065 26180
355.159 26520
355.248 26860
355.336 27200
355.431 27540
355.519 27880
355.582 28220
355.645 28560
355.721 28900
355.796 29240
355.859 29580
355.935 29920
355.985 30260
356.048 30600
356.111 30940
356.162 31280
356.212 31620
356.275 31960
356.313 32300
356.364 32640
356.414 32980
356.464 33320
356.515 33660
356.565 34000
356.603 34340
356.654 34680
356.691 35020
356.742 35360
356.78 35700
356.83 36040
356.868 36380
356.906 36720
356.944 37060
356.981 37400
357.019 37740
357.057 38080
357.095 38420
357.133 38760
357.17 39100
357.208 39440
357.246 39780
357.284 40120
357.322 40460
357.347 40800
357.385 41140
357.423 41480
357.448 41820
357.486 42160
357.511 42500
357.549 42840
357.574 43180
357.612 43520
357.637 43860
357.675 44200
357.7 44540
357.738 44880
357.763 45220
357.801 45560
357.826 45900
357.877 31960
358.721 32300
358.734 32640
358.746 32980
358.759 33320
358.772 33660
358.784 34000
358.797 34340
358.81 34680
358.822 35020
358.835 35360
358.847 35700
358.86 36040
358.91 36380
359.024 36720
359.112 37060
359.2 37400
359.301 37740
359.389 38080
359.465 38420
359.553 38760
359.642 39100
359.73 39440
359.818 39780
359.906 40120
359.995 40460
360.083 40800
360.184 41140
360.285 41480
360.386 41820
360.486 42160
360.6 42500
360.726 42840
360.839 43180
360.965 43520
361.129 43860
361.281 44200
361.482 44540
361.684 44880
361.962 45220
362.378 45560
363.222 45900
364.244 46240
364.647 32300
365.492 32640
365.504 32980
365.517 33320
365.53 33660
365.542 34000
365.555 34340
365.567 34680
365.58 35020
365.593 35360
365.605 35700
365.618 36040
365.63 36380
365.643 36720
365.656 37060
365.681 37400
365.807 37740
365.946 38080
366.059 38420
366.16 38760
366.261 39100
366.362 39440
366.463 39780
366.551 40120
366.639 40460
366.727 40800
366.816 41140
366.929 41480
367.03 41820
367.143 42160
367.244 42500
367.358 42840
367.484 43180
367.623 43520
367.749 43860
367.912 44200
368.076 44540
368.278 44880
368.48 45220
368.757 45560
369.186 45900
370.031 46240
371.014 46580
371.128 32300
371.979 32640
371.991 32980
372.004 33320
372.016 33660
372.029 34000
372.042 34340
372.054 34680
372.067 35020
372.079 35360
372.092 35700
372.105 36040
372.117 36380
372.13 36720
372.155 37060
372.269 37400
372.382 37740
372.495 38080
372.571 38420
372.672 38760
372.76 39100
372.849 39440
372.937 39780
373.025 40120
373.113 40460
373.202 40800
373.302 41140
373.391 41480
373.492 41820
373.58 42160
373.693 42500
373.794 42840
373.908 29920
374.689 30260
374.702 30600
374.715 30940
374.727 31280
374.74 31620
374.752 31960
374.765 32300
374.778 32640
374.79 32980
374.803 33320
374.815 33660
374.828 34000
374.929 34340
375.03 34680
375.143 35020
375.244 35360
375.32 35700
375.408 36040
375.509 36380
375.597 36720
375.698 37060
375.786 37400
375.887 37740
375.975 38080
376.076 38420
376.177 38760
376.278 39100
376.404 39440
376.517 39780
376.644 40120
376.782 40460
376.908 40800
377.06 41140
377.249 41480
377.438 41820
377.69 42160
378.081 42500
378.875 42840
380.098 43180
380.464 43520
380.892 43860
381.208 44200
381.409 44540
381.611 44880
381.775 45220
381.926 45560
381.964 31620
382.796 31960
382.809 32300
382.821 32640
382.834 32980
382.847 33320
382.859 33660
382.872 34000
382.884 34340
382.897 34680
382.91 35020
382.922 35360
382.935 35700
382.985 36040
383.099 36380
383.174 36720
383.275 37060
383.364 37400
383.464 37740
383.54 38080
383.616 38420
383.704 38760
383.792 39100
383.881 39440
383.969 39780
384.057 40120
384.145 40460
384.246 40800
384.347 41140
384.448 41480
384.561 41820
384.662 42160
384.788 42500
384.914 42840
385.053 43180
385.204 43520
385.368 43860
385.532 30600
386.333 30940
386.345 31280
386.358 31620
386.371 31960
386.383 32300
386.396 32640
386.408 32980
386.421 33320
386.434 33660
386.446 34000
386.459 34340
386.471 34680
386.509 35020
386.623 35360
386.736 35700
386.837 36040
386.925 36380
387.026 36720
387.114 37060
387.215 37400
387.304 37740
387.404 26180
388.098 26520
388.111 26860
388.123 27200
388.136 27540
388.148 27880
388.161 28220
388.174 28560
388.186 28900
388.199 29240
388.211 29580
388.224 29920
388.35 30260
388.451 30600
388.564 30940
388.665 31280
388.754 31620
388.854 31960
388.943 32300
389.043 32640
389.144 32980
389.245 33320
389.346 33660
389.447 34000
389.548 34340
389.674 34680
389.8 35020
389.926 35360
390.052 35700
390.216 36040
390.38 36380
390.594 36720
390.821 37060
391.162 37400
391.855 37740
393.368 38080
393.444 26520
394.616 26860
394.629 27200
394.641 27540
394.654 27880
394.667 28220
394.679 28560
394.692 28900
394.704 29240
394.717 29580
394.73 29920
394.742 30260
394.755 30600
394.768 30940
394.856 31280
395.045 31620
395.146 31960
395.259 32300
395.385 32640
395.499 32980
395.6 33320
395.701 33660
395.814 34000
395.927 34340
396.028 34680
396.154 35020
396.28 35360
396.407 35700
396.57 36040
396.709 36380
396.873 36720
397.1 37060
397.327 37400
397.667 37740
398.373 38080
399.886 38420
