0.0 0
0.538823 3400
1.08073 3740
1.08704 4420
1.09334 5100
1.09965 5780
1.10595 6460
1.3091 6800
1.62536 7480
1.63167 8160
1.63797 8840
1.64428 9520
1.65058 10200
1.65688 10880
1.66319 11560
1.66949 12240
1.6758 12920
1.85373 13600
2.16999 14280
2.1763 14960
2.1826 15640
2.18891 16320
2.19521 17000
2.20151 17680
2.20782 18360
2.21412 19040
2.22043 19720
2.22673 20400
2.23303 21080
2.23934 21760
2.24564 22440
2.25195 23120
2.25825 23800
2.26455 24480
2.27086 25160
2.27716 25840
2.39836 26520
2.40467 27200
2.71463 27880
2.72093 28560
2.72723 29240
2.73354 29920
2.73984 30600
2.74615 31280
2.75245 31960
2.75875 32640
2.76506 33320
2.77136 34000
2.77767 34680
2.78397 35360
2.79027 36040
2.79658 36720
2.80288 37400
2.80919 38080
2.81549 38760
2.82179 39440
2.8281 40120
2.8344 40800
2.84071 41480
2.84701 42160
2.85331 42840
2.85962 43520
2.86592 44200
2.87223 44880
2.87853 45560
2.88483 46240
2.89114 46920
2.89744 47600
2.90375 48280
2.91005 48960
2.91635 49640
2.92266 50320
2.92896 51000
2.93527 51680
2.94299 52360
2.9493 53040
2.9556 53720
2.96191 54400
3.25926 55080
3.26556 55760
3.27186 56440
3.27817 57120
3.28447 57800
3.29078 58480
3.29708 59160
3.30338 59840
3.30969 60520
3.31599 61200
3.3223 61880
3.3286 62560
3.3349 63240
3.34121 63920
3.34751 64600
3.35382 65280
3.36012 65960
3.36642 66640
3.37273 67320
3.37903 68000
3.38534 68680
3.39164 69360
3.39794 70040
3.40425 70720
3.41055 71400
3.41686 72080
3.42316 72760
3.42946 73440
3.43577 74120
3.44207 74800
3.44838 75480
3.45468 76160
3.46098 76840
3.46729 77520
3.47359 78200
3.4799 78880
3.4862 79560
3.4925 80240
3.49881 80920
3.50511 81600
3.51142 82280
3.51772 82960
3.52402 83640
3.53033 84320
3.53663 85000
3.54294 85680
3.54924 86360
3.55554 87040
3.56185 87720
3.56815 88400
3.57446 89080
3.58076 89760
3.58706 90440
3.59337 91120
3.59967 91800
3.60598 92480
3.61228 93160
3.61858 93840
3.62489 94520
3.63119 95200
3.6375 95880
3.6438 96560
3.6501 97240
3.65641 97920
3.66271 98600
3.66902 99280
3.67532 99960
3.68162 100640
3.69423 70380
4.66438 70720
4.67069 71060
4.67699 71400
4.6833 71740
4.6896 72080
4.6959 72420
4.70221 72760
4.70851 73100
4.71482 73440
4.72112 73780
4.72742 74120
4.73373 74460
4.74003 74800
4.74634 75140
4.75264 75480
4.75894 75820
4.76525 76160
4.77155 76500
4.77786 76840
4.78416 77180
4.82198 77520
4.89763 77860
4.92285 54400
5.6415 54740
5.69127 55080
5.69757 55420
5.70388 55760
5.71018 56100
5.71649 56440
5.72279 56780
5.72909 57120
5.7354 57460
5.7417 57800
5.74801 58140
5.75431 58480
5.76061 58820
5.76692 59160
5.77322 59500
5.77953 59840
5.78583 60180
5.79213 60520
5.84257 60860
5.91821 61200
5.98125 61540
6.04429 61880
6.10733 62220
6.15777 62560
6.24536 62900
6.29579 63240
6.34622 63580
6.39665 63920
6.45339 64260
6.49752 64600
6.55425 64940
6.59838 65280
6.64881 65620
6.69924 65960
6.75598 66300
6.80641 66640
6.85684 66980
6.91358 67320
6.97032 67660
7.02705 68000
7.08379 68340
7.14052 68680
7.19726 69020
7.254 69360
7.31704 69700
7.38008 70040
7.44312 70380
7.50616 70720
7.5692 71060
7.63854 71400
7.71419 71740
7.78353 72080
7.85918 72420
7.94113 72760
8.02624 73100
8.03569 51000
8.70707 51340
8.7852 51680
8.79151 52020
8.79781 52360
8.80412 52700
8.81042 53040
8.81672 53380
8.82303 53720
8.82933 54060
8.83564 54400
8.84194 54740
8.84824 55080
8.85455 55420
8.86085 55760
8.86716 56100
8.87346 56440
8.87976 56780
8.88607 57120
8.94911 57460
9.02476 57800
9.08149 58140
9.14453 58480
9.20127 58820
9.32668 59160
9.36451 59500
9.40863 59840
9.45907 60180
9.5095 60520
9.55993 60860
9.61036 61200
9.66079 61540
9.71123 61880
9.76796 62220
9.81839 62560
9.87513 62900
9.93187 63240
9.9886 63580
10.0453 63920
10.1021 64260
10.1588 64600
10.2219 64940
10.2786 65280
10.3479 65620
10.411 65960
10.4803 66300
10.5434 66640
10.6127 66980
10.6883 67320
10.764 67660
10.8396 68000
10.9153 68340
11.0035 68680
11.0918 69020
11.1864 69360
11.2935 69700
11.4007 70040
11.5079 70380
11.6339 70720
11.7663 71060
11.9176 71400
12.0563 71740
12.2707 72080
12.4409 72420
12.775 72760
13.4495 73100
14.9877 73440
15.0003 51340
15.678 51680
15.7498 52020
15.7561 52360
15.7624 52700
15.7687 53040
15.775 53380
15.7813 53720
15.7876 54060
15.7939 54400
15.8002 54740
15.8065 55080
15.8128 55420
15.8191 55760
15.8254 56100
15.8317 56440
15.838 56780
15.8444 57120
15.8507 57460
15.857 57800
15.8633 58140
15.8696 58480
15.8759 58820
15.92 59160
15.9956 59500
16.1028 59840
16.1974 60180
16.3322 60520
16.389 60860
16.452 61200
16.5151 61540
16.5781 61880
16.6285 62220
16.6853 62560
16.742 62900
16.7987 63240
16.8555 63580
16.9185 63920
16.9753 64260
17.032 64600
17.1013 64940
17.1644 65280
17.2337 65620
17.2968 65960
17.3661 66300
17.4291 66640
17.4985 66980
17.5741 67320
17.6498 67660
17.7254 68000
17.8011 68340
17.883 68680
17.9713 69020
18.0595 69360
18.1541 69700
18.2613 70040
18.3684 70380
18.4756 70720
18.6017 71060
18.7341 71400
18.8917 71740
19.0304 72080
19.2447 72420
19.4212 72760
19.7553 73100
20.4362 73440
21.9554 73780
22.3084 74120
22.5543 74460
22.7497 52020
23.4369 52360
23.5024 52700
23.5087 53040
23.515 53380
23.5213 53720
23.5276 54060
23.5339 54400
23.5402 54740
23.5465 55080
23.5528 55420
23.5591 55760
23.5654 56100
23.5717 56440
23.578 56780
23.5843 57120
23.5906 57460
23.5969 57800
23.6032 58140
23.6096 58480
23.6159 58820
23.6978 59160
23.7861 59500
23.8554 59840
23.9248 60180
24.047 60520
24.0911 60860
24.1416 61200
24.1983 61540
24.255 61880
24.3118 62220
24.3622 62560
24.4189 62900
24.4694 63240
24.5198 63580
24.5765 63920
24.6333 64260
24.69 64600
24.7531 64940
24.8098 65280
24.8728 65620
24.9296 65960
24.9926 66300
25.0493 66640
25.1124 66980
25.1754 67320
25.2448 67660
25.3141 68000
25.3519 47600
25.9792 47940
26.0857 48280
26.092 48620
26.0983 48960
26.1046 49300
26.1109 49640
26.1172 49980
26.1235 50320
26.1298 50660
26.1361 51000
26.1424 51340
26.1487 51680
26.155 52020
26.1613 52360
26.1676 52700
26.1739 53040
26.1803 53380
26.1929 53720
26.2685 54060
26.3379 54400
26.4009 54740
26.4639 55080
26.6272 55420
26.665 55760
26.7154 56100
26.7659 56440
26.8163 56780
26.8667 57120
26.9172 57460
26.9676 57800
27.018 58140
27.0685 40460
27.6351 40800
27.811 41140
27.8173 41480
27.8236 41820
27.8299 42160
27.8362 42500
27.8425 42840
27.8488 43180
27.8551 43520
27.8614 43860
27.8677 44200
27.874 44540
27.8803 44880
27.8866 45220
27.8929 45560
27.8992 45900
27.9056 46240
27.9119 46580
27.9938 46920
28.0568 47260
28.1262 47600
28.3556 47940
28.3871 48280
28.4376 48620
28.4817 48960
28.5384 49300
28.5952 49640
28.6519 49980
28.7086 50320
28.7654 50660
28.9192 51000
28.9759 51340
29.0263 51680
29.0894 52020
29.1461 52360
29.2155 52700
29.2848 53040
29.3541 53380
29.4985 53720
29.5678 54060
29.6498 54400
29.7317 54740
29.8326 55080
29.9832 55420
30.0841 55760
30.2102 56100
30.3173 56440
30.456 56780
30.6539 57120
30.8304 57460
31.1134 57800
31.2206 40120
31.7621 40460
31.9292 40800
31.9355 41140
31.9418 41480
31.9481 41820
31.9544 42160
31.9607 42500
31.967 42840
31.9733 43180
31.9796 43520
31.9859 43860
31.9922 44200
31.9985 44540
32.0048 44880
32.0111 45220
32.0174 45560
32.0237 45900
32.03 46240
32.0868 46580
32.1743 46920
32.2374 47260
32.4706 47600
32.4895 47940
32.5463 48280
32.5904 48620
32.6471 48960
32.7039 49300
32.7606 49640
32.8173 49980
32.8741 50320
33.031 50660
33.0878 51000
33.1445 51340
33.2012 51680
33.2643 52020
33.3336 52360
33.403 52700
33.4723 53040
33.563 37060
34.646 37400
34.7941 37740
34.8004 38080
34.8068 38420
34.8131 38760
34.8194 39100
34.8257 39440
34.832 39780
34.8383 40120
34.8446 40460
34.8509 40800
34.8572 41140
34.8635 41480
34.8698 41820
34.9013 42160
34.9644 42500
35.0274 42840
35.0936 43180
35.3388 43520
35.364 43860
35.4081 44200
35.4522 44540
35.5027 44880
35.5531 45220
35.6035 45560
35.6603 45900
35.717 46240
35.9055 46580
35.9622 46920
36.0126 47260
36.0757 47600
36.1387 47940
36.2018 48280
36.2459 33660
36.8031 34000
37.042 34340
37.0483 34680
37.0546 35020
37.0609 35360
37.0672 35700
37.0735 36040
37.0798 36380
37.0861 36720
37.0924 37060
37.0987 37400
37.1051 37740
37.1114 38080
37.1177 38420
37.124 38760
37.1303 39100
37.1618 39440
37.2185 39780
37.2879 40120
37.5866 40460
37.6056 40800
37.6623 41140
37.7127 41480
37.7695 41820
37.8325 42160
37.8829 42500
37.946 42840
38.1754 43180
38.2321 43520
38.3015 43860
38.3645 44200
38.4339 44540
38.5158 44880
38.7326 45220
38.8146 45560
38.8965 45900
38.9974 46240
39.2331 46580
39.3403 46920
39.4853 47260
39.7652 47600
39.9669 47940
40.521 48280
42.3787 48620
42.7342 48960
43.0235 49300
43.1748 49640
43.345 49980
43.6186 50320
43.8266 50660
43.9842 51000
44.1789 51340
44.2924 51680
44.3681 52020
44.4626 52360
44.5572 52700
44.7047 53040
44.7677 53380
44.8371 53720
44.9064 54060
44.9757 54400
45.0451 54740
45.1018 55080
45.2146 55420
45.2714 55760
45.3281 56100
45.3785 56440
45.429 56780
45.4794 57120
45.5298 57460
45.5803 57800
45.6307 58140
45.6748 58480
45.753 58820
45.7971 59160
45.8412 59500
45.8853 59840
45.9232 60180
45.9673 60520
46.0051 60860
46.0492 61200
46.0871 61540
46.1249 61880
46.1627 62220
46.2068 62560
46.2447 62900
46.285 63240
46.3228 63580
46.3606 63920
46.3921 64260
46.43 64600
46.4615 64940
46.4993 65280
46.5371 65620
46.5687 65960
46.6002 66300
46.638 66640
46.6695 66980
46.701 67320
46.7326 67660
46.7704 68000
46.7956 68340
46.8271 68680
46.8586 69020
46.8902 69360
46.9217 69700
46.9532 70040
46.9847 70380
47.0162 70720
47.0415 71060
47.073 71400
47.1045 71740
47.1297 72080
47.1549 72420
47.1864 72760
47.2117 73100
47.2432 73440
47.2684 73780
47.2999 74120
47.3251 74460
47.3567 74800
47.3819 75140
47.4071 75480
47.4323 75820
47.4575 76160
47.4827 76500
47.508 76840
47.5332 77180
47.5584 77520
47.5836 77860
47.6088 78200
47.634 78540
47.6592 78880
47.6845 79220
47.7097 79560
47.7349 79900
47.7601 80240
47.7853 80580
47.8105 80920
47.8295 81260
47.8484 81600
47.8736 81940
47.8988 82280
47.9177 82620
47.9429 82960
47.9618 83300
47.9871 83640
48.006 83980
48.0312 84320
48.0501 84660
48.0753 85000
48.0942 85340
48.1194 85680
48.1384 86020
48.1636 86360
48.1825 86700
48.2077 87040
48.2266 87380
48.2518 87720
48.2707 88060
48.296 88400
48.3149 88740
48.3401 89080
48.359 89420
48.3779 89760
48.3968 90100
48.4157 90440
48.4346 90780
48.4536 91120
48.4725 91460
48.4914 91800
48.5103 92140
48.5292 92480
48.5481 92820
48.567 93160
48.5859 93500
48.6048 93840
48.6238 94180
48.6427 94520
48.6616 94860
48.6805 95200
48.6994 95540
48.7183 95880
48.7372 96220
48.7561 96560
48.7751 96900
48.794 97240
48.8129 97580
48.8318 97920
48.8507 98260
48.8696 98600
48.8885 98940
48.9074 99280
48.9264 99620
48.9453 99960
48.9642 100300
48.9831 100640
49.002 100980
49.0209 101320
49.0398 101660
49.0524 102000
49.0713 102340
49.0903 102680
49.1029 103020
49.1155 103360
49.1344 103700
49.147 104040
49.1659 104380
49.1785 104720
49.1974 105060
49.21 105400
49.2289 105740
49.2416 106080
49.2605 106420
49.2731 106760
49.292 107100
49.3046 107440
49.3235 107780
49.3361 108120
49.355 108460
49.3676 108800
49.3865 109140
49.3992 109480
49.4181 109820
49.4307 110160
49.4496 110500
49.4622 110840
49.4811 111180
49.4937 111520
49.5126 111860
49.5252 112200
49.5441 112540
49.5568 112880
49.5757 113220
49.5883 113560
49.6072 113900
49.6198 114240
49.6387 114580
49.6513 114920
49.6702 115260
49.6828 115600
49.7017 115940
49.7144 116280
49.7333 116620
49.7459 116960
49.7648 117300
49.7774 117640
49.7963 117980
49.8089 118320
49.8278 118660
49.8404 119000
49.8593 119340
49.872 119680
49.8909 120020
49.9035 120360
49.9224 120700
49.935 121040
49.9539 121380
49.9665 121720
49.9854 122060
49.998 122400
50.0106 122740
50.0232 123080
50.0359 123420
50.0485 123760
50.0611 124100
50.08 124440
50.0863 124780
50.0989 125120
50.1115 125460
50.1241 125800
50.1367 126140
50.1493 126480
50.1619 126820
50.1745 127160
50.1872 127500
50.1998 127840
50.2124 128180
50.225 128520
50.2376 128860
50.2502 129200
50.2628 129540
50.2754 129880
50.288 130220
50.3006 130560
50.3132 130900
50.3258 131240
50.3384 131580
50.3511 131920
50.3637 132260
50.3763 132600
50.3889 132940
50.4015 133280
50.4141 133620
50.4267 133960
50.4393 134300
50.4519 134640
50.4645 134980
50.4771 135320
50.4897 135660
50.5024 136000
50.515 136340
50.5276 136680
50.5402 137020
50.5528 137360
50.5654 137700
50.578 138040
50.5906 138380
50.6032 138720
50.6158 139060
50.6284 139400
50.641 139740
50.6536 140080
50.6663 140420
50.6789 140760
50.6915 141100
50.7041 141440
50.7167 141780
50.7293 142120
50.7419 142460
50.7545 142800
50.7671 143140
50.7797 143480
50.7923 143820
50.8049 144160
50.8176 144500
50.8302 144840
50.8428 145180
50.8554 145520
50.868 145860
50.8806 146200
50.8932 146540
50.9058 146880
50.9184 147220
50.931 147560
50.9436 147900
50.9562 148240
50.9688 148580
50.9815 148920
50.9941 149260
51.0067 149600
51.0193 149940
51.0319 150280
51.0445 150620
51.0571 150960
51.0697 151300
51.0823 151640
51.0949 151980
51.1075 152320
51.1201 152660
51.1328 153000
51.1454 153340
51.158 153680
51.1706 154020
51.1832 154360
51.1958 154700
51.2147 155040
51.221 155380
51.2336 155720
51.2462 156060
51.2588 156400
51.2714 156740
51.284 157080
51.2967 157420
51.3093 157760
51.3219 158100
51.3345 158440
51.3471 158780
51.3597 159120
51.3723 159460
51.3849 159800
51.3912 160140
51.3975 160480
51.4101 160820
51.4227 161160
51.429 161500
51.4416 161840
51.4543 162180
51.4606 162520
51.4669 162860
51.4795 163200
51.4921 163540
51.4984 163880
51.5047 164220
51.5173 164560
51.5299 164900
51.5362 165240
51.5425 165580
51.5551 165920
51.5677 166260
51.574 166600
51.5803 166940
51.5929 167280
51.6056 167620
51.6119 167960
51.6182 168300
51.6308 168640
51.6434 168980
51.6497 169320
51.656 169660
51.6686 170000
51.6812 170340
51.6875 170680
51.6938 171020
51.7064 171360
51.7127 171700
51.7253 172040
51.7316 172380
51.7442 172720
51.7505 173060
51.7632 173400
51.7695 173740
51.7821 174080
51.7884 174420
51.801 174760
51.8073 175100
51.8199 175440
51.8262 175780
51.8388 176120
51.8451 176460
51.8577 176800
51.864 177140
51.8766 177480
51.8829 177820
51.8955 178160
51.9018 178500
51.9144 178840
51.9208 179180
51.9334 179520
51.9397 179860
51.9523 180200
51.9586 180540
51.9712 180880
51.9775 181220
51.9901 181560
51.9964 181900
52.009 182240
52.0153 182580
52.0279 182920
52.0342 183260
52.0468 183600
52.0531 183940
52.0657 184280
52.072 184620
52.0847 184960
52.091 185300
52.1036 185640
52.1099 185980
52.1225 186320
52.1288 186660
52.1414 187000
52.1477 187340
52.1603 187680
52.1666 188020
52.1792 188360
52.1855 188700
52.1981 189040
52.2044 189380
52.217 189720
52.2233 190060
52.236 190400
52.2423 190740
52.2549 191080
52.2612 191420
52.2738 191760
52.2801 192100
52.2927 192440
52.299 192780
52.3116 193120
52.3179 193460
52.3305 193800
52.3368 194140
52.3494 194480
52.3557 194820
52.3683 195160
52.3746 195500
52.3872 195840
52.403 137020
55.203 340
55.4573 2040
56.0467 3740
56.0625 5440
56.6008 7140
56.6166 8840
56.6323 10540
56.6481 12240
57.1549 13940
57.1707 15640
57.1864 17340
57.2022 19040
57.2179 20740
57.2337 22440
57.2495 24820
57.6995 25840
57.709 27540
57.7247 29240
57.7405 30940
57.7563 32640
57.772 34340
57.7878 36040
57.8035 37740
57.8193 39440
57.8351 41140
57.8508 42840
57.8666 44540
57.8823 46240
57.8981 47940
57.9139 48960
57.9233 49980
58.2442 51680
58.2599 53380
58.2757 54400
58.2851 56100
59.7045 340
60.246 57460
60.8379 57800
60.8978 58140
60.964 58480
61.0239 58820
61.0901 59160
61.15 59500
61.2162 59840
61.2761 60180
61.351 60520
61.4109 60860
61.4771 61200
61.537 42500
62.6654 42840
62.6749 43180
62.6812 43520
62.6875 43860
62.6938 44200
62.7001 44540
62.7064 44880
62.7127 45220
62.7253 45560
62.7379 45900
62.7568 46240
62.7694 46580
62.7883 46920
62.8073 47260
62.8262 32980
63.8254 33320
63.8317 33660
63.8443 34000
63.8569 23800
64.73 24140
64.7457 24480
64.752 24820
64.7647 25160
64.7773 25500
64.7899 25840
64.8025 26180
64.8151 26520
64.834 26860
64.8529 27200
64.8718 27540
64.8907 27880
64.9096 28220
64.9349 28560
64.9664 28900
64.9916 29240
65.0231 29580
65.0609 29920
65.1051 30260
65.1429 30600
65.1996 30940
65.2564 31280
65.332 31620
65.4203 31960
65.5022 32300
65.6661 32640
65.8647 32980
66.1295 33320
66.4195 33660
66.9837 34000
68.9284 34340
69.2815 34680
69.5336 35020
69.7291 35360
69.9371 35700
70.2208 36040
70.4256 36380
70.5927 36720
70.7314 37060
70.8512 37400
70.9741 37740
71.0718 38080
71.1695 38420
71.2672 38760
71.3555 39100
71.4406 39440
71.5162 39780
71.5982 40120
71.6707 40460
71.7432 40800
71.7968 41140
71.8598 41480
71.926 41820
71.9764 42160
72.0395 42500
72.0931 42840
72.1592 43180
72.2097 43520
72.2664 43860
72.32 44200
72.3736 44540
72.4177 44880
72.4681 45220
72.5123 45560
72.5595 45900
72.6068 46240
72.6478 46580
72.6888 46920
72.7392 47260
72.7802 47600
72.818 47940
72.8558 48280
72.8905 48620
72.9283 48960
72.9725 49300
73.0008 49640
73.0418 49980
73.0828 50320
73.1269 50660
73.1647 51000
73.1994 51340
73.2435 51680
73.253 36040
75.1757 36380
75.1852 25160
76.0803 25500
76.0898 25840
76.0961 26180
76.1024 26520
76.1087 26860
76.115 27200
76.1213 27540
76.1276 27880
76.1339 28220
76.1402 28560
76.1465 28900
76.1528 29240
76.1591 29580
76.1654 29920
76.1717 30260
76.178 30600
76.1843 30940
76.1907 31280
76.197 31620
76.2033 31960
76.2159 22100
77.0701 22440
77.0795 22780
77.0858 23120
77.0921 23460
77.0984 23800
77.1047 24140
77.111 24480
77.1173 24820
77.1236 25160
77.1299 25500
77.1363 25840
77.1426 26180
77.1489 26520
77.1552 26860
77.1615 27200
77.1678 27540
77.1741 27880
77.1804 28220
77.1867 28560
77.193 28900
77.1993 29240
77.2686 29580
77.401 29920
77.546 30260
77.7099 30600
77.9116 30940
78.1543 31280
78.4569 31620
78.5263 22100
79.3742 22440
79.3805 22780
79.3868 23120
79.3931 23460
79.3994 23800
79.412 24140
79.4246 24480
79.4372 24820
79.4561 25160
79.475 25500
79.4939 25840
79.5129 26180
79.5381 26520
79.5633 26860
79.5885 27200
79.6263 27540
79.6579 27880
79.702 28220
79.7524 28560
79.8028 28900
79.8659 29240
79.9541 29580
80.0172 20400
80.8367 20740
80.843 21080
80.8493 21420
80.8556 21760
80.8619 22100
80.8682 22440
80.8745 22780
80.8808 23120
80.8934 23460
80.9123 23800
80.9313 24140
80.9565 24480
80.9817 24820
81.0069 25160
81.0384 25500
81.0699 25840
81.1078 26180
81.1582 26520
81.2149 26860
81.2654 27200
81.3473 27540
81.4293 27880
81.5617 28220
81.7791 28560
82.025 28900
82.2803 29240
82.7626 29580
84.8933 29920
85.2463 30260
85.2716 21080
86.8003 21420
86.8097 14960
88.1998 15300
88.2061 15640
88.2124 15980
88.2187 16320
88.225 16660
88.2313 17000
88.2376 17340
88.2439 17680
88.2502 18020
88.2565 18360
88.2628 18700
88.2691 19040
88.2786 19380
88.288 13260
89.0035 13600
89.013 13940
89.0193 14280
89.0256 14620
89.0319 14960
89.0382 15300
89.0445 15640
89.0508 15980
89.0571 16320
89.0634 16660
89.0697 17000
89.076 17340
89.0823 17680
89.0886 18020
89.0949 18360
89.2273 18700
89.4732 19040
89.8262 19380
92.5432 19720
92.8963 20060
93.1421 20400
93.3407 20740
93.5077 21080
93.6527 21420
93.7788 21760
93.9017 22100
94.0121 22440
94.1066 22780
94.2075 23120
94.2926 23460
94.3745 23800
94.4533 24140
94.5321 24480
94.6078 24820
94.6771 25160
94.7402 25500
94.8095 25840
94.8726 26180
94.9293 26520
94.986 26860
95.0459 27200
95.1027 27540
95.1531 27880
95.2855 28220
95.4052 28560
95.4935 28900
95.5818 29240
95.6322 29580
95.7047 29920
95.7614 30260
95.8245 30600
95.8812 30940
95.9442 31280
95.9947 31620
96.0483 31960
96.0955 32300
96.1491 32640
96.1838 32980
96.2311 33320
96.2752 33660
96.3193 34000
96.3603 34340
96.4076 34680
96.4359 35020
96.4769 35360
96.5116 35700
96.5557 36040
96.5904 36380
96.6188 36720
96.6629 37060
96.7007 37400
96.7354 37740
96.7732 38080
96.8079 38420
96.8489 38760
96.8835 39100
96.9182 39440
96.9466 39780
96.9781 40120
97.0096 40460
97.0411 40800
97.0727 41140
97.1042 41480
97.1357 41820
97.1735 42160
97.1987 42500
97.2334 42840
97.2681 43180
97.2996 43520
97.3311 43860
97.3626 44200
97.3815 44540
97.4068 44880
97.4383 45220
97.4667 45560
97.4856 45900
97.5108 46240
97.5391 46580
97.5581 46920
97.5864 47260
97.6148 47600
97.6463 47940
97.6652 48280
97.6873 48620
97.7188 48960
97.7472 49300
97.7724 49640
97.7976 49980
97.8228 50320
97.8543 50660
97.8733 51000
97.9048 51340
97.9237 51680
97.9584 52020
97.9773 52360
98.0088 52700
98.0372 53040
98.0624 53380
98.0907 53720
98.116 54060
98.1317 54400
98.1538 54740
98.179 55080
98.2011 55420
98.2137 55760
98.2357 56100
98.2641 56440
98.2862 56780
98.3019 57120
98.3177 57460
98.3335 57800
98.3618 58140
98.3776 58480
98.3965 58820
98.4186 59160
98.4343 59500
98.4595 59840
98.4784 60180
98.5005 60520
98.5194 60860
98.5383 61200
98.5635 61540
98.5825 61880
98.6014 62220
98.6234 62560
98.6423 62900
98.6613 63240
98.677 63580
98.6959 63920
98.7211 64260
98.7432 64600
98.7558 64940
98.781 65280
98.7968 65620
98.8252 65960
98.8378 66300
98.8598 66640
98.8819 66980
98.9008 67320
98.9229 67660
98.9386 68000
98.9639 68340
98.9828 68680
98.9985 69020
99.0174 69360
99.0427 69700
99.0647 70040
99.0836 70380
99.0994 70720
99.1246 71060
99.1467 71400
99.1656 71740
99.1876 72080
99.2034 72420
99.2255 72760
99.2412 73100
99.2664 73440
99.2854 73780
99.3011 74120
99.3232 74460
99.3389 74800
99.3579 75140
99.3799 75480
99.3957 75820
99.4051 76160
99.424 76500
99.443 76840
99.4556 77180
99.4682 77520
99.4871 77860
99.5028 78200
99.5155 78540
99.5312 78880
99.5407 79220
99.5596 79560
99.5722 79900
99.5911 80240
99.61 80580
99.6195 80920
99.6352 81260
99.651 81600
99.6699 81940
99.6857 82280
99.7014 82620
99.714 82960
99.7329 83300
99.7487 83640
99.7613 83980
99.7739 84320
99.7928 84660
99.8023 85000
99.8243 85340
99.837 85680
99.8527 86020
99.8653 86360
99.8779 86700
99.8937 87040
99.9126 87380
99.9221 87720
99.941 88060
99.9536 88400
99.9725 88740
99.9883 89080
100.001 89420
100.013 89760
100.032 90100
100.048 90440
100.061 90780
100.08 91120
100.095 91460
100.105 91800
100.127 92140
100.143 92480
100.155 92820
100.174 93160
100.19 93500
100.203 93840
100.215 94180
100.234 94520
100.25 94860
100.266 95200
100.278 95540
100.291 95880
100.313 96220
100.326 96560
100.344 96900
100.36 97240
100.376 97580
100.392 97920
100.404 98260
100.42 98600
100.436 98940
100.448 99280
100.461 99620
100.477 99960
100.489 100300
100.505 100640
100.515 100980
100.53 101320
100.549 101660
100.562 102000
100.575 102340
100.587 102680
100.606 103020
100.622 103360
100.631 103700
100.644 104040
100.666 104380
100.682 104720
100.697 105060
100.713 105400
100.726 105740
100.742 106080
100.751 106420
100.77 106760
100.786 107100
100.795 107440
100.808 107780
100.82 108120
100.839 108460
100.855 108800
100.868 109140
100.89 109480
100.902 109820
100.915 110160
100.931 110500
100.94 110840
100.962 111180
100.975 111520
100.991 111860
101 112200
101.016 112540
101.028 112880
101.047 113220
101.057 113560
101.073 113900
101.088 114240
101.101 114580
101.117 114920
101.129 115260
101.148 115600
101.164 115940
101.173 116280
101.192 116620
101.208 116960
101.221 117300
101.233 117640
101.255 117980
101.268 118320
101.281 118660
101.29 119000
101.306 119340
101.328 119680
101.34 120020
101.356 120360
101.372 120700
101.388 121040
101.4 121380
101.419 121720
101.435 122060
101.451 122400
101.467 122740
101.476 123080
101.489 123420
101.508 123760
101.523 86360
104.297 340
104.842 2040
105.384 3400
105.396 4420
105.928 5440
105.938 7140
105.954 8500
105.966 9860
106.479 10880
106.489 11900
106.498 13600
106.514 14620
106.524 15980
106.536 17340
106.549 18700
106.561 20060
107.024 21080
107.033 22440
107.046 23800
107.059 24820
107.068 25840
107.078 27200
107.09 28220
107.1 29580
107.112 30600
107.122 31960
107.134 33320
107.147 34340
107.156 91120
107.83 91460
108.133 63920
110.276 340
110.626 680
111.398 1020
111.401 1360
111.94 1700
111.943 2040
111.946 2380
111.949 2720
112.481 3060
112.484 3400
112.488 3740
112.491 4080
112.494 4420
112.497 4760
112.5 5100
112.503 5440
113.023 5780
113.026 6120
113.029 6460
113.032 6800
113.035 7140
113.039 7480
113.042 7820
113.045 8160
113.048 8500
113.051 8840
113.054 9180
113.057 9520
113.061 9860
113.064 10200
113.067 10540
113.07 10880
113.564 11220
113.567 11560
113.571 11900
113.574 12240
113.577 12580
113.58 12920
113.583 13260
113.586 13600
113.589 13940
113.593 14280
113.596 14620
113.599 14960
113.602 15300
113.605 15640
113.608 15980
113.612 16320
113.615 16660
113.618 17000
113.621 17340
113.624 17680
113.627 18020
113.63 18360
113.634 18700
113.637 19040
113.649 13260
114.437 13600
114.688 13940
114.694 14280
114.701 14620
114.707 14960
114.713 15300
114.72 15640
114.726 15980
114.732 16320
114.739 16660
114.745 17000
114.751 17340
114.758 17680
114.776 18020
114.921 18360
115.302 18700
115.803 19040
117.937 19380
118.262 19720
118.507 20060
118.705 20400
118.978 20740
119.02 21080
119.234 21420
119.519 21760
119.643 22100
119.741 22440
119.823 22780
119.905 23120
120.131 23460
120.182 23800
120.242 24140
120.302 24480
120.361 24820
120.431 25160
120.609 25500
120.673 25840
120.714 26180
120.761 26520
120.793 18360
121.344 18700
121.413 19040
121.419 19380
121.425 19720
121.438 20060
121.451 20400
121.463 20740
121.476 21080
121.495 21420
121.514 21760
121.533 22100
121.558 22440
121.685 22780
121.737 23120
121.772 23460
121.803 23800
121.847 24140
121.97 24480
122.065 24820
122.233 25160
122.395 25500
122.936 25840
123.352 26180
123.733 26520
126.072 26860
126.434 27200
126.676 27540
126.875 27880
127.039 28220
127.186 28560
127.435 28900
127.536 20060
128.078 20400
128.282 20740
128.294 21080
128.304 21420
128.313 21760
128.326 22100
128.335 22440
128.348 22780
128.361 23120
128.37 23460
128.376 23800
128.383 24140
128.525 24480
128.827 24820
128.849 25160
128.915 25500
128.94 17680
130.023 18020
130.177 18360
130.187 18700
130.196 19040
130.212 19380
130.222 19720
130.237 20060
130.247 20400
130.253 20740
130.454 21080
130.46 21420
130.479 21760
130.549 22100
130.744 22440
130.996 22780
131.046 23120
131.115 23460
131.339 23800
131.597 24140
131.802 24480
132.085 24820
132.186 25160
132.737 25500
134.563 17680
135.104 18020
135.372 18360
135.378 18700
135.384 19040
135.39 19380
135.397 19720
135.403 20060
135.409 20400
135.416 20740
135.422 21080
135.428 21420
135.435 21760
135.441 22100
135.595 22440
135.602 22780
135.849 23120
135.96 15980
136.502 16320
136.571 16660
136.577 17000
136.584 17340
136.59 17680
136.596 18020
136.681 18360
136.688 18700
136.694 19040
136.707 19380
137.002 19720
137.116 20060
137.236 20400
137.28 20740
137.569 21080
137.692 21420
137.818 21760
138.117 22100
138.331 22440
138.661 22780
139.212 23120
140.402 15980
140.944 16320
141.076 16660
141.083 17000
141.089 17340
141.095 17680
141.102 18020
141.108 18360
141.114 18700
141.279 19040
141.347 19380
141.353 19720
141.359 20060
141.366 20400
141.489 20740
141.827 21080
141.967 21420
142.194 21760
142.449 22100
142.704 22440
143 22780
143.544 23120
145.627 23460
145.965 23800
146.172 24140
146.299 24480
146.507 24820
146.784 25160
146.859 25500
147.07 25840
147.258 26180
147.363 26520
147.439 26860
147.606 27200
147.656 27540
147.867 27880
147.892 28220
147.936 28560
147.989 28900
148.141 29240
148.172 29580
148.21 29920
148.35 30260
148.421 30600
148.452 30940
148.484 31280
148.521 21760
149.069 22100
149.274 22440
149.28 22780
149.287 23120
149.293 23460
149.299 23800
149.306 24140
149.312 24480
149.318 24820
149.43 25160
149.436 25500
149.443 25840
149.51 26180
149.567 26520
149.816 26860
149.853 27200
149.984 27540
150.067 27880
150.13 28220
150.367 28560
150.436 19720
150.981 20060
151.166 20400
151.172 20740
151.178 21080
151.185 21420
151.191 21760
151.197 22100
151.204 22440
151.21 22780
151.216 23120
151.223 23460
151.446 23800
151.453 24140
151.516 24480
151.745 24820
151.796 25160
151.994 25500
152.045 25840
152.271 26180
152.334 26520
152.532 26860
152.614 27200
152.86 27540
153.102 27880
153.366 28220
153.411 19720
153.952 20060
154.166 20400
154.173 20740
154.179 21080
154.185 21420
154.192 21760
154.198 22100
154.204 22440
154.21 22780
154.217 23120
154.223 23460
154.427 23800
154.459 24140
154.711 24480
154.768 24820
154.824 25160
155.003 25500
155.252 25840
155.309 26180
155.385 26520
155.58 26860
155.857 27200
156.061 27540
156.361 27880
156.908 28220
158.775 28560
159.09 28900
159.335 29240
159.591 29580
159.698 29920
160.135 30260
160.173 30600
160.305 30940
160.44 31280
160.686 31620
160.743 31960
160.8 32300
160.869 32640
160.988 32980
161.224 33320
161.25 33660
161.294 34000
161.332 34340
161.376 34680
161.42 35020
161.514 35360
161.558 35700
161.766 36040
161.797 36380
161.823 36720
161.854 37060
161.886 37400
161.924 37740
161.955 38080
162.03 38420
162.062 38760
162.093 39100
162.125 39440
162.326 39780
162.345 40120
162.37 40460
162.396 40800
162.421 41140
162.446 41480
162.478 41820
162.503 42160
162.528 42500
162.575 42840
162.6 43180
162.625 43520
162.657 43860
162.682 44200
162.865 44540
162.89 44880
162.909 45220
162.928 45560
162.953 45900
162.972 46240
162.997 46580
163.022 46920
163.041 47260
163.066 47600
163.092 47940
163.117 48280
163.142 48620
163.167 48960
163.192 49300
163.218 49640
163.243 49980
163.397 50320
163.416 50660
163.435 51000
163.453 51340
163.472 51680
163.491 52020
163.51 52360
163.535 52700
163.554 53040
163.58 53380
163.598 53720
163.624 54060
163.643 54400
163.668 54740
163.687 55080
163.712 55420
163.731 55760
163.756 56100
163.775 56440
163.8 56780
163.819 57120
163.844 57460
163.944 57800
163.963 58140
163.982 58480
164.001 58820
164.02 59160
164.039 59500
164.058 59840
164.077 60180
164.096 60520
164.115 60860
164.134 61200
164.153 61540
164.171 61880
164.19 62220
164.209 62560
164.228 62900
164.247 63240
164.266 63580
164.285 63920
164.304 64260
164.323 64600
164.342 64940
164.361 65280
164.379 65620
164.398 65960
164.417 66300
164.436 66640
164.455 66980
164.486 67320
164.505 67660
164.524 68000
164.543 68340
164.562 68680
164.581 69020
164.599 69360
164.618 69700
164.637 70040
164.656 70380
164.675 70720
164.694 71060
164.713 71400
164.732 71740
164.751 72080
164.77 72420
164.789 72760
164.807 73100
164.826 73440
164.845 73780
164.864 74120
164.883 74460
164.902 74800
164.921 75140
164.94 75480
164.959 75820
164.978 76160
164.997 76500
165.015 76840
165.034 77180
165.053 77520
165.072 77860
165.091 78200
165.11 78540
165.129 78880
165.148 79220
165.167 79560
165.186 79900
165.205 80240
165.224 80580
165.236 80920
165.249 81260
165.268 81600
165.287 81940
165.299 82280
165.318 82620
165.331 82960
165.35 83300
165.362 83640
165.381 83980
165.394 84320
165.413 84660
165.425 85000
165.444 85340
165.457 85680
165.476 86020
165.488 86360
165.507 86700
165.52 87040
165.539 87380
165.551 87720
165.57 88060
165.583 88400
165.602 88740
165.614 89080
165.633 89420
165.646 89760
165.665 90100
165.677 90440
165.696 90780
165.709 91120
165.728 91460
165.74 91800
165.759 92140
165.772 92480
165.791 92820
165.803 93160
165.822 93500
165.835 93840
165.854 94180
165.867 94520
165.885 94860
165.898 95200
165.917 95540
165.93 95880
165.948 96220
165.961 96560
165.98 96900
165.993 97240
166.012 97580
166.024 97920
166.043 98260
166.056 98600
166.075 98940
166.087 99280
166.106 99620
166.119 99960
166.138 100300
166.15 100640
166.169 100980
166.182 101320
166.201 101660
166.213 102000
166.226 102340
166.245 102680
166.257 103020
166.27 103360
166.276 103700
166.295 104040
166.308 104380
166.32 104720
166.333 105060
166.346 105400
166.358 105740
166.371 106080
166.383 106420
166.396 106760
166.409 107100
166.421 107440
166.434 107780
166.447 108120
166.459 108460
166.472 108800
166.484 109140
166.497 109480
166.51 109820
166.522 110160
166.535 110500
166.547 110840
166.56 111180
166.573 111520
166.585 111860
166.598 112200
166.61 112540
166.623 112880
166.636 113220
166.648 113560
166.661 113900
166.673 114240
166.686 114580
166.699 114920
166.711 115260
166.724 115600
166.736 115940
166.749 116280
166.762 116620
166.774 116960
166.787 117300
166.8 117640
166.812 117980
166.825 118320
166.837 118660
166.85 119000
166.863 119340
166.875 119680
166.888 120020
166.9 120360
166.913 120700
166.926 121040
166.938 121380
166.951 121720
166.963 122060
166.976 122400
166.989 122740
167.001 123080
167.014 123420
167.026 123760
167.039 124100
167.052 124440
167.064 124780
167.077 125120
167.09 125460
167.102 125800
167.115 126140
167.127 126480
167.14 126820
167.153 127160
167.165 127500
167.178 127840
167.19 128180
167.203 128520
167.216 128860
167.228 129200
167.241 129540
167.253 129880
167.266 130220
167.279 130560
167.291 130900
167.304 131240
167.316 131580
167.329 131920
167.342 132260
167.354 132600
167.367 132940
167.379 133280
167.392 133620
167.405 133960
167.417 134300
167.43 134640
167.443 134980
167.455 135320
167.468 135660
167.48 136000
167.493 136340
167.506 136680
167.518 137020
167.531 137360
167.543 137700
167.556 138040
167.569 138380
167.581 138720
167.594 139060
167.606 139400
167.619 139740
167.632 140080
167.644 140420
167.651 140760
167.663 141100
167.669 141440
167.682 141780
167.695 142120
167.701 142460
167.714 142800
167.726 143140
167.733 143480
167.739 143820
167.751 144160
167.764 144500
167.77 144840
167.777 145180
167.789 145520
167.802 145860
167.808 146200
167.821 146540
167.827 146880
167.84 147220
167.846 147560
167.859 147900
167.865 148240
167.878 148580
167.884 148920
167.896 149260
167.903 149600
167.915 149940
167.922 150280
167.934 150620
167.941 150960
167.953 151300
167.959 151640
167.966 151980
167.978 152320
167.991 152660
167.997 153000
168.004 153340
168.016 153680
168.029 154020
168.035 154360
168.041 154700
168.054 155040
168.067 155380
168.073 155720
168.079 156060
168.092 156400
168.098 156740
168.111 157080
168.117 157420
168.13 157760
168.136 158100
168.149 158440
168.155 158780
168.167 159120
168.174 159460
168.186 159800
168.193 160140
168.205 160480
168.212 160820
168.224 161160
168.231 161500
168.243 161840
168.249 162180
168.262 162520
168.268 162860
168.281 163200
168.287 163540
168.3 163880
168.306 164220
168.319 164560
168.325 164900
168.338 165240
168.344 165580
168.357 165920
168.363 166260
168.376 166600
168.382 166940
168.394 167280
168.401 167620
168.413 167960
168.42 168300
168.432 168640
168.439 168980
168.451 169320
168.457 169660
168.47 170000
168.476 170340
168.489 170680
168.495 171020
168.508 171360
168.514 171700
168.527 172040
168.533 172380
168.546 172720
168.552 173060
168.565 173400
168.571 173740
168.584 174080
168.59 174420
168.602 174760
168.609 175100
168.621 175440
168.628 175780
168.64 176120
168.647 176460
168.659 176800
168.666 177140
168.678 177480
168.684 177820
168.697 178160
168.703 178500
168.716 178840
168.722 179180
168.735 179520
168.741 179860
168.754 180200
168.76 180540
168.773 180880
168.779 181220
168.792 181560
168.798 181900
168.811 182240
168.817 182580
168.829 182920
168.836 183260
168.848 183600
168.855 183940
168.867 184280
168.874 184620
168.886 184960
168.892 185300
168.905 185640
168.911 185980
168.924 186320
168.93 186660
168.943 187000
168.949 187340
168.962 187680
168.968 188020
168.981 188360
168.987 188700
169 189040
169.006 189380
169.019 189720
169.025 190060
169.037 190400
169.044 190740
169.056 191080
169.063 191420
169.075 191760
169.082 192100
169.094 192440
169.1 192780
169.113 193120
169.119 193460
169.132 193800
169.138 194140
169.151 194480
169.157 194820
169.17 195160
169.176 195500
169.189 195840
169.195 196180
169.208 196520
169.214 196860
169.227 197200
169.233 197540
169.245 197880
169.252 198220
169.264 198560
169.271 198900
169.283 199240
169.299 139400
172.107 340
172.341 2040
172.94 3060
172.949 4760
173.487 5780
173.497 6800
173.506 8500
173.522 10200
174.035 11220
174.045 12240
174.054 13940
174.07 15640
174.086 16660
174.095 17680
174.105 19380
174.12 21080
174.583 22100
174.592 23120
174.602 24820
174.618 25840
174.627 27540
174.643 28560
174.652 30260
174.668 31280
174.678 32980
174.693 34000
174.703 35700
174.719 36720
174.728 38420
174.744 39440
174.753 41140
174.769 42160
175.124 43860
175.14 44880
175.15 46580
175.165 47600
175.175 49300
175.191 50320
175.2 52020
175.216 53040
175.225 54740
175.241 55760
175.251 57460
175.266 58480
175.276 60180
175.292 61200
175.301 62900
175.317 63920
175.326 65620
175.342 66640
175.351 68340
175.367 69360
175.377 71060
175.392 72080
175.402 73780
175.418 74800
175.427 76500
175.443 77520
175.452 79220
175.468 80240
175.477 81940
175.493 82960
175.503 84660
175.669 85680
175.679 87380
175.694 88400
175.704 90100
175.72 91120
175.729 92820
175.745 93840
175.754 95540
175.77 96560
175.779 98260
175.846 98600
175.905 98940
175.972 99280
176.032 99620
176.098 99960
176.158 100300
176.224 100640
176.284 100980
176.35 101320
176.41 101660
176.476 102000
176.536 102340
176.602 102680
176.662 103020
176.703 103360
177.601 103700
179.028 340
179.57 99620
180.114 99960
180.121 100300
180.127 100640
180.133 100980
180.14 101320
180.146 101660
180.152 102000
180.158 102340
180.165 102680
180.171 103020
180.177 103360
180.184 103700
180.196 104040
180.203 104380
180.209 104720
180.215 105060
180.222 105400
180.228 105740
180.234 106080
180.24 106420
180.247 106760
180.253 107100
180.259 107440
180.266 107780
180.272 108120
180.278 108460
180.285 108800
180.291 109140
180.297 109480
180.316 109820
180.379 110160
180.442 110500
180.505 110840
180.568 111180
180.631 111520
180.694 111860
180.757 112200
180.82 112540
180.877 78540
183.294 340
183.783 680
184.325 1020
184.328 1360
184.866 1700
184.869 2040
184.873 2380
184.876 2720
185.408 3060
185.411 3400
185.414 3740
185.417 4080
185.42 4420
185.423 4760
185.427 5100
185.43 5440
185.949 5780
185.952 6120
185.955 6460
185.959 6800
185.962 7140
185.965 7480
185.968 101320
186.528 101660
187.364 71060
189.374 340
189.835 680
190.475 1020
190.478 1360
191.016 1700
191.019 2040
191.023 2380
191.026 2720
191.558 3060
191.561 3400
191.564 3740
191.567 4080
191.57 4420
191.574 4760
191.577 5100
191.58 5440
192.099 5780
192.102 6120
192.106 6460
192.109 6800
192.112 7140
192.115 7480
192.118 7820
192.121 8160
192.124 8500
192.128 8840
192.131 9180
192.134 9520
192.137 9860
192.14 10200
192.143 10540
192.147 10880
192.641 11220
192.644 11560
192.647 11900
192.65 12240
192.653 12580
192.656 58820
193.223 41140
195.089 41480
195.095 41820
195.102 42160
195.108 42500
195.114 42840
195.121 43180
195.127 43520
195.133 43860
195.14 44200
195.146 44540
195.152 44880
195.158 45220
195.165 45560
195.171 45900
195.177 46240
195.184 46580
195.19 46920
195.196 47260
195.203 47600
195.209 47940
195.215 48280
195.222 48620
195.228 48960
195.234 49300
195.24 49640
195.247 49980
195.253 50320
195.259 50660
195.266 51000
195.272 51340
195.278 51680
195.285 52020
195.291 52360
195.297 52700
195.486 53040
195.625 53380
195.745 53720
195.871 54060
195.984 54400
196.095 54740
196.246 55080
196.422 55420
196.589 55760
196.757 56100
196.952 56440
197.11 56780
197.229 39440
198.298 39780
198.304 40120
198.31 40460
198.317 40800
198.323 41140
198.329 41480
198.336 41820
198.342 42160
198.348 42500
198.355 42840
198.374 43180
198.392 43520
198.411 43860
198.43 44200
198.449 44540
198.474 44880
198.493 45220
198.519 45560
198.544 45900
198.575 46240
198.6 46580
198.632 46920
198.664 47260
198.689 47600
198.727 47940
198.758 48280
198.796 48620
198.84 48960
198.884 49300
198.928 49640
198.979 49980
199.023 50320
199.073 50660
199.13 51000
199.187 51340
199.272 51680
199.366 52020
199.489 52360
199.603 52700
199.729 53040
199.858 53380
199.984 53720
200.126 54060
200.265 54400
200.391 54740
200.57 55080
200.747 55420
200.98 55760
201.292 56100
201.74 56440
202.676 56780
203.574 39440
204.64 39780
204.646 40120
204.652 40460
204.659 40800
204.665 41140
204.671 41480
204.678 41820
204.684 42160
204.69 42500
204.696 42840
204.703 43180
204.709 43520
204.715 43860
204.722 44200
204.728 44540
204.734 44880
204.741 45220
204.747 45560
204.753 45900
204.759 46240
204.766 46580
204.772 46920
204.778 47260
204.785 47600
204.791 47940
204.797 48280
204.854 48620
204.917 48960
204.98 49300
205.043 49640
205.106 49980
205.176 50320
205.239 50660
205.314 51000
205.396 51340
205.472 51680
205.563 52020
205.686 52360
205.806 52700
205.819 36720
206.856 37060
206.868 37400
206.881 37740
206.893 38080
206.906 38420
206.919 38760
206.931 39100
206.944 39440
206.963 39780
206.975 40120
206.994 40460
207.007 40800
207.026 41140
207.045 41480
207.07 41820
207.089 42160
207.114 42500
207.139 42840
207.164 43180
207.19 43520
207.221 43860
207.246 44200
207.278 44540
207.309 44880
207.347 45220
207.391 45560
207.429 45900
207.473 46240
207.524 46580
207.574 46920
207.625 47260
207.675 47600
207.757 47940
207.858 48280
207.971 48620
208.085 48960
208.198 49300
208.252 34340
210.105 34680
210.112 35020
210.118 35360
210.124 35700
210.13 36040
210.137 36380
210.143 36720
210.149 37060
210.156 37400
210.162 37740
210.168 38080
210.175 38420
210.181 38760
210.187 39100
210.194 39440
210.2 39780
210.206 40120
210.212 40460
210.219 40800
210.225 41140
210.231 41480
210.238 41820
210.244 42160
210.25 42500
210.257 42840
210.263 43180
210.269 43520
210.275 43860
210.301 44200
210.414 44540
210.553 44880
210.692 45220
210.824 45560
210.931 45900
211.054 46240
211.186 46580
211.372 46920
211.58 47260
211.792 47600
211.987 47940
212.211 48280
212.491 48620
212.914 48960
213.705 49300
215.007 49640
215.357 49980
215.807 50320
216.113 50660
216.271 51000
216.494 51340
216.671 51680
216.841 52020
216.961 52360
217.071 52700
217.178 53040
217.279 53380
217.386 53720
217.49 54060
217.576 54400
217.67 54740
217.739 55080
217.821 55420
217.884 55760
217.963 56100
218.02 56440
218.083 56780
218.137 57120
218.196 57460
218.25 57800
218.307 58140
218.367 58480
218.423 58820
218.474 59160
218.537 59500
218.581 59840
218.635 60180
218.685 60520
218.739 60860
218.789 61200
218.833 61540
218.88 61880
218.925 62220
218.969 62560
219.019 62900
219.06 63240
219.095 63580
219.133 63920
219.167 64260
219.202 64600
219.233 64940
219.274 65280
219.309 65620
219.344 65960
219.375 66300
219.419 66640
219.454 66980
219.501 67320
219.536 67660
219.568 68000
219.609 68340
219.64 68680
219.675 69020
219.706 69360
219.738 69700
219.769 70040
219.801 70380
219.832 70720
219.87 71060
219.902 71400
219.936 71740
219.968 72080
219.999 72420
220.031 72760
220.056 73100
220.072 73440
220.11 73780
220.135 74120
220.16 74460
220.185 74800
220.204 75140
220.229 75480
220.261 75820
220.286 76160
220.308 76500
220.337 76840
220.365 77180
220.387 77520
220.415 77860
220.441 78200
220.463 78540
220.494 78880
220.513 79220
220.542 79560
220.57 79900
220.595 80240
220.62 80580
220.652 80920
220.68 81260
220.709 81600
220.731 81940
220.756 82280
220.787 82620
220.809 82960
220.832 83300
220.86 83640
220.876 83980
220.895 84320
220.92 84660
220.936 85000
220.958 85340
220.977 85680
220.999 86020
221.021 86360
221.04 86700
221.062 87040
221.084 87380
221.109 87720
221.122 88060
221.147 88400
221.169 88740
221.191 89080
221.216 89420
221.232 89760
221.251 90100
221.27 90440
221.292 90780
221.311 91120
221.333 91460
221.355 91800
221.377 92140
221.396 92480
221.418 92820
221.44 93160
221.459 93500
221.475 93840
221.497 94180
221.516 94520
221.538 94860
221.556 95200
221.575 95540
221.594 95880
221.62 96220
221.635 96560
221.661 96900
221.683 97240
221.695 97580
221.717 97920
221.736 98260
221.765 98600
221.787 98940
221.805 99280
221.824 99620
221.85 99960
221.872 100300
221.894 100640
221.913 100980
221.941 101320
221.957 101660
221.969 102000
221.988 102340
222.01 102680
222.026 103020
222.036 103360
222.058 103700
222.073 104040
222.092 104380
222.105 104720
222.124 105060
222.14 105400
222.149 105740
222.171 106080
222.181 106420
222.199 106760
222.215 107100
222.231 107440
222.25 107780
222.263 108120
222.278 108460
222.294 108800
222.31 109140
222.326 109480
222.341 109820
222.354 110160
222.367 110500
222.389 110840
222.404 111180
222.414 111520
222.43 111860
222.449 112200
222.467 112540
222.483 112880
222.496 113220
222.512 113560
222.524 113900
222.537 114240
222.553 114580
222.571 114920
222.59 115260
222.603 115600
222.616 115940
222.631 116280
222.647 116620
222.653 116960
222.666 117300
222.672 117640
222.685 117980
222.691 118320
222.704 118660
222.72 119000
222.735 119340
222.748 119680
222.764 120020
222.77 120360
222.783 120700
222.795 121040
222.811 121380
222.817 121720
222.83 122060
222.839 122400
222.852 122740
222.865 123080
222.874 123420
222.887 123760
222.899 124100
222.906 124440
222.918 124780
222.924 125120
222.937 125460
222.943 125800
222.956 126140
222.962 126480
222.975 126820
222.981 127160
222.997 127500
223.013 127840
223.019 128180
223.032 128520
223.038 128860
223.054 129200
223.06 129540
223.073 129880
223.088 130220
223.101 130560
223.117 130900
223.129 131240
223.136 131580
223.148 131920
223.155 132260
223.17 132600
223.183 132940
223.199 133280
223.208 133620
223.221 133960
223.237 134300
223.252 134640
223.271 134980
223.277 135320
223.296 135660
223.303 136000
223.315 136340
223.328 136680
223.341 137020
223.35 137360
223.363 137700
223.375 138040
223.388 138380
223.404 138720
223.419 139060
223.432 139400
223.438 139740
223.451 140080
223.463 140420
223.47 140760
223.482 141100
223.495 141440
223.508 141780
223.514 142120
223.526 142460
223.542 142800
223.549 143140
223.567 143480
223.58 143820
223.586 144160
223.599 144500
223.605 144840
223.621 145180
223.637 145520
223.643 145860
223.659 146200
223.665 146540
223.678 146880
223.684 147220
223.7 147560
223.712 147900
223.722 148240
223.735 148580
223.747 148920
223.753 149260
223.769 149600
223.785 149940
223.791 150280
223.807 150620
223.813 150960
223.826 151300
223.832 151640
223.845 151980
223.851 152320
223.864 152660
223.876 153000
223.886 153340
223.902 153680
223.914 154020
223.92 154360
223.933 154700
223.939 155040
223.955 155380
223.961 155720
223.974 156060
223.98 156400
223.993 156740
223.999 157080
224.012 157420
224.018 157760
224.031 158100
224.037 158440
224.05 158780
224.062 159120
224.069 159460
224.081 159800
224.094 160140
224.1 160480
224.113 160820
224.119 161160
224.132 161500
224.141 161840
224.154 162180
224.16 162520
224.173 162860
224.179 163200
224.192 163540
224.198 163880
224.21 164220
224.217 164560
224.229 164900
224.236 165240
224.248 165580
224.255 165920
224.267 166260
224.274 166600
224.286 166940
224.292 167280
224.305 167620
224.311 167960
224.324 168300
224.33 168640
224.343 168980
224.349 169320
224.362 169660
224.368 170000
224.381 170340
224.387 170680
224.4 171020
224.406 171360
224.419 171700
224.425 172040
224.437 172380
224.444 172720
224.456 173060
224.466 121040
227.258 340
227.662 2720
228.203 4420
228.219 5440
228.745 15300
229.286 17680
229.308 22100
229.349 27540
229.4 35360
229.872 37060
229.888 39440
229.91 43860
229.951 44880
229.96 46580
229.976 48960
229.998 53040
230.036 54740
230.052 55760
230.061 59840
230.099 62560
230.124 64260
230.14 65280
230.149 66980
230.165 71060
230.417 73440
230.439 77520
230.476 80240
230.502 81940
230.517 82960
230.527 84660
230.58 85000
230.653 85340
230.719 85680
230.779 86020
230.845 86360
230.896 86700
230.971 87040
231.031 87380
231.097 87720
231.157 88060
231.223 88400
231.283 88740
231.324 89080
232.156 62220
234.123 340
235.148 165240
235.154 165580
235.16 165920
235.167 166260
235.173 166600
235.179 166940
235.186 167280
235.192 167620
235.198 167960
235.204 168300
235.211 168640
235.217 168980
235.223 169320
235.23 169660
235.236 170000
235.242 170340
235.249 170680
235.255 171020
235.696 119680
237.211 340
237.268 680
237.952 1020
237.956 1360
238.494 1700
238.497 2040
238.5 2380
238.503 2720
239.035 3060
239.038 3400
239.042 3740
239.045 4080
239.048 4420
239.051 4760
239.054 5100
239.057 5440
239.577 5780
239.58 6120
239.583 6460
239.586 6800
239.589 7140
239.593 7480
239.596 7820
239.599 8160
239.602 8500
239.605 8840
239.608 9180
239.611 9520
239.615 9860
239.618 10200
239.621 10540
239.624 10880
240.118 11220
240.121 11560
240.125 11900
240.128 12240
240.131 12580
240.134 12920
240.137 13260
240.14 13600
240.143 13940
240.147 14280
240.15 14620
240.153 14960
240.156 15300
240.159 15640
240.162 15980
240.166 16320
240.169 16660
240.172 17000
240.175 17340
240.178 17680
240.181 18020
240.184 18360
240.188 18700
240.191 19040
240.194 19380
240.197 19720
240.2 20060
240.203 20400
240.207 20740
240.21 21080
240.213 21420
240.216 21760
240.66 22100
240.663 22440
240.666 22780
240.669 23120
240.672 23460
240.676 23800
240.679 24140
240.682 24480
240.685 24820
240.688 25160
240.691 25500
240.694 25840
240.698 26180
240.701 26520
240.704 26860
240.707 27200
240.71 27540
240.713 27880
240.716 28220
240.72 28560
240.723 28900
240.726 29240
240.729 29580
240.732 29920
240.735 30260
240.739 30600
240.742 30940
240.745 31280
240.748 31620
240.751 31960
240.754 32300
240.757 32640
240.761 32980
240.764 33320
240.767 33660
240.77 34000
240.773 34340
240.776 34680
240.78 35020
240.783 35360
240.786 35700
240.789 36040
240.792 36380
240.795 36720
240.798 37060
240.802 37400
240.805 37740
240.808 38080
240.811 38420
240.814 38760
240.817 39100
240.821 39440
240.824 39780
240.827 40120
240.83 40460
240.833 40800
240.836 41140
240.839 41480
240.843 41820
240.846 42160
240.849 42500
240.852 42840
240.855 43180
240.858 43520
241.201 43860
241.204 44200
241.208 44540
241.211 44880
241.214 45220
241.217 45560
241.22 45900
241.223 46240
241.226 46580
241.23 46920
241.233 47260
241.236 47600
241.239 47940
241.242 48280
241.245 48620
241.249 48960
241.252 49300
241.255 49640
241.258 49980
241.261 50320
241.264 50660
241.267 51000
241.271 51340
241.274 51680
241.277 52020
241.28 52360
241.283 52700
241.286 53040
241.289 53380
241.293 53720
241.296 54060
241.299 54400
241.302 54740
241.305 55080
241.308 55420
241.312 55760
241.315 56100
241.318 56440
241.321 56780
241.324 57120
241.327 57460
241.33 57800
241.334 58140
241.337 58480
241.34 58820
241.343 59160
241.346 59500
241.349 59840
241.353 60180
241.356 60520
241.359 60860
241.362 61200
241.365 61540
241.368 61880
241.371 62220
241.375 62560
241.378 62900
241.381 63240
241.384 63580
241.387 63920
241.39 64260
241.393 64600
241.397 64940
241.4 65280
241.403 65620
241.406 65960
241.409 66300
241.412 66640
241.416 66980
241.419 67320
241.422 67660
241.425 68000
241.428 68340
241.431 68680
241.434 69020
241.438 69360
241.441 69700
241.444 70040
241.447 70380
241.45 70720
241.453 71060
241.457 71400
241.46 71740
241.463 72080
241.466 72420
241.469 72760
241.472 73100
241.475 73440
241.479 73780
241.482 74460
241.488 74800
241.491 75820
241.501 76840
241.51 77860
241.52 78880
241.529 79900
241.538 80920
241.548 81940
241.557 82960
241.567 83980
241.576 84320
241.586 84660
241.595 85000
241.743 85340
241.752 85680
241.762 86020
241.781 86360
242.127 60180
244.131 340
244.646 680
245.276 1020
245.279 1360
245.818 1700
245.821 5440
246.365 139060
246.916 97240
248.419 340
248.587 680
249.255 1020
249.258 1360
249.797 1700
249.8 2040
249.803 2380
249.806 2720
250.338 3060
250.341 3400
250.344 3740
250.347 4080
250.351 4420
250.354 4760
250.357 5100
250.36 5440
250.88 5780
250.883 6120
250.886 6460
250.889 6800
250.892 7140
250.895 7480
250.898 7820
250.902 8160
250.905 8500
250.908 8840
250.911 9180
250.914 9520
250.917 9860
250.92 10200
250.924 10540
250.927 10880
251.421 11220
251.424 11560
251.427 11900
251.43 12240
251.434 12580
251.437 12920
251.44 13260
251.443 13600
251.446 13940
251.449 14280
251.453 14620
251.456 14960
251.459 15300
251.462 15640
251.465 15980
251.468 16320
251.471 16660
251.475 17000
251.478 17340
251.481 17680
251.484 18020
251.487 18360
251.49 18700
251.493 19040
251.497 19380
251.5 19720
251.503 20060
251.506 20400
251.509 20740
251.512 21080
251.516 21420
251.519 21760
251.962 22100
251.966 22440
251.969 22780
251.972 23120
251.975 23460
251.978 23800
251.981 24140
251.985 24480
251.988 24820
251.991 25160
251.994 25500
251.997 25840
252 26180
252.003 26520
252.007 26860
252.01 27200
252.013 27540
252.016 27880
252.019 28220
252.022 28560
252.026 28900
252.029 29240
252.032 29580
252.035 29920
252.038 30260
252.041 30600
252.044 30940
252.048 31280
252.051 31620
252.054 31960
252.057 32300
252.06 32640
252.063 32980
252.066 33320
252.07 33660
252.073 34000
252.076 34340
252.079 34680
252.082 35020
252.085 35360
252.089 35700
252.092 36040
252.095 36380
252.098 36720
252.101 37060
252.104 37400
252.107 37740
252.111 38080
252.114 38420
252.117 38760
252.12 39100
252.123 39440
252.126 39780
252.13 40120
252.133 40460
252.136 40800
252.139 41140
252.142 41480
252.145 41820
252.148 42160
252.152 42500
252.155 42840
252.158 43180
252.161 43520
252.504 43860
252.507 44200
252.51 44540
252.513 44880
252.517 45220
252.52 45560
252.523 45900
252.526 46240
252.529 46580
252.532 46920
252.535 47260
252.539 47600
252.542 71740
252.775 49980
254.98 340
255.192 680
256.027 1020
256.03 1360
256.569 1700
256.572 2040
256.575 2380
256.578 2720
257.11 3060
257.113 3400
257.116 3740
257.12 4080
257.123 4420
257.126 4760
257.129 5100
257.132 5440
257.652 5780
257.655 6120
257.658 6460
257.661 6800
257.664 7140
257.667 7480
257.671 7820
257.674 8160
257.677 8500
257.68 8840
257.683 100300
258.266 70040
260.399 340
261.263 680
261.805 1020
261.808 1360
262.346 1700
262.349 2040
262.352 2380
262.356 2720
262.888 3060
262.891 3400
262.894 3740
262.897 4080
262.9 4420
262.903 4760
262.907 5100
262.91 5440
263.429 5780
263.432 6120
263.435 6460
263.439 6800
263.442 7140
263.445 7480
263.448 7820
263.451 8160
263.454 8500
263.457 8840
263.461 9180
263.464 9520
263.467 9860
263.47 10200
263.473 10540
263.476 10880
263.971 11220
263.974 11560
263.977 11900
263.98 12240
263.983 74460
264.537 74800
264.54 75140
264.544 75480
264.547 75820
264.55 76160
264.578 76500
264.641 76840
264.692 77180
265.414 53720
268.199 340
269.098 318920
269.649 223040
271.37 340
271.618 680
272.16 1020
272.163 1360
272.701 1700
272.705 2040
272.708 2380
272.711 2720
273.243 3060
273.246 3400
273.249 3740
273.252 4080
273.256 4420
273.259 4760
273.262 5100
273.265 5440
273.784 5780
273.788 6120
273.791 6460
273.794 6800
273.797 7140
273.8 7480
273.803 7820
273.806 8160
273.81 8500
273.813 8840
273.816 9180
273.819 9520
273.822 9860
273.825 10200
273.829 10540
273.832 10880
274.326 11220
274.329 11560
274.332 11900
274.335 12240
274.338 12580
274.342 12920
274.345 13260
274.348 13600
274.351 13940
274.354 14280
274.357 14620
274.361 14960
274.364 15300
274.367 15640
274.37 15980
274.373 16320
274.376 16660
274.379 17000
274.383 17340
274.386 17680
274.389 18020
274.392 18360
274.395 18700
274.398 19040
274.402 19380
274.405 19720
274.408 20060
274.411 20400
274.414 20740
274.417 21080
274.42 21420
274.424 21760
274.867 22100
274.871 22440
274.874 22780
274.877 23120
274.88 23460
274.883 23800
274.886 24140
274.889 24480
274.893 24820
274.896 25160
274.899 25500
274.902 25840
274.905 26180
274.908 26520
274.911 26860
274.915 27200
274.918 27540
274.921 27880
274.924 28220
274.927 28560
274.93 28900
274.934 29240
274.937 29580
274.94 29920
274.943 30260
274.946 30600
274.949 30940
274.952 31280
274.956 31620
274.959 31960
274.962 32300
274.965 32640
274.968 32980
274.971 33320
274.975 33660
274.978 34000
274.981 34340
274.984 34680
274.987 35020
274.99 35360
274.993 35700
274.997 36040
275 36380
275.003 36720
275.006 37060
275.009 37400
275.012 37740
275.016 38080
275.019 38420
275.022 38760
275.025 39100
275.028 39440
275.031 39780
275.034 40120
275.038 40460
275.041 40800
275.044 41140
275.047 41480
275.05 41820
275.053 42160
275.056 42500
275.06 42840
275.063 43180
275.066 43520
275.409 43860
275.412 44200
275.415 44540
275.418 44880
275.421 45220
275.425 45560
275.428 45900
275.431 46240
275.434 46580
275.437 46920
275.44 47260
275.444 47600
275.447 47940
275.45 48280
275.453 48620
275.456 48960
275.459 49300
275.462 49640
275.466 49980
275.469 50320
275.472 50660
275.475 51000
275.478 51340
275.481 51680
275.484 52020
275.488 52360
275.491 52700
275.494 53040
275.497 53380
275.5 53720
275.503 54060
275.507 54400
275.51 54740
275.513 55080
275.516 55420
275.519 55760
275.522 56100
275.525 56440
275.529 56780
275.532 57120
275.535 57460
275.538 57800
275.541 58140
275.544 58480
275.548 58820
275.551 59160
275.554 59500
275.557 59840
275.56 60180
275.563 60520
275.566 60860
275.57 61200
275.573 61540
275.576 61880
275.579 62220
275.582 62560
275.585 62900
275.589 63240
275.592 63580
275.595 63920
275.598 64260
275.601 64600
275.604 64940
275.607 65280
275.611 65620
275.614 65960
275.617 66300
275.62 66640
275.623 66980
275.626 67320
275.629 67660
275.633 68000
275.636 68340
275.639 68680
275.642 69020
275.645 69360
275.648 69700
275.652 70040
275.655 70380
275.658 70720
275.661 71060
275.664 71400
275.667 71740
275.67 72080
275.674 72420
275.677 72760
275.68 73100
275.683 73440
275.686 73780
275.689 74120
275.693 74460
275.696 74800
275.699 75140
275.702 75480
275.705 75820
275.708 76160
275.711 76500
275.715 76840
275.718 77180
275.721 77520
275.724 77860
275.727 78200
275.73 78540
275.733 78880
275.737 79220
275.74 79560
275.743 79900
275.746 80240
275.749 80580
275.752 80920
275.756 81260
275.759 81600
275.762 81940
275.765 82280
275.768 82620
275.771 82960
275.774 83300
275.778 83640
275.781 83980
275.784 84320
275.787 84660
275.79 85000
275.793 85340
275.797 85680
275.8 86020
275.803 86360
275.806 86700
275.809 87040
275.95 87380
275.953 87720
275.957 88060
275.96 88400
275.963 88740
275.966 89080
275.969 89420
275.972 89760
275.976 90100
275.979 90440
275.982 90780
275.985 91120
275.988 91460
275.991 91800
275.994 92140
275.998 92480
276.001 92820
276.004 93160
276.007 93500
276.01 93840
276.013 94180
276.017 94520
276.02 94860
276.023 95200
276.026 95540
276.029 95880
276.032 96220
276.035 96560
276.039 96900
276.042 97240
276.045 97580
276.048 97920
276.051 98260
276.054 98600
276.057 98940
276.061 99280
276.064 99620
276.067 99960
276.07 100300
276.073 100640
276.076 100980
276.08 101320
276.083 101660
276.086 102000
276.089 102340
276.092 102680
276.095 103020
276.098 103360
276.102 103700
276.105 104040
276.108 104380
276.111 104720
276.114 105060
276.117 105400
276.121 105740
276.124 106080
276.127 106420
276.13 106760
276.133 107100
276.136 107440
276.139 107780
276.143 108120
276.146 108460
276.149 108800
276.152 109140
276.155 109480
276.158 109820
276.161 110160
276.165 110500
276.168 110840
276.171 111180
276.174 111520
276.177 111860
276.18 112200
276.184 112540
276.187 112880
276.19 113220
276.193 113560
276.196 113900
276.199 114240
276.202 114580
276.206 114920
276.209 115260
276.212 115600
276.215 115940
276.218 116280
276.221 116620
276.225 116960
276.228 117300
276.231 117640
276.234 117980
276.237 118320
276.24 118660
276.243 119000
276.247 119340
276.25 119680
276.253 120020
276.256 120360
276.259 120700
276.262 121040
276.266 121380
276.269 121720
276.272 122060
276.275 122400
276.278 122740
276.281 123080
276.284 123420
276.288 123760
276.291 124100
276.294 124440
276.297 124780
276.3 125120
276.303 125460
276.31 126140
276.313 126480
276.316 126820
276.319 127160
276.322 127500
276.325 127840
276.329 128180
276.332 128520
276.335 128860
276.338 129200
276.341 129540
276.344 129880
276.347 130220
277.756 340
278.297 74460
278.848 52020
280.226 52360
280.232 52700
280.238 53040
280.245 53380
280.251 53720
280.257 54060
280.263 54400
280.27 54740
280.276 55080
280.282 55420
280.289 55760
280.295 56100
280.301 56440
280.308 56780
280.314 57120
280.32 57460
280.326 57800
280.333 58140
280.339 58480
280.345 58820
280.352 59160
280.358 59500
280.364 59840
280.371 60180
280.377 60520
280.383 60860
280.39 61200
280.396 61540
280.402 61880
280.408 62220
280.415 62560
280.421 62900
280.427 63240
280.434 63580
280.44 63920
280.446 64260
280.453 64600
280.459 64940
280.465 65280
280.528 65620
280.629 65960
280.733 66300
280.884 66640
281.017 66980
281.143 67320
281.256 67660
281.376 68000
281.477 68340
281.572 68680
281.666 69020
281.761 69360
281.88 69700
282.013 70040
282.136 70380
282.278 70720
282.419 71060
282.574 71400
282.735 71740
282.794 49980
284.147 50320
284.153 50660
284.159 51000
284.166 51340
284.172 51680
284.185 52020
284.197 52360
284.21 52700
284.222 53040
284.241 53380
284.254 53720
284.273 54060
284.285 54400
284.304 54740
284.317 55080
284.336 55420
284.355 55760
284.374 56100
284.393 56440
284.411 56780
284.437 57120
284.456 57460
284.481 57800
284.506 58140
284.531 58480
284.556 58820
284.582 59160
284.607 59500
284.638 59840
284.664 60180
284.695 60520
284.727 60860
284.764 61200
284.796 61540
284.834 61880
284.872 62220
284.916 62560
284.954 62900
284.998 63240
285.042 63580
285.092 63920
285.136 64260
285.181 64600
285.237 64940
285.294 65280
285.376 65620
285.483 65960
285.575 66300
285.682 66640
285.789 66980
285.896 67320
286.025 67660
286.151 68000
286.277 68340
286.426 68680
286.495 47940
287.822 48280
287.828 48620
287.835 48960
287.841 49300
287.847 49640
287.86 49980
287.872 50320
287.885 50660
287.898 51000
287.916 51340
287.929 51680
287.948 52020
287.961 52360
287.98 52700
287.992 53040
288.011 53380
288.03 53720
288.049 54060
288.068 54400
288.093 54740
288.112 55080
288.137 55420
288.162 55760
288.188 56100
288.213 56440
288.232 39440
289.445 39780
289.452 40120
289.464 40460
289.477 40800
289.489 41140
289.502 41480
289.515 41820
289.527 42160
289.54 42500
289.552 42840
289.571 43180
289.584 43520
289.603 43860
289.622 44200
289.647 30940
290.75 31280
290.756 31620
290.763 31960
290.775 32300
290.788 32640
290.801 32980
290.813 33320
290.826 33660
290.845 34000
290.857 34340
290.876 34680
290.895 35020
290.914 35360
290.933 35700
290.952 36040
290.977 36380
291.002 36720
291.028 37060
291.059 37400
291.091 37740
291.122 38080
291.16 38420
291.198 38760
291.242 39100
291.286 39440
291.336 39780
291.387 40120
291.444 40460
291.513 40800
291.582 41140
291.658 41480
291.775 41820
291.935 42160
292.105 42500
292.291 42840
292.54 43180
292.764 29920
293.861 30260
293.867 30600
293.874 30940
293.88 31280
293.886 31620
293.893 31960
293.899 32300
293.905 32640
293.912 32980
293.918 33320
293.924 33660
293.931 34000
293.937 34340
293.943 34680
293.968 35020
293.987 35360
294.012 35700
294.044 36040
294.069 36380
294.101 36720
294.139 37060
294.176 37400
294.22 37740
294.265 38080
294.309 38420
294.365 38760
294.429 39100
294.492 39440
294.561 39780
294.63 40120
294.725 40460
294.813 40800
294.958 41140
295.131 41480
295.362 41820
295.607 42160
295.856 42500
296.184 42840
296.874 29920
297.971 30260
297.978 30600
297.984 30940
297.99 31280
297.997 31620
298.003 31960
298.009 32300
298.015 32640
298.022 32980
298.028 33320
298.034 33660
298.041 34000
298.047 34340
298.053 34680
298.066 35020
298.072 35360
298.079 35700
298.085 36040
298.091 36380
298.097 36720
298.104 37060
298.11 37400
298.154 37740
298.224 38080
298.293 38420
298.362 38760
298.444 39100
298.52 39440
298.614 39780
298.703 40120
298.829 40460
298.958 40800
299.147 41140
299.39 41480
299.632 41820
299.885 42160
300.209 42500
300.95 42840
302.517 43180
302.866 43520
303.125 43860
303.481 44200
303.755 44540
303.973 44880
304.165 45220
304.319 45560
304.442 45900
304.546 46240
304.65 46580
304.761 46920
304.858 47260
304.959 47600
305.038 47940
305.12 48280
305.205 48620
305.278 48960
305.357 49300
305.423 49640
305.498 49980
305.555 50320
305.599 50660
305.656 51000
305.71 51340
305.763 51680
305.823 52020
305.877 52360
305.94 52700
305.987 53040
306.034 53380
306.088 53720
306.145 54060
306.192 54400
306.23 54740
306.277 55080
306.324 55420
306.371 55760
306.412 56100
306.466 56440
306.504 56780
306.545 57120
306.589 57460
306.624 57800
306.661 58140
306.696 58480
306.724 58820
306.756 59160
306.794 59500
306.828 59840
306.86 60180
306.904 60520
306.945 60860
306.98 61200
307.011 61540
307.043 61880
307.081 62220
307.112 62560
307.144 62900
307.169 63240
307.204 63580
307.241 63920
307.276 64260
307.314 64600
307.349 64940
307.38 65280
307.412 65620
307.443 65960
307.475 66300
307.506 66640
307.528 66980
307.563 67320
307.588 67660
307.613 68000
307.645 68340
307.673 68680
307.695 69020
307.724 69360
307.749 69700
307.784 70040
307.812 70380
307.834 70720
307.865 71060
307.888 71400
307.913 71740
307.935 72080
307.957 72420
307.979 72760
308.001 73100
308.026 73440
308.048 73780
308.077 74120
308.099 74460
308.127 74800
308.155 75140
308.184 75480
308.212 75820
308.234 76160
308.256 76500
308.285 76840
308.307 77180
308.332 77520
308.351 77860
308.367 78200
308.392 78540
308.408 78880
308.43 79220
308.449 79560
308.468 79900
308.493 80240
308.515 80580
308.537 80920
308.559 81260
308.584 81600
308.603 81940
308.622 82280
308.647 82620
308.663 82960
308.682 83300
308.704 83640
308.726 83980
308.748 84320
308.77 84660
308.795 85000
308.814 85340
308.833 85680
308.858 86020
308.88 86360
308.903 86700
308.925 87040
308.95 87380
308.972 87720
308.991 88060
309.007 88400
309.029 88740
309.047 89080
309.066 89420
309.092 89760
309.114 90100
309.136 90440
309.152 90780
309.174 91120
309.196 91460
309.215 91800
309.233 92140
309.249 92480
309.274 92820
309.293 93160
309.312 93500
309.325 93840
309.341 94180
309.363 94520
309.378 94860
309.388 95200
309.404 95540
309.426 95880
309.435 96220
309.448 96560
309.47 96900
309.486 97240
309.501 97580
309.517 97920
309.536 98260
309.549 98600
309.561 98940
309.58 99280
309.593 99620
309.612 99960
309.627 100300
309.637 100640
309.656 100980
309.668 101320
309.687 101660
309.706 71060
312.483 340
313.252 1700
313.794 3740
314.335 5100
314.348 6800
314.364 8160
314.883 9520
314.896 10540
314.905 11220
314.911 11560
314.915 13260
314.93 14960
314.946 16660
315.428 18360
315.443 20060
315.459 21420
315.472 23460
315.491 24820
315.503 26180
315.516 27880
315.532 29580
315.547 31280
315.563 32980
315.579 34680
315.982 36380
315.997 37740
316.01 39440
316.026 41140
316.042 42840
316.057 44540
316.073 46240
316.089 47940
316.105 49640
316.177 49980
316.237 50320
316.294 50660
316.58 51000
316.643 51340
316.706 51680
316.775 52020
316.832 52360
316.867 36380
317.903 36720
317.913 37060
317.919 37400
317.925 37740
317.938 38080
317.95 38420
317.963 38760
317.976 39100
317.995 39440
318.007 39780
318.026 40120
318.039 40460
318.058 40800
318.076 41140
318.095 41480
318.114 41820
318.133 42160
318.158 42500
318.177 42840
318.203 43180
318.234 43520
318.281 43860
318.338 44200
318.401 44540
318.464 44880
318.527 45220
318.597 45560
318.666 45900
318.729 46240
318.792 46580
318.855 46920
318.921 47260
318.997 47600
319.082 47940
319.167 48280
319.268 48620
319.366 48960
319.479 49300
319.599 49640
319.716 49980
319.832 50320
319.99 50660
320.157 51000
320.374 51340
320.658 51680
321.068 52020
321.938 52360
322.092 36380
323.854 36720
323.86 37060
323.867 37400
323.873 37740
323.879 38080
323.886 38420
323.892 38760
323.898 39100
323.905 39440
323.911 39780
323.917 40120
323.923 40460
323.93 40800
323.936 41140
323.942 41480
323.949 41820
323.955 42160
323.961 42500
323.968 42840
323.974 43180
323.98 43520
323.986 43860
323.993 44200
323.999 44540
324.005 44880
324.012 45220
324.018 45560
324.024 45900
324.031 46240
324.037 46580
324.043 46920
324.113 47260
324.258 47600
324.365 47940
324.478 48280
324.585 48620
324.711 48960
324.882 49300
325.058 49640
325.225 49980
325.421 50320
325.619 50660
325.793 51000
326.02 51340
326.287 51680
326.703 52020
327.567 52360
328.737 52700
329.304 53040
329.695 53380
329.868 53720
330.101 54060
330.303 54400
330.454 54740
330.58 55080
330.725 55420
330.842 55760
330.962 56100
331.066 56440
331.173 56780
331.261 57120
331.346 57460
331.416 57800
331.488 58140
331.558 58480
331.633 58820
331.706 59160
331.778 59500
331.844 59840
331.911 60180
331.923 41820
332.938 42160
332.944 42500
332.957 42840
332.97 43180
332.982 43520
332.995 43860
333.007 44200
333.02 44540
333.033 44880
333.045 45220
333.064 45560
333.077 45900
333.096 46240
333.108 46580
333.127 46920
333.146 47260
333.165 47600
333.184 47940
333.209 48280
333.228 48620
333.253 48960
333.279 49300
333.304 49640
333.329 49980
333.361 50320
333.386 50660
333.417 51000
333.449 51340
333.48 51680
333.518 52020
333.556 52360
333.594 52700
333.638 53040
333.682 53380
333.726 53720
333.792 54060
333.871 54400
333.956 54740
334.054 55080
334.155 55420
334.256 55760
334.36 56100
334.476 56440
334.593 56780
334.728 57120
334.829 57460
334.974 57800
335.11 58140
335.299 58480
335.491 58820
335.734 59160
336.043 59500
336.528 59840
337.496 60180
337.991 41820
339.819 42160
339.825 42500
339.832 42840
339.838 43180
339.844 43520
339.85 43860
339.857 44200
339.863 44540
339.876 30940
340.733 31280
340.743 31620
340.749 31960
340.755 32300
340.761 32640
340.768 32980
340.774 33320
340.78 33660
340.787 34000
340.793 34340
340.799 34680
340.806 35020
340.812 35360
340.818 35700
340.824 36040
340.831 36380
340.837 36720
340.843 37060
340.85 37400
340.856 37740
340.862 38080
340.869 38420
340.875 38760
340.881 39100
340.887 39440
340.894 39780
340.9 40120
340.906 40460
340.913 40800
341.051 28560
341.88 28900
341.887 29240
341.893 29580
341.899 29920
341.906 30260
341.912 30600
341.918 30940
341.925 31280
341.931 31620
341.937 31960
341.943 32300
341.95 32640
341.956 32980
341.962 33320
341.969 33660
341.975 34000
341.981 34340
342 34680
342.038 35020
342.076 35360
342.12 35700
342.17 36040
342.221 36380
342.278 36720
342.341 37060
342.41 37400
342.492 37740
342.58 38080
342.713 38420
342.87 38760
343.037 39100
343.267 39440
343.472 39780
343.68 40120
344.024 40460
344.686 40800
346.347 41140
346.697 41480
346.949 41820
347.305 42160
347.463 42500
347.705 42840
347.91 43180
348.033 43520
348.181 43860
348.329 44200
348.443 44540
348.544 44880
348.629 45220
348.736 45560
348.818 45900
348.903 46240
348.991 46580
349.067 46920
349.146 47260
349.212 47600
349.278 47940
349.338 48280
349.388 48620
349.445 48960
349.511 49300
349.568 49640
349.631 49980
349.682 50320
349.738 50660
349.782 51000
349.839 51340
349.89 51680
349.94 52020
349.994 52360
350.041 52700
350.082 53040
350.132 53380
350.173 53720
350.217 54060
350.252 54400
350.29 54740
350.34 55080
350.381 55420
350.419 55760
350.457 56100
350.501 56440
350.539 56780
350.577 57120
350.615 57460
350.652 57800
350.69 58140
350.719 58480
350.76 58820
350.788 59160
350.819 59500
350.857 59840
350.889 60180
350.923 60520
350.955 60860
350.99 61200
351.024 61540
351.05 61880
351.087 62220
351.122 62560
351.147 62900
351.182 63240
351.207 63580
351.239 63920
351.267 64260
351.302 64600
351.33 64940
351.346 65280
351.387 65620
351.409 65960
351.434 66300
351.462 66640
351.491 66980
351.516 67320
351.535 67660
351.563 68000
351.592 68340
351.617 68680
351.639 69020
351.667 69360
351.693 69700
351.718 70040
351.749 70380
351.775 70720
351.8 71060
351.822 71400
351.856 71740
351.882 72080
351.904 72420
351.935 72760
351.96 73100
351.986 73440
352.008 73780
352.039 74120
352.068 74460
352.087 74800
352.105 75140
352.137 75480
352.165 75820
352.194 76160
352.232 76500
352.263 76840
352.301 77180
352.339 77520
352.377 77860
352.402 78200
352.433 78540
352.465 78880
352.499 79220
352.531 79560
352.563 79900
352.591 80240
352.613 80580
352.644 80920
352.667 81260
352.698 81600
352.723 81940
352.742 82280
352.771 82620
352.799 82960
352.827 83300
352.852 83640
352.881 83980
352.909 84320
352.934 84660
352.96 85000
352.982 85340
353.001 85680
353.026 86020
353.048 86360
353.067 86700
353.089 87040
353.101 87380
353.127 87720
353.142 88060
353.161 88400
353.187 88740
353.209 89080
353.231 89420
353.246 89760
353.259 90100
353.281 90440
353.294 90780
353.306 91120
353.319 91460
353.332 91800
353.344 92140
353.363 92480
353.376 92820
353.388 93160
353.401 93500
353.414 93840
353.426 94180
353.439 94520
353.458 94860
353.47 95200
353.483 95540
353.495 95880
353.508 96220
353.521 96560
353.533 96900
353.555 97240
353.577 97580
353.59 97920
353.606 98260
353.618 98600
353.637 98940
353.65 99280
353.663 99620
353.675 99960
353.688 100300
353.707 100640
353.722 100980
353.741 101320
353.757 101660
353.77 102000
353.782 102340
353.798 102680
353.814 103020
353.836 103360
353.855 103700
353.877 104040
353.889 104380
353.902 104720
353.921 105060
353.934 105400
353.949 105740
353.962 106080
353.975 106420
353.99 106760
354.012 107100
354.025 107440
354.041 107780
354.063 108120
354.075 108460
354.088 108800
354.101 109140
354.116 109480
354.135 109820
354.148 110160
354.161 110500
354.176 110840
354.192 111180
354.205 111520
354.227 111860
354.243 112200
354.255 112540
354.274 112880
354.287 113220
354.299 113560
354.312 113900
354.331 79560
355.339 340
355.425 114920
355.481 115260
355.544 115600
355.607 115940
355.67 116280
355.733 116620
355.796 116960
355.859 117300
355.923 117640
355.986 117980
356.049 118320
356.112 118660
356.127 82960
357.135 340
357.508 680
358.189 1020
358.192 1360
358.73 1700
358.733 2040
358.737 2380
358.74 2720
359.272 3060
359.275 3400
359.278 3740
359.281 4080
359.284 4420
359.288 4760
359.291 5100
359.294 5440
359.813 5780
359.816 6120
359.82 6460
359.823 6800
359.826 7140
359.829 7480
359.832 7820
359.835 8160
359.838 8500
359.842 8840
359.845 9180
359.848 9520
359.851 9860
359.854 10200
359.857 10540
359.861 10880
360.355 11220
360.358 11560
360.361 11900
360.364 12240
360.367 12580
360.37 12920
360.374 13260
360.377 13600
360.38 13940
360.383 14280
360.386 14620
360.389 14960
360.393 15300
360.396 15640
360.399 15980
360.402 16320
360.405 16660
360.408 17000
360.411 17340
360.415 17680
360.418 18020
360.421 18360
360.424 18700
360.427 19040
360.43 19380
360.434 19720
360.437 20060
360.44 20400
360.443 20740
360.446 21080
360.449 21420
360.452 21760
360.896 22100
360.899 22440
360.903 22780
360.906 23120
360.909 23460
360.912 23800
360.915 24140
360.918 24480
360.921 24820
360.925 25160
360.928 25500
360.931 25840
360.934 26180
360.937 26520
360.94 26860
360.943 27200
360.947 27540
360.95 27880
360.953 28220
360.956 28560
360.959 28900
360.962 29240
360.966 29580
360.969 29920
360.972 30260
360.975 30600
360.978 30940
360.981 31280
360.984 31620
360.988 31960
360.991 32300
360.994 32640
360.997 32980
361 33320
361.003 33660
361.007 34000
361.01 34340
361.013 34680
361.016 35020
361.019 35360
361.022 35700
361.025 36040
361.029 36380
361.032 36720
361.035 37060
361.038 37400
361.041 37740
361.044 38080
361.048 38420
361.051 38760
361.054 39100
361.057 39440
361.06 39780
361.063 40120
361.066 40460
361.07 46920
361.469 54060
361.535 61200
361.602 61540
361.668 61880
361.734 62220
361.8 62560
361.866 62900
362.039 63240
362.105 63580
363.123 340
364.405 680
364.95 1360
365.495 2040
365.501 2720
366.039 3400
366.046 4080
366.052 4760
366.058 5440
366.584 6120
366.59 6800
366.597 7480
366.603 8160
366.609 8840
366.616 9520
366.622 10200
366.628 10880
367.129 11560
367.135 12240
367.141 12920
367.148 13600
367.154 14280
367.16 14960
367.166 15640
367.173 16320
367.179 17000
367.185 17680
367.192 18360
367.198 19040
367.204 19720
367.211 20400
367.217 21080
367.223 21760
367.673 22440
367.68 23120
367.686 23800
367.692 24480
367.698 25160
367.705 25840
367.711 26520
367.717 27200
367.724 27880
367.73 28560
367.736 29240
367.743 29920
367.749 30600
367.755 31280
367.762 31960
367.768 32640
367.774 33320
367.78 34000
367.787 34680
367.793 35360
367.799 36040
367.806 36720
367.812 37400
367.818 38080
367.825 38760
367.831 39440
367.837 40120
367.843 40800
367.85 41480
367.856 42160
367.862 42840
367.869 43520
368.218 44200
368.262 44540
368.325 44880
368.388 45220
368.451 45560
368.514 45900
368.577 46240
368.781 46580
368.844 46920
368.908 47260
368.971 47600
369.034 47940
369.097 48280
369.16 48620
369.339 48960
369.402 49300
369.465 49640
369.528 49980
369.591 50320
369.654 50660
369.717 51000
369.874 51340
369.937 51680
370 52020
370.063 52360
370.126 52700
370.189 53040
370.252 53380
370.315 53720
370.45 54060
370.513 54400
370.576 54740
370.639 55080
370.702 55420
370.765 55760
370.828 56100
370.938 56440
371.001 56780
371.064 57120
371.127 57460
371.19 57800
371.253 58140
371.316 58480
371.373 40800
371.933 41140
372.106 41480
372.112 41820
372.119 42160
372.125 42500
372.131 42840
372.137 43180
372.144 43520
372.15 43860
372.156 44200
372.163 44540
372.169 44880
372.175 45220
372.182 45560
372.188 45900
372.194 46240
372.201 46580
372.207 46920
372.282 47260
372.327 32980
372.925 33320
373.004 33660
373.01 34000
373.016 34340
373.023 34680
373.198 35020
373.205 35360
373.211 35700
373.217 36040
373.224 36380
373.23 36720
373.236 37060
373.242 37400
373.249 37740
373.255 38080
373.261 38420
373.299 38760
373.362 39100
373.438 39440
373.567 39780
373.768 40120
373.819 40460
373.875 40800
373.926 41140
373.989 41480
374.052 41820
374.284 42160
374.329 42500
374.385 42840
374.448 43180
374.518 43520
374.593 43860
374.826 44200
374.902 44540
374.984 44880
375.084 45220
375.192 45560
375.43 45900
375.575 46240
375.746 46580
376.051 46920
376.599 47260
378.459 47600
378.812 47940
379.058 48280
379.255 48620
379.419 48960
379.712 49300
379.806 34340
380.889 34680
381.028 35020
381.034 35360
381.041 35700
381.047 36040
381.053 36380
381.06 36720
381.066 37060
381.072 37400
381.079 37740
381.085 38080
381.091 38420
381.097 38760
381.107 39100
381.113 39440
381.119 39780
381.145 40120
381.233 40460
381.393 40800
381.573 41140
381.623 41480
381.674 41820
381.73 42160
381.793 42500
381.878 42840
381.941 43180
382.124 43520
382.174 43860
382.231 44200
382.294 44540
382.363 44880
382.457 45220
382.659 45560
382.716 45900
382.798 46240
382.886 46580
382.983 46920
383.2 47260
383.289 47600
383.427 47940
383.547 48280
383.802 48620
384.029 48960
384.58 49300
385.187 34340
385.729 34680
385.958 35020
385.964 35360
385.971 35700
385.977 36040
385.983 36380
385.99 36720
385.996 37060
386.002 37400
386.009 37740
386.015 38080
386.021 38420
386.027 38760
386.034 39100
386.04 39440
386.046 39780
386.053 40120
386.059 40460
386.065 40800
386.072 41140
386.179 41480
386.503 41820
386.509 42160
386.572 42500
386.635 42840
386.711 43180
386.78 43520
386.862 43860
387.079 44200
387.142 44540
387.211 44880
387.281 45220
387.363 45560
387.445 45900
387.658 46240
387.734 46580
387.822 46920
387.929 47260
388.156 47600
388.269 47940
388.414 48280
388.672 48620
388.892 48960
389.443 49300
391.386 49640
391.688 49980
391.933 50320
392.132 50660
392.302 51000
392.576 51340
392.752 51680
392.91 52020
393.101 52360
393.202 36380
393.747 36720
393.895 37060
393.901 37400
393.908 37740
393.914 38080
393.92 38420
393.927 38760
393.933 39100
393.939 39440
393.945 39780
393.952 40120
393.958 40460
393.964 40800
393.971 41140
393.977 41480
393.983 41820
394.008 42160
394.134 42500
394.197 42840
394.266 43180
394.452 43520
394.503 43860
394.553 44200
394.61 44540
394.679 44880
394.735 45220
394.798 45560
394.981 45900
395.032 46240
395.082 46580
395.145 46920
395.202 47260
395.277 47600
395.334 47940
395.526 48280
395.595 48620
395.664 48960
395.753 49300
395.847 49640
395.948 49980
396.143 50320
396.244 50660
396.395 51000
396.521 51340
396.76 51680
397 52020
397.547 52360
399.458 52700
399.87 53040
400.059 53380
