0.0 0
0.601856 3400
1.20989 3740
1.2225 4420
1.2351 5100
1.24771 5780
1.26032 6460
1.46662 6800
1.82336 7480
1.83597 8160
1.84858 8840
1.86118 9520
1.87379 10200
1.8864 10880
1.89901 11560
1.91162 12240
1.92422 12920
2.0801 13600
2.43683 14280
2.44944 14960
2.46205 15640
2.47466 16320
2.48726 17000
2.49987 17680
2.51248 18360
2.52509 19040
2.5377 19720
2.5503 20400
2.56291 21080
2.57552 21760
2.58813 22440
2.60074 23120
2.61334 23800
2.62595 24480
2.63856 25160
2.65117 25840
2.69357 26520
2.70618 27200
3.0503 27880
3.06291 28560
3.07552 29240
3.08813 29920
3.10074 30600
3.11334 31280
3.12595 31960
3.13856 32640
3.15117 33320
3.16378 34000
3.17638 34680
3.18899 35360
3.2016 36040
3.21421 36720
3.22682 37400
3.23942 38080
3.25203 38760
3.26464 39440
3.27725 40120
3.28986 40800
3.30246 41480
3.31507 42160
3.32768 42840
3.34029 43520
3.3529 44200
3.3655 44880
3.37811 45560
3.39072 46240
3.40333 46920
3.41594 47600
3.42854 48280
3.44115 48960
3.45376 49640
3.46637 50320
3.47898 51000
3.49158 51680
3.50419 52360
3.5168 53040
3.52941 53720
3.54202 54400
3.66378 55080
3.67638 55760
3.68899 56440
3.7016 57120
3.71421 57800
3.72682 58480
3.73942 59160
3.75203 59840
3.76464 60520
3.77725 61200
3.78986 61880
3.80246 62560
3.81507 63240
3.82768 63920
3.84029 64600
3.8529 65280
3.8655 65960
3.87811 66640
3.89072 67320
3.90333 68000
3.91594 68680
3.92854 69360
3.94115 70040
3.95376 70720
3.96637 71400
3.97898 72080
3.99158 72760
4.00419 73440
4.0168 74120
4.02941 74800
4.04202 75480
4.05462 76160
4.06723 76840
4.07984 77520
4.09245 78200
4.10506 78880
4.11766 79560
4.13027 80240
4.14288 80920
4.15549 81600
4.1681 82280
4.1807 82960
4.19331 83640
4.20592 84320
4.21853 85000
4.23114 85680
4.24374 86360
4.25635 87040
4.26896 87720
4.28157 88400
4.29418 89080
4.30678 89760
4.31939 90440
4.332 91120
4.34461 91800
4.35722 92480
4.36982 93160
4.38243 93840
4.39504 94520
4.40765 95200
4.42026 95880
4.43286 96560
4.44547 97240
4.45808 97920
4.47069 98600
4.4833 99280
4.4959 99960
4.50851 100640
4.52112 101320
4.53373 102000
4.54634 102680
4.55894 103360
4.57155 104040
4.58416 104720
4.59677 105400
4.60938 106080
4.62198 106760
4.63459 107440
4.6472 108120
4.65981 108800
4.67242 109480
4.68502 110160
4.69763 110840
4.71024 111520
4.72285 112200
4.73546 112880
4.74806 113560
4.76067 114240
4.77328 114920
4.78589 115600
4.7985 116280
4.8111 116960
4.82371 117640
4.83632 118320
4.84893 119000
4.86154 119680
4.87414 120360
4.88675 121040
4.89936 121720
4.91197 122400
4.92458 123080
4.93718 123760
4.94979 124440
4.9624 125120
4.97501 125800
4.98762 126480
5.00022 127160
5.01283 127840
5.02544 128520
5.03805 129200
5.05066 129880
5.06326 130560
5.07587 131240
5.08848 131920
5.10109 132600
5.1137 133280
5.1263 133960
5.13891 134640
5.15152 135320
5.16413 136000
5.17674 136680
5.18934 137360
5.20195 138040
5.21456 138720
5.22717 139400
5.23978 140080
5.25238 140760
5.26499 141440
5.2776 142120
5.29021 142800
5.30282 143480
5.31542 144160
5.32803 144840
5.34064 145520
5.35325 146200
5.36586 146880
5.37846 147560
5.39107 148240
5.40368 148920
5.41629 149600
5.4289 150280
5.4415 150960
5.45411 151640
5.46672 152320
5.47933 153000
5.49194 153680
5.50454 154360
5.51715 155040
5.52976 155720
5.54237 156400
5.55498 157080
5.56758 157760
5.58019 158440
5.5928 159120
5.60541 159800
5.61802 160480
5.63062 161160
5.64323 161840
5.65584 162520
5.66845 163200
5.68106 163880
5.69366 164560
5.70627 165240
5.71888 165920
5.73149 166600
5.7441 167280
5.7567 167960
5.76931 168640
5.78192 169320
5.79453 170000
5.80714 170680
5.81974 171360
5.83235 172040
5.84496 172720
5.85757 173400
5.87018 174080
5.88278 174760
5.89539 175440
5.908 176120
5.92061 176800
5.93322 177480
5.94582 178160
5.95843 178840
5.97104 179520
5.98365 180200
5.99626 180880
6.00886 181560
6.02147 182240
6.03408 182920
6.04669 183600
6.0593 184280
6.0719 184960
6.08451 185640
6.09712 186320
6.10973 187000
6.12234 187680
6.13494 188360
6.14755 189040
6.16016 189720
6.17277 190400
6.18538 191080
6.19798 191760
6.21059 192440
6.2232 193120
6.23581 193800
6.24842 194480
6.26102 195160
6.27363 195840
6.28624 196520
6.29885 197200
6.31146 197880
6.33037 138380
10.1452 340
10.3712 1360
10.9784 1700
10.9847 2720
11.5856 3060
11.5919 4080
11.6108 4420
11.6171 5440
12.1927 5780
12.199 6800
12.218 7140
12.2243 8160
12.2432 8500
12.2495 9520
12.2684 9860
12.2747 10880
12.7999 11220
12.8062 12240
12.8251 12580
12.8314 13600
12.8503 13940
12.8566 14960
12.8756 15300
12.8819 16320
12.9008 16660
12.9071 17680
12.926 18020
12.9323 19040
12.9512 19380
12.9575 20400
12.9764 20740
12.9827 21760
13.4071 22100
13.4134 23120
13.4323 23460
13.4386 24480
13.4575 24820
13.4638 25840
13.4827 26180
13.489 27200
13.5079 27540
13.5142 28560
13.5332 28900
13.5395 29920
13.5584 30260
13.5647 31280
13.5836 31620
13.5899 32640
13.6088 32980
13.6151 34000
13.634 34340
13.6403 35360
13.6592 35700
13.6655 36720
13.6844 37060
13.6908 38080
13.7097 38420
13.716 39440
13.7349 39780
13.7412 40800
13.7601 41140
13.7664 42160
13.7853 42500
13.7916 43520
14.0142 43860
14.0205 44880
14.0395 45220
14.0458 46240
14.0647 46580
14.071 47600
14.0899 47940
14.0962 48960
14.1151 49300
14.1214 50320
14.1403 50660
14.1466 51680
14.1655 52020
14.1718 53040
14.1908 53380
14.1971 54400
14.216 54740
14.2223 55760
14.2412 56100
14.2475 57120
14.2664 57460
14.2727 58480
14.2916 58820
14.2979 59840
14.3168 60180
14.3231 61200
14.342 61540
14.3484 62560
14.3673 62900
14.3736 63920
14.3925 64260
14.3988 65280
14.4177 65620
14.424 66640
14.4429 66980
14.4492 68000
14.4681 68340
14.4744 69360
14.4933 69700
14.4996 70720
14.5186 71060
14.5249 72080
14.5438 72420
14.5501 73440
14.569 73780
14.5753 74800
14.5942 75140
14.6005 76160
14.6194 76500
14.6257 77520
14.6446 77860
14.6509 78880
14.6699 79220
14.6762 80240
14.6951 80580
14.7014 81600
14.7203 81940
14.7266 82960
14.7455 83300
14.7518 84320
14.7707 84660
14.777 85680
14.7959 86020
14.8022 87040
14.8212 87380
14.8275 88400
14.8464 88740
14.8527 89760
14.8716 90100
14.8779 91120
14.8968 91460
14.9031 92480
14.922 92820
14.9283 93840
14.9472 94180
14.9535 95200
14.9724 95540
14.9788 96560
15.1048 96900
15.2309 97240
15.357 97580
15.4831 97920
15.6092 98260
15.7352 98600
15.8613 98940
15.9874 99280
16.1135 99620
16.2396 99960
16.3656 100300
16.4917 100640
16.6178 100980
16.7439 101320
16.8447 101660
19.2675 71060
21.9665 340
22.4085 680
23.0156 1020
23.022 1360
23.6228 1700
23.6291 2040
23.6354 2380
23.6417 2720
24.23 3060
24.2363 3400
24.2426 3740
24.2489 4080
24.2552 4420
24.2615 4760
24.2678 5100
24.2741 5440
24.8372 5780
24.8435 6120
24.8498 6460
24.8561 6800
24.8624 7140
24.8687 7480
24.875 7820
24.8813 8160
24.8876 8500
24.8939 8840
24.9002 9180
24.9065 9520
24.9128 9860
24.9191 10200
24.9254 10540
24.9317 10880
25.4443 11220
25.4506 11560
25.4569 11900
25.4632 12240
25.4695 12580
25.4758 12920
25.4821 13260
25.4884 13600
25.4948 13940
25.5011 14280
25.5074 14620
25.5137 14960
25.52 15300
25.5263 15640
25.5326 15980
25.5389 16320
25.5452 16660
25.5515 17000
25.5578 17340
25.5641 17680
25.5704 18020
25.5767 18360
25.583 18700
25.5893 19040
25.5956 19380
25.6019 19720
25.6082 20060
25.6145 20400
25.6208 20740
25.6271 21080
25.6334 21420
25.6397 21760
26.0515 22100
26.0578 22440
26.0641 22780
26.0704 23120
26.0767 23460
26.083 23800
26.0893 24140
26.0956 24480
26.1019 24820
26.1082 25160
26.1145 25500
26.1208 25840
26.1271 26180
26.1334 26520
26.1397 26860
26.146 27200
26.1524 27540
26.1587 27880
26.165 28220
26.1713 28560
26.1776 28900
26.1839 29240
26.1902 29580
26.1965 29920
26.2028 30260
26.2091 30600
26.2154 30940
26.2217 31280
26.228 31620
26.2343 31960
26.2406 32300
26.2469 32640
26.2532 32980
26.2595 33320
26.2658 33660
26.2721 34000
26.2784 34340
26.2847 34680
26.291 35020
26.2973 35360
26.3036 35700
26.31 36040
26.3163 36380
26.3226 36720
26.3289 37060
26.3352 37400
26.3415 37740
26.3478 38080
26.3541 38420
26.3604 38760
26.3667 39100
26.373 39440
26.3793 39780
26.3856 40120
26.3919 40460
26.3982 40800
26.4045 41140
26.4108 41480
26.4171 41820
26.4234 42160
26.4297 42500
26.436 42840
26.4423 43180
26.4486 43520
26.6587 43860
26.665 44200
26.6713 44540
26.6776 44880
26.6839 45220
26.6902 45560
26.6965 45900
26.7028 46240
26.7091 46580
26.7154 46920
26.7217 47260
26.728 47600
26.7343 47940
26.7406 48280
26.7469 48620
26.7532 48960
26.7595 49300
26.7658 49640
26.7721 49980
26.7784 50320
26.7847 50660
26.791 51000
26.7973 51340
26.8036 51680
26.81 52020
26.8163 52360
26.8226 52700
26.8289 53040
26.8352 53380
26.8415 53720
26.8478 54060
26.8541 54400
26.8604 54740
26.8667 55080
26.9171 55420
27.0306 38760
30.0322 340
30.3591 680
31.5695 1020
31.5758 1360
32.1766 1700
32.1829 2040
32.1892 2380
32.1956 2720
32.7838 3060
32.7901 3400
32.7964 3740
32.8027 4080
32.809 4420
32.8153 4760
32.8216 5100
32.8279 5440
33.391 5780
33.3973 6120
33.4036 6460
33.4099 6800
33.4162 7140
33.4225 7480
33.4288 7820
33.4351 8160
33.4414 8500
33.4477 8840
33.454 9180
33.4603 9520
33.4666 9860
33.4729 10200
33.4792 10540
33.4855 10880
33.9981 11220
34.0044 11560
34.0108 11900
34.036 8160
34.8764 8500
34.889 8840
34.9016 9180
34.9142 9520
34.9268 9860
34.9394 10200
34.952 10540
35.1709 10880
35.307 11220
35.4962 11560
36.0592 11900
37.469 12240
37.8303 12580
38.0698 12920
38.2924 13260
38.5761 13600
38.8266 13940
38.9374 14280
39.1013 14620
39.2274 14960
39.4337 15300
39.5194 15640
39.6076 15980
39.677 16320
39.7652 16660
39.8535 17000
39.9165 17340
40.0535 17680
40.1392 18020
40.1833 18360
40.2337 18700
40.3094 19040
40.3598 19380
40.4228 19720
40.467 20060
40.5237 20400
40.5804 20740
41.3183 21080
41.4859 21420
41.5931 21760
41.7065 22100
41.8011 22440
41.8893 22780
41.9444 23120
42.0363 23460
42.0741 23800
42.1435 24140
42.1876 24480
42.2254 24820
42.2885 25160
42.3326 25500
42.4083 25840
42.4335 26180
42.4902 26520
42.5263 26860
42.5641 27200
42.612 27540
42.6687 27880
42.6939 28220
42.738 28560
42.7696 28900
42.8074 29240
42.8326 29580
42.883 29920
42.9083 30260
42.9335 30600
42.9713 30940
43.0154 31280
43.0406 31620
43.0659 31960
43.0974 32300
43.1226 32640
43.1524 32980
43.1776 33320
43.2028 33660
43.2444 34000
43.2759 34340
43.3011 34680
43.3263 35020
43.3515 35360
43.3767 35700
43.4146 36040
43.4272 36380
43.4524 36720
43.4776 37060
43.5028 37400
43.5406 37740
43.5659 38080
43.5785 38420
43.6037 38760
43.6352 39100
43.6604 39440
43.6856 39780
43.7108 40120
43.7361 40460
43.7613 40800
43.7865 41140
43.8117 41480
43.8369 41820
43.8621 42160
43.8874 42500
43.9126 42840
43.9378 43180
43.963 43520
43.9882 43860
44.0134 44200
44.0387 44540
44.0639 44880
44.0891 45220
44.1143 45560
44.1395 45900
44.1647 46240
44.19 46580
44.2152 46920
44.2404 47260
44.2656 47600
44.2908 47940
44.316 48280
44.3412 48620
44.3665 48960
44.3917 49300
44.4169 49640
44.4421 49980
44.4673 50320
44.4925 50660
44.5178 51000
44.543 51340
44.5556 51680
44.5808 52020
44.606 52360
44.6186 52700
44.6438 53040
44.6691 53380
44.6817 53720
44.6943 54060
44.7195 54400
44.7447 54740
44.7573 55080
44.7699 55420
44.7951 55760
44.8204 56100
44.833 56440
44.8456 56780
44.8708 57120
44.896 57460
44.9086 57800
44.9212 58140
44.9464 58480
44.959 58820
44.9843 59160
44.9969 59500
45.0221 59840
45.0347 60180
45.0599 60520
45.0725 60860
45.0977 61200
45.1103 61540
45.1356 61880
45.1482 62220
45.1734 62560
45.186 62900
45.2112 63240
45.2238 63580
45.249 63920
45.2616 64260
45.2868 64600
45.2995 64940
45.3247 65280
45.3373 65620
45.3625 65960
45.3751 66300
45.4003 66640
45.4129 66980
45.4381 67320
45.4508 67660
45.476 68000
45.4886 68340
45.5138 68680
45.5264 69020
45.5516 69360
45.5642 69700
45.5894 70040
45.602 70380
45.6273 70720
45.6399 71060
45.6651 71400
45.6777 71740
45.7029 72080
45.7155 72420
45.7407 72760
45.7533 73100
45.7786 73440
45.7912 73780
45.8164 74120
45.829 74460
45.8542 74800
45.8668 75140
45.892 75480
45.9046 75820
45.9299 76160
45.9425 76500
45.9677 76840
45.9803 77180
46.0055 77520
46.0181 77860
46.0433 78200
46.0559 78540
46.0812 78880
46.0938 79220
46.119 79560
46.1316 79900
46.1442 80240
46.1568 80580
46.182 80920
46.1946 81260
46.2072 81600
46.2198 81940
46.2324 82280
46.2451 82620
46.2577 82960
46.2703 83300
46.2829 83640
46.3081 83980
46.3207 84320
46.3333 84660
46.3459 85000
46.3585 85340
46.3711 85680
46.3837 86020
46.3964 86360
46.409 86700
46.4216 87040
46.4342 87380
46.4468 87720
46.4594 88060
46.4846 88400
46.4972 88740
46.5098 89080
46.5224 89420
46.535 89760
46.5476 90100
46.5603 90440
46.5729 90780
46.5855 91120
46.5981 91460
46.6107 91800
46.6233 92140
46.6359 92480
46.6485 92820
46.6611 93160
46.6737 93500
46.6863 93840
46.6989 94180
46.7116 94520
46.7242 94860
46.7368 95200
46.7494 95540
46.762 95880
46.7746 96220
46.7872 96560
46.7998 96900
46.8124 97240
46.825 97580
46.8376 97920
46.8502 98260
46.8628 98600
46.8755 98940
46.8881 99280
46.9007 99620
46.9133 99960
46.9259 100300
46.9385 100640
46.9511 100980
46.9637 101320
46.9763 101660
46.9889 102000
47.0015 102340
47.0141 102680
47.0268 103020
47.0394 103360
47.052 103700
47.0646 104040
47.0772 104380
47.0898 104720
47.1024 105060
47.115 105400
47.1276 105740
47.1402 106080
47.1528 106420
47.1654 106760
47.178 107100
47.1907 107440
47.2033 107780
47.2159 108120
47.2285 108460
47.2411 108800
47.2537 109140
47.2663 109480
47.2789 109820
47.2915 110160
47.3041 110500
47.3167 110840
47.3293 111180
47.342 111520
47.3546 111860
47.3672 112200
47.3798 112540
47.3924 112880
47.405 113220
47.4176 113560
47.4302 113900
47.4428 114240
47.4554 114580
47.468 114920
47.4806 115260
47.4932 115600
47.5059 115940
47.5185 116280
47.5311 116620
47.5437 116960
47.5563 117300
47.5689 117640
47.5815 117980
47.5941 118320
47.6067 118660
47.6193 119000
47.6319 119340
47.6445 119680
47.6572 120020
47.6698 120360
47.6824 120700
47.695 121040
47.7076 121380
47.7202 121720
47.7328 122060
47.7454 122400
47.758 122740
47.7706 123080
47.7832 123420
47.7958 123760
47.8084 124100
47.8211 124440
47.8337 124780
47.8463 125120
47.8589 125460
47.8715 125800
47.8841 126140
47.8967 126480
47.9093 126820
47.9219 127160
47.9345 127500
47.9471 127840
47.9597 128180
47.9724 128520
47.985 128860
47.9976 129200
48.0102 129540
48.0228 129880
48.0354 130220
48.048 130560
48.0606 130900
48.0732 131240
48.0858 131580
48.0984 131920
48.111 132260
48.1236 132600
48.1363 132940
48.1489 133280
48.1615 133620
48.1741 133960
48.1867 134300
48.1993 134640
48.2119 134980
48.2245 135320
48.2371 135660
48.2497 136000
48.2623 136340
48.2749 136680
48.2876 137020
48.3002 137360
48.3128 137700
48.3254 138040
48.338 138380
48.3506 138720
48.3632 139060
48.3758 139400
48.3884 139740
48.401 140080
48.4136 140420
48.4262 140760
48.4388 141100
48.4515 141440
48.4641 141780
48.4767 142120
48.4893 142460
48.5019 142800
48.5145 143140
48.5271 143480
48.5397 143820
48.5523 144160
48.5649 144500
48.5775 144840
48.5901 145180
48.6028 145520
48.6154 145860
48.628 146200
48.6406 146540
48.6532 146880
48.6658 147220
48.6784 147560
48.691 147900
48.7036 148240
48.7225 103700
52.4845 340
52.5743 1360
53.5136 2380
53.5325 3400
54.1333 4420
54.1523 5440
54.1712 6460
54.1901 7480
54.7531 8500
54.772 9520
54.7909 10540
54.8099 11560
54.8288 12580
54.8477 13600
54.8666 14620
54.8855 15640
55.3729 16660
55.3918 17680
55.4107 18700
55.4296 19720
55.4485 20740
55.4675 21760
55.4864 22780
55.5053 23800
55.5242 24820
55.5431 25840
55.562 26860
55.5809 27880
55.5998 28900
55.6188 29920
55.6377 30940
55.6566 31960
55.9927 32980
56.0116 34000
56.0305 35020
56.0494 36040
56.0683 37060
56.0872 38080
56.1061 39100
56.1251 40120
56.144 41140
56.1629 42160
56.1818 43180
56.2007 44200
56.2196 45220
56.2385 46240
56.2574 47260
56.2764 48280
56.2953 49300
56.3142 50320
56.3331 51340
56.352 52360
56.3709 53380
56.3898 54400
56.4087 55420
56.4276 56440
56.4466 57460
56.4655 58480
56.4844 59500
56.5033 60520
56.5222 61540
56.5411 62560
56.56 63580
56.5789 64600
56.6124 65620
56.6314 66640
56.6503 67660
56.6692 68680
56.6881 69700
56.707 70720
56.7259 71740
56.7448 72760
56.8583 73100
56.9907 73440
57.1231 73780
57.2365 74120
57.3689 74460
57.5013 74800
57.6148 75140
57.7472 75480
57.8796 75820
57.993 76160
58.1443 53040
61.4776 340
62.7652 680
63.3723 1020
63.3786 1360
63.9795 1700
63.9858 2040
63.9921 2380
63.9984 2720
64.5867 3060
64.593 3400
64.5993 3740
64.6056 4080
64.6119 4420
64.6182 4760
64.6245 5100
64.6308 5440
65.1938 5780
65.2001 6120
65.2064 6460
65.2127 6800
65.219 7140
65.2253 7480
65.2316 7820
65.238 8160
65.2443 8500
65.2506 8840
65.2569 9180
65.2632 9520
65.2695 9860
65.2758 10200
65.2821 10540
65.2884 10880
65.801 11220
65.8073 11560
65.8136 11900
65.8199 12240
65.8262 12580
65.8325 12920
65.8388 13260
65.8451 13600
65.8514 13940
65.8577 14280
65.864 14620
65.8703 14960
65.8766 15300
65.8829 15640
65.8892 15980
65.8956 16320
65.9019 16660
65.9082 17000
65.9145 17340
65.9208 17680
65.9271 18020
65.9334 18360
65.9397 18700
65.946 19040
65.9523 19380
65.9586 19720
65.9649 20060
65.9712 20400
65.9775 20740
65.9838 21080
65.9901 21420
65.9964 21760
66.4082 22100
66.4145 22440
66.4208 22780
66.4271 23120
66.4334 23460
66.4397 23800
66.446 24140
66.4523 24480
66.4586 24820
66.4649 25160
66.4712 25500
66.4775 25840
66.4838 26180
66.4901 26520
66.4964 26860
66.5027 27200
66.509 27540
66.5153 27880
66.5216 28220
66.5279 28560
66.5342 28900
66.5405 29240
66.5468 29580
66.5532 29920
66.5595 30260
66.5658 30600
66.5721 30940
66.5784 31280
66.5847 31620
66.591 31960
66.5973 32300
66.6036 32640
66.6099 32980
66.6162 33320
66.6225 33660
66.6288 34000
66.6351 34340
66.6414 34680
66.6477 35020
66.654 35360
66.6603 35700
66.6666 36040
66.6729 36380
66.6792 36720
66.6855 37060
66.6981 37400
67.0279 37740
67.154 38080
67.2108 26520
68.6102 26860
68.6292 27200
68.6418 27540
68.6544 27880
68.667 28220
68.6796 28560
68.6922 28900
68.7174 29240
68.7426 29580
68.7678 29920
68.7931 30260
68.8183 30600
68.8561 30940
68.8813 31280
68.9191 31620
68.957 31960
68.9948 32300
69.0326 32640
69.083 32980
69.1713 33320
69.2722 33660
69.3856 34000
69.4991 34340
69.6252 34680
69.7639 35020
69.8773 35360
69.9971 35700
70.1673 36040
70.3438 36380
70.6023 36720
70.9238 37060
71.321 37400
71.9135 37740
72.5628 38080
73.168 38420
73.3887 38760
73.7291 39100
73.9939 39440
74.1893 39780
74.3658 40120
74.5234 40460
74.6747 40800
74.8134 41140
74.9458 41480
75.0655 41820
75.1601 42160
75.242 42500
75.3429 42840
75.4312 43180
75.4816 43520
75.5636 43860
75.6329 44200
75.7085 44540
75.7716 44880
75.8346 45220
75.904 45560
75.9607 45900
76.0364 46240
76.0994 46580
76.1561 46920
76.2129 47260
76.2696 47600
76.32 47940
76.3831 48280
76.4398 48620
76.4965 48960
76.547 49300
76.61 49640
76.6478 49980
76.692 50320
76.7361 50660
76.7802 51000
76.8307 51340
76.8748 51680
76.9189 52020
76.9504 52360
76.9946 52700
77.0324 53040
77.0639 53380
77.108 53720
77.1459 54060
77.1837 54400
77.2278 54740
77.2656 55080
77.3098 55420
77.3287 55760
77.3791 56100
77.398 56440
77.4232 56780
77.4548 57120
77.4926 57460
77.5178 57800
77.543 58140
77.5871 58480
77.6187 58820
77.6502 59160
77.6691 59500
77.7132 59840
77.7321 60180
77.7636 60520
77.7952 60860
77.833 61200
77.8582 61540
77.9023 61880
77.9339 62220
77.9717 62560
78.0032 62900
78.0284 63240
78.0599 63580
78.0978 63920
78.1293 64260
78.1671 64600
78.1923 64940
78.2238 65280
78.2554 65620
78.2806 65960
78.3184 66300
78.3499 66640
78.3814 66980
78.4067 67320
78.4319 67660
78.476 68000
78.5075 68340
78.539 68680
78.5643 69020
78.5895 69360
78.6273 69700
78.6588 70040
78.6777 70380
78.7219 70720
78.7408 71060
78.7723 71400
78.8101 71740
78.8353 72080
78.8542 72420
78.8984 72760
78.9173 73100
78.9299 73440
78.9488 73780
78.9803 74120
78.9929 74460
79.0308 74800
79.0434 75140
79.056 75480
79.0812 75820
79.0938 76160
79.1064 76500
79.1253 76840
79.1505 77180
79.1694 77520
79.182 77860
79.2073 78200
79.2199 78540
79.2451 78880
79.264 79220
79.2829 79560
79.2955 79900
79.327 80240
79.3396 80580
79.3649 80920
79.3775 81260
79.3964 81600
79.4153 81940
79.4405 82280
79.4531 82620
79.4783 82960
79.4909 83300
79.5162 83640
79.5288 83980
79.554 84320
79.5666 84660
79.5918 85000
79.6044 85340
79.6296 85680
79.6485 59840
83.3516 340
84.137 2040
84.7442 3400
84.7694 4760
85.3639 6120
85.3892 7140
85.4081 8500
85.4333 9860
85.9774 11220
86.0026 12580
86.0278 14960
86.0909 10200
87.0574 10540
87.217 10880
87.2296 11220
87.2548 11560
87.2674 11900
87.2926 12240
87.3178 12580
87.343 12920
87.3998 13260
87.488 13600
87.6141 13940
87.8872 14280
88.1141 14620
88.6708 14960
89.8663 15300
90.2528 15640
90.4734 15980
90.86 16320
90.9797 16660
91.2067 17000
91.3958 17340
91.568 17680
91.7004 18020
91.7886 18360
91.8832 18700
92.0093 19040
92.0995 19380
92.1878 19720
92.276 20060
92.3454 20400
92.4399 20740
92.4967 21080
92.5723 21420
92.6543 21760
92.7173 22100
92.7804 22440
92.8497 22780
92.9127 23120
92.9632 23460
93.6755 23800
93.8457 24140
93.9864 24480
94.1125 24820
94.2133 25160
94.3016 25500
94.3583 25840
94.4151 26180
94.4655 26520
94.5222 26860
94.581 27200
94.6251 27540
94.6881 27880
94.7512 28220
94.8079 28560
94.8646 28900
94.9151 29240
94.9403 29580
94.9781 29920
95.0033 30260
95.0285 30600
95.0664 30940
95.1231 31280
95.1483 31620
95.1735 31960
95.2133 32300
95.2386 32640
95.2953 32980
95.3205 33320
95.3646 33660
95.4025 34000
95.4466 34340
95.4844 34680
95.5285 35020
95.5538 35360
95.5916 35700
95.6168 36040
95.642 36380
95.6798 36720
95.7051 37060
95.7303 37400
95.7681 37740
95.7933 38080
95.8185 38420
95.8437 38760
95.869 39100
95.9068 39440
95.932 39780
95.9572 40120
95.9824 40460
95.995 40800
96.0329 41140
96.0581 41480
96.0833 41820
96.1085 42160
96.1337 42500
96.1589 42840
96.1842 43180
96.2094 43520
96.2346 43860
96.2598 44200
96.285 44540
96.3102 44880
96.3355 45220
96.3607 45560
96.3859 45900
96.4111 46240
96.4363 46580
96.4615 46920
96.4868 47260
96.512 47600
96.5372 47940
96.5624 48280
96.5876 48620
96.6128 48960
96.638 49300
96.6633 49640
96.6885 49980
96.7137 50320
96.7389 50660
96.7641 51000
96.7893 51340
96.8146 51680
96.8398 52020
96.865 52360
96.8902 52700
96.9154 53040
96.9406 53380
96.9659 53720
96.9911 54060
97.0037 54400
97.0289 54740
97.0541 55080
97.0667 55420
97.0919 55760
97.1045 56100
97.1298 56440
97.1424 56780
97.1676 57120
97.1928 57460
97.2054 57800
97.218 58140
97.2432 58480
97.2684 58820
97.2811 59160
97.2937 59500
97.3189 59840
97.3441 60180
97.3567 60520
97.3693 60860
97.3945 61200
97.4071 61540
97.4324 61880
97.445 62220
97.4702 62560
97.4828 62900
97.508 63240
97.5206 63580
97.5458 63920
97.5584 64260
97.5836 64600
97.5963 64940
97.6215 65280
97.6341 65620
97.6593 65960
97.6719 66300
97.6971 66640
97.7097 66980
97.7349 67320
97.7476 67660
97.7728 68000
97.7854 68340
97.8106 68680
97.8232 69020
97.8484 69360
97.861 69700
97.8862 70040
97.8988 70380
97.9241 70720
97.9367 71060
97.9619 71400
97.9745 71740
97.9997 72080
98.0123 72420
98.0375 72760
98.0501 73100
98.0754 73440
98.088 73780
98.1132 74120
98.1258 74460
98.151 74800
98.1636 75140
98.1888 75480
98.2014 75820
98.2267 76160
98.2393 76500
98.2645 76840
98.2771 77180
98.3023 77520
98.3149 77860
98.3401 78200
98.3527 78540
98.378 78880
98.3906 79220
98.4158 79560
98.4284 79900
98.4536 80240
98.4662 80580
98.4914 80920
98.504 81260
98.5292 81600
98.5419 81940
98.5671 82280
98.5797 82620
98.6049 82960
98.6175 83300
98.6301 83640
98.6427 83980
98.6553 84320
98.6679 84660
98.6805 85000
98.7058 85340
98.7184 85680
98.731 86020
98.7436 86360
98.7562 86700
98.7688 87040
98.7814 87380
98.794 87720
98.8066 88060
98.8192 88400
98.8318 88740
98.8444 89080
98.8697 89420
98.8823 89760
98.8949 90100
98.9075 90440
98.9201 90780
98.9327 91120
98.9453 91460
98.9579 91800
98.9705 92140
98.9831 92480
98.9957 92820
99.0084 93160
99.021 93500
99.0336 93840
99.0462 94180
99.0588 94520
99.0714 94860
99.084 95200
99.0966 95540
99.1092 95880
99.1218 96220
99.1344 96560
99.147 96900
99.1596 97240
99.1723 97580
99.1849 97920
99.1975 98260
99.2101 98600
99.2227 98940
99.2353 99280
99.2479 99620
99.2605 99960
99.2731 100300
99.2857 100640
99.2983 100980
99.3109 101320
99.3236 101660
99.3362 102000
99.3488 102340
99.3614 102680
99.374 103020
99.3866 103360
99.3992 103700
99.4118 104040
99.4244 104380
99.437 104720
99.4496 105060
99.4622 105400
99.4748 105740
99.4875 106080
99.5001 106420
99.5127 106760
99.5253 107100
99.5379 107440
99.5505 107780
99.5631 108120
99.5757 108460
99.5883 108800
99.6009 109140
99.6135 109480
99.6261 109820
99.6388 110160
99.6514 110500
99.664 110840
99.6766 111180
99.6892 111520
99.7018 111860
99.7144 112200
99.727 112540
99.7396 112880
99.7522 113220
99.7648 113560
99.7774 113900
99.79 114240
99.8027 114580
99.8153 114920
99.8279 115260
99.8405 115600
99.8531 115940
99.8657 116280
99.8783 116620
99.8909 116960
99.9035 117300
99.9161 117640
99.9287 117980
99.9413 118320
99.954 118660
99.9666 119000
99.9792 119340
99.9918 119680
100.004 120020
100.017 120360
100.03 120700
100.042 121040
100.055 121380
100.067 121720
100.08 122060
100.093 122400
100.105 122740
100.118 123080
100.13 123420
100.143 123760
100.156 124100
100.168 124440
100.181 124780
100.194 125120
100.206 125460
100.219 125800
100.231 126140
100.244 126480
100.257 126820
100.269 127160
100.282 127500
100.294 127840
100.307 128180
100.32 128520
100.332 128860
100.345 129200
100.357 129540
100.37 129880
100.383 130220
100.395 130560
100.408 130900
100.42 131240
100.433 131580
100.446 131920
100.458 132260
100.471 132600
100.483 132940
100.496 133280
100.509 133620
100.521 133960
100.534 134300
100.547 134640
100.559 134980
100.572 135320
100.584 135660
100.597 136000
100.61 136340
100.622 136680
100.635 137020
100.647 137360
100.66 137700
100.673 138040
100.685 138380
100.698 138720
100.71 139060
100.723 139400
100.736 139740
100.748 140080
100.761 140420
100.773 140760
100.786 141100
100.799 141440
100.811 141780
100.824 142120
100.837 142460
100.849 142800
100.862 143140
100.874 143480
100.887 143820
100.9 144160
100.912 144500
100.925 144840
100.937 145180
100.95 145520
100.963 145860
100.975 146200
100.988 146540
101 146880
101.013 147220
101.026 147560
101.038 147900
101.051 148240
101.07 103700
104.831 340
104.922 1360
105.861 2380
105.88 3400
106.481 4420
106.499 5440
106.518 6460
106.537 7480
107.1 8500
107.119 9520
107.138 10540
107.157 11560
107.176 12580
107.195 13600
107.214 14620
107.233 15640
107.72 16660
107.739 17680
107.758 18700
107.777 19720
107.796 20740
107.815 21760
107.834 22780
107.853 23800
107.871 24820
107.89 25840
107.909 26860
107.928 27880
107.947 28900
107.966 29920
107.985 30940
108.004 31960
108.34 32980
108.359 34000
108.378 35020
108.397 36040
108.416 37060
108.434 38080
108.453 39100
108.472 40120
108.491 41140
108.51 42160
108.529 43180
108.548 44200
108.567 45220
108.586 46240
108.605 47260
108.624 48280
108.642 49300
108.661 50320
108.68 51340
108.699 52360
108.718 53380
108.737 54400
108.756 55420
108.775 56440
108.794 57460
108.813 58480
108.832 59500
108.851 60520
108.869 61540
108.888 62560
108.907 63580
108.926 64600
108.96 65620
108.979 66640
108.998 67660
109.016 68680
109.035 69700
109.054 70720
109.073 71740
109.092 72760
109.206 73100
109.338 73440
109.47 73780
109.584 74120
109.716 74460
109.849 74800
109.962 75140
110.094 75480
110.227 75820
110.34 76160
110.492 53040
113.825 340
115.112 680
115.72 1020
115.726 1360
116.327 1700
116.333 2040
116.339 2380
116.346 2720
116.934 3060
116.94 3400
116.946 3740
116.953 4080
116.959 4420
116.965 4760
116.972 5100
116.978 5440
117.541 5780
117.547 6120
117.554 6460
117.56 6800
117.566 7140
117.573 7480
117.579 7820
117.585 8160
117.591 8500
117.598 8840
117.604 9180
117.61 9520
117.617 9860
117.623 10200
117.629 10540
117.636 10880
118.148 11220
118.155 11560
118.161 11900
118.167 12240
118.173 12580
118.18 12920
118.186 13260
118.192 13600
118.199 13940
118.205 14280
118.211 14620
118.218 14960
118.224 15300
118.23 15640
118.236 15980
118.243 16320
118.249 16660
118.255 17000
118.262 17340
118.268 17680
118.274 18020
118.281 18360
118.287 18700
118.293 19040
118.3 19380
118.306 19720
118.312 20060
118.318 20400
118.325 20740
118.331 21080
118.337 21420
118.344 21760
118.755 22100
118.762 22440
118.768 22780
118.774 23120
118.781 23460
118.787 23800
118.793 24140
118.8 24480
118.806 24820
118.812 25160
118.818 25500
118.825 25840
118.831 26180
118.837 26520
118.844 26860
118.85 27200
118.856 27540
118.863 27880
118.869 28220
118.875 28560
118.881 28900
118.888 29240
118.894 29580
118.9 29920
118.907 30260
118.913 30600
118.919 30940
118.926 31280
118.932 31620
118.938 31960
118.945 32300
118.951 32640
118.957 32980
118.963 33320
118.97 33660
118.976 34000
118.982 34340
118.989 34680
118.995 35020
119.001 35360
119.008 35700
119.014 36040
119.02 36380
119.026 36720
119.033 37060
119.045 37400
119.375 37740
119.501 38080
119.558 26520
120.957 26860
120.976 27200
120.989 27540
121.002 27880
121.014 28220
121.027 28560
121.039 28900
121.065 29240
121.09 29580
121.115 29920
121.14 30260
121.166 30600
121.203 30940
121.229 31280
121.266 31620
121.304 31960
121.342 32300
121.38 32640
121.43 32980
121.519 33320
121.619 33660
121.733 34000
121.846 34340
121.972 34680
122.111 35020
122.225 35360
122.344 35700
122.515 36040
122.691 36380
122.95 36720
123.271 37060
123.668 37400
124.261 37740
124.91 38080
125.515 38420
125.736 38760
126.076 39100
126.341 39440
126.537 39780
126.713 40120
126.871 40460
127.022 40800
127.161 41140
127.293 41480
127.413 41820
127.507 42160
127.589 42500
127.69 42840
127.778 43180
127.829 43520
127.911 43860
127.98 44200
128.056 44540
128.119 44880
128.182 45220
128.251 45560
128.308 45900
128.384 46240
128.447 46580
128.503 46920
128.56 47260
128.617 47600
128.667 47940
128.73 48280
128.787 48620
128.844 48960
128.894 49300
128.957 49640
128.995 49980
129.039 50320
129.083 50660
129.127 51000
129.178 51340
129.222 51680
129.266 52020
129.298 52360
129.342 52700
129.38 53040
129.411 53380
129.455 53720
129.493 54060
129.531 54400
129.575 54740
129.613 55080
129.657 55420
129.676 55760
129.726 56100
129.745 56440
129.77 56780
129.802 57120
129.84 57460
129.865 57800
129.89 58140
129.934 58480
129.966 58820
129.997 59160
130.016 59500
130.06 59840
130.079 60180
130.111 60520
130.142 60860
130.18 61200
130.205 61540
130.25 61880
130.281 62220
130.319 62560
130.35 62900
130.376 63240
130.407 63580
130.445 63920
130.477 64260
130.514 64600
130.54 64940
130.571 65280
130.603 65620
130.628 65960
130.666 66300
130.697 66640
130.729 66980
130.754 67320
130.779 67660
130.823 68000
130.855 68340
130.886 68680
130.911 69020
130.937 69360
130.975 69700
131.006 70040
131.025 70380
131.069 70720
131.088 71060
131.12 71400
131.157 71740
131.183 72080
131.201 72420
131.246 72760
131.265 73100
131.277 73440
131.296 73780
131.328 74120
131.34 74460
131.378 74800
131.391 75140
131.403 75480
131.428 75820
131.441 76160
131.454 76500
131.473 76840
131.498 77180
131.517 77520
131.529 77860
131.554 78200
131.567 78540
131.592 78880
131.611 79220
131.63 79560
131.643 79900
131.674 80240
131.687 80580
131.712 80920
131.725 81260
131.744 81600
131.763 81940
131.788 82280
131.8 82620
131.826 82960
131.838 83300
131.863 83640
131.876 83980
131.901 84320
131.914 84660
131.939 85000
131.952 85340
131.977 85680
131.996 59840
135.698 340
136.484 2040
137.091 3400
137.117 4760
137.711 6120
137.736 7140
137.755 8500
137.781 9860
138.325 11220
138.35 12580
138.375 14960
138.438 10200
139.405 10540
139.564 10880
139.577 11220
139.602 11560
139.615 11900
139.64 12240
139.665 12580
139.69 12920
139.747 13260
139.835 13600
139.961 13940
140.234 14280
140.461 14620
141.018 14960
142.214 15300
142.6 15640
142.821 15980
143.207 16320
143.327 16660
143.554 17000
143.743 17340
143.915 17680
144.048 18020
144.136 18360
144.23 18700
144.357 19040
144.447 19380
144.535 19720
144.623 20060
144.693 20400
144.787 20740
144.844 21080
144.92 21420
145.002 21760
145.065 22100
145.128 22440
145.197 22780
145.26 23120
145.31 23460
146.023 23800
146.193 24140
146.334 24480
146.46 24820
146.561 25160
146.649 25500
146.706 25840
146.762 26180
146.813 26520
146.869 26860
146.928 27200
146.972 27540
147.035 27880
147.098 28220
147.155 28560
147.212 28900
147.262 29240
147.288 29580
147.325 29920
147.351 30260
147.376 30600
147.414 30940
147.47 31280
147.496 31620
147.521 31960
147.561 32300
147.586 32640
147.643 32980
147.668 33320
147.712 33660
147.75 34000
147.794 34340
147.832 34680
147.876 35020
147.901 35360
147.939 35700
147.964 36040
147.989 36380
148.027 36720
148.052 37060
148.078 37400
148.115 37740
148.141 38080
148.166 38420
148.191 38760
148.216 39100
148.254 39440
148.279 39780
148.304 40120
148.33 40460
148.342 40800
148.38 41140
148.405 41480
148.431 41820
148.456 42160
148.481 42500
148.506 42840
148.531 43180
148.557 43520
148.582 43860
148.607 44200
148.632 44540
148.657 44880
148.683 45220
148.708 45560
148.733 45900
148.758 46240
148.784 46580
148.809 46920
148.834 47260
148.859 47600
148.884 47940
148.91 48280
148.935 48620
148.96 48960
148.985 49300
149.01 49640
149.036 49980
149.061 50320
149.086 50660
149.111 51000
149.137 51340
149.162 51680
149.187 52020
149.212 52360
149.237 52700
149.263 53040
149.288 53380
149.313 53720
149.338 54060
149.351 54400
149.376 54740
149.401 55080
149.414 55420
149.439 55760
149.464 56100
149.477 56440
149.49 56780
149.515 57120
149.54 57460
149.553 57800
149.565 58140
149.59 58480
149.616 58820
149.628 59160
149.641 59500
149.666 59840
149.691 60180
149.704 60520
149.717 60860
149.742 61200
149.754 61540
149.78 61880
149.792 62220
149.817 62560
149.83 62900
149.855 63240
149.868 63580
149.893 63920
149.906 64260
149.931 64600
149.943 64940
149.969 65280
149.981 65620
150.007 65960
150.019 66300
150.044 66640
150.057 66980
150.082 67320
150.095 67660
150.12 68000
150.133 68340
150.158 68680
150.17 69020
150.196 69360
150.208 69700
150.233 70040
150.246 70380
150.271 70720
150.284 71060
150.309 71400
150.322 71740
150.347 72080
150.36 72420
150.385 72760
150.397 73100
150.423 73440
150.435 73780
150.46 74120
150.473 74460
150.498 74800
150.511 75140
150.536 75480
150.549 75820
150.574 76160
150.586 76500
150.612 76840
150.624 77180
150.65 77520
150.662 77860
150.687 78200
150.7 78540
150.725 78880
150.738 79220
150.763 79560
150.776 79900
150.801 80240
150.813 80580
150.839 80920
150.851 81260
150.876 81600
150.889 81940
150.914 82280
150.927 82620
150.952 82960
150.965 83300
150.977 83640
150.99 83980
151.003 84320
151.015 84660
151.028 85000
151.053 85340
151.066 85680
151.078 86020
151.091 86360
151.103 86700
151.116 87040
151.129 87380
151.141 87720
151.154 88060
151.166 88400
151.179 88740
151.192 89080
151.217 89420
151.23 89760
151.242 90100
151.255 90440
151.267 90780
151.28 91120
151.293 91460
151.305 91800
151.318 92140
151.33 92480
151.343 92820
151.356 93160
151.368 93500
151.381 93840
151.393 94180
151.406 94520
151.419 94860
151.431 95200
151.444 95540
151.456 95880
151.469 96220
151.482 96560
151.494 96900
151.507 97240
151.519 97580
151.532 97920
151.545 98260
151.557 98600
151.57 98940
151.583 99280
151.595 99620
151.608 99960
151.62 100300
151.633 100640
151.646 100980
151.658 101320
151.671 101660
151.683 102000
151.696 102340
151.709 102680
151.721 103020
151.734 103360
151.746 103700
151.759 104040
151.772 104380
151.784 104720
151.797 105060
151.809 105400
151.822 105740
151.835 106080
151.847 106420
151.86 106760
151.873 107100
151.885 107440
151.898 107780
151.91 108120
151.923 108460
151.936 108800
151.948 109140
151.961 109480
151.973 109820
151.986 110160
151.999 110500
152.011 110840
152.024 111180
152.036 111520
152.049 111860
152.062 112200
152.074 112540
152.087 112880
152.099 113220
152.112 113560
152.125 113900
152.137 114240
152.15 114580
152.162 114920
152.175 115260
152.188 115600
152.2 115940
152.213 116280
152.226 116620
152.238 116960
152.251 117300
152.263 117640
152.276 117980
152.289 118320
152.301 118660
152.314 119000
152.326 119340
152.339 119680
152.352 120020
152.364 120360
152.377 120700
152.389 121040
152.402 121380
152.415 121720
152.427 122060
152.44 122400
152.452 122740
152.465 123080
152.478 123420
152.49 123760
152.503 124100
152.516 124440
152.528 124780
152.541 125120
152.553 125460
152.566 125800
152.579 126140
152.591 126480
152.604 126820
152.616 127160
152.629 127500
152.642 127840
152.654 128180
152.667 128520
152.679 128860
152.692 129200
152.705 129540
152.717 129880
152.73 130220
152.742 130560
152.755 130900
152.768 131240
152.78 131580
152.793 131920
152.806 132260
152.818 132600
152.831 132940
152.843 133280
152.856 133620
152.869 133960
152.881 134300
152.894 134640
152.906 134980
152.919 135320
152.932 135660
152.944 136000
152.957 136340
152.969 136680
152.982 137020
152.995 137360
153.007 137700
153.02 138040
153.032 138380
153.045 138720
153.058 139060
153.07 139400
153.083 139740
153.095 140080
153.108 140420
153.121 140760
153.133 141100
153.146 141440
153.159 141780
153.171 142120
153.184 142460
153.196 142800
153.209 143140
153.222 143480
153.234 143820
153.247 144160
153.259 144500
153.272 144840
153.285 145180
153.297 145520
153.31 145860
153.322 146200
153.335 146540
153.348 146880
153.36 147220
153.373 147560
153.385 147900
153.398 148240
153.417 103700
157.18 340
157.269 1360
158.208 2380
158.227 3400
158.828 4420
158.847 5440
158.866 6460
158.885 7480
159.448 8500
159.466 9520
159.485 10540
159.504 11560
159.523 12580
159.542 13600
159.561 14620
159.58 15640
160.067 16660
160.086 17680
160.105 18700
160.124 19720
160.143 20740
160.162 21760
160.181 22780
160.2 23800
160.219 24820
160.238 25840
160.256 26860
160.275 27880
160.294 28900
160.313 29920
160.332 30940
160.351 31960
160.687 32980
160.706 34000
160.725 35020
160.744 36040
160.763 37060
160.782 38080
160.801 39100
160.82 40120
160.838 41140
160.857 42160
160.876 43180
160.895 44200
160.914 45220
160.933 46240
160.952 47260
160.971 48280
160.99 49300
161.009 50320
161.028 51340
161.046 52360
161.065 53380
161.084 54400
161.103 55420
161.122 56440
161.141 57460
161.16 58480
161.179 59500
161.198 60520
161.217 61540
161.236 62560
161.254 63580
161.273 64600
161.307 65620
161.326 66640
161.345 67660
161.364 68680
161.383 69700
161.401 70720
161.42 71740
161.439 72760
161.553 73100
161.685 73440
161.818 73780
161.931 74120
162.063 74460
162.196 74800
162.309 75140
162.442 75480
162.574 75820
162.687 76160
162.839 53040
166.173 340
167.46 680
168.067 1020
168.073 1360
168.674 1700
168.68 2040
168.687 2380
168.693 2720
169.281 3060
169.287 3400
169.294 3740
169.3 4080
169.306 4420
169.313 4760
169.319 5100
169.325 5440
169.888 5780
169.895 6120
169.901 6460
169.907 6800
169.914 7140
169.92 7480
169.926 7820
169.932 8160
169.939 8500
169.945 8840
169.951 9180
169.958 9520
169.964 9860
169.97 10200
169.977 10540
169.983 10880
170.495 11220
170.502 11560
170.508 11900
170.514 12240
170.521 12580
170.527 12920
170.533 13260
170.54 13600
170.546 13940
170.552 14280
170.558 14620
170.565 14960
170.571 15300
170.577 15640
170.584 15980
170.59 16320
170.596 16660
170.603 17000
170.609 17340
170.615 17680
170.622 18020
170.628 18360
170.634 18700
170.64 19040
170.647 19380
170.653 19720
170.659 20060
170.666 20400
170.672 20740
170.678 21080
170.685 21420
170.691 21760
171.103 22100
171.109 22440
171.115 22780
171.122 23120
171.128 23460
171.134 23800
171.14 24140
171.147 24480
171.153 24820
171.159 25160
171.166 25500
171.172 25840
171.178 26180
171.185 26520
171.191 26860
171.197 27200
171.203 27540
171.21 27880
171.216 28220
171.222 28560
171.229 28900
171.235 29240
171.241 29580
171.248 29920
171.254 30260
171.26 30600
171.267 30940
171.273 31280
171.279 31620
171.285 31960
171.292 32300
171.298 32640
171.304 32980
171.311 33320
171.317 33660
171.323 34000
171.33 34340
171.336 34680
171.342 35020
171.348 35360
171.355 35700
171.361 36040
171.367 36380
171.374 36720
171.38 37060
171.393 37400
171.722 37740
171.848 38080
171.905 26520
173.305 26860
173.324 27200
173.336 27540
173.349 27880
173.361 28220
173.374 28560
173.387 28900
173.412 29240
173.437 29580
173.462 29920
173.488 30260
173.513 30600
173.551 30940
173.576 31280
173.614 31620
173.651 31960
173.689 32300
173.727 32640
173.778 32980
173.866 33320
173.967 33660
174.08 34000
174.194 34340
174.32 34680
174.458 35020
174.572 35360
174.692 35700
174.862 36040
175.038 36380
175.297 36720
175.618 37060
176.015 37400
176.608 37740
177.257 38080
177.862 38420
178.083 38760
178.424 39100
178.688 39440
178.884 39780
179.06 40120
179.218 40460
179.369 40800
179.508 41140
179.64 41480
179.76 41820
179.855 42160
179.937 42500
180.037 42840
180.126 43180
180.176 43520
180.258 43860
180.327 44200
180.403 44540
180.466 44880
180.529 45220
180.598 45560
180.655 45900
180.731 46240
180.794 46580
180.851 46920
180.907 47260
180.964 47600
181.014 47940
181.078 48280
181.134 48620
181.191 48960
181.241 49300
181.304 49640
181.342 49980
181.386 50320
181.431 50660
181.475 51000
181.525 51340
181.569 51680
181.613 52020
181.645 52360
181.689 52700
181.727 53040
181.758 53380
181.802 53720
181.84 54060
181.878 54400
181.922 54740
181.96 55080
182.004 55420
182.023 55760
182.074 56100
182.092 56440
182.118 56780
182.149 57120
182.187 57460
182.212 57800
182.237 58140
182.282 58480
182.313 58820
182.345 59160
182.364 59500
182.408 59840
182.427 60180
182.458 60520
182.49 60860
182.527 61200
182.553 61540
182.597 61880
182.628 62220
182.666 62560
182.698 62900
182.723 63240
182.754 63580
182.792 63920
182.824 64260
182.862 64600
182.887 64940
182.918 65280
182.95 65620
182.975 65960
183.013 66300
183.044 66640
183.076 66980
183.101 67320
183.126 67660
183.17 68000
183.202 68340
183.234 68680
183.259 69020
183.284 69360
183.322 69700
183.353 70040
183.372 70380
183.416 70720
183.435 71060
183.467 71400
183.505 71740
183.53 72080
183.549 72420
183.593 72760
183.612 73100
183.624 73440
183.643 73780
183.675 74120
183.687 74460
183.725 74800
183.738 75140
183.75 75480
183.776 75820
183.788 76160
183.801 76500
183.82 76840
183.845 77180
183.864 77520
183.877 77860
183.902 78200
183.914 78540
183.94 78880
183.958 79220
183.977 79560
183.99 79900
184.022 80240
184.034 80580
184.059 80920
184.072 81260
184.091 81600
184.11 81940
184.135 82280
184.148 82620
184.173 82960
184.185 83300
184.211 83640
184.223 83980
184.248 84320
184.261 84660
184.286 85000
184.299 85340
184.324 85680
184.343 59840
188.046 340
188.831 2040
189.439 3400
189.464 4760
190.058 6120
190.084 7140
190.103 8500
190.128 9860
190.672 11220
190.697 12580
190.722 14960
190.785 10200
191.752 10540
191.911 10880
191.924 11220
191.949 11560
191.962 11900
191.987 12240
192.012 12580
192.038 12920
192.094 13260
192.182 13600
192.309 13940
192.582 14280
192.809 14620
193.365 14960
194.561 15300
194.947 15640
195.168 15980
195.554 16320
195.674 16660
195.901 17000
196.09 17340
196.262 17680
196.395 18020
196.483 18360
196.578 18700
196.704 19040
196.794 19380
196.882 19720
196.97 20060
197.04 20400
197.134 20740
197.191 21080
197.267 21420
197.349 21760
197.412 22100
197.475 22440
197.544 22780
197.607 23120
197.658 23460
198.37 23800
198.54 24140
198.681 24480
198.807 24820
198.908 25160
198.996 25500
199.053 25840
199.11 26180
199.16 26520
199.217 26860
199.275 27200
199.32 27540
199.383 27880
199.446 28220
199.502 28560
199.559 28900
199.61 29240
199.635 29580
199.673 29920
199.698 30260
199.723 30600
199.761 30940
199.818 31280
199.843 31620
199.868 31960
199.908 32300
199.933 32640
199.99 32980
200.015 33320
200.059 33660
200.097 34000
200.141 34340
200.179 34680
200.223 35020
200.248 35360
200.286 35700
200.311 36040
200.336 36380
200.374 36720
200.4 37060
200.425 37400
200.463 37740
200.488 38080
200.513 38420
200.538 38760
200.563 39100
200.601 39440
200.626 39780
200.652 40120
200.677 40460
200.69 40800
200.727 41140
200.753 41480
200.778 41820
200.803 42160
200.828 42500
200.853 42840
200.879 43180
200.904 43520
200.929 43860
200.954 30600
201.761 30940
201.814 31280
201.826 31620
201.839 31960
201.851 32300
201.864 32640
201.877 32980
201.889 33320
201.902 33660
201.914 34000
201.927 34340
201.94 34680
201.952 35020
201.965 35360
202.028 35700
202.141 36040
202.242 36380
202.343 36720
202.471 37060
202.559 37400
202.648 37740
202.736 38080
202.824 38420
202.925 38760
203.026 39100
203.127 39440
203.228 39780
203.329 40120
203.442 40460
203.543 40800
203.669 41140
203.795 41480
203.946 41820
204.098 42160
204.299 42500
204.488 42840
204.753 43180
205.157 43520
205.964 43860
207.111 44200
207.59 44540
208.006 44880
208.283 45220
208.485 45560
208.674 45900
208.826 46240
208.964 46580
209.103 46920
209.204 47260
209.317 47600
209.418 47940
209.506 48280
209.607 48620
209.696 48960
209.771 49300
209.859 49640
209.935 49980
210.011 50320
210.074 50660
210.149 51000
210.2 51340
210.263 51680
210.326 52020
210.389 52360
210.452 52700
210.502 53040
210.566 53380
210.616 53720
210.666 54060
210.717 54400
210.767 54740
210.818 55080
210.868 55420
210.919 55760
210.956 56100
210.994 56440
211.045 56780
211.082 57120
211.133 57460
211.171 57800
211.221 58140
211.259 58480
211.297 58820
211.335 59160
211.372 59500
211.41 59840
211.448 60180
211.486 60520
211.524 60860
211.562 61200
211.599 61540
211.637 61880
211.675 62220
211.713 62560
211.751 62900
211.776 63240
211.814 63580
211.839 63920
211.877 64260
211.902 64600
211.94 64940
211.965 65280
212.003 65620
212.028 65960
212.066 66300
212.091 66640
212.129 66980
212.154 67320
212.192 67660
212.217 68000
212.255 68340
212.28 68680
212.318 69020
212.343 69360
212.381 69700
212.406 70040
212.432 70380
212.457 70720
212.482 71060
212.507 71400
212.532 71740
212.558 72080
212.583 72420
212.608 72760
212.633 73100
212.658 73440
212.684 73780
212.709 74120
212.734 74460
212.759 74800
212.785 75140
212.81 75480
212.835 75820
212.86 76160
212.885 76500
212.911 76840
212.936 77180
212.961 77520
212.986 77860
213.011 78200
213.037 78540
213.062 78880
213.087 79220
213.112 79560
213.138 79900
213.163 80240
213.188 80580
213.213 80920
213.238 81260
213.264 81600
213.289 81940
213.314 82280
213.327 82620
213.352 82960
213.377 83300
213.39 83640
213.402 83980
213.428 84320
213.453 84660
213.465 85000
213.478 85340
213.503 85680
213.516 86020
213.541 86360
213.554 86700
213.579 87040
213.591 87380
213.617 87720
213.629 88060
213.654 88400
213.667 88740
213.692 89080
213.705 89420
213.73 89760
213.743 90100
213.768 90440
213.781 90780
213.806 91120
213.818 91460
213.844 91800
213.856 92140
213.881 92480
213.894 92820
213.919 93160
213.932 93500
213.957 93840
213.97 94180
213.995 94520
214.008 94860
214.033 95200
214.045 95540
214.071 95880
214.083 96220
214.108 96560
214.121 96900
214.146 97240
214.159 97580
214.184 97920
214.197 98260
214.222 98600
214.234 98940
214.26 99280
214.272 99620
214.298 99960
214.31 100300
214.335 100640
214.348 100980
214.373 101320
214.386 101660
214.411 102000
214.424 102340
214.449 102680
214.461 103020
214.487 103360
214.499 103700
214.524 104040
214.537 104380
214.562 104720
214.575 105060
214.6 105400
214.613 105740
214.638 106080
214.651 106420
214.676 106760
214.688 107100
214.714 107440
214.726 107780
214.751 108120
214.764 108460
214.789 108800
214.802 109140
214.827 109480
214.84 109820
214.865 110160
214.877 110500
214.89 110840
214.903 111180
214.915 111520
214.928 111860
214.941 112200
214.953 112540
214.966 112880
214.978 113220
215.004 113560
215.016 113900
215.029 114240
215.041 114580
215.054 114920
215.067 115260
215.079 115600
215.092 115940
215.104 116280
215.117 116620
215.13 116960
215.142 117300
215.155 117640
215.167 117980
215.18 118320
215.193 118660
215.205 119000
215.218 119340
215.23 119680
215.243 120020
215.256 120360
215.268 120700
215.281 121040
215.294 121380
215.306 121720
215.319 122060
215.331 122400
215.344 122740
215.357 123080
215.369 123420
215.382 123760
215.394 124100
215.407 124440
215.42 124780
215.432 125120
215.445 125460
215.457 125800
215.47 126140
215.483 126480
215.495 126820
215.508 127160
215.52 127500
215.533 127840
215.546 128180
215.558 128520
215.571 128860
215.584 129200
215.596 129540
215.609 129880
215.621 130220
215.634 130560
215.647 130900
215.659 131240
215.672 131580
215.684 131920
215.697 132260
215.71 132600
215.722 132940
215.735 133280
215.747 133620
215.76 133960
215.773 134300
215.785 134640
215.798 134980
215.81 135320
215.823 135660
215.836 136000
215.848 136340
215.861 136680
215.874 137020
215.886 137360
215.899 137700
215.911 138040
215.924 138380
215.937 138720
215.949 139060
215.962 139400
215.974 139740
215.987 140080
216 140420
216.012 140760
216.025 141100
216.037 141440
216.05 141780
216.063 142120
216.082 99280
219.816 340
219.996 2040
220.879 3060
220.898 4760
221.499 5780
221.518 7480
221.549 8500
221.568 10200
222.118 11220
222.137 12920
222.169 13940
222.188 15640
222.219 16660
222.238 18360
222.27 19380
222.289 21080
222.738 22100
222.757 23800
222.789 24820
222.808 26520
222.839 27540
222.858 29240
222.89 30260
222.908 31960
222.94 32980
222.959 34680
222.99 35700
223.009 37400
223.041 38420
223.06 40120
223.091 41140
223.11 42840
223.358 43860
223.377 44880
223.396 45900
223.415 46920
223.434 47940
223.453 48960
223.471 49980
223.49 51000
223.509 52020
223.528 53720
223.56 54740
223.579 55760
223.598 56780
223.616 57800
223.635 58820
223.654 59840
223.673 60860
223.692 61880
223.711 62900
223.73 63920
223.749 64940
223.768 65960
223.787 66980
223.806 68000
223.824 69020
223.843 70040
223.957 70380
224.089 70720
224.222 71060
224.335 71400
224.467 71740
224.6 72080
224.713 72420
224.846 72760
224.978 73100
225.092 73440
225.167 51340
228.423 340
229.826 680
230.433 1020
230.439 1360
231.04 1700
231.047 2040
231.053 2380
231.059 2720
231.647 3060
231.654 3400
231.66 3740
231.666 4080
231.673 4420
231.679 4760
231.685 5100
231.692 5440
232.255 5780
232.261 6120
232.267 6460
232.273 6800
232.28 7140
232.286 7480
232.292 7820
232.299 8160
232.305 8500
232.311 8840
232.318 9180
232.324 9520
232.33 9860
232.337 10200
232.343 10540
232.349 10880
232.862 11220
232.868 11560
232.874 11900
232.881 12240
232.887 12580
232.893 12920
232.9 13260
232.906 13600
232.912 13940
232.918 14280
232.925 14620
232.931 14960
232.937 15300
232.944 15640
232.95 15980
232.956 16320
232.963 16660
232.969 17000
232.975 17340
232.982 17680
232.988 18020
232.994 18360
233 18700
233.007 19040
233.013 19380
233.019 19720
233.026 20060
233.032 20400
233.038 20740
233.045 21080
233.051 21420
233.057 21760
233.469 22100
233.475 22440
233.482 22780
233.488 23120
233.494 23460
233.5 23800
233.507 24140
233.513 24480
233.519 24820
233.526 25160
233.532 25500
233.538 25840
233.545 26180
233.551 26520
233.557 26860
233.563 27200
233.57 27540
233.576 27880
233.582 28220
233.589 28560
233.595 28900
233.601 29240
233.608 29580
233.614 29920
233.62 30260
233.626 30600
233.633 30940
233.639 31280
233.645 31620
233.652 31960
233.658 32300
233.664 32640
233.671 32980
233.677 33320
233.683 33660
233.69 34000
233.696 34340
233.702 34680
233.708 35020
233.715 35360
233.721 35700
233.809 36040
234.139 36380
234.171 25160
235.513 25500
235.526 25840
235.551 26180
235.564 26520
235.589 26860
235.602 27200
235.627 27540
235.639 27880
235.665 28220
235.69 28560
235.715 28900
235.74 29240
235.778 29580
235.803 29920
235.841 30260
235.879 30600
235.917 30940
235.955 31280
236.043 31620
236.131 31960
236.232 32300
236.346 32640
236.459 32980
236.585 33320
236.711 33660
236.812 34000
236.957 34340
237.14 34680
237.373 35020
237.669 35360
238.054 35700
238.602 36040
239.428 36380
239.8 36720
240.216 37060
240.525 37400
240.777 37740
240.992 38080
241.155 38420
241.326 38760
241.483 39100
241.597 39440
241.717 39780
241.843 40120
241.937 40460
242.038 40800
242.133 41140
242.221 41480
242.303 41820
242.372 42160
242.454 42500
242.523 42840
242.605 43180
242.675 43520
242.738 43860
242.807 44200
242.87 44540
242.927 44880
242.984 45220
243.047 45560
243.103 45900
243.154 46240
243.217 46580
243.261 46920
243.318 47260
243.374 47600
243.425 47940
243.469 48280
243.507 48620
243.551 48960
243.582 49300
243.627 49640
243.664 49980
243.702 50320
243.753 50660
243.791 51000
243.828 51340
243.866 51680
243.917 52020
243.948 52360
243.992 52700
244.036 53040
244.081 53380
244.112 53720
244.156 54060
244.188 54400
244.226 54740
244.263 55080
244.301 55420
244.326 55760
244.358 56100
244.389 56440
244.421 56780
244.452 57120
244.484 57460
244.509 57800
244.541 58140
244.566 58480
244.61 58820
244.629 59160
244.673 59500
244.705 59840
244.742 60180
244.768 60520
244.805 60860
244.831 61200
244.869 61540
244.906 61880
244.95 62220
244.988 62560
245.02 62900
245.058 63240
245.083 63580
245.114 63920
245.146 64260
245.171 64600
245.209 64940
245.24 65280
245.266 65620
245.31 65960
245.335 66300
245.367 66640
245.392 66980
245.411 67320
245.455 67660
245.486 68000
245.512 68340
245.537 68680
245.568 69020
245.593 69360
245.631 69700
245.663 70040
245.694 70380
245.726 70720
245.745 71060
245.783 71400
245.808 71740
245.833 72080
245.871 72420
245.896 72760
245.915 73100
245.946 73440
245.978 73780
245.991 74120
246.003 74460
246.035 74800
246.054 75140
246.073 75480
246.091 75820
246.11 76160
246.123 76500
246.148 76840
246.167 77180
246.186 77520
246.205 77860
246.224 78200
246.243 78540
246.255 78880
246.274 79220
246.293 79560
246.325 79900
246.337 80240
246.363 80580
246.375 80920
246.4 81260
246.413 81600
246.438 81940
246.451 82280
246.47 82620
246.489 82960
246.52 83300
246.533 83640
246.564 83980
246.583 84320
246.596 84660
246.608 85000
246.621 85340
246.634 85680
246.646 86020
246.659 86360
246.671 86700
246.684 87040
246.697 87380
246.722 87720
246.741 88060
246.753 88400
246.766 88740
246.785 89080
246.798 89420
246.81 89760
246.829 90100
246.848 90440
246.861 90780
246.879 91120
246.892 91460
246.905 91800
246.917 92140
246.93 92480
246.943 92820
246.955 93160
246.974 93500
246.987 93840
247.006 94180
247.024 94520
247.037 94860
247.069 95200
247.081 95540
247.094 95880
247.106 96220
247.119 96560
247.132 96900
247.144 97240
247.157 97580
247.169 97920
247.182 98260
247.207 98600
247.22 98940
247.239 99280
247.251 99620
247.264 99960
247.277 100300
247.289 100640
247.302 100980
247.314 101320
247.327 101660
247.34 102000
247.352 102340
247.365 102680
247.378 103020
247.39 103360
247.409 103700
247.422 104040
247.434 104380
247.459 104720
247.472 105060
247.485 105400
247.497 105740
247.51 106080
247.522 106420
247.535 106760
247.548 107100
247.56 107440
247.573 107780
247.586 108120
247.598 108460
247.611 108800
247.623 109140
247.636 109480
247.649 109820
247.674 110160
247.686 110500
247.705 110840
247.724 111180
247.737 111520
247.749 111860
247.762 112200
247.775 112540
247.787 112880
247.8 113220
247.812 113560
247.825 113900
247.838 114240
247.85 114580
247.863 114920
247.876 115260
247.888 115600
247.901 115940
247.913 116280
247.926 116620
247.939 116960
247.951 117300
247.964 117640
247.983 117980
247.995 118320
248.008 118660
248.021 119000
248.033 119340
248.058 119680
248.071 120020
248.084 120360
248.096 120700
248.109 121040
248.121 121380
248.134 121720
248.147 122060
248.159 122400
248.172 122740
248.184 123080
248.197 123420
248.21 123760
248.222 124100
248.235 124440
248.254 124780
248.266 125120
248.279 125460
248.304 125800
248.317 126140
248.336 126480
248.348 126820
248.361 127160
248.374 127500
248.386 127840
248.399 128180
248.411 128520
248.424 128860
248.437 129200
248.449 129540
248.462 129880
248.474 130220
248.487 130560
248.5 130900
248.512 131240
248.525 131580
248.537 131920
248.55 132260
248.563 132600
248.575 132940
248.588 133280
248.6 133620
248.613 133960
248.626 134300
248.638 134640
248.651 134980
248.664 135320
248.676 135660
248.689 136000
248.708 95200
252.427 340
252.698 1360
253.53 2380
253.549 3400
254.15 4420
254.169 6460
254.207 9520
254.808 11900
254.852 12920
254.871 13940
254.89 14960
254.908 15980
254.927 17000
254.946 18020
254.965 19040
255.415 22100
255.471 23120
255.49 24820
255.522 25840
255.541 26860
255.56 27880
255.579 28900
255.598 29920
255.616 30940
255.635 31960
255.654 32980
255.673 34000
255.692 35020
255.711 37060
255.749 38080
256.022 40460
256.066 41480
256.085 42500
256.104 43520
256.123 44540
256.142 45560
256.161 46580
256.18 47600
256.198 48620
256.217 49640
256.236 50660
256.255 51680
256.274 52700
256.293 53720
256.312 56780
256.369 59840
256.425 61540
256.457 62560
256.476 63580
256.495 64600
256.514 65620
256.533 66640
256.665 66980
256.797 67320
256.917 67660
257.049 68000
257.163 68340
257.295 68680
257.428 69020
257.541 69360
257.667 69700
257.8 48620
260.971 340
261.046 680
262.427 1020
262.433 1360
263.034 1700
263.04 2040
263.047 2380
263.053 2720
263.641 3060
263.647 3400
263.654 3740
263.66 4080
263.666 4420
263.673 4760
263.679 5100
263.685 5440
264.248 5780
264.255 6120
264.261 6460
264.267 6800
264.274 7140
264.28 7480
264.286 7820
264.292 8160
264.299 8500
264.305 8840
264.311 9180
264.318 9520
264.324 9860
264.33 10200
264.337 10540
264.343 10880
264.855 11220
264.862 11560
264.868 11900
264.874 12240
264.881 12580
264.887 12920
264.893 13260
264.9 13600
264.906 13940
264.912 14280
264.918 14620
264.925 14960
264.931 15300
264.937 15640
264.944 15980
264.95 16320
264.956 16660
264.963 17000
264.969 17340
264.975 17680
264.982 18020
264.988 18360
264.994 18700
265 19040
265.007 19380
265.013 19720
265.019 20060
265.026 20400
265.032 20740
265.038 21080
265.045 21420
265.051 21760
265.463 22100
265.469 22440
265.475 22780
265.482 23120
265.488 23460
265.494 23800
265.5 24140
265.507 24480
265.513 24820
265.519 25160
265.526 25500
265.532 25840
265.538 26180
265.545 26520
265.551 26860
265.557 27200
265.563 27540
265.57 27880
265.576 28220
265.582 28560
265.589 28900
265.595 29240
265.601 29580
265.608 29920
265.614 30260
265.62 30600
265.627 30940
265.633 31280
265.639 31620
265.645 31960
265.652 32300
265.658 32640
265.664 32980
265.671 33320
265.677 33660
265.683 34000
265.715 34340
265.828 23800
267.299 24140
267.312 24480
267.324 24820
267.337 25160
267.35 25500
267.362 25840
267.375 26180
267.387 26520
267.4 26860
267.413 27200
267.425 27540
267.463 27880
267.488 28220
267.526 28560
267.564 28900
267.602 29240
267.639 29580
267.69 29920
267.753 30260
267.854 30600
267.98 30940
268.106 31280
268.245 31620
268.402 31960
268.497 32300
268.648 32640
268.869 32980
269.152 33320
269.537 33660
270.029 34000
271.113 34340
271.466 34680
271.743 35020
272.153 35360
272.405 35700
272.657 36040
272.847 36380
273.01 36720
273.168 37060
273.294 37400
273.433 37740
273.515 38080
273.616 38420
273.704 38760
273.792 39100
273.88 39440
273.962 39780
274.032 40120
274.107 40460
274.189 40800
274.271 41140
274.328 41480
274.385 41820
274.46 42160
274.523 42500
274.586 42840
274.65 43180
274.7 43520
274.757 43860
274.813 44200
274.858 44540
274.902 44880
274.965 45220
275.009 45560
275.059 45900
275.103 46240
275.154 46580
275.192 46920
275.236 47260
275.28 47600
275.324 47940
275.362 48280
275.4 48620
275.444 48960
275.482 49300
275.526 49640
275.57 49980
275.608 50320
275.658 50660
275.69 51000
275.734 51340
275.784 51680
275.816 52020
275.854 52360
275.879 52700
275.917 53040
275.948 53380
275.98 53720
276.018 54060
276.049 54400
276.087 54740
276.118 55080
276.144 55420
276.181 55760
276.207 56100
276.244 56440
276.27 56780
276.301 57120
276.339 57460
276.371 57800
276.396 58140
276.421 58480
276.459 58820
276.49 59160
276.528 59500
276.56 59840
276.597 60180
276.654 60520
276.698 60860
276.736 61200
276.768 61540
276.818 61880
276.85 62220
276.894 62560
276.919 62900
276.938 63240
276.976 63580
277.001 63920
277.032 64260
277.051 64600
277.083 64940
277.114 65280
277.152 65620
277.177 65960
277.222 66300
277.253 66640
277.272 66980
277.31 67320
277.335 67660
277.36 68000
277.398 68340
277.417 68680
277.461 69020
277.493 69360
277.518 69700
277.537 70040
277.575 70380
277.6 70720
277.631 71060
277.657 71400
277.694 71740
277.713 72080
277.726 72420
277.751 72760
277.764 73100
277.776 73440
277.808 73780
277.827 74120
277.852 74460
277.871 74800
277.883 75140
277.909 75480
277.928 75820
277.947 76160
277.959 76500
277.984 76840
277.997 77180
278.022 77520
278.041 77860
278.06 78200
278.079 78540
278.098 78880
278.11 79220
278.129 79560
278.142 79900
278.155 80240
278.173 80580
278.186 80920
278.199 81260
278.211 81600
278.224 81940
278.237 82280
278.249 82620
278.274 82960
278.287 83300
278.3 83640
278.325 83980
278.337 84320
278.35 84660
278.369 85000
278.382 85340
278.394 85680
278.426 86020
278.438 86360
278.451 86700
278.463 87040
278.476 87380
278.489 87720
278.514 88060
278.526 88400
278.539 88740
278.564 89080
278.577 89420
278.59 89760
278.602 90100
278.615 90440
278.627 90780
278.64 91120
278.665 91460
278.678 91800
278.69 92140
278.703 92480
278.716 92820
278.728 93160
278.747 93500
278.76 93840
278.791 94180
278.804 94520
278.823 94860
278.842 95200
278.854 95540
278.873 95880
278.886 96220
278.898 96560
278.911 96900
278.924 97240
278.936 97580
278.949 97920
278.961 98260
278.974 98600
278.987 98940
278.999 99280
279.012 99620
279.025 99960
279.037 100300
279.05 100640
279.062 100980
279.075 101320
279.106 101660
279.119 102000
279.138 102340
279.151 102680
279.163 103020
279.176 103360
279.188 103700
279.201 104040
279.214 104380
279.226 104720
279.239 105060
279.251 105400
279.264 105740
279.277 106080
279.296 106420
279.308 106760
279.321 107100
279.333 107440
279.359 107780
279.378 108120
279.39 108460
279.403 108800
279.415 109140
279.428 109480
279.441 109820
279.453 110160
279.466 110500
279.485 110840
279.504 111180
279.516 111520
279.535 111860
279.548 112200
279.56 112540
279.573 112880
279.586 113220
279.598 113560
279.617 113900
279.63 114240
279.642 114580
279.655 114920
279.668 115260
279.68 115600
279.693 115940
279.705 116280
279.718 116620
279.731 116960
279.743 117300
279.756 117640
279.775 117980
279.787 118320
279.8 118660
279.813 119000
279.825 119340
279.838 119680
279.85 120020
279.863 120360
279.876 120700
279.888 121040
279.901 121380
279.913 121720
279.926 122060
279.939 122400
279.951 122740
279.964 123080
279.976 123420
279.989 123760
280.002 124100
280.014 124440
280.027 124780
280.039 125120
280.052 125460
280.065 125800
280.077 126140
280.09 126480
280.102 126820
280.121 127160
280.134 127500
280.147 127840
280.159 128180
280.172 128520
280.184 128860
280.197 129200
280.21 129540
280.222 129880
280.235 130220
280.247 130560
280.26 130900
280.273 131240
280.285 131580
280.298 131920
280.311 132260
280.323 132600
280.336 132940
280.348 133280
280.361 133620
280.374 133960
280.386 134300
280.399 134640
280.411 134980
280.424 135320
280.437 135660
280.449 136000
280.462 136340
280.474 136680
280.487 137020
280.5 137360
280.531 95880
284.259 340
284.477 1360
285.341 2380
285.36 4420
285.98 7140
286.03 10200
286.612 11220
286.631 11900
286.644 13600
286.675 14620
286.694 15640
286.713 16660
286.732 17680
286.751 18700
286.77 19720
286.789 20740
287.226 21760
287.245 22780
287.263 23800
287.282 24820
287.301 25840
287.32 26860
287.339 29240
287.383 31280
287.421 32300
287.44 33320
287.459 34340
287.478 35360
287.497 36380
287.516 37400
287.535 38420
287.553 39440
287.572 41140
287.604 43180
287.864 44200
287.883 45220
287.902 48620
287.965 49640
287.984 50660
288.003 51680
288.022 53380
288.053 54400
288.072 57460
288.129 59500
288.167 60520
288.186 61540
288.205 62560
288.224 63580
288.243 65620
288.28 66640
288.299 67660
288.432 68000
288.545 68340
288.678 68680
288.81 69020
288.923 69360
289.056 69700
289.188 70040
289.302 70380
289.434 70720
289.585 49300
292.79 340
292.832 680
294.238 1020
294.244 1360
294.845 1700
294.851 2040
294.857 2380
294.864 2720
295.452 3060
295.458 3400
295.465 3740
295.471 4080
295.477 4420
295.484 4760
295.49 5100
295.496 5440
296.059 5780
296.066 6120
296.072 6460
296.078 6800
296.084 7140
296.091 7480
296.097 7820
296.103 8160
296.11 8500
296.116 8840
296.122 9180
296.129 9520
296.135 9860
296.141 10200
296.147 10540
296.154 10880
296.666 11220
296.673 11560
296.679 11900
296.685 12240
296.692 12580
296.698 12920
296.704 13260
296.71 13600
296.717 13940
296.723 14280
296.729 14620
296.736 14960
296.742 15300
296.748 15640
296.755 15980
296.761 16320
296.767 16660
296.774 17000
296.78 17340
296.786 17680
296.792 18020
296.799 18360
296.805 18700
296.811 19040
296.818 19380
296.824 19720
296.83 20060
296.837 20400
296.843 20740
296.849 21080
296.855 21420
296.862 21760
297.274 22100
297.28 22440
297.286 22780
297.292 23120
297.299 23460
297.305 23800
297.311 24140
297.318 24480
297.324 24820
297.33 25160
297.337 25500
297.343 25840
297.349 26180
297.355 26520
297.362 26860
297.368 27200
297.374 27540
297.381 27880
297.387 28220
297.393 28560
297.4 28900
297.406 29240
297.412 29580
297.419 29920
297.425 30260
297.431 30600
297.437 30940
297.444 31280
297.45 31620
297.456 31960
297.463 32300
297.469 32640
297.475 32980
297.482 33320
297.488 33660
297.494 34000
297.5 34340
297.507 34680
297.633 35020
297.881 24480
299.173 24820
299.186 25160
299.198 25500
299.211 25840
299.236 26180
299.249 26520
299.274 26860
299.299 27200
299.324 27540
299.35 27880
299.375 28220
299.4 28560
299.438 28900
299.476 29240
299.501 29580
299.539 29920
299.589 30260
299.665 30600
299.766 30940
299.879 31280
299.993 31620
300.119 31960
300.257 32300
300.371 32640
300.503 32980
300.667 33320
300.881 33660
301.178 34000
301.556 34340
302.073 34680
302.993 35020
303.34 35360
303.788 35700
304.04 36040
304.311 36380
304.544 36720
304.739 37060
304.897 37400
305.029 37740
305.162 38080
305.294 38420
305.414 38760
305.509 39100
305.597 39440
305.672 39780
305.761 40120
305.836 40460
305.906 40800
305.981 41140
306.076 41480
306.158 41820
306.221 42160
306.284 42500
306.347 42840
306.423 43180
306.486 43520
306.536 43860
306.599 44200
306.656 44540
306.713 44880
306.769 45220
306.82 45560
306.864 45900
306.921 46240
306.977 46580
307.003 46920
307.047 47260
307.085 47600
307.122 47940
307.154 48280
307.204 48620
307.236 48960
307.28 49300
307.324 49640
307.362 49980
307.406 50320
307.456 50660
307.494 51000
307.545 51340
307.583 51680
307.639 52020
307.677 52360
307.709 52700
307.74 53040
307.778 53380
307.803 53720
307.828 54060
307.873 54400
307.91 54740
307.954 55080
307.999 55420
308.043 55760
308.087 56100
308.131 56440
308.169 56780
308.213 57120
308.257 57460
308.301 57800
308.339 58140
308.377 58480
308.427 58820
308.459 59160
308.509 59500
308.547 59840
308.591 60180
308.616 60520
308.642 60860
308.679 61200
308.698 61540
308.724 61880
308.755 62220
308.793 62560
308.818 62900
308.843 63240
308.881 63580
308.913 63920
308.938 64260
308.976 64600
309.007 64940
309.045 65280
309.077 65620
309.108 65960
309.146 66300
309.177 66640
309.203 66980
309.241 67320
309.272 67660
309.297 68000
309.335 68340
309.354 68680
309.392 69020
309.417 69360
309.449 69700
309.48 70040
309.499 70380
309.512 70720
309.537 71060
309.549 71400
309.562 71740
309.587 72080
309.6 72420
309.612 72760
309.625 73100
309.663 73440
309.675 73780
309.707 74120
309.72 74460
309.732 74800
309.751 75140
309.776 75480
309.789 75820
309.802 76160
309.827 76500
309.846 76840
309.858 77180
309.89 77520
309.902 77860
309.915 78200
309.928 78540
309.953 78880
309.965 79220
309.978 79560
309.991 79900
310.003 80240
310.035 80580
310.047 80920
310.066 81260
310.079 81600
310.104 81940
310.117 82280
310.129 82620
310.142 82960
310.161 83300
310.18 83640
310.205 83980
310.218 84320
310.23 84660
310.243 85000
310.255 85340
310.281 85680
310.293 86020
310.312 86360
310.325 86700
310.337 87040
310.363 87380
310.375 87720
310.388 88060
310.4 88400
310.426 88740
310.438 89080
310.457 89420
310.476 89760
310.489 90100
310.501 90440
310.514 90780
310.527 91120
310.545 91460
310.577 91800
310.59 92140
310.608 92480
310.621 92820
310.634 93160
310.653 93500
310.684 93840
310.697 94180
310.716 94520
310.728 94860
310.741 95200
310.753 95540
310.766 95880
310.779 96220
310.791 96560
310.81 96900
310.829 97240
310.842 97580
310.854 97920
310.867 98260
310.88 98600
310.892 98940
310.905 99280
310.924 99620
310.943 99960
310.955 100300
310.974 100640
310.987 100980
310.999 101320
311.012 101660
311.037 102000
311.05 102340
311.062 102680
311.075 103020
311.088 103360
311.1 103700
311.113 104040
311.125 104380
311.138 104720
311.151 105060
311.163 105400
311.176 105740
311.188 106080
311.201 106420
311.214 106760
311.226 107100
311.239 107440
311.251 107780
311.264 108120
311.277 108460
311.289 108800
311.302 109140
311.315 109480
311.327 109820
311.34 110160
311.352 110500
311.365 110840
311.378 111180
311.39 111520
311.403 111860
311.415 112200
311.428 112540
311.441 112880
311.453 113220
311.466 113560
311.478 113900
311.504 114240
311.523 114580
311.535 114920
311.548 115260
311.56 115600
311.573 115940
311.586 116280
311.598 116620
311.611 116960
311.623 117300
311.636 117640
311.649 117980
311.661 118320
311.674 118660
311.686 119000
311.699 119340
311.712 119680
311.724 120020
311.737 120360
311.75 120700
311.762 121040
311.775 121380
311.787 121720
311.8 122060
311.813 122400
311.825 122740
311.838 123080
311.85 123420
311.863 123760
311.876 124100
311.888 124440
311.901 124780
311.913 125120
311.926 125460
311.939 125800
311.951 126140
311.964 126480
311.976 126820
311.989 127160
312.002 127500
312.014 127840
312.027 128180
312.039 128520
312.052 128860
312.065 129200
312.077 129540
312.09 129880
312.103 130220
312.115 130560
312.128 130900
312.14 131240
312.153 131580
312.166 131920
312.178 132260
312.191 132600
312.203 132940
312.216 133280
312.229 133620
312.241 133960
312.254 134300
312.266 134640
312.279 134980
312.292 135320
312.304 135660
312.317 136000
312.329 136340
312.342 136680
312.355 137020
312.367 137360
312.38 137700
312.393 138040
312.405 138380
312.43 138720
312.443 139060
312.456 139400
312.468 139740
312.481 140080
312.493 140420
312.506 140760
312.519 141100
312.55 98600
316.261 340
316.459 1360
317.322 2380
317.341 3400
317.942 4420
317.961 7480
318.562 8500
318.581 9520
318.6 10540
318.619 11560
318.637 12580
318.656 15640
319.182 17680
319.219 18700
319.238 19720
319.257 22100
319.301 23120
319.32 24140
319.339 25160
319.358 26180
319.377 27200
319.396 28220
319.415 29240
319.434 30260
319.453 31280
319.789 32300
319.808 33320
319.827 34340
319.845 35360
319.864 36380
319.883 37400
319.902 38420
319.921 39440
319.94 40460
319.959 41480
319.978 42500
319.997 43520
320.016 44540
320.035 45560
320.054 46580
320.072 47600
320.091 48620
320.11 49640
320.129 50660
320.148 51680
320.167 52700
320.186 54400
320.217 55420
320.236 56440
320.255 59840
320.318 60860
320.337 61880
320.356 62900
320.402 63920
320.421 64940
320.44 65960
320.459 66980
320.478 68000
320.497 69020
320.629 69360
320.743 69700
320.875 70040
321.007 70380
321.121 70720
321.253 71060
321.386 71400
321.499 71740
321.625 72080
321.745 72420
321.814 50660
325.033 340
325.048 680
326.473 1020
326.479 1360
327.08 1700
327.086 2040
327.093 2380
327.099 2720
327.687 3060
327.694 3400
327.7 3740
327.706 4080
327.713 4420
327.719 4760
327.725 5100
327.731 5440
328.294 5780
328.301 6120
328.307 6460
328.313 6800
328.32 7140
328.326 7480
328.332 7820
328.339 8160
328.345 8500
328.351 8840
328.358 9180
328.364 9520
328.37 9860
328.376 10200
328.383 10540
328.389 10880
328.902 11220
328.908 11560
328.914 11900
328.921 12240
328.927 12580
328.933 12920
328.939 13260
328.946 13600
328.952 13940
328.958 14280
328.965 14620
328.971 14960
328.977 15300
328.984 15640
328.99 15980
328.996 16320
329.002 16660
329.009 17000
329.015 17340
329.021 17680
329.028 18020
329.034 18360
329.04 18700
329.047 19040
329.053 19380
329.059 19720
329.066 20060
329.072 20400
329.078 20740
329.084 21080
329.091 21420
329.097 21760
329.509 22100
329.515 22440
329.521 22780
329.528 23120
329.534 23460
329.54 23800
329.547 24140
329.553 24480
329.559 24820
329.566 25160
329.572 25500
329.578 25840
329.584 26180
329.591 26520
329.597 26860
329.603 27200
329.61 27540
329.616 27880
329.622 28220
329.629 28560
329.635 28900
329.641 29240
329.647 29580
329.654 29920
329.66 30260
329.666 30600
329.673 30940
329.679 31280
329.685 31620
329.692 31960
329.698 32300
329.704 32640
329.711 32980
329.717 33320
329.723 33660
329.729 34000
329.736 34340
329.742 34680
329.748 35020
329.755 35360
329.856 35700
330.179 24820
331.497 25160
331.509 25500
331.522 25840
331.534 26180
331.547 26520
331.56 26860
331.572 27200
331.585 27540
331.597 27880
331.61 28220
331.623 28560
331.648 28900
331.686 29240
331.711 29580
331.749 29920
331.787 30260
331.837 30600
331.875 30940
331.925 31280
332.02 31620
332.133 31960
332.259 32300
332.385 32640
332.537 32980
332.663 33320
332.795 33660
332.965 34000
333.186 34340
333.495 34680
333.905 35020
334.409 35360
335.342 35700
335.701 36040
336.143 36380
336.407 36720
336.691 37060
336.918 37400
337.101 37740
337.233 38080
337.41 38420
337.517 38760
337.649 39100
337.769 39440
337.876 39780
337.977 40120
338.065 40460
338.141 40800
338.217 41140
338.305 41480
338.374 41820
338.462 42160
338.526 42500
338.601 42840
338.664 43180
338.727 43520
338.803 43860
338.86 44200
338.897 44540
338.967 44880
339.017 45220
339.08 45560
339.143 45900
339.194 46240
339.25 46580
339.307 46920
339.339 47260
339.383 47600
339.427 47940
339.465 48280
339.503 48620
339.547 48960
339.585 49300
339.629 49640
339.667 49980
339.704 50320
339.755 50660
339.799 51000
339.837 51340
339.881 51680
339.919 52020
339.963 52360
340.007 52700
340.045 53040
340.089 53380
340.114 53720
340.146 54060
340.183 54400
340.209 54740
340.246 55080
340.278 55420
340.322 55760
340.366 56100
340.398 56440
340.448 56780
340.492 57120
340.53 57460
340.574 57800
340.618 58140
340.656 58480
340.7 58820
340.738 59160
340.776 59500
340.826 59840
340.858 60180
340.908 60520
340.946 60860
340.959 61200
340.997 61540
341.022 61880
341.066 62220
341.098 62560
341.116 62900
341.161 63240
341.192 63580
341.211 63920
341.255 64260
341.287 64600
341.312 64940
341.337 65280
341.369 65620
341.406 65960
341.438 66300
341.463 66640
341.501 66980
341.533 67320
341.564 67660
341.596 68000
341.614 68340
341.646 68680
341.69 69020
341.709 69360
341.741 69700
341.772 70040
341.81 70380
341.829 70720
341.841 71060
341.873 71400
341.886 71740
341.904 72080
341.93 72420
341.942 72760
341.955 73100
341.98 73440
342.005 73780
342.018 74120
342.031 74460
342.043 74800
342.056 75140
342.081 75480
342.094 75820
342.106 76160
342.144 76500
342.163 76840
342.176 77180
342.188 77520
342.213 77860
342.239 78200
342.257 78540
342.27 78880
342.289 79220
342.302 79560
342.327 79900
342.339 80240
342.352 80580
342.365 80920
342.39 81260
342.402 81600
342.415 81940
342.434 82280
342.459 82620
342.472 82960
342.484 83300
342.497 83640
342.522 83980
342.535 84320
342.547 84660
342.566 85000
342.579 85340
342.604 85680
342.617 86020
342.636 86360
342.648 86700
342.68 87040
342.692 87380
342.711 87720
342.724 88060
342.737 88400
342.749 88740
342.774 89080
342.787 89420
342.806 89760
342.819 90100
342.831 90440
342.844 90780
342.869 91120
342.882 91460
342.9 91800
342.913 92140
342.926 92480
342.938 92820
342.951 93160
342.964 93500
342.976 93840
342.989 94180
343.001 94520
343.014 94860
343.039 95200
343.052 95540
343.064 95880
343.077 96220
343.09 96560
343.102 96900
343.127 97240
343.14 97580
343.153 97920
343.172 98260
343.184 98600
343.197 98940
343.209 99280
343.222 99620
343.241 99960
343.254 100300
343.285 100640
343.298 100980
343.31 101320
343.323 101660
343.335 102000
343.348 102340
343.367 102680
343.38 103020
343.392 103360
343.405 103700
343.43 104040
343.449 104380
343.462 104720
343.48 105060
343.493 105400
343.506 105740
343.518 106080
343.537 106420
343.55 106760
343.562 107100
343.575 107440
343.588 107780
343.6 108120
343.613 108460
343.625 108800
343.638 109140
343.651 109480
343.663 109820
343.676 110160
343.688 110500
343.701 110840
343.714 111180
343.726 111520
343.739 111860
343.752 112200
343.764 112540
343.777 112880
343.789 113220
343.802 113560
343.815 113900
343.827 114240
343.84 114580
343.852 114920
343.865 115260
343.878 115600
343.89 115940
343.903 116280
343.915 116620
343.941 116960
343.953 117300
343.966 117640
343.978 117980
343.991 118320
344.004 118660
344.016 119000
344.029 119340
344.042 119680
344.054 120020
344.067 120360
344.079 120700
344.092 121040
344.105 121380
344.117 121720
344.13 122060
344.142 122400
344.155 122740
344.168 123080
344.18 123420
344.193 123760
344.205 124100
344.218 124440
344.231 124780
344.243 125120
344.256 125460
344.268 125800
344.281 126140
344.294 126480
344.306 126820
344.319 127160
344.331 127500
344.344 127840
344.357 128180
344.369 128520
344.382 128860
344.395 129200
344.407 129540
344.42 129880
344.432 130220
344.451 130560
344.464 130900
344.476 131240
344.489 131580
344.502 131920
344.514 132260
344.527 132600
344.54 132940
344.552 133280
344.565 133620
344.577 133960
344.59 134300
344.603 134640
344.615 134980
344.628 135320
344.64 135660
344.653 136000
344.666 136340
344.678 136680
344.691 137020
344.703 137360
344.729 137700
344.741 138040
344.754 138380
344.773 96560
348.481 340
348.725 1360
349.564 2380
349.583 3400
350.184 4420
350.202 5440
350.221 8500
350.822 9520
350.841 10540
350.86 11560
350.879 14620
350.936 16660
350.974 17680
351.442 18700
351.461 19720
351.48 21760
351.518 24140
351.562 25160
351.581 26860
351.612 27880
351.631 29920
351.669 30940
351.688 31960
351.707 35360
352.049 37400
352.087 39100
352.119 41140
352.156 42160
352.175 43180
352.194 44200
352.213 45220
352.232 46240
352.251 47260
352.27 48280
352.289 49300
352.308 50320
352.327 51340
352.346 52360
352.364 53380
352.383 54400
352.402 55420
352.421 56440
352.44 57460
352.459 58480
352.478 59500
352.497 60520
352.516 61540
352.535 62560
352.554 63580
352.572 64600
352.591 65620
352.61 66640
352.629 67660
352.749 68000
352.875 68340
353.007 68680
353.14 69020
353.253 69360
353.386 69700
353.518 70040
353.632 70380
353.764 70720
353.858 71060
353.94 49640
357.125 340
357.181 680
358.574 1020
358.58 1360
359.181 1700
359.187 2040
359.194 2380
359.2 2720
359.788 3060
359.794 3400
359.801 3740
359.807 4080
359.813 4420
359.82 4760
359.826 5100
359.832 5440
360.395 5780
360.402 6120
360.408 6460
360.414 6800
360.421 7140
360.427 7480
360.433 7820
360.439 8160
360.446 8500
360.452 8840
360.458 9180
360.465 9520
360.471 9860
360.477 10200
360.484 10540
360.49 10880
361.003 11220
361.009 11560
361.015 11900
361.021 12240
361.028 12580
361.034 12920
361.04 13260
361.047 13600
361.053 13940
361.059 14280
361.066 14620
361.072 14960
361.078 15300
361.084 15640
361.091 15980
361.097 16320
361.103 16660
361.11 17000
361.116 17340
361.122 17680
361.129 18020
361.135 18360
361.141 18700
361.148 19040
361.154 19380
361.16 19720
361.166 20060
361.173 20400
361.179 20740
361.185 21080
361.192 21420
361.198 21760
361.61 22100
361.616 22440
361.622 22780
361.629 23120
361.635 23460
361.641 23800
361.648 24140
361.654 24480
361.66 24820
361.666 25160
361.673 25500
361.679 25840
361.685 26180
361.692 26520
361.698 26860
361.704 27200
361.711 27540
361.717 27880
361.723 28220
361.729 28560
361.736 28900
361.742 29240
361.748 29580
361.755 29920
361.761 30260
361.767 30600
361.774 30940
361.78 31280
361.786 31620
361.793 31960
361.799 32300
361.805 32640
361.811 32980
361.818 33320
361.824 33660
361.83 34000
361.837 34340
361.843 34680
361.95 35020
362.229 24480
363.522 24820
363.534 25160
363.547 25500
363.56 25840
363.572 26180
363.585 26520
363.597 26860
363.61 27200
363.635 27540
363.66 27880
363.686 28220
363.724 28560
363.749 28900
363.787 29240
363.824 29580
363.862 29920
363.913 30260
363.963 30600
364.064 30940
364.177 31280
364.291 31620
364.417 31960
364.556 32300
364.669 32640
364.795 32980
364.978 33320
365.18 33660
365.476 34000
365.873 34340
366.384 34680
367.336 35020
367.695 35360
368.13 35700
368.351 36040
368.615 36380
368.855 36720
369.05 37060
369.233 37400
369.385 37740
369.523 38080
369.656 38420
369.756 38760
369.851 39100
369.939 39440
370.009 39780
370.097 40120
370.185 40460
370.261 40800
370.336 41140
370.418 41480
370.494 41820
370.563 42160
370.633 42500
370.702 42840
370.765 43180
370.828 43520
370.879 43860
370.942 44200
371.005 44540
371.055 44880
371.112 45220
371.156 45560
371.213 45900
371.263 46240
371.301 46580
371.351 46920
371.395 47260
371.433 47600
371.477 47940
371.515 48280
371.559 48620
371.597 48960
371.635 49300
371.685 49640
371.73 49980
371.767 50320
371.805 50660
371.856 51000
371.906 51340
371.95 51680
371.994 52020
372.032 52360
372.057 52700
372.089 53040
372.12 53380
372.146 53720
372.183 54060
372.215 54400
372.234 54740
372.272 55080
372.303 55420
372.341 55760
372.366 56100
372.392 56440
372.429 56780
372.467 57120
372.499 57460
372.518 57800
372.555 58140
372.587 58480
372.618 58820
372.65 59160
372.675 59500
372.694 59840
372.732 60180
372.751 60520
372.782 60860
372.814 61200
372.839 61540
372.871 61880
372.896 62220
372.921 62560
372.946 62900
372.984 63240
373.016 63580
373.047 63920
373.079 64260
373.11 64600
373.142 64940
373.173 65280
373.198 65620
373.236 65960
373.255 66300
373.293 66640
373.318 66980
373.35 67320
373.381 67660
373.406 68000
373.432 68340
373.47 68680
373.507 69020
373.526 69360
373.558 69700
373.596 70040
373.621 70380
373.652 70720
373.684 71060
373.703 71400
373.734 71740
373.759 72080
373.791 72420
373.816 72760
373.848 73100
373.873 73440
373.898 73780
373.923 74120
373.961 74460
373.98 74800
373.999 75140
374.012 75480
374.043 75820
374.056 76160
374.075 76500
374.087 76840
374.113 77180
374.131 77520
374.15 77860
374.176 78200
374.194 78540
374.213 78880
374.226 79220
374.239 79560
374.264 79900
374.283 80240
374.302 80580
374.321 80920
374.339 81260
374.358 81600
374.371 81940
374.396 82280
374.415 82620
374.428 82960
374.453 83300
374.466 83640
374.478 83980
374.497 84320
374.522 84660
374.535 85000
374.56 85340
374.579 85680
374.598 86020
374.617 86360
374.629 86700
374.655 87040
374.667 87380
374.699 87720
374.718 88060
374.73 88400
374.762 88740
374.774 89080
374.787 89420
374.806 89760
374.831 90100
374.844 90440
374.869 90780
374.901 63240
378.626 340
379.345 1700
379.963 3060
379.988 4080
380.582 74800
381.284 75140
381.372 52360
384.506 340
384.594 680
385.93 1020
385.936 1360
386.537 1700
386.544 2040
386.55 2380
386.556 2720
387.145 3060
387.151 3400
387.157 3740
387.163 4080
387.17 4420
387.176 4760
387.182 5100
387.189 5440
387.752 5780
387.758 6120
387.764 6460
387.771 6800
387.777 7140
387.783 7480
387.79 7820
387.796 8160
387.802 8500
387.808 8840
387.815 9180
387.821 9520
387.827 9860
387.834 10200
387.84 10540
387.846 10880
388.359 11220
388.365 11560
388.371 11900
388.378 12240
388.384 12580
388.39 12920
388.397 13260
388.403 13600
388.409 13940
388.416 14280
388.422 14620
388.428 14960
388.434 15300
388.441 15640
388.447 15980
388.453 16320
388.46 16660
388.466 17000
388.472 17340
388.479 17680
388.485 18020
388.491 18360
388.498 18700
388.504 19040
388.51 19380
388.516 19720
388.523 20060
388.529 20400
388.535 20740
388.542 21080
388.548 21420
388.554 21760
388.966 22100
388.972 22440
388.979 22780
388.985 23120
388.991 23460
388.998 23800
389.004 24140
389.01 24480
389.016 24820
389.023 25160
389.029 25500
389.035 25840
389.042 26180
389.048 26520
389.054 26860
389.061 27200
389.067 27540
389.073 27880
389.079 28220
389.086 28560
389.092 28900
389.098 29240
389.105 29580
389.111 29920
389.117 30260
389.124 30600
389.13 30940
389.136 31280
389.143 31620
389.149 31960
389.155 32300
389.161 32640
389.168 32980
389.174 33320
389.18 33660
389.187 34000
389.193 34340
389.199 34680
389.206 35020
389.212 35360
389.218 35700
389.224 36040
389.231 36380
389.313 36720
389.579 25500
390.929 25840
390.947 26180
390.96 26520
390.973 26860
390.985 27200
390.998 27540
391.01 27880
391.023 28220
391.048 28560
391.074 28900
391.099 29240
391.137 29580
391.162 29920
391.2 30260
391.225 30600
391.263 30940
391.313 31280
391.351 31620
391.389 31960
391.496 32300
391.597 32640
391.71 32980
391.824 33320
391.95 33660
392.088 34000
392.208 34340
392.353 34680
392.536 35020
392.763 35360
393.072 35700
393.469 36040
394.036 36380
394.831 36720
395.222 37060
395.644 37400
395.965 37740
396.211 38080
396.4 38420
396.59 38760
396.741 39100
396.873 39440
397.018 39780
397.144 40120
397.258 40460
397.359 40800
397.472 41140
397.548 41480
397.623 41820
397.718 42160
397.794 42500
397.85 42840
397.926 43180
398.008 43520
398.077 43860
398.147 44200
398.21 44540
398.266 44880
398.342 45220
398.399 45560
398.449 45900
398.512 46240
398.569 46580
398.619 46920
398.676 47260
398.733 47600
398.796 47940
398.84 48280
398.89 48620
398.935 48960
398.979 49300
399.01 49640
399.054 49980
399.092 50320
399.13 50660
399.18 51000
399.218 51340
399.262 51680
399.294 52020
399.338 52360
399.376 52700
399.42 53040
399.458 53380
399.496 53720
399.54 54060
399.571 54400
399.622 54740
399.647 55080
399.672 55420
399.704 55760
399.735 56100
399.76 56440
399.792 56780
399.823 57120
399.861 57460
399.893 57800
399.924 58140
399.956 58480
399.981 58820
400.025 59160
400.05 59500
400.088 59840
