0.0 0
0.105014 3400
0.216204 3740
0.228812 4420
0.24142 5100
0.254028 5780
0.266636 6460
0.32653 7140
0.339138 7820
0.351746 8500
0.364354 9180
0.376962 9860
0.38957 10540
0.402178 11220
0.414786 11900
0.427394 12580
0.440002 13260
0.45261 13940
0.465218 14620
0.477826 15300
0.490434 15980
0.503042 16660
0.51565 17340
0.528258 18020
0.540866 18700
0.553474 19380
0.566082 20060
0.57869 20740
0.591298 21420
0.603906 22100
0.616514 22780
0.629122 23460
0.64173 24140
0.654338 24820
0.666946 25500
0.679554 26180
0.692162 26860
0.70477 27540
0.717378 28220
0.729986 28900
0.742594 29580
0.755202 30260
0.76781 30940
0.780418 31620
0.793026 32300
0.805634 32980
0.818242 33660
0.83085 34340
0.843458 35020
0.856066 35700
0.868674 36380
0.881282 37060
0.89389 37740
0.906498 38420
0.919106 39100
0.931714 39780
0.944322 40460
0.95693 41140
0.969538 41820
0.982146 42500
0.994754 43180
1.00736 43860
1.01997 44540
1.03258 45220
1.04519 45900
1.05779 46580
1.0704 47260
1.08301 47940
1.09562 48620
1.10823 49300
1.12083 49980
1.13344 50660
1.14605 51340
1.15866 52020
1.17127 52700
1.18387 53380
1.19648 54060
1.20909 54740
1.2217 55420
1.23431 56100
1.24691 56780
1.25952 57460
1.27213 58140
1.28474 58820
1.29735 59500
1.30995 60180
1.32256 60860
1.33517 61540
1.34778 62220
1.36039 62900
1.37299 63580
1.3856 64260
1.39821 64940
1.41082 65620
1.42343 66300
1.43603 66980
1.44864 67660
1.46125 68340
1.47386 69020
1.48647 69700
1.49907 70380
1.51168 71060
1.52429 71740
1.5369 72420
1.54951 73100
1.56211 73780
1.57472 74460
1.58733 75140
1.59994 75820
1.61255 76500
1.62515 77180
1.63776 77860
1.65037 78540
1.66298 79220
1.67559 79900
1.68819 80580
1.7008 81260
1.71341 81940
1.72602 82620
1.73863 83300
1.75123 83980
1.76384 84660
1.77645 85340
1.78906 86020
1.80167 86700
1.81427 87380
1.82688 88060
1.83949 88740
1.8521 89420
1.86471 90100
1.87731 90780
1.88992 91120
1.90883 63580
3.75014 340
3.76851 1360
4.11523 1700
4.12154 2720
4.22556 3060
4.23186 4080
4.25078 4420
4.25708 5440
4.33589 5780
4.34219 6800
4.3611 7140
4.36741 8160
4.38632 8500
4.39262 9520
4.41153 9860
4.41784 10880
4.44621 11220
4.45252 12240
4.47143 12580
4.47773 13600
4.49664 13940
4.50295 14960
4.52186 15300
4.52816 16320
4.54708 16660
4.55338 17680
4.57229 18020
4.5786 19040
4.59751 19380
4.60381 20400
4.62272 20740
4.62903 21760
4.64794 22100
4.65424 23120
4.67316 23460
4.67946 24480
4.69837 24820
4.70468 25840
4.72359 26180
4.72989 27200
4.7488 27540
4.75511 28560
4.77402 28900
4.78032 29920
4.79924 30260
4.80554 31280
4.82445 31620
4.83076 32640
4.84967 32980
4.85597 34000
4.87488 34340
4.88119 35360
4.9001 35700
4.9064 36720
4.92532 37060
4.93162 38080
4.95053 38420
4.95684 39440
4.97575 39780
4.98205 40800
5.00096 41140
5.00727 42160
5.02618 42500
5.03248 43520
5.0514 43860
5.0577 44880
5.18378 45220
5.30986 45560
5.43594 45900
5.56202 46240
5.6881 46580
5.81418 46920
5.90874 32640
7.72483 340
7.8882 680
8.32317 1020
8.32948 1360
8.4335 1700
8.4398 2040
8.44611 2380
8.45241 2720
8.54382 3060
8.55013 3400
8.55643 3740
8.56274 4080
8.56904 4420
8.57534 4760
8.58165 5100
8.58795 5440
8.65415 5780
8.66045 6120
8.66676 6460
8.67306 6800
8.67937 7140
8.68567 7480
8.69197 7820
8.69828 8160
8.70458 8500
8.71089 8840
8.71719 9180
8.72349 9520
8.7298 9860
8.7361 10200
8.74241 10540
8.74871 10880
8.76447 11220
8.77078 11560
8.77708 11900
8.78339 12240
8.78969 12580
8.79599 12920
8.8023 13260
8.8086 13600
8.81491 13940
8.82121 14280
8.82751 14620
8.83382 14960
8.84012 15300
8.84643 15640
8.85273 15980
8.85903 16320
8.86534 16660
8.87164 17000
8.87795 17340
8.88425 17680
8.89055 18020
8.89686 18360
8.90316 18700
8.90947 19040
8.91577 19380
8.92207 19720
8.92838 20060
8.93468 20400
8.94099 20740
8.94729 21080
8.95359 21420
8.9599 21760
8.9662 22100
8.97251 22440
8.97881 22780
9.04815 23120
9.17423 23460
9.30031 23800
9.42639 16660
10.8579 340
10.952 680
11.5824 1020
11.5887 1360
11.6927 1700
11.699 2040
11.8093 1360
11.9133 1700
11.9449 2040
14.9205 2380
15.2578 2720
15.4847 3060
15.7117 3400
15.8346 3740
15.9765 4080
16.112 4420
16.2286 4760
16.339 5100
16.443 5440
16.5281 5780
16.6195 6120
16.7078 6460
16.7803 6800
16.8559 7140
16.9316 7480
17.0072 7820
17.0703 8160
17.1333 8500
17.1963 8840
17.2594 9180
17.3098 9520
17.3729 9860
17.4233 10200
17.5115 10540
17.6124 10880
17.6881 11220
17.7385 11560
17.8141 11900
17.8646 12240
17.915 12580
17.978 12920
18.0285 13260
18.0789 13600
18.1293 13940
18.1798 14280
18.2302 14620
18.268 14960
18.3058 15300
18.3563 15640
18.3941 15980
18.4445 16320
18.4824 16660
18.5202 17000
18.558 17340
18.6084 17680
18.6463 18020
18.6715 18360
18.7093 18700
18.7471 19040
18.7976 19380
18.8228 19720
18.8606 20060
18.8984 20400
18.9362 20740
18.9741 21080
19.0119 21420
19.0497 21760
19.0749 22100
19.1128 22440
19.1506 22780
19.1884 23120
19.2136 23460
19.2388 23800
19.2767 24140
19.3019 24480
19.3397 24820
19.3649 25160
19.4027 25500
19.428 25840
19.4658 26180
19.491 26520
19.5288 26860
19.554 27200
19.5919 27540
19.6171 27880
19.6549 28220
19.6801 28560
19.7053 28900
19.7305 29240
19.7684 29580
19.7936 29920
19.8188 30260
19.8314 30600
19.8692 30940
19.8945 31280
19.9197 31620
19.9323 31960
19.9575 32300
19.9953 32640
20.0205 32980
20.0331 33320
20.0584 33660
20.0836 34000
20.1088 34340
20.134 34680
20.1592 35020
20.1844 35360
20.2097 35700
20.2349 36040
20.2601 36380
20.2853 36720
20.3105 37060
20.3357 37400
20.3609 37740
20.3862 38080
20.4114 38420
20.4366 38760
20.4618 39100
20.487 39440
20.5122 39780
20.5375 40120
20.5627 40460
20.5879 40800
20.6131 41140
20.6383 41480
20.6635 41820
20.6888 42160
20.714 42500
20.7392 42840
20.7518 43180
20.777 43520
20.7896 43860
20.8148 44200
20.8401 44540
20.8527 44880
20.8779 45220
20.8905 45560
20.9157 45900
20.9283 46240
20.9535 46580
20.9661 46920
20.9913 47260
21.004 47600
21.0292 47940
21.0418 48280
21.067 48620
21.0796 48960
21.1048 49300
21.1174 49640
21.13 49980
21.1553 50320
21.1805 50660
21.1931 51000
21.2057 51340
21.2309 51680
21.2435 52020
21.2687 52360
21.2813 52700
21.3065 53040
21.3192 53380
21.3444 53720
21.357 54060
21.3822 54400
21.3948 54740
21.42 55080
21.4326 55420
21.4578 55760
21.4705 56100
21.4957 56440
21.5083 56780
21.5335 57120
21.5461 57460
21.5713 57800
21.5839 58140
21.6091 58480
21.6217 58820
21.647 59160
21.6596 59500
21.6848 59840
21.6974 60180
21.7226 60520
21.7541 42160
23.5863 340
23.5886 2040
24.1055 3060
24.1244 4760
24.2285 5780
24.2474 7480
24.2789 8500
24.2978 10200
24.3514 11220
24.3703 12920
24.4018 13940
24.4207 14960
24.4396 16660
24.4712 18360
24.5027 19380
24.5216 20400
24.5405 22100
24.572 23120
24.5909 24820
24.6225 25840
24.6414 27540
24.6729 28560
24.6918 30260
24.8242 30600
24.944 30940
25.0764 31280
25.1961 31620
25.2466 22100
26.8202 340
27.4025 680
27.5129 1020
27.5192 1360
27.6232 1700
27.6295 2040
27.6358 2380
27.6421 2720
27.7335 3060
27.7398 3400
27.7461 3740
27.7524 4080
27.7587 4420
27.765 4760
27.7713 5100
27.7776 5440
27.8438 5780
27.8501 6120
27.8564 6460
27.8627 6800
27.869 7140
27.8754 7480
27.8817 7820
27.888 8160
27.8943 8500
27.9006 8840
27.9069 9180
27.9132 9520
27.9195 9860
27.9258 10200
27.9321 10540
27.9384 10880
27.9542 11220
27.9605 11560
27.9668 11900
27.9731 12240
27.9794 12580
27.9857 12920
27.992 13260
27.9983 13600
28.0046 13940
28.0109 14280
28.0172 14620
28.0235 14960
28.0298 15300
28.0928 10540
28.6539 10880
28.6665 11220
28.6791 11560
28.7043 11900
28.7422 12240
28.7926 12580
28.8619 12920
28.9754 13260
29.1393 13600
29.2717 13940
29.4167 14280
29.6751 14620
29.8895 14960
30.3749 15300
32.4678 15640
32.8145 15980
33.0604 16320
33.2684 16660
33.4323 17000
33.5773 17340
33.8358 17680
34.0312 18020
34.2014 18360
34.3338 18700
34.4662 19040
34.5607 19380
34.6616 19720
34.7562 20060
34.857 20400
34.9327 20740
35.0083 21080
35.084 21420
35.1533 21760
35.229 22100
35.2794 22440
35.3677 22780
35.4118 23120
35.4874 23460
35.5379 23800
35.6009 24140
35.6639 24480
35.7333 24820
35.79 25160
35.8405 25500
35.8972 25840
35.9602 26180
36.017 26520
36.0737 26860
36.1367 27200
36.1872 27540
36.2439 27880
36.288 28220
36.3322 28560
36.4015 28900
36.4267 29240
36.4772 29580
36.5276 29920
36.5528 30260
36.5843 30600
36.6095 30940
36.66 31280
36.6852 31620
36.723 31960
36.7482 32300
36.7861 32640
36.8302 32980
36.8554 33320
36.8932 33660
36.9184 34000
36.9563 34340
37.0004 34680
37.0571 35020
37.0823 35360
37.1076 35700
37.1391 36040
37.1706 36380
37.2084 36720
37.2336 37060
37.2589 37400
37.2841 37740
37.3093 38080
37.3471 38420
37.3723 38760
37.3975 39100
37.4228 39440
37.448 39780
37.4858 40120
37.511 40460
37.5236 40800
37.5615 41140
37.5867 41480
37.6119 41820
37.6371 42160
37.6686 42500
37.6938 42840
37.738 43180
37.7632 43520
37.7884 43860
37.8136 44200
37.8388 44540
37.864 44880
37.8893 45220
37.9145 45560
37.9397 45900
37.9649 46240
37.9901 46580
38.0153 46920
38.0406 47260
38.0658 47600
38.091 47940
38.1162 48280
38.1414 48620
38.1666 48960
38.1919 49300
38.2171 49640
38.2423 49980
38.2675 50320
38.2927 50660
38.3179 51000
38.3431 51340
38.3684 51680
38.3936 52020
38.4188 52360
38.444 52700
38.4566 53040
38.4818 53380
38.5071 53720
38.5449 54060
38.5575 54400
38.5827 54740
38.5953 55080
38.6205 55420
38.6331 55760
38.6583 56100
38.671 56440
38.6962 56780
38.7277 39440
40.5598 340
40.6 2040
41.098 3740
41.1295 5440
41.2335 7140
41.2651 8840
41.2966 10540
41.3281 12240
41.3691 13940
41.4006 15640
41.4321 17340
41.4636 19040
41.4952 20740
41.5267 22440
41.5582 24140
41.5897 25840
41.6212 27540
41.7473 27880
41.8608 28220
41.9932 28560
42.1445 19720
43.6614 340
44.3194 680
44.4297 1020
44.436 1360
44.54 1700
44.5463 2040
44.5526 2380
44.5589 2720
44.6503 3060
44.6566 3400
44.6629 3740
44.6692 4080
44.6755 4420
44.6819 4760
44.6882 5100
44.6945 5440
44.7607 5780
44.767 6120
44.7733 6460
44.7796 6800
44.7859 7140
44.7922 7480
44.7985 7820
44.8048 8160
44.8111 8500
44.8174 8840
44.8237 9180
44.83 9520
44.8363 9860
44.8426 10200
44.8489 10540
44.8552 10880
44.871 11220
44.8962 7820
45.306 8160
45.3186 8500
45.3312 8840
45.3438 9180
45.369 9520
45.451 9860
45.5896 10200
45.7535 10540
46.0435 10880
46.2705 11220
48.7606 11560
49.1199 11900
49.3594 12240
49.5675 12580
49.7314 12920
49.8764 13260
50.0087 13600
50.1285 13940
50.2357 14280
50.4248 14620
50.5194 14960
50.6518 15300
50.8283 15640
50.9039 15980
51.0048 16320
51.1056 16660
51.2065 17000
51.3074 17340
51.465 17680
51.5532 18020
51.6667 18360
51.7613 18700
51.8369 19040
51.8873 19380
51.9693 19720
52.0323 20060
52.108 20400
52.1773 20740
52.2467 21080
52.2971 21420
52.3601 21760
52.4043 22100
52.4547 22440
52.5051 22780
52.543 23120
52.606 23460
52.6501 23800
52.7006 24140
52.7384 24480
52.7888 24820
52.8266 25160
52.8708 25500
52.9086 25840
52.9464 26180
52.9968 26520
53.0347 26860
53.0599 27200
53.0977 27540
53.1355 27880
53.1734 28220
53.2112 28560
53.249 28900
53.2868 29240
53.3246 29580
53.3625 29920
53.4003 30260
53.4255 30600
53.4633 30940
53.5012 31280
53.5264 31620
53.5642 31960
53.5894 32300
53.6272 32640
53.6525 32980
53.6903 33320
53.7155 33660
53.7533 34000
53.7785 34340
53.8164 34680
53.8416 35020
53.8794 35360
53.9046 35700
53.9424 36040
53.9677 36380
54.0055 36720
54.0307 37060
54.0685 37400
54.0937 37740
54.119 38080
54.1442 38420
54.1694 38760
54.1946 39100
54.2324 39440
54.245 39780
54.2702 40120
54.2955 40460
54.3207 40800
54.3459 41140
54.3711 41480
54.3963 41820
54.4215 42160
54.4468 42500
54.472 42840
54.4972 43180
54.5224 43520
54.5476 43860
54.5728 44200
54.5981 44540
54.6233 44880
54.6485 45220
54.6737 45560
54.6989 45900
54.7241 46240
54.7494 46580
54.7746 46920
54.7998 47260
54.825 47600
54.8502 47940
54.8754 48280
54.9006 48620
54.9259 48960
54.9511 49300
54.9763 49640
55.0015 49980
55.0267 50320
55.0519 50660
55.0772 51000
55.1024 51340
55.115 51680
55.1402 52020
55.1528 52360
55.178 52700
55.1906 53040
55.2158 53380
55.2285 53720
55.2537 54060
55.2663 54400
55.2915 54740
55.3041 55080
55.3293 55420
55.3419 55760
55.3671 56100
55.3798 56440
55.405 56780
55.4176 57120
55.4428 57460
55.4554 57800
55.4806 58140
55.4932 58480
55.5184 58820
55.5374 41140
57.3758 340
57.4159 2040
57.914 3740
57.9455 5440
58.0495 7140
58.081 8840
58.1125 10540
58.1441 12240
58.185 13940
58.2166 15640
58.2481 17340
58.2796 19040
58.3111 20740
58.3426 22440
58.3742 24140
58.4057 25840
58.4372 26860
58.4561 28560
58.6074 28900
58.7083 29240
58.8596 29580
58.9793 20400
60.5152 340
61.1479 680
61.2582 1020
61.2646 1360
61.3686 1700
61.3749 2040
61.3812 2380
61.3875 2720
61.4789 3060
61.4852 3400
61.4915 3740
61.4978 4080
61.5041 4420
61.5104 4760
61.5167 5100
61.523 5440
61.5892 5780
61.5955 6120
61.6018 6460
61.6081 6800
61.6144 7140
61.6207 7480
61.6271 7820
61.6334 8160
61.6397 8500
61.646 8840
61.6523 9180
61.6586 9520
61.6649 9860
61.6712 10200
61.6775 10540
61.6838 10880
61.6996 11220
61.7059 11560
61.7122 11900
61.7185 12240
61.7248 12580
61.7311 12920
61.7374 13260
61.7626 9180
62.248 9520
62.2606 9860
62.2732 10200
62.2858 10540
62.2984 10880
62.3615 11220
62.4686 11560
62.6073 11900
62.7901 12240
62.9982 12580
63.1999 12920
63.6286 13260
65.8917 13600
66.2447 13940
66.4969 14280
66.6923 14620
66.8499 14960
66.9949 15300
67.1336 15640
67.3542 15980
67.4551 16320
67.6442 16660
67.7703 17000
67.909 17340
68.0225 17680
68.1296 18020
68.2179 18360
68.3124 18700
68.3944 19040
68.4764 19380
68.5772 19720
68.6592 20060
68.76 20400
68.8546 20740
68.9176 21080
69.0122 21420
69.0626 21760
69.1446 22100
69.2013 22440
69.2517 22780
69.3085 23120
69.3652 23460
69.4156 23800
69.4598 24140
69.5102 24480
69.5606 24820
69.6363 25160
69.693 25500
69.7308 25840
69.7687 26180
69.8191 26520
69.8569 26860
69.9074 27200
69.9452 27540
69.9956 27880
70.0334 28220
70.0713 28560
70.1217 28900
70.1595 29240
70.1973 29580
70.2352 29920
70.273 30260
70.3108 30600
70.3486 30940
70.3865 31280
70.4243 31620
70.4621 31960
70.4999 32300
70.5252 32640
70.563 32980
70.6008 33320
70.626 33660
70.6512 34000
70.6891 34340
70.7143 34680
70.7521 35020
70.7773 35360
70.8151 35700
70.8404 36040
70.8782 36380
70.9034 36720
70.9412 37060
70.9664 37400
71.0043 37740
71.0295 38080
71.0673 38420
71.0925 38760
71.1303 39100
71.1556 39440
71.1934 39780
71.2186 40120
71.2438 40460
71.269 40800
71.2942 41140
71.3195 41480
71.3447 41820
71.3699 42160
71.3951 42500
71.4203 42840
71.4455 43180
71.4708 43520
71.496 43860
71.5212 44200
71.5464 44540
71.5716 44880
71.5968 45220
71.622 45560
71.6473 45900
71.6725 46240
71.6977 46580
71.7229 46920
71.7481 47260
71.7733 47600
71.7986 47940
71.8238 48280
71.849 48620
71.8742 48960
71.8994 49300
71.9246 49640
71.9499 49980
71.9751 50320
72.0003 50660
72.0255 51000
72.0507 51340
72.0759 51680
72.1012 52020
72.1264 52360
72.1516 52700
72.1768 53040
72.1894 53380
72.2146 53720
72.2398 54060
72.2524 54400
72.2777 54740
72.2903 55080
72.3155 55420
72.3281 55760
72.3533 56100
72.3659 56440
72.3911 56780
72.4037 57120
72.429 57460
72.4416 57800
72.4542 58140
72.4857 40460
74.3178 340
74.3454 2040
74.8497 3740
74.8812 5440
74.9852 7140
75.0168 8840
75.0483 10540
75.0798 12240
75.1208 13940
75.1523 15640
75.1838 17340
75.2153 19040
75.2469 20740
75.2784 22440
75.3099 24140
75.3414 25840
75.3729 27540
75.4045 29240
75.5495 29580
75.6629 29920
75.7827 30260
75.9214 21080
77.4698 340
78.09 680
78.2003 1020
78.2066 1360
78.3106 1700
78.3169 2040
78.3232 2380
78.3295 2720
78.4209 3060
78.4272 3400
78.4335 3740
78.4399 4080
78.4462 4420
78.4525 4760
78.4588 5100
78.4651 5440
78.5313 5780
78.5376 6120
78.5439 6460
78.5502 6800
78.5565 7140
78.5628 7480
78.5691 7820
78.5754 8160
78.5817 8500
78.588 8840
78.5943 9180
78.6006 9520
78.6069 9860
78.6132 10200
78.6195 10540
78.6258 10880
78.6416 11220
78.6479 11560
78.6542 11900
78.6605 12240
78.6668 12580
78.6731 12920
78.6794 13260
78.6857 13600
78.692 13940
78.6983 14280
78.7046 14620
78.7298 10200
79.2657 10540
79.2783 10880
79.2909 11220
79.3035 11560
79.3161 11900
79.3666 12240
79.4548 12580
79.6061 12920
79.7511 13260
79.9213 13600
80.1167 13940
80.3311 14280
80.8291 14620
82.9914 14960
83.3444 15300
83.5965 15640
83.7983 15980
83.9559 16320
84.1009 16660
84.3467 17000
84.561 17340
84.6808 17680
84.8321 18020
85.0275 18360
85.1221 18700
85.2797 19040
85.4121 19380
85.5193 19720
85.5886 20060
85.6706 20400
85.7651 20740
85.8534 21080
85.9353 21420
85.9984 21760
86.0677 22100
86.1244 22440
86.1938 22780
86.2442 23120
86.2946 23460
86.3451 23800
86.427 24140
86.4964 24480
86.5531 24820
86.5909 25160
86.6351 25500
86.6918 25840
86.7296 26180
86.7801 26520
86.8179 26860
86.8683 27200
86.925 27540
86.9818 27880
87.0196 28220
87.0574 28560
87.0953 28900
87.1331 29240
87.1709 29580
87.2087 29920
87.2466 30260
87.2844 30600
87.3222 30940
87.36 31280
87.3978 31620
87.4357 31960
87.4987 32300
87.5365 32640
87.5618 32980
87.5996 33320
87.6248 33660
87.6626 34000
87.6878 34340
87.7257 34680
87.7509 35020
87.7887 35360
87.8139 35700
87.8517 36040
87.877 36380
87.9148 36720
87.94 37060
87.9778 37400
88.003 37740
88.0409 38080
88.0661 38420
88.1102 38760
88.1354 39100
88.1606 39440
88.1985 39780
88.2111 40120
88.2363 40460
88.2615 40800
88.2993 41140
88.3245 41480
88.3371 41820
88.3624 42160
88.3876 42500
88.4254 42840
88.438 43180
88.4632 43520
88.4884 43860
88.5137 44200
88.5389 44540
88.5641 44880
88.5893 45220
88.6145 45560
88.6397 45900
88.665 46240
88.6902 46580
88.7154 46920
88.7406 47260
88.7658 47600
88.791 47940
88.8289 48280
88.8541 48620
88.8793 48960
88.9045 49300
88.9297 49640
88.9549 49980
88.9802 50320
89.0054 50660
89.0306 51000
89.0558 51340
89.081 51680
89.1062 52020
89.1314 52360
89.1567 52700
89.1819 53040
89.1945 53380
89.2197 53720
89.2449 54060
89.2701 54400
89.2827 54740
89.308 55080
89.3332 55420
89.3458 55760
89.371 56100
89.3836 56440
89.4088 56780
89.4214 57120
89.453 39780
91.2851 340
91.3252 2040
91.8233 3740
91.8548 5440
91.9588 7140
91.9903 8840
92.0218 10540
92.0534 14280
92.1322 15980
92.1637 17680
92.1952 19380
92.2267 21080
92.2582 22780
92.2898 24480
92.3213 26180
92.3528 27880
92.4789 28220
92.5924 28560
92.7373 28900
92.876 20060
94.3993 340
95.0572 680
95.1675 1020
95.1739 1360
95.2779 1700
95.2842 2040
95.2905 2380
95.2968 2720
95.3882 3060
95.3945 3400
95.4008 3740
95.4071 4080
95.4134 4420
95.4197 4760
95.426 5100
95.4323 5440
95.4985 5780
95.5048 6120
95.5111 6460
95.5174 6800
95.5237 7140
95.53 7480
95.5363 7820
95.5427 8160
95.549 8500
95.5553 8840
95.5616 9180
95.5679 9520
95.5742 9860
95.5805 10200
95.5868 10540
95.5931 10880
95.6089 11220
95.6152 11560
95.6215 11900
95.6467 8160
96.0817 8500
96.0943 8840
96.1069 9180
96.1195 9520
96.1321 9860
96.1825 10200
96.3212 10540
96.4599 10880
96.6238 11220
96.9264 11560
97.1912 11900
99.6434 12240
99.9901 12580
100.242 12920
100.431 13260
100.602 13600
100.747 13940
100.873 14280
100.992 14620
101.182 14960
101.39 15300
101.503 15640
101.623 15980
101.73 16320
101.837 16660
101.919 17000
102.089 17340
102.241 17680
102.367 18020
102.442 18360
102.524 18700
102.587 19040
102.663 19380
102.745 19720
102.84 20060
102.896 20400
102.959 20740
103.022 21080
103.085 21420
103.155 21760
103.211 22100
103.262 22440
103.312 22780
103.363 23120
103.413 23460
103.464 23800
103.501 24140
103.539 24480
103.59 24820
103.64 25160
103.678 25500
103.728 25840
103.766 26180
103.817 26520
103.854 26860
103.905 27200
103.93 27540
103.968 27880
104.006 28220
104.044 28560
104.081 28900
104.119 29240
104.157 29580
104.195 29920
104.233 30260
104.271 30600
104.308 30940
104.346 31280
104.384 31620
104.409 31960
104.447 32300
104.472 32640
104.51 32980
104.535 33320
104.573 33660
104.598 34000
104.636 34340
104.661 34680
104.699 35020
104.724 35360
104.762 35700
104.787 36040
104.825 36380
104.851 36720
104.888 37060
104.914 37400
104.951 37740
104.977 38080
105.014 38420
105.027 38760
105.052 39100
105.09 39440
105.115 39780
105.14 40120
105.153 40460
105.178 40800
105.216 41140
105.229 41480
105.254 41820
105.279 42160
105.304 42500
105.33 42840
105.355 43180
105.38 43520
105.405 43860
105.43 44200
105.456 44540
105.481 44880
105.506 45220
105.531 45560
105.557 45900
105.582 46240
105.607 46580
105.632 46920
105.657 47260
105.683 47600
105.708 47940
105.733 48280
105.758 48620
105.784 48960
105.809 49300
105.834 49640
105.859 49980
105.884 50320
105.91 50660
105.935 51000
105.96 51340
105.985 51680
106.01 52020
106.036 52360
106.048 52700
106.061 53040
106.086 53380
106.111 53720
106.124 54060
106.149 54400
106.174 54740
106.187 55080
106.2 55420
106.225 55760
106.25 56100
106.263 56440
106.275 56780
106.3 57120
106.313 57460
106.338 57800
106.351 58140
106.376 58480
106.395 40800
108.233 340
108.274 2040
108.772 3740
108.803 5440
108.907 7140
108.939 8840
108.97 10540
109.002 12240
109.043 13940
109.074 15640
109.106 17340
109.137 19040
109.169 20740
109.2 22440
109.232 24140
109.263 25840
109.295 27540
109.326 29240
109.459 29580
109.591 29920
109.711 30260
109.831 21080
111.379 340
111.999 680
112.11 1020
112.116 1360
112.22 1700
112.226 2040
112.233 2380
112.239 2720
112.33 3060
112.337 3400
112.343 3740
112.349 4080
112.355 4420
112.362 4760
112.368 5100
112.374 5440
112.441 5780
112.447 6120
112.453 6460
112.459 6800
112.466 7140
112.472 7480
112.478 7820
112.485 8160
112.491 8500
112.497 8840
112.504 9180
112.51 9520
112.516 9860
112.523 10200
112.529 10540
112.535 10880
112.551 11220
112.557 11560
112.563 11900
112.57 12240
112.576 12580
112.582 12920
112.589 13260
112.595 13600
112.601 13940
112.608 14280
112.614 14620
112.639 10200
113.175 10540
113.188 10880
113.2 11220
113.213 11560
113.251 11900
113.301 12240
113.389 12580
113.515 12920
113.66 13260
113.831 13600
114.026 13940
114.253 14280
114.738 14620
116.901 14960
117.254 15300
117.506 15640
117.701 15980
117.865 16320
118.01 16660
118.256 17000
118.439 17340
118.628 17680
118.767 18020
118.899 18360
118.994 18700
119.107 19040
119.202 19380
119.296 19720
119.41 20060
119.511 20400
119.611 20740
119.719 21080
119.8 21420
119.857 21760
119.933 22100
120.002 22440
120.059 22780
120.128 23120
120.179 23460
120.261 23800
120.311 24140
120.38 24480
120.418 24820
120.469 25160
120.525 25500
120.563 25840
120.62 26180
120.664 26520
120.721 26860
120.765 27200
120.834 27540
120.872 27880
120.916 28220
120.954 28560
120.992 28900
121.03 29240
121.074 29580
121.099 29920
121.137 30260
121.162 30600
121.2 30940
121.244 31280
121.288 31620
121.313 31960
121.364 32300
121.414 32640
121.44 32980
121.477 33320
121.515 33660
121.54 34000
121.578 34340
121.603 34680
121.641 35020
121.666 35360
121.704 35700
121.73 36040
121.767 36380
121.793 36720
121.83 37060
121.856 37400
121.881 37740
121.919 38080
121.944 38420
121.969 38760
122.013 39100
122.038 39440
122.064 39780
122.089 40120
122.114 40460
122.139 40800
122.164 41140
122.19 41480
122.215 41820
122.24 42160
122.265 42500
122.291 42840
122.316 43180
122.341 43520
122.366 43860
122.391 44200
122.417 44540
122.442 44880
122.467 45220
122.492 45560
122.518 45900
122.543 46240
122.568 46580
122.593 46920
122.618 47260
122.644 47600
122.669 47940
122.694 48280
122.719 48620
122.744 48960
122.77 49300
122.795 49640
122.82 49980
122.845 50320
122.871 50660
122.896 51000
122.921 51340
122.946 51680
122.971 52020
122.997 52360
123.022 52700
123.047 53040
123.06 53380
123.085 53720
123.11 54060
123.135 54400
123.148 54740
123.173 55080
123.186 55420
123.211 55760
123.236 56100
123.249 56440
123.261 56780
123.287 57120
123.312 57460
123.324 57800
123.356 40120
125.188 340
125.203 2040
125.714 3740
125.745 5440
125.849 7140
125.881 8840
125.912 10540
125.944 12240
125.985 13940
126.016 15640
126.048 17340
126.079 19040
126.111 20740
126.142 22440
126.174 23800
126.199 24140
126.205 25840
126.237 27540
126.268 29240
126.394 29580
126.527 29920
126.659 30260
126.779 21080
128.327 340
128.948 680
129.058 1020
129.064 1360
129.168 1700
129.175 2040
129.181 2380
129.187 2720
129.279 3060
129.285 3400
129.291 3740
129.297 4080
129.304 4420
129.31 4760
129.316 5100
129.323 5440
129.389 5780
129.395 6120
129.402 6460
129.408 6800
129.414 7140
129.42 7480
129.427 7820
129.433 8160
129.439 8500
129.446 8840
129.452 9180
129.458 9520
129.465 9860
129.471 10200
129.477 10540
129.483 10880
129.499 11220
129.506 11560
129.512 11900
129.518 12240
129.524 12580
129.531 12920
129.537 13260
129.543 13600
129.55 13940
129.556 14280
129.562 14620
129.587 10200
130.123 10540
130.136 10880
130.149 11220
130.161 11560
130.174 11900
130.224 12240
130.312 12580
130.464 12920
130.609 13260
130.779 13600
130.974 13940
131.189 14280
131.687 14620
133.849 14960
134.202 15300
134.454 15640
134.656 15980
134.814 16320
134.959 16660
135.204 17000
135.419 17340
135.538 17680
135.69 18020
135.885 18360
135.98 18700
136.137 19040
136.27 19380
136.377 19720
136.446 20060
136.528 20400
136.623 20740
136.711 21080
136.793 21420
136.856 21760
136.925 22100
136.982 22440
137.051 22780
137.102 23120
137.152 23460
137.203 23800
137.285 24140
137.354 24480
137.411 24820
137.449 25160
137.493 25500
137.549 25840
137.587 26180
137.638 26520
137.676 26860
137.726 27200
137.783 27540
137.839 27880
137.877 28220
137.915 28560
137.953 28900
137.991 29240
138.029 29580
138.066 29920
138.104 30260
138.142 30600
138.18 30940
138.218 31280
138.255 31620
138.293 31960
138.356 32300
138.394 32640
138.419 32980
138.457 33320
138.482 33660
138.52 34000
138.545 34340
138.583 34680
138.609 35020
138.646 35360
138.672 35700
138.709 36040
138.735 36380
138.772 36720
138.798 37060
138.835 37400
138.861 37740
138.899 38080
138.924 38420
138.968 38760
138.993 39100
139.018 39440
139.056 39780
139.069 40120
139.094 40460
139.119 40800
139.157 41140
139.182 41480
139.195 41820
139.22 42160
139.245 42500
139.283 42840
139.296 43180
139.321 43520
139.346 43860
139.371 44200
139.397 44540
139.422 44880
139.447 45220
139.472 45560
139.497 45900
139.523 46240
139.548 46580
139.573 46920
139.598 47260
139.623 47600
139.649 47940
139.687 48280
139.712 48620
139.737 48960
139.762 49300
139.787 49640
139.813 49980
139.838 50320
139.863 50660
139.888 51000
139.913 51340
139.939 51680
139.964 52020
139.989 52360
140.014 52700
140.04 53040
140.052 53380
140.077 53720
140.103 54060
140.128 54400
140.14 54740
140.166 55080
140.191 55420
140.203 55760
140.229 56100
140.241 56440
140.266 56780
140.279 57120
140.311 39780
142.143 340
142.183 2040
142.681 3740
142.712 5440
142.816 7140
142.848 8840
142.879 10540
142.911 14280
142.99 15980
143.021 17680
143.053 19380
143.084 21080
143.116 22780
143.147 24480
143.179 26180
143.21 27880
143.337 28220
143.45 28560
143.595 28900
143.734 20060
145.257 340
145.915 680
146.025 1020
146.031 1360
146.136 1700
146.142 2040
146.148 2380
146.154 2720
146.246 3060
146.252 3400
146.258 3740
146.265 4080
146.271 4420
146.277 4760
146.284 5100
146.29 5440
146.356 5780
146.362 6120
146.369 6460
146.375 6800
146.381 7140
146.388 7480
146.394 7820
146.4 8160
146.407 8500
146.413 8840
146.419 9180
146.426 9520
146.432 9860
146.438 10200
146.444 10540
146.451 10880
146.466 11220
146.473 11560
146.479 11900
146.504 8160
146.939 8500
146.952 8840
146.965 9180
146.977 9520
146.99 9860
147.04 10200
147.179 10540
147.318 10880
147.481 11220
147.784 11560
148.049 11900
149.392 8160
149.827 8500
149.839 8840
149.852 9180
149.864 9520
149.877 9860
149.89 10200
149.902 10540
149.915 10880
150.066 11220
150.325 11560
150.671 11900
153.388 12240
153.729 12580
153.993 12920
154.176 13260
154.34 13600
154.491 13940
154.624 14280
154.744 14620
154.845 14960
154.945 15300
155.134 15640
155.21 15980
155.374 16320
155.469 16660
155.614 17000
155.708 17340
155.803 17680
155.904 18020
155.973 18360
156.093 18700
156.2 19040
156.307 19380
156.402 19720
156.484 20060
156.553 20400
156.641 20740
156.698 21080
156.748 21420
156.799 21760
156.855 22100
156.919 22440
156.982 22780
157.032 23120
157.07 23460
157.133 23800
157.183 24140
157.221 24480
157.272 24820
157.322 25160
157.36 25500
157.423 25840
157.461 26180
157.498 26520
157.549 26860
157.587 27200
157.612 27540
157.65 27880
157.688 28220
157.725 28560
157.763 28900
157.801 29240
157.839 29580
157.889 29920
157.927 30260
157.952 30600
157.99 30940
158.028 31280
158.066 31620
158.091 31960
158.116 32300
158.154 32640
158.192 32980
158.217 33320
158.242 33660
158.28 34000
158.305 34340
158.343 34680
158.368 35020
158.406 35360
158.431 35700
158.469 36040
158.495 36380
158.532 36720
158.558 37060
158.595 37400
158.621 37740
158.658 38080
158.684 38420
158.709 38760
158.734 39100
158.759 39440
158.797 39780
158.81 40120
158.835 40460
158.86 40800
158.898 41140
158.911 41480
158.936 41820
158.961 42160
158.986 42500
159.011 42840
159.037 43180
159.062 43520
159.087 43860
159.112 44200
159.138 44540
159.163 44880
159.188 45220
159.213 45560
159.238 45900
159.264 46240
159.289 46580
159.314 46920
159.339 47260
159.364 47600
159.39 47940
159.415 48280
159.44 48620
159.465 48960
159.491 49300
159.516 49640
159.541 49980
159.566 50320
159.591 50660
159.617 51000
159.642 51340
159.667 51680
159.692 52020
159.705 52360
159.73 52700
159.743 53040
159.768 53380
159.793 53720
159.806 54060
159.818 54400
159.844 54740
159.869 55080
159.881 55420
159.894 55760
159.919 56100
159.932 56440
159.957 56780
159.97 57120
159.995 57460
160.007 57800
160.033 58140
160.045 58480
160.077 40800
161.909 340
161.937 2040
162.441 3740
162.472 5440
163.472 340
163.583 7140
163.788 7480
163.914 7820
164.059 8160
164.178 8500
164.311 8840
164.431 9180
164.5 6120
164.834 6460
164.847 6800
164.859 7140
164.897 7480
164.947 7820
165.086 8160
165.206 8500
165.49 8840
165.641 9180
168.188 9520
168.553 9860
168.793 10200
168.988 10540
169.152 10880
169.31 11220
169.436 11560
169.549 11900
169.669 12240
169.82 12580
170.262 12920
170.375 13260
170.514 13600
170.672 13940
170.823 14280
170.936 14620
171.025 14960
171.113 15300
171.201 15640
171.277 15980
171.34 16320
171.415 16660
171.478 17000
171.541 17340
171.605 17680
171.668 18020
171.718 18360
171.756 18700
171.819 19040
171.869 19380
171.932 19720
171.97 20060
172.021 20400
172.071 20740
172.121 21080
172.159 21420
172.21 21760
172.26 22100
172.311 22440
172.348 22780
172.386 23120
172.437 23460
172.474 23800
172.512 24140
172.55 24480
172.601 24820
172.626 25160
172.664 25500
172.701 25840
172.739 26180
172.777 26520
172.815 26860
172.853 27200
172.891 27540
172.928 27880
172.966 28220
173.004 28560
173.042 28900
173.08 29240
173.105 29580
173.13 29920
173.168 30260
173.193 30600
173.231 30940
173.256 31280
173.294 31620
173.319 31960
173.357 32300
173.382 32640
173.42 32980
173.445 33320
173.483 33660
173.508 34000
173.546 34340
173.571 34680
173.609 35020
173.634 35360
173.66 35700
173.697 36040
173.723 36380
173.748 36720
173.773 37060
173.798 37400
173.824 37740
173.849 38080
173.874 38420
173.899 38760
173.924 39100
173.95 39440
173.975 39780
174 40120
174.025 40460
174.05 40800
174.076 41140
174.101 41480
174.126 41820
174.151 42160
174.177 42500
174.202 42840
174.227 43180
174.252 43520
174.277 43860
174.303 44200
174.328 44540
174.353 44880
174.378 45220
174.403 45560
174.429 45900
174.454 46240
174.479 46580
174.504 46920
174.53 47260
174.555 47600
174.58 47940
174.605 48280
174.63 48620
174.656 48960
174.668 49300
174.693 49640
174.719 49980
174.731 50320
174.757 50660
174.769 51000
174.794 51340
174.807 51680
174.832 52020
174.857 52360
174.87 52700
174.883 53040
174.908 53380
174.92 53720
174.946 54060
174.958 54400
174.983 54740
174.996 55080
175.021 55420
175.034 55760
175.059 56100
175.072 56440
175.097 56780
175.11 57120
175.135 57460
175.147 57800
175.173 58140
175.185 58480
175.21 58820
175.223 59160
175.248 59500
175.267 41480
177.106 340
177.133 2040
177.637 3740
177.669 5440
177.773 7140
177.805 8840
177.836 10540
177.868 12240
177.909 13940
177.94 14960
177.959 16660
177.99 18360
178.022 19380
178.041 21080
178.072 22100
178.091 23800
178.123 24820
178.142 26520
178.173 28220
178.205 29240
178.344 29580
178.444 29920
178.596 30260
178.715 21080
180.264 340
180.884 680
180.994 1020
181.001 1360
181.105 1700
181.111 2040
181.117 2380
181.124 2720
181.215 3060
181.221 3400
181.228 3740
181.234 4080
181.24 4420
181.247 4760
181.253 5100
181.259 5440
181.325 5780
181.332 6120
181.338 6460
181.344 6800
181.351 7140
181.357 7480
181.363 7820
181.369 8160
181.376 8500
181.382 8840
181.388 9180
181.395 9520
181.401 9860
181.407 10200
181.414 10540
181.42 10880
181.436 11220
181.442 11560
181.448 11900
181.455 12240
181.461 12580
181.467 12920
181.473 13260
181.48 13600
181.486 13940
181.492 14280
181.499 14620
181.524 10200
182.06 10540
182.072 10880
182.085 11220
182.098 11560
182.11 11900
182.161 12240
182.249 12580
182.4 12920
182.545 13260
182.715 13600
182.911 13940
183.125 14280
183.623 14620
185.785 14960
186.138 15300
186.391 15640
186.592 15980
186.75 16320
186.895 16660
187.141 17000
187.355 17340
187.475 17680
187.626 18020
187.822 18360
187.916 18700
188.074 19040
188.206 19380
188.313 19720
188.383 20060
188.465 20400
188.559 20740
188.647 21080
188.729 21420
188.792 21760
188.862 22100
188.918 22440
188.988 22780
189.038 23120
189.089 23460
189.139 23800
189.221 24140
189.29 24480
189.347 24820
189.385 25160
189.429 25500
189.486 25840
189.524 26180
189.574 26520
189.612 26860
189.662 27200
189.719 27540
189.776 27880
189.814 28220
189.851 28560
189.889 28900
189.927 29240
189.965 29580
190.003 29920
190.041 30260
190.078 30600
190.116 30940
190.154 31280
190.192 31620
190.23 31960
190.293 32300
190.331 32640
190.356 32980
190.394 33320
190.419 33660
190.457 34000
190.482 34340
190.52 34680
190.545 35020
190.583 35360
190.608 35700
190.646 36040
190.671 36380
190.709 36720
190.734 37060
190.772 37400
190.797 37740
190.835 38080
190.86 38420
190.904 38760
190.929 39100
190.955 39440
190.993 39780
191.005 40120
191.03 40460
191.056 40800
191.093 41140
191.119 41480
191.131 41820
191.156 42160
191.182 42500
191.219 42840
191.232 43180
191.257 43520
191.282 43860
191.308 44200
191.333 44540
191.358 44880
191.383 45220
191.409 45560
191.434 45900
191.459 46240
191.484 46580
191.509 46920
191.535 47260
191.56 47600
191.585 47940
191.623 48280
191.648 48620
191.673 48960
191.699 49300
191.724 49640
191.749 49980
191.774 50320
191.799 50660
191.825 51000
191.85 51340
191.875 51680
191.9 52020
191.926 52360
191.951 52700
191.976 53040
191.989 53380
192.014 53720
192.039 54060
192.064 54400
192.077 54740
192.102 55080
192.127 55420
192.14 55760
192.165 56100
192.178 56440
192.203 56780
192.215 57120
192.247 39780
194.079 340
194.119 2040
194.617 3740
194.649 5440
194.753 7140
194.784 8840
194.816 10540
194.847 14280
194.926 15980
194.958 17680
194.989 19380
195.021 21080
195.052 22780
195.084 24480
195.115 26180
195.147 27880
195.273 28220
195.386 28560
195.531 28900
195.67 20060
197.193 340
197.851 680
197.962 1020
197.968 1360
198.072 1700
198.078 2040
198.085 2380
198.091 2720
198.182 3060
198.189 3400
198.195 3740
198.201 4080
198.207 4420
198.214 4760
198.22 5100
198.226 5440
198.293 5780
198.299 6120
198.305 6460
198.311 6800
198.318 7140
198.324 7480
198.33 7820
198.337 8160
198.343 8500
198.349 8840
198.356 9180
198.362 9520
198.368 9860
198.375 10200
198.381 10540
198.387 10880
198.403 11220
198.409 11560
198.416 11900
198.441 8160
198.876 8500
198.888 8840
198.901 9180
198.914 9520
198.926 9860
198.977 10200
199.115 10540
199.254 10880
199.418 11220
199.72 11560
199.985 11900
202.437 12240
202.784 12580
203.036 12920
203.225 13260
203.396 13600
203.541 13940
203.667 14280
203.787 14620
203.976 14960
204.184 15300
204.297 15640
204.417 15980
204.524 16320
204.631 16660
204.713 17000
204.883 17340
205.035 17680
205.161 18020
205.249 18360
205.331 18700
205.407 19040
205.482 19380
205.564 19720
205.646 20060
205.703 20400
205.766 20740
205.829 21080
205.892 21420
205.949 21760
206.012 22100
206.062 22440
206.113 22780
206.163 23120
206.214 23460
206.264 23800
206.302 24140
206.34 24480
206.403 24820
206.441 25160
206.478 25500
206.529 25840
206.567 26180
206.604 26520
206.655 26860
206.693 27200
206.73 27540
206.768 27880
206.806 28220
206.844 28560
206.882 28900
206.92 29240
206.957 29580
206.995 29920
207.033 30260
207.071 30600
207.096 30940
207.134 31280
207.172 31620
207.197 31960
207.235 32300
207.26 32640
207.298 32980
207.323 33320
207.361 33660
207.386 34000
207.424 34340
207.449 34680
207.487 35020
207.512 35360
207.55 35700
207.575 36040
207.613 36380
207.638 36720
207.676 37060
207.701 37400
207.739 37740
207.764 38080
207.802 38420
207.827 38760
207.84 39100
207.878 39440
207.903 39780
207.928 40120
207.953 40460
207.979 40800
208.004 41140
208.029 41480
208.054 41820
208.08 42160
208.105 42500
208.13 42840
208.155 43180
208.18 43520
208.206 43860
208.231 44200
208.256 44540
208.281 44880
208.306 45220
208.332 45560
208.357 45900
208.382 46240
208.407 46580
208.433 46920
208.458 47260
208.483 47600
208.508 47940
208.533 48280
208.559 48620
208.584 48960
208.609 49300
208.634 49640
208.66 49980
208.685 50320
208.71 50660
208.735 51000
208.76 51340
208.773 51680
208.798 52020
208.823 52360
208.836 52700
208.861 53040
208.886 53380
208.899 53720
208.924 54060
208.937 54400
208.962 54740
208.975 55080
208.987 55420
209.013 55760
209.038 56100
209.05 56440
209.063 56780
209.088 57120
209.113 57460
209.126 57800
209.139 58140
209.164 58480
209.195 40800
211.027 340
211.055 2040
211.559 3740
211.591 5440
211.695 7140
211.726 8840
211.758 10540
211.789 12240
211.83 13940
211.862 15640
211.893 17340
211.925 19040
211.957 20740
211.988 22440
212.02 24140
212.051 25840
212.083 26860
212.102 28560
212.215 28900
212.366 29240
212.486 29580
212.637 20400
214.173 340
214.806 680
214.916 1020
214.923 1360
215.027 1700
215.033 2040
215.039 2380
215.045 2720
215.137 3060
215.143 3400
215.15 3740
215.156 4080
215.162 4420
215.168 4760
215.175 5100
215.181 5440
215.247 5780
215.254 6120
215.26 6460
215.266 6800
215.272 7140
215.279 7480
215.285 7820
215.291 8160
215.298 8500
215.304 8840
215.31 9180
215.317 9520
215.323 9860
215.329 10200
215.335 10540
215.342 10880
215.358 11220
215.364 11560
215.37 11900
215.376 12240
215.383 12580
215.389 12920
215.395 13260
215.421 9180
215.906 9520
215.919 9860
215.931 10200
215.944 10540
215.956 10880
215.994 11220
216.076 11560
216.24 11900
216.404 12240
216.606 12580
216.839 12920
217.236 13260
219.543 13600
219.896 13940
220.155 14280
220.344 14620
220.508 14960
220.653 15300
220.785 15640
221.012 15980
221.113 16320
221.296 16660
221.378 17000
221.542 17340
221.649 17680
221.788 18020
221.92 18360
222.052 18700
222.191 19040
222.292 19380
222.355 19720
222.437 20060
222.506 20400
222.601 20740
222.664 21080
222.74 21420
222.809 21760
222.859 22100
222.916 22440
222.966 22780
223.036 23120
223.086 23460
223.143 23800
223.193 24140
223.244 24480
223.307 24820
223.345 25160
223.395 25500
223.433 25840
223.471 26180
223.509 26520
223.565 26860
223.603 27200
223.628 27540
223.666 27880
223.704 28220
223.742 28560
223.792 28900
223.83 29240
223.855 29580
223.893 29920
223.931 30260
223.969 30600
224.007 30940
224.044 31280
224.082 31620
224.12 31960
224.158 32300
224.183 32640
224.221 32980
224.259 33320
224.297 33660
224.322 34000
224.36 34340
224.385 34680
224.423 35020
224.448 35360
224.486 35700
224.511 36040
224.549 36380
224.574 36720
224.612 37060
224.637 37400
224.675 37740
224.7 38080
224.738 38420
224.763 38760
224.801 39100
224.826 39440
224.851 39780
224.889 40120
224.902 40460
224.927 40800
224.965 41140
224.99 41480
225.003 41820
225.028 42160
225.053 42500
225.078 42840
225.104 43180
225.129 43520
225.154 43860
225.179 44200
225.204 44540
225.23 44880
225.255 45220
225.28 45560
225.305 45900
225.33 46240
225.356 46580
225.381 46920
225.406 47260
225.431 47600
225.457 47940
225.482 48280
225.507 48620
225.532 48960
225.557 49300
225.583 49640
225.608 49980
225.633 50320
225.658 50660
225.684 51000
225.709 51340
225.734 51680
225.759 52020
225.784 52360
225.81 52700
225.835 53040
225.86 53380
225.873 53720
225.898 54060
225.91 54400
225.936 54740
225.961 55080
225.973 55420
225.986 55760
226.011 56100
226.037 56440
226.049 56780
226.062 57120
226.087 57460
226.1 57800
226.125 58140
226.144 40460
227.982 340
228.01 2040
228.514 3740
228.546 5440
228.65 7140
228.681 8840
228.713 10540
228.744 12240
228.785 13940
228.817 15640
228.848 17340
228.88 19040
228.911 20740
228.943 22440
228.974 24140
229.006 25840
229.037 27540
229.069 29240
229.195 29580
229.327 29920
229.46 30260
229.567 21080
231.115 340
231.735 680
231.846 1020
231.852 1360
231.956 1700
231.962 2040
231.969 2380
231.975 2720
232.066 3060
232.073 3400
232.079 3740
232.085 4080
232.092 4420
232.098 4760
232.104 5100
232.11 5440
232.177 5780
232.183 6120
232.189 6460
232.196 6800
232.202 7140
232.208 7480
232.214 7820
232.221 8160
232.227 8500
232.233 8840
232.24 9180
232.246 9520
232.252 9860
232.259 10200
232.265 10540
232.271 10880
232.287 11220
232.293 11560
232.3 11900
232.306 12240
232.312 12580
232.319 12920
232.325 13260
232.331 13600
232.337 13940
232.344 14280
232.35 14620
232.375 10200
232.911 10540
232.924 10880
232.936 11220
232.949 11560
232.987 11900
233.037 12240
233.125 12580
233.264 12920
233.396 13260
233.567 13600
233.775 13940
234.002 14280
234.474 14620
236.637 14960
236.99 15300
237.242 15640
237.437 15980
237.601 16320
237.746 16660
237.992 17000
238.206 17340
238.339 17680
238.503 18020
238.673 18360
238.786 18700
238.938 19040
239.045 19380
239.152 19720
239.253 20060
239.322 20400
239.417 20740
239.492 21080
239.587 21420
239.656 21760
239.707 22100
239.77 22440
239.82 22780
239.871 23120
239.959 23460
240.009 23800
240.098 24140
240.154 24480
240.205 24820
240.243 25160
240.293 25500
240.331 25840
240.381 26180
240.432 26520
240.495 26860
240.533 27200
240.558 27540
240.596 27880
240.633 28220
240.684 28560
240.722 28900
240.76 29240
240.81 29580
240.835 29920
240.873 30260
240.911 30600
240.949 30940
240.987 31280
241.024 31620
241.062 31960
241.1 32300
241.138 32640
241.176 32980
241.213 33320
241.251 33660
241.289 34000
241.314 34340
241.352 34680
241.39 35020
241.415 35360
241.44 35700
241.478 36040
241.503 36380
241.541 36720
241.566 37060
241.604 37400
241.63 37740
241.667 38080
241.693 38420
241.73 38760
241.756 39100
241.793 39440
241.819 39780
241.856 40120
241.882 40460
241.92 40800
241.945 41140
241.97 41480
241.995 41820
242.02 42160
242.046 42500
242.083 42840
242.096 43180
242.121 43520
242.146 43860
242.172 44200
242.197 44540
242.222 44880
242.247 45220
242.273 45560
242.298 45900
242.323 46240
242.348 46580
242.373 46920
242.399 47260
242.424 47600
242.449 47940
242.474 48280
242.499 48620
242.525 48960
242.55 49300
242.575 49640
242.6 49980
242.626 50320
242.651 50660
242.676 51000
242.701 51340
242.726 51680
242.752 52020
242.777 52360
242.802 52700
242.827 53040
242.852 53380
242.878 53720
242.903 54060
242.928 54400
242.941 54740
242.966 55080
242.979 55420
243.004 55760
243.029 56100
243.042 56440
243.067 56780
243.079 57120
243.105 57460
243.117 57800
243.136 40120
244.975 340
245.015 2040
245.513 3740
245.544 5440
245.648 7140
245.68 8840
245.711 10540
245.743 12240
245.784 13940
245.815 15640
245.847 17340
245.878 19040
245.91 20740
245.941 22440
245.973 24140
246.005 25840
246.036 27540
246.068 29240
246.194 29580
246.339 29920
246.471 30260
246.572 21080
248.12 340
248.74 680
248.851 1020
248.857 1360
248.961 1700
248.967 2040
248.974 2380
248.98 2720
249.071 3060
249.078 3400
249.084 3740
249.09 4080
249.097 4420
249.103 4760
249.109 5100
249.116 5440
249.182 5780
249.188 6120
249.194 6460
249.201 6800
249.207 7140
249.213 7480
249.22 7820
249.226 8160
249.232 8500
249.238 8840
249.245 9180
249.251 9520
249.257 9860
249.264 10200
249.27 10540
249.276 10880
249.292 11220
249.298 11560
249.305 11900
249.311 12240
249.317 12580
249.324 12920
249.33 13260
249.336 13600
249.343 13940
249.349 14280
249.355 14620
249.38 10200
249.916 10540
249.929 10880
249.941 11220
249.954 11560
249.992 11900
250.042 12240
250.131 12580
250.257 12920
250.402 13260
250.572 13600
250.767 13940
250.994 14280
251.48 14620
253.642 14960
253.995 15300
254.247 15640
254.442 15980
254.606 16320
254.751 16660
254.997 17000
255.18 17340
255.369 17680
255.508 18020
255.64 18360
255.735 18700
255.848 19040
255.943 19380
256.037 19720
256.151 20060
256.252 20400
256.353 20740
256.46 21080
256.542 21420
256.598 21760
256.674 22100
256.743 22440
256.8 22780
256.869 23120
256.92 23460
257.002 23800
257.052 24140
257.122 24480
257.159 24820
257.21 25160
257.267 25500
257.304 25840
257.361 26180
257.405 26520
257.462 26860
257.506 27200
257.576 27540
257.613 27880
257.657 28220
257.695 28560
257.733 28900
257.771 29240
257.815 29580
257.84 29920
257.878 30260
257.903 30600
257.941 30940
257.985 31280
258.029 31620
258.055 31960
258.105 32300
258.155 32640
258.181 32980
258.219 33320
258.256 33660
258.282 34000
258.319 34340
258.345 34680
258.382 35020
258.408 35360
258.445 35700
258.471 36040
258.509 36380
258.534 36720
258.572 37060
258.597 37400
258.622 37740
258.66 38080
258.685 38420
258.71 38760
258.754 39100
258.78 39440
258.805 39780
258.83 40120
258.855 40460
258.88 40800
258.906 41140
258.931 41480
258.956 41820
258.981 42160
259.007 42500
259.032 42840
259.057 43180
259.082 43520
259.107 43860
259.133 44200
259.158 44540
259.183 44880
259.208 45220
259.233 45560
259.259 45900
259.284 46240
259.309 46580
259.334 46920
259.36 47260
259.385 47600
259.41 47940
259.435 48280
259.46 48620
259.486 48960
259.511 49300
259.536 49640
259.561 49980
259.587 50320
259.612 50660
259.637 51000
259.662 51340
259.687 51680
259.713 52020
259.738 52360
259.763 52700
259.788 53040
259.801 53380
259.826 53720
259.851 54060
259.876 54400
259.889 54740
259.914 55080
259.927 55420
259.952 55760
259.977 56100
259.99 56440
260.003 56780
260.028 57120
260.053 57460
260.066 57800
260.097 40120
261.929 340
261.957 2040
262.461 3740
262.493 5440
262.597 7140
262.628 8840
262.66 10540
262.691 12240
262.732 13940
262.764 15640
262.795 17340
262.827 19040
262.858 20740
262.89 22440
262.921 24140
262.953 25840
262.984 27540
263.016 29240
263.142 29580
263.274 29920
263.407 30260
263.527 21080
265.075 340
265.695 680
265.805 1020
265.812 1360
265.916 1700
265.922 2040
265.928 2380
265.935 2720
266.026 3060
266.032 3400
266.039 3740
266.045 4080
266.051 4420
266.058 4760
266.064 5100
266.07 5440
266.136 5780
266.143 6120
266.149 6460
266.155 6800
266.162 7140
266.168 7480
266.174 7820
266.181 8160
266.187 8500
266.193 8840
266.199 9180
266.206 9520
266.212 9860
266.218 10200
266.225 10540
266.231 10880
266.247 11220
266.253 11560
266.259 11900
266.266 12240
266.272 12580
266.278 12920
266.285 13260
266.291 13600
266.297 13940
266.303 14280
266.31 14620
266.335 10200
266.871 10540
266.883 10880
266.896 11220
266.909 11560
266.921 11900
266.972 12240
267.06 12580
267.211 12920
267.356 13260
267.526 13600
267.722 13940
267.936 14280
268.434 14620
270.596 14960
270.95 15300
271.202 15640
271.403 15980
271.561 16320
271.706 16660
271.952 17000
272.166 17340
272.286 17680
272.437 18020
272.633 18360
272.727 18700
272.885 19040
273.017 19380
273.124 19720
273.194 20060
273.276 20400
273.37 20740
273.458 21080
273.54 21420
273.603 21760
273.673 22100
273.73 22440
273.799 22780
273.849 23120
273.9 23460
273.95 23800
274.032 24140
274.102 24480
274.158 24820
274.196 25160
274.24 25500
274.297 25840
274.335 26180
274.385 26520
274.423 26860
274.473 27200
274.53 27540
274.587 27880
274.625 28220
274.663 28560
274.7 28900
274.738 29240
274.776 29580
274.814 29920
274.852 30260
274.89 30600
274.927 30940
274.965 31280
275.003 31620
275.041 31960
275.104 32300
275.142 32640
275.167 32980
275.205 33320
275.23 33660
275.268 34000
275.293 34340
275.331 34680
275.356 35020
275.394 35360
275.419 35700
275.457 36040
275.482 36380
275.52 36720
275.545 37060
275.583 37400
275.608 37740
275.646 38080
275.671 38420
275.715 38760
275.741 39100
275.766 39440
275.804 39780
275.816 40120
275.841 40460
275.867 40800
275.904 41140
275.93 41480
275.942 41820
275.967 42160
275.993 42500
276.031 42840
276.043 43180
276.068 43520
276.094 43860
276.119 44200
276.144 44540
276.169 44880
276.194 45220
276.22 45560
276.245 45900
276.27 46240
276.295 46580
276.321 46920
276.346 47260
276.371 47600
276.396 47940
276.434 48280
276.459 48620
276.484 48960
276.51 49300
276.535 49640
276.56 49980
276.585 50320
276.61 50660
276.636 51000
276.661 51340
276.686 51680
276.711 52020
276.737 52360
276.762 52700
276.787 53040
276.8 53380
276.825 53720
276.85 54060
276.875 54400
276.888 54740
276.913 55080
276.938 55420
276.951 55760
276.976 56100
276.989 56440
277.014 56780
277.027 57120
277.058 39780
278.89 340
278.93 2040
279.428 3740
279.46 5440
279.564 7140
279.595 8840
279.627 10540
279.658 14280
279.737 15980
279.769 17680
279.8 19380
279.832 21080
279.863 22780
279.895 24480
279.926 26180
279.958 27880
280.084 28220
280.197 28560
280.342 28900
280.481 20060
282.004 340
282.662 680
282.773 1020
282.779 1360
282.883 1700
282.889 2040
282.896 2380
282.902 2720
282.993 3060
283 3400
283.006 3740
283.012 4080
283.019 4420
283.025 4760
283.031 5100
283.037 5440
283.104 5780
283.11 6120
283.116 6460
283.123 6800
283.129 7140
283.135 7480
283.141 7820
283.148 8160
283.154 8500
283.16 8840
283.167 9180
283.173 9520
283.179 9860
283.186 10200
283.192 10540
283.198 10880
283.214 11220
283.22 11560
283.227 11900
283.252 8160
283.687 8500
283.699 8840
283.712 9180
283.725 9520
283.737 9860
283.788 10200
283.926 10540
284.065 10880
284.229 11220
284.532 11560
284.796 11900
287.249 12240
287.595 12580
287.847 12920
288.037 13260
288.207 13600
288.352 13940
288.478 14280
288.598 14620
288.787 14960
288.995 15300
289.108 15640
289.228 15980
289.335 16320
289.442 16660
289.524 17000
289.694 17340
289.846 17680
289.972 18020
290.048 18360
290.129 18700
290.193 19040
290.268 19380
290.35 19720
290.445 20060
290.514 20400
290.564 20740
290.627 21080
290.691 21420
290.76 21760
290.817 22100
290.867 22440
290.917 22780
290.968 23120
291.018 23460
291.069 23800
291.107 24140
291.144 24480
291.195 24820
291.245 25160
291.283 25500
291.334 25840
291.371 26180
291.422 26520
291.46 26860
291.51 27200
291.535 27540
291.573 27880
291.611 28220
291.649 28560
291.687 28900
291.724 29240
291.762 29580
291.8 29920
291.838 30260
291.876 30600
291.913 30940
291.951 31280
291.989 31620
292.014 31960
292.052 32300
292.077 32640
292.115 32980
292.14 33320
292.178 33660
292.203 34000
292.241 34340
292.267 34680
292.304 35020
292.33 35360
292.367 35700
292.393 36040
292.43 36380
292.456 36720
292.493 37060
292.519 37400
292.557 37740
292.582 38080
292.62 38420
292.632 38760
292.657 39100
292.695 39440
292.72 39780
292.746 40120
292.758 40460
292.783 40800
292.821 41140
292.834 41480
292.859 41820
292.884 42160
292.91 42500
292.935 42840
292.96 43180
292.985 43520
293.01 43860
293.036 44200
293.061 44540
293.086 44880
293.111 45220
293.136 45560
293.162 45900
293.187 46240
293.212 46580
293.237 46920
293.263 47260
293.288 47600
293.313 47940
293.338 48280
293.363 48620
293.389 48960
293.414 49300
293.439 49640
293.464 49980
293.489 50320
293.515 50660
293.54 51000
293.565 51340
293.59 51680
293.616 52020
293.641 52360
293.653 52700
293.666 53040
293.691 53380
293.716 53720
293.729 54060
293.754 54400
293.779 54740
293.792 55080
293.805 55420
293.83 55760
293.855 56100
293.868 56440
293.88 56780
293.906 57120
293.918 57460
293.943 57800
293.956 58140
293.981 58480
294 40800
295.839 340
295.866 2040
296.37 3740
296.402 5440
296.506 7140
296.537 8840
296.569 10540
296.601 12240
296.642 13940
296.673 15640
296.705 17340
296.736 19040
296.768 20740
296.799 22440
296.831 24140
296.862 25840
296.894 27540
296.925 29240
297.058 29580
297.19 29920
297.31 30260
297.43 21080
298.978 340
299.598 680
299.708 1020
299.715 1360
299.819 1700
299.825 2040
299.831 2380
299.838 2720
299.929 3060
299.935 3400
299.942 3740
299.948 4080
299.954 4420
299.961 4760
299.967 5100
299.973 5440
300.039 5780
300.046 6120
300.052 6460
300.058 6800
300.065 7140
300.071 7480
300.077 7820
300.084 8160
300.09 8500
300.096 8840
300.102 9180
300.109 9520
300.115 9860
300.121 10200
300.128 10540
300.134 10880
300.15 11220
300.156 11560
300.162 11900
300.169 12240
300.175 12580
300.181 12920
300.188 13260
300.194 13600
300.2 13940
300.206 14280
300.213 14620
300.238 10200
300.774 10540
300.786 10880
300.799 11220
300.812 11560
300.849 11900
300.9 12240
300.988 12580
301.114 12920
301.259 13260
301.429 13600
301.625 13940
301.852 14280
302.337 14620
304.499 14960
304.853 15300
305.105 15640
305.3 15980
305.464 16320
305.609 16660
305.855 17000
306.038 17340
306.227 17680
306.365 18020
306.498 18360
306.592 18700
306.706 19040
306.8 19380
306.895 19720
307.008 20060
307.109 20400
307.21 20740
307.317 21080
307.399 21420
307.456 21760
307.532 22100
307.601 22440
307.658 22780
307.727 23120
307.778 23460
307.86 23800
307.91 24140
307.979 24480
308.017 24820
308.068 25160
308.124 25500
308.162 25840
308.219 26180
308.263 26520
308.32 26860
308.364 27200
308.433 27540
308.471 27880
308.515 28220
308.553 28560
308.591 28900
308.629 29240
308.673 29580
308.698 29920
308.736 30260
308.761 30600
308.799 30940
308.843 31280
308.887 31620
308.912 31960
308.963 32300
309.013 32640
309.038 32980
309.076 33320
309.114 33660
309.139 34000
309.177 34340
309.202 34680
309.24 35020
309.265 35360
309.303 35700
309.328 36040
309.366 36380
309.391 36720
309.429 37060
309.454 37400
309.48 37740
309.517 38080
309.543 38420
309.568 38760
309.612 39100
309.637 39440
309.662 39780
309.688 40120
309.713 40460
309.738 40800
309.763 41140
309.789 41480
309.814 41820
309.839 42160
309.864 42500
309.889 42840
309.915 43180
309.94 43520
309.965 43860
309.99 44200
310.015 44540
310.041 44880
310.066 45220
310.091 45560
310.116 45900
310.142 46240
310.167 46580
310.192 46920
310.217 47260
310.242 47600
310.268 47940
310.293 48280
310.318 48620
310.343 48960
310.369 49300
310.394 49640
310.419 49980
310.444 50320
310.469 50660
310.495 51000
310.52 51340
310.545 51680
310.57 52020
310.595 52360
310.621 52700
310.646 53040
310.658 53380
310.684 53720
310.709 54060
310.734 54400
310.747 54740
310.772 55080
310.785 55420
310.81 55760
310.835 56100
310.848 56440
310.86 56780
310.885 57120
310.911 57460
310.923 57800
310.955 40120
312.787 340
312.814 2040
313.319 3740
313.35 5440
313.454 7140
313.486 8840
313.517 10540
313.549 12240
313.59 13940
313.621 15640
313.653 17340
313.684 19040
313.716 20740
313.747 22440
313.779 24140
313.81 25840
313.842 27540
313.874 29240
314 29580
314.132 29920
314.264 30260
314.384 21080
315.933 340
316.553 680
316.663 1020
316.669 1360
316.773 1700
316.78 2040
316.786 2380
316.792 2720
316.884 3060
316.89 3400
316.896 3740
316.903 4080
316.909 4420
316.915 4760
316.922 5100
316.928 5440
316.994 5780
317 6120
317.007 6460
317.013 6800
317.019 7140
317.026 7480
317.032 7820
317.038 8160
317.044 8500
317.051 8840
317.057 9180
317.063 9520
317.07 9860
317.076 10200
317.082 10540
317.089 10880
317.104 11220
317.111 11560
317.117 11900
317.123 12240
317.13 12580
317.136 12920
317.142 13260
317.148 13600
317.155 13940
317.161 14280
317.167 14620
317.193 10200
317.728 10540
317.741 10880
317.754 11220
317.766 11560
317.779 11900
317.829 12240
317.918 12580
318.069 12920
318.214 13260
318.384 13600
318.58 13940
318.794 14280
319.292 14620
321.454 14960
321.807 15300
322.059 15640
322.261 15980
322.419 16320
322.564 16660
322.809 17000
323.024 17340
323.144 17680
323.295 18020
323.49 18360
323.585 18700
323.742 19040
323.875 19380
323.982 19720
324.051 20060
324.133 20400
324.228 20740
324.304 21080
324.398 21420
324.461 21760
324.53 22100
324.587 22440
324.657 22780
324.707 23120
324.757 23460
324.808 23800
324.89 24140
324.959 24480
325.016 24820
325.054 25160
325.098 25500
325.155 25840
325.192 26180
325.243 26520
325.281 26860
325.331 27200
325.388 27540
325.445 27880
325.482 28220
325.52 28560
325.558 28900
325.596 29240
325.634 29580
325.672 29920
325.709 30260
325.747 30600
325.785 30940
325.823 31280
325.861 31620
325.898 31960
325.961 32300
325.999 32640
326.025 32980
326.062 33320
326.088 33660
326.125 34000
326.151 34340
326.188 34680
326.214 35020
326.251 35360
326.277 35700
326.315 36040
326.34 36380
326.378 36720
326.403 37060
326.441 37400
326.466 37740
326.504 38080
326.529 38420
326.573 38760
326.598 39100
326.623 39440
326.661 39780
326.674 40120
326.699 40460
326.724 40800
326.762 41140
326.787 41480
326.8 41820
326.825 42160
326.85 42500
326.888 42840
326.901 43180
326.926 43520
326.951 43860
326.976 44200
327.002 44540
327.027 44880
327.052 45220
327.077 45560
327.103 45900
327.128 46240
327.153 46580
327.178 46920
327.203 47260
327.229 47600
327.254 47940
327.292 48280
327.317 48620
327.342 48960
327.367 49300
327.392 49640
327.418 49980
327.443 50320
327.468 50660
327.493 51000
327.519 51340
327.544 51680
327.569 52020
327.594 52360
327.619 52700
327.645 53040
327.657 53380
327.682 53720
327.708 54060
327.733 54400
327.746 54740
327.771 55080
327.796 55420
327.809 55760
327.834 56100
327.846 56440
327.872 56780
327.884 57120
327.916 39780
329.748 340
329.788 2040
330.286 3740
330.318 5440
330.422 7140
330.453 8840
330.485 10540
330.516 14280
330.595 15980
330.626 17680
330.658 19380
330.689 21080
330.721 22780
330.753 24480
330.784 26180
330.816 27880
330.942 28220
331.055 28560
331.2 28900
331.339 20060
332.862 340
333.52 680
333.63 1020
333.637 1360
333.741 1700
333.747 2040
333.753 2380
333.76 2720
333.851 3060
333.857 3400
333.864 3740
333.87 4080
333.876 4420
333.882 4760
333.889 5100
333.895 5440
333.961 5780
333.968 6120
333.974 6460
333.98 6800
333.987 7140
333.993 7480
333.999 7820
334.005 8160
334.012 8500
334.018 8840
334.024 9180
334.031 9520
334.037 9860
334.043 10200
334.05 10540
334.056 10880
334.072 11220
334.078 11560
334.084 11900
334.109 8160
334.544 8500
334.557 8840
334.57 9180
334.582 9520
334.595 9860
334.645 10200
334.784 10540
334.923 10880
335.087 11220
335.389 11560
335.654 11900
338.106 12240
338.453 12580
338.705 12920
338.894 13260
339.064 13600
339.209 13940
339.335 14280
339.455 14620
339.644 14960
339.852 15300
339.966 15640
340.086 15980
340.193 16320
340.3 16660
340.382 17000
340.552 17340
340.703 17680
340.83 18020
340.918 18360
341 18700
341.075 19040
341.151 19380
341.233 19720
341.315 20060
341.372 20400
341.435 20740
341.498 21080
341.561 21420
341.618 21760
341.681 22100
341.731 22440
341.781 22780
341.832 23120
341.882 23460
341.933 23800
341.971 24140
342.008 24480
342.071 24820
342.109 25160
342.147 25500
342.197 25840
342.235 26180
342.273 26520
342.324 26860
342.361 27200
342.399 27540
342.437 27880
342.475 28220
342.513 28560
342.551 28900
342.588 29240
342.626 29580
342.664 29920
342.702 30260
342.74 30600
342.765 30940
342.803 31280
342.84 31620
342.866 31960
342.904 32300
342.929 32640
342.967 32980
342.992 33320
343.03 33660
343.055 34000
343.093 34340
343.118 34680
343.156 35020
343.181 35360
343.219 35700
343.244 36040
343.282 36380
343.307 36720
343.345 37060
343.37 37400
343.408 37740
343.433 38080
343.471 38420
343.496 38760
343.509 39100
343.547 39440
343.572 39780
343.597 40120
343.622 40460
343.647 40800
343.673 41140
343.698 41480
343.723 41820
343.748 42160
343.773 42500
343.799 42840
343.824 43180
343.849 43520
343.874 43860
343.9 44200
343.925 44540
343.95 44880
343.975 45220
344 45560
344.026 45900
344.051 46240
344.076 46580
344.101 46920
344.127 47260
344.152 47600
344.177 47940
344.202 48280
344.227 48620
344.253 48960
344.278 49300
344.303 49640
344.328 49980
344.353 50320
344.379 50660
344.404 51000
344.429 51340
344.442 51680
344.467 52020
344.492 52360
344.505 52700
344.53 53040
344.555 53380
344.568 53720
344.593 54060
344.606 54400
344.631 54740
344.643 55080
344.656 55420
344.681 55760
344.706 56100
344.719 56440
344.732 56780
344.757 57120
344.782 57460
344.795 57800
344.807 58140
344.833 58480
344.864 40800
346.696 340
346.724 2040
347.228 3740
347.26 5440
347.364 7140
347.395 8840
347.427 10540
347.458 12240
347.499 13940
347.531 15640
347.562 17340
347.594 19040
347.625 20740
347.657 22440
347.688 24140
347.72 25840
347.751 26860
347.77 28560
347.884 28900
348.035 29240
348.155 29580
348.306 20400
349.842 340
350.475 680
350.585 1020
350.591 1360
350.695 1700
350.702 2040
350.708 2380
350.714 2720
350.806 3060
350.812 3400
350.818 3740
350.825 4080
350.831 4420
350.837 4760
350.843 5100
350.85 5440
350.916 5780
350.922 6120
350.929 6460
350.935 6800
350.941 7140
350.947 7480
350.954 7820
350.96 8160
350.966 8500
350.973 8840
350.979 9180
350.985 9520
350.992 9860
350.998 10200
351.004 10540
351.011 10880
351.026 11220
351.033 11560
351.039 11900
351.045 12240
351.051 12580
351.058 12920
351.064 13260
351.089 9180
351.575 9520
351.587 9860
351.6 10200
351.613 10540
351.625 10880
351.663 11220
351.745 11560
351.909 11900
352.073 12240
352.274 12580
352.508 12920
352.905 13260
355.212 13600
355.565 13940
355.824 14280
356.013 14620
356.177 14960
356.322 15300
356.454 15640
356.681 15980
356.782 16320
356.965 16660
357.047 17000
357.21 17340
357.318 17680
357.456 18020
357.589 18360
357.721 18700
357.86 19040
357.961 19380
358.024 19720
358.106 20060
358.175 20400
358.27 20740
358.333 21080
358.408 21420
358.478 21760
358.528 22100
358.585 22440
358.635 22780
358.705 23120
358.755 23460
358.812 23800
358.862 24140
358.913 24480
358.976 24820
359.013 25160
359.064 25500
359.102 25840
359.14 26180
359.177 26520
359.234 26860
359.272 27200
359.297 27540
359.335 27880
359.373 28220
359.411 28560
359.461 28900
359.499 29240
359.524 29580
359.562 29920
359.6 30260
359.638 30600
359.675 30940
359.713 31280
359.751 31620
359.789 31960
359.827 32300
359.852 32640
359.89 32980
359.928 33320
359.965 33660
359.991 34000
360.028 34340
360.054 34680
360.091 35020
360.117 35360
360.154 35700
360.18 36040
360.218 36380
360.243 36720
360.281 37060
360.306 37400
360.344 37740
360.369 38080
360.407 38420
360.432 38760
360.47 39100
360.495 39440
360.52 39780
360.558 40120
360.571 40460
360.596 40800
360.634 41140
360.659 41480
360.671 41820
360.697 42160
360.722 42500
360.747 42840
360.772 43180
360.797 43520
360.823 43860
360.848 44200
360.873 44540
360.898 44880
360.924 45220
360.949 45560
360.974 45900
360.999 46240
361.024 46580
361.05 46920
361.075 47260
361.1 47600
361.125 47940
361.15 48280
361.176 48620
361.201 48960
361.226 49300
361.251 49640
361.277 49980
361.302 50320
361.327 50660
361.352 51000
361.377 51340
361.403 51680
361.428 52020
361.453 52360
361.478 52700
361.504 53040
361.529 53380
361.541 53720
361.567 54060
361.579 54400
361.604 54740
361.63 55080
361.642 55420
361.655 55760
361.68 56100
361.705 56440
361.718 56780
361.73 57120
361.756 57460
361.768 57800
361.794 58140
361.812 40460
363.651 340
363.691 2040
364.189 3740
364.221 5440
364.325 7140
364.356 8840
364.388 10540
364.419 12240
364.46 13940
364.492 15640
364.523 17340
364.555 19040
364.586 20740
364.618 22440
364.649 24140
364.681 25840
364.712 27540
364.744 29240
364.87 29580
365.002 29920
365.135 30260
365.242 21080
366.79 340
367.41 680
367.521 1020
367.527 1360
367.631 1700
367.637 2040
367.644 2380
367.65 2720
367.741 3060
367.748 3400
367.754 3740
367.76 4080
367.767 4420
367.773 4760
367.779 5100
367.785 5440
367.852 5780
367.858 6120
367.864 6460
367.871 6800
367.877 7140
367.883 7480
367.89 7820
367.896 8160
367.902 8500
367.908 8840
367.915 9180
367.921 9520
367.927 9860
367.934 10200
367.94 10540
367.946 10880
367.962 11220
367.968 11560
367.975 11900
367.981 12240
367.987 12580
367.994 12920
368 13260
368.006 13600
368.012 13940
368.019 14280
368.025 14620
368.05 10200
368.586 10540
368.599 10880
368.611 11220
368.624 11560
368.662 11900
368.712 12240
368.8 12580
368.939 12920
369.072 13260
369.242 13600
369.45 13940
369.677 14280
370.149 14620
372.312 14960
372.665 15300
372.917 15640
373.112 15980
373.276 16320
373.421 16660
373.667 17000
373.881 17340
374.014 17680
374.178 18020
374.348 18360
374.461 18700
374.613 19040
374.72 19380
374.827 19720
374.928 20060
374.997 20400
375.092 20740
375.167 21080
375.262 21420
375.331 21760
375.382 22100
375.445 22440
375.495 22780
375.546 23120
375.634 23460
375.684 23800
375.773 24140
375.829 24480
375.88 24820
375.918 25160
375.968 25500
376.006 25840
376.056 26180
376.107 26520
376.17 26860
376.208 27200
376.233 27540
376.271 27880
376.309 28220
376.359 28560
376.397 28900
376.435 29240
376.485 29580
376.51 29920
376.548 30260
376.586 30600
376.624 30940
376.662 31280
376.699 31620
376.737 31960
376.775 32300
376.813 32640
376.851 32980
376.888 33320
376.926 33660
376.964 34000
376.989 34340
377.027 34680
377.065 35020
377.09 35360
377.115 35700
377.153 36040
377.178 36380
377.216 36720
377.241 37060
377.279 37400
377.305 37740
377.342 38080
377.368 38420
377.405 38760
377.431 39100
377.468 39440
377.494 39780
377.531 40120
377.557 40460
377.595 40800
377.62 41140
377.645 41480
377.67 41820
377.695 42160
377.721 42500
377.758 42840
377.771 43180
377.796 43520
377.821 43860
377.847 44200
377.872 44540
377.897 44880
377.922 45220
377.948 45560
377.973 45900
377.998 46240
378.023 46580
378.048 46920
378.074 47260
378.099 47600
378.124 47940
378.149 48280
378.174 48620
378.2 48960
378.225 49300
378.25 49640
378.275 49980
378.301 50320
378.326 50660
378.351 51000
378.376 51340
378.401 51680
378.427 52020
378.452 52360
378.477 52700
378.502 53040
378.528 53380
378.553 53720
378.578 54060
378.603 54400
378.616 54740
378.641 55080
378.654 55420
378.679 55760
378.704 56100
378.717 56440
378.742 56780
378.754 57120
378.78 57460
378.792 57800
378.811 40120
380.65 340
380.69 2040
381.188 3740
381.219 5440
381.323 7140
381.355 8840
381.386 10540
381.418 12240
381.459 13940
381.49 15640
381.522 17340
381.553 19040
381.585 20740
381.616 22440
381.648 24140
381.68 25840
381.711 27540
381.743 29240
381.869 29580
382.014 29920
382.146 30260
382.247 21080
383.795 340
384.415 680
384.526 1020
384.532 1360
384.636 1700
384.642 2040
384.649 2380
384.655 2720
384.746 3060
384.753 3400
384.759 3740
384.765 4080
384.772 4420
384.778 4760
384.784 5100
384.791 5440
384.857 5780
384.863 6120
384.869 6460
384.876 6800
384.882 7140
384.888 7480
384.895 7820
384.901 8160
384.907 8500
384.914 8840
384.92 9180
384.926 9520
384.932 9860
384.939 10200
384.945 10540
384.951 10880
384.967 11220
384.973 11560
384.98 11900
384.986 12240
384.992 12580
384.999 12920
385.005 13260
385.011 13600
385.018 13940
385.024 14280
385.03 14620
385.055 10200
385.591 10540
385.604 10880
385.616 11220
385.629 11560
385.667 11900
385.717 12240
385.806 12580
385.932 12920
386.077 13260
386.247 13600
386.442 13940
386.669 14280
387.155 14620
389.317 14960
389.67 15300
389.922 15640
390.117 15980
390.281 16320
390.426 16660
390.672 17000
390.855 17340
391.044 17680
391.183 18020
391.315 18360
391.41 18700
391.523 19040
391.618 19380
391.712 19720
391.826 20060
391.927 20400
392.028 20740
392.135 21080
392.217 21420
392.273 21760
392.349 22100
392.418 22440
392.475 22780
392.544 23120
392.595 23460
392.677 23800
392.727 24140
392.797 24480
392.834 24820
392.885 25160
392.942 25500
392.979 25840
393.036 26180
393.08 26520
393.137 26860
393.181 27200
393.251 27540
393.288 27880
393.332 28220
393.37 28560
393.408 28900
393.446 29240
393.49 29580
393.515 29920
393.553 30260
393.578 30600
393.616 30940
393.66 31280
393.704 31620
393.73 31960
393.78 32300
393.831 32640
393.856 32980
393.894 33320
393.931 33660
393.957 34000
393.994 34340
394.02 34680
394.057 35020
394.083 35360
394.12 35700
394.146 36040
394.184 36380
394.209 36720
394.247 37060
394.272 37400
394.297 37740
394.335 38080
394.36 38420
394.385 38760
394.429 39100
394.455 39440
394.48 39780
394.505 40120
394.53 40460
394.555 40800
394.581 41140
394.606 41480
394.631 41820
394.656 42160
394.682 42500
394.707 42840
394.732 43180
394.757 43520
394.782 43860
394.808 44200
394.833 44540
394.858 44880
394.883 45220
394.908 45560
394.934 45900
394.959 46240
394.984 46580
395.009 46920
395.035 47260
395.06 47600
395.085 47940
395.11 48280
395.135 48620
395.161 48960
395.186 49300
395.211 49640
395.236 49980
395.262 50320
395.287 50660
395.312 51000
395.337 51340
395.362 51680
395.388 52020
395.413 52360
395.438 52700
395.463 53040
395.476 53380
395.501 53720
395.526 54060
395.552 54400
395.564 54740
395.589 55080
395.602 55420
395.627 55760
395.652 56100
395.665 56440
395.678 56780
395.703 57120
395.728 57460
395.741 57800
395.772 40120
397.604 340
397.632 2040
398.136 3740
398.168 5440
398.272 7140
398.303 8840
398.335 10540
398.366 12240
398.407 13940
398.439 15640
398.47 17340
398.502 19040
398.533 20740
398.565 22440
398.596 24140
398.628 25840
398.659 27540
398.691 29240
398.817 29580
398.949 29920
399.082 30260
399.202 21080
