0.0 0
0.105014 3400
0.216204 3740
0.24142 5100
0.254028 5780
0.266636 6460
0.32653 7140
0.351746 7820
0.364354 8500
0.376962 9180
0.38957 9860
0.402178 10540
0.414786 11220
0.427394 11900
0.440002 12580
0.45261 13260
0.465218 13940
0.477826 14620
0.490434 15300
0.503042 15980
0.51565 16660
0.528258 17340
0.540866 18020
0.553474 18700
0.566082 19380
0.57869 20060
0.591298 20740
0.603906 21420
0.616514 22100
0.629122 22780
0.64173 23460
0.654338 24140
0.666946 24820
0.679554 25500
0.692162 26180
0.70477 26860
0.717378 27540
0.729986 28220
0.742594 28900
0.755202 29580
0.76781 30260
0.780418 30940
0.793026 31620
0.805634 32300
0.818242 32980
0.83085 33660
0.843458 34340
0.856066 35020
0.868674 35700
0.881282 36380
0.89389 37060
0.906498 37740
0.919106 38420
0.931714 39100
0.944322 39780
0.95693 40460
0.969538 41140
0.982146 41820
0.994754 42500
1.00736 43180
1.01997 43860
1.04519 30600
2.41315 30940
2.42576 31280
2.43837 31620
2.58967 31960
2.70314 32300
2.77879 32640
2.85443 32980
2.94269 33320
3.00573 33660
3.08138 34000
3.15703 34340
3.24528 23800
3.87568 24140
3.88829 24480
3.91351 24820
3.98915 25160
4.12784 25500
4.2161 25840
4.31696 26180
4.40522 26520
4.48087 26860
4.5313 18700
5.01671 19040
5.02931 19380
5.09235 19720
5.19322 20060
5.3193 20400
5.40755 20740
5.50842 21080
5.59667 21420
5.69754 21760
5.81101 14960
6.45402 15300
6.47293 10540
6.77552 10880
6.87639 11220
6.98355 11560
7.07181 11900
7.17267 12240
7.23571 8500
7.45635 8840
7.46896 9180
7.59504 9520
7.77155 9860
7.91024 10200
8.04893 10540
8.14979 10880
8.35152 7480
8.66672 7820
8.67933 8160
8.78019 8500
8.89367 8840
9.01975 6120
9.17104 6460
9.18681 6800
9.3255 7140
9.46418 7480
9.62809 7820
9.82982 8160
10.082 8500
10.435 8840
10.8511 6120
11.1127 6460
11.1253 6800
11.2671 7140
11.3838 4760
11.6202 5100
11.6485 5440
11.7904 5780
11.9575 6120
12.1592 6460
12.3767 4420
12.4902 4760
12.5311 5100
12.6478 3400
12.7581 3740
12.8211 4080
13.0229 4420
13.2751 4760
13.6186 5100
14.0789 3400
14.1892 3740
14.2617 4080
14.4634 4420
14.7093 4760
15.0529 5100
15.1159 3400
15.2262 3740
15.2924 4080
15.3177 2720
15.4343 3060
15.532 3400
15.7842 3740
16.1341 4080
16.361 2720
16.4713 3060
16.5691 3400
16.8212 3740
17.2184 4080
17.8205 2720
17.9308 3060
18.0285 3400
18.2807 3740
18.6369 2380
18.7472 2720
18.8386 3060
19.0908 3400
19.447 3740
21.7386 2380
21.8489 2720
21.9467 3060
22.1988 3400
22.347 2380
22.4573 2720
22.5424 3060
22.9711 3400
23.8316 2380
23.942 2720
24.1248 3060
24.4621 3400
27.1509 3740
27.5134 4080
27.5859 2720
27.6962 3060
27.8065 3400
28.0461 3740
28.4023 4080
28.6229 2720
28.8436 3060
28.9413 3400
29.1935 3740
29.5434 4080
31.2991 2720
31.4094 3060
31.5009 3400
31.753 3740
32.1029 4080
32.3425 2720
32.4528 3060
32.5505 3400
32.7712 2380
32.8815 2720
33.036 3060
33.4268 3400
33.575 2380
33.6853 2720
33.8934 3060
34.2306 3400
34.3662 2380
34.4765 2720
34.6183 3060
35.0155 3400
35.2677 2380
35.378 2720
35.482 3060
35.8067 2040
35.917 2380
36.0904 2720
36.4277 3060
36.4466 2040
36.5632 2380
36.765 2720
37.1086 3060
38.0227 2040
38.133 2380
38.3284 2720
38.672 3060
39.3403 2040
39.4506 2380
39.5988 2720
39.9487 3060
40.0212 2040
40.1315 2380
40.2922 2720
40.4152 1700
40.5255 2040
40.7083 2380
41.0456 2720
43.7344 3060
44.0969 3400
44.3365 3740
44.5382 4080
44.7399 4420
44.8566 4760
44.9795 5100
45.0961 5440
45.2065 5780
45.3105 6120
45.3987 6460
45.4965 6800
45.5721 7140
45.6604 7480
45.736 7820
45.799 8160
45.8747 8500
45.9377 8840
46.0008 9180
46.0638 9520
46.1269 9860
46.1836 10200
46.2025 7140
46.379 7480
46.3916 7820
46.4673 5440
46.606 5780
46.6406 6120
46.7762 6460
46.9432 6800
47.145 7140
47.3971 7480
47.7502 7820
48.204 5440
48.3364 5780
48.3648 6120
48.513 6460
48.68 6800
48.8187 4760
48.9385 5100
48.9858 5440
49.1465 5780
49.3483 6120
49.3924 4080
49.5027 4420
49.55 4760
49.7108 5100
49.8022 3400
50.0228 3740
50.1332 2380
50.2435 2720
50.3412 3060
50.5934 3400
50.937 3740
53.6762 4080
54.0198 4420
54.0576 3060
54.1679 3400
54.2719 3740
54.5367 4080
54.8803 4420
55.1073 3060
55.2176 3400
55.3279 3740
55.5675 4080
55.9111 4420
56.2357 3060
56.4564 3400
56.573 3740
56.8 4080
57.1562 4420
59.5896 3060
59.7 3400
59.7315 3740
60.0688 4080
60.425 4420
61.6827 3060
61.793 3400
61.8907 3740
61.9443 2380
62.165 2720
62.2469 1700
62.3572 2040
62.5779 2380
62.5968 1360
62.7134 1700
62.9278 2040
63.2714 2380
65.9255 2720
66.1777 1700
66.288 2040
66.496 2380
66.8333 2720
67.1958 1700
67.4165 2040
67.6245 2380
67.9618 2720
69.4717 1700
69.582 2040
69.6198 2380
70.1273 2720
71.0793 1700
71.1896 2040
71.3977 2380
71.7349 2720
72.3496 1700
72.5703 2040
72.6932 1360
72.8035 1700
73.1282 2040
74.8713 1360
74.9817 1700
75.3063 2040
77.9825 2380
78.3198 2720
78.5468 3060
78.7737 3400
78.9092 3740
79.111 4080
79.2213 4420
79.3379 4760
79.4483 5100
79.5113 5440
79.6153 5780
79.6941 6120
79.7919 6460
79.8675 6800
79.9337 7140
80.0094 7480
80.085 7820
80.148 8160
80.2111 8500
80.2363 5780
80.3876 6120
80.4034 6460
80.5326 6800
80.6839 7140
80.8478 7480
81.0495 7820
81.2891 8160
81.6421 8500
83.2937 5780
83.445 6120
83.4608 6460
83.59 6800
83.7287 4760
83.8485 5100
83.8958 5440
84.0566 5780
84.2583 6120
84.5105 6460
84.8288 4420
84.9833 4760
85.0369 5100
85.2039 5440
85.3899 5780
85.4876 3740
85.6043 4080
85.6515 4420
85.8123 4760
86.0077 5100
86.2599 5440
86.3702 3740
86.4806 4080
86.5594 2720
86.6697 3060
86.7075 3400
87.0133 3740
87.3821 4080
87.8549 2720
87.9652 3060
88.0629 3400
88.3151 3740
88.6776 4080
89.9542 2720
90.0646 3060
90.1749 3400
90.4145 3740
90.7643 4080
93.4815 4420
93.8314 4760
94.071 5100
94.2727 3400
94.383 3740
94.4524 4080
94.6478 4420
94.9 4760
94.9851 3060
95.0954 3400
95.1679 3740
95.3602 4080
95.6124 4420
95.7416 3060
95.8519 3400
95.9433 3740
96.1262 2380
96.2365 2720
96.3531 3060
96.5801 3400
96.9363 3740
97.0529 2380
97.2736 2720
97.3713 3060
97.6234 3400
97.8189 2380
97.9292 2720
98.0774 3060
98.4272 3400
100.139 2380
100.249 2720
100.293 3060
100.754 3400
101.11 2380
101.22 2720
101.318 1700
101.428 2040
101.57 2380
101.98 2720
103.502 1700
103.613 2040
103.833 2380
104.17 2720
105.33 1700
105.441 2040
105.589 2380
105.999 2720
107.625 1700
107.736 2040
107.963 2380
108.3 2720
108.41 1700
108.52 2040
108.662 2380
109.085 2720
111.761 3060
112.007 2040
112.117 2380
112.142 2720
112.615 3060
112.952 2040
113.063 2380
113.233 2720
113.577 3060
113.971 2040
114.081 2380
114.257 2720
114.601 3060
115.405 2040
115.515 2380
115.711 2720
116.054 3060
117.63 2040
117.741 2380
117.936 2720
118.28 3060
119.544 2040
119.654 2380
119.849 2720
120.089 1700
120.199 2040
120.414 2380
120.751 2720
121.813 1700
122.034 2040
122.248 2380
122.585 2720
124.329 1700
124.439 2040
124.464 2380
124.984 2720
127.673 3060
128.01 3400
128.25 3740
128.392 2380
128.502 2720
128.593 3060
128.846 3400
129.202 3740
130.715 2380
130.825 2720
130.936 3060
131.181 3400
131.273 2380
131.493 2720
131.635 3060
131.991 3400
132.537 2380
132.647 2720
132.77 1700
132.88 2040
133.095 2380
133.432 2720
136.108 3060
136.445 3400
136.698 3740
136.899 4080
137.054 4420
137.237 4760
137.347 5100
137.464 5440
137.574 5780
137.662 6120
137.754 6460
137.845 6800
137.933 7140
138.009 7480
138.059 5100
138.185 5440
138.22 5780
138.362 6120
138.523 6460
138.728 6800
138.772 4760
138.992 5100
139.043 5440
139.216 3740
139.437 4080
139.503 4420
139.717 4760
139.944 5100
140.307 5440
140.332 3740
140.449 4080
140.528 4420
140.707 4760
140.963 3060
141.073 3400
141.161 3740
141.357 4080
141.542 2720
141.653 3060
141.744 3400
141.996 3740
142.346 4080
144.66 2720
144.77 3060
144.837 3400
145.12 3740
145.218 2380
145.439 2720
145.536 3060
145.788 3400
145.874 2380
145.984 2720
146.126 3060
146.482 3400
146.548 2380
146.658 2720
146.819 3060
147.156 3400
147.617 2380
147.727 2720
147.869 3060
148.235 3400
148.666 2380
148.777 2720
148.978 3060
149.316 3400
149.937 2380
150.047 2720
150.255 3060
150.592 3400
151.065 2380
151.176 2720
151.317 3060
151.721 3400
152.544 2380
152.654 2720
152.796 3060
153.205 3400
153.328 2380
153.439 2720
153.562 1700
153.782 2040
153.874 2380
154.321 2720
156.219 1700
156.329 2040
156.537 2380
156.875 2720
157.606 1700
157.716 2040
157.931 2380
158.268 2720
158.845 1700
158.98 2040
159.176 2380
159.513 2720
159.74 1700
159.85 2040
159.992 2380
160.402 2720
162.495 1700
162.605 2040
162.76 2380
163.163 2720
163.869 1700
163.98 2040
164.084 2380
164.103 1360
164.219 1700
164.433 2040
164.777 1360
164.998 1700
165.322 2040
165.562 1360
165.672 1700
166.003 2040
168.679 2380
168.809 1360
168.919 1700
169.127 2040
169.25 1360
169.36 1700
169.679 2040
170.397 1360
170.508 1700
170.832 2040
171.876 1360
171.986 1700
172.317 2040
173.827 1360
173.937 1700
174.262 2040
175.564 1360
175.674 1700
176.005 1020
176.115 1360
176.207 1700
179.082 2040
179.438 2380
179.677 2720
179.879 3060
180.106 3400
180.216 3740
180.333 4080
180.443 4420
180.56 4760
180.67 5100
180.733 3400
180.844 3740
180.922 4080
181.149 4420
181.376 4760
181.72 5100
183.504 3400
183.725 3740
183.788 4080
183.99 4420
184.166 3060
184.276 3400
184.371 3740
184.677 2380
184.897 2720
185.014 3060
185.241 3400
185.597 2380
185.707 2720
185.849 3060
186.253 3400
187.567 2380
187.69 2720
187.892 3060
188.131 2040
188.242 2380
188.384 2720
188.74 3060
190.486 2040
190.596 2380
190.694 2720
191.154 3060
191.983 2040
192.094 2380
192.295 2720
192.639 3060
194.767 2040
194.877 2380
195.019 2720
195.375 3060
196.154 2040
196.264 2380
196.441 2720
196.784 1700
196.945 2040
197.172 2380
197.509 2720
199.013 1700
199.233 2040
199.382 2380
199.687 1360
199.798 1700
199.908 2040
200.368 2380
201.38 1360
201.49 1700
201.698 2040
202.042 2380
202.931 1360
203.833 340
204.259 680
204.376 1020
204.493 1360
204.603 1700
204.616 2040
204.72 2380
204.732 2720
204.745 3060
204.836 3400
204.861 2380
204.978 2720
205.095 3060
205.504 3400
206.469 2380
206.579 2720
206.775 3060
207.112 3400
207.481 2380
207.591 2720
207.733 3060
208.137 3400
210.813 3740
211.15 4080
211.273 2720
211.383 3060
211.481 3400
211.604 2380
211.714 2720
211.856 3060
212.212 3400
212.966 2380
213.076 2720
213.29 3060
213.309 2040
213.426 2380
213.628 2720
213.971 3060
214.419 2040
214.529 2380
214.646 1360
214.756 1700
214.86 2040
215.32 2380
217.779 1360
217.889 1700
218.097 2040
218.441 2380
218.668 1360
218.778 1700
218.92 2040
219.264 2380
221.599 1360
221.71 1700
221.924 2040
222.268 2380
222.618 1360
223.728 340
224.154 680
224.271 1020
224.387 1360
224.498 1700
224.51 2040
224.614 2380
224.627 2720
224.64 3060
224.731 3400
224.744 3740
224.756 4080
224.769 4420
224.841 4760
224.854 5100
224.866 5440
224.879 5780
224.892 6120
224.904 6460
224.952 6800
224.964 7140
224.977 7480
224.989 7820
225.002 8160
225.015 8500
225.027 8840
225.04 9180
225.052 9520
225.065 9860
225.078 10200
225.166 10540
225.292 10880
225.431 11220
225.468 7820
225.664 8160
225.677 8500
225.803 8840
225.967 9180
226.048 6120
226.427 6460
226.439 6800
226.528 7140
226.666 7480
226.818 5100
226.95 5440
226.978 5780
227.016 3740
227.126 4080
227.171 4420
227.224 3060
227.335 3400
227.404 3740
227.665 4080
228.022 4420
228.359 3060
228.469 3400
228.561 3740
228.677 2380
228.788 2720
228.898 3060
229.125 3400
229.469 3740
230.688 2380
231.616 340
234.037 680
234.153 1020
234.27 1360
234.38 1700
234.393 2040
234.497 2380
234.509 2720
234.522 3060
234.613 3400
234.626 3740
234.639 4080
234.651 4420
234.724 4760
234.736 5100
234.749 5440
234.872 3740
234.982 4080
235.02 4420
235.247 4760
235.493 3060
235.603 3400
235.688 3740
235.871 4080
236.098 4420
236.479 4760
236.59 3060
236.7 3400
236.757 3740
236.971 4080
237.119 2720
237.23 3060
237.321 3400
237.413 2380
237.523 2720
237.671 3060
237.762 2040
237.873 2380
238.074 2720
238.418 3060
241.072 3400
241.312 2380
241.422 2720
241.57 3060
241.967 3400
243.477 2380
243.588 2720
243.729 3060
244.079 3400
244.268 2380
244.379 2720
244.502 1700
244.612 2040
244.82 2380
245.157 2720
245.501 1700
245.611 2040
245.753 2380
246.163 2720
248.839 3060
249.104 2040
249.214 2380
249.287 2720
249.747 3060
250.453 2040
250.563 2380
250.765 2720
250.888 1700
250.998 2040
251.14 2380
251.55 2720
251.894 1700
252.004 2040
252.158 2380
252.496 2720
254.355 1700
254.466 2040
254.661 2380
254.803 1360
254.913 1700
255.115 2040
255.459 2380
256.593 1360
256.704 1700
256.912 2040
257.255 2380
258.261 1360
258.482 1700
258.715 2040
258.825 1360
259.046 1700
259.285 2040
261.508 2380
262.371 2720
262.598 3060
262.715 2040
262.825 2380
262.961 2720
263.317 3060
264.174 2040
264.285 2380
264.433 2720
264.776 3060
265.224 2040
265.334 2380
265.517 2720
265.867 3060
265.886 2040
266.003 2380
266.204 2720
266.548 3060
267.119 2040
267.229 2380
267.371 2720
267.714 3060
269.486 2040
269.596 2380
269.779 2720
270.123 3060
270.485 2040
270.627 2380
270.797 2720
271.141 3060
271.424 2040
271.645 2380
271.815 2720
272.159 3060
274.87 3400
275.097 2380
275.207 2720
275.384 3060
275.721 3400
276.711 2380
276.821 2720
276.925 3060
277.322 3400
278.668 2380
278.889 2720
279.059 3060
279.232 2040
279.343 2380
279.519 2720
279.863 3060
280.323 2040
280.433 2380
280.581 2720
280.925 3060
283.15 2040
283.261 2380
283.425 2720
283.768 3060
283.904 2040
284.124 2380
284.273 2720
284.616 3060
287.33 3400
287.686 3740
287.901 2380
288.011 2720
288.121 3060
288.348 3400
288.692 3740
289.042 2380
289.152 2720
289.25 3060
289.489 3400
289.833 3740
290.599 2380
290.82 2720
290.902 3060
291.157 3400
291.501 3740
291.551 2380
291.661 2720
291.734 3060
291.999 3400
292.342 3740
293.206 2380
293.316 2720
293.42 3060
293.647 3400
294.003 3740
294.905 2380
295.015 2720
295.107 3060
295.126 2040
295.242 2380
295.444 2720
295.787 3060
296.014 2040
296.125 2380
296.26 2720
296.616 3060
299.343 3400
299.687 3740
299.926 4080
300.081 2720
300.191 3060
300.301 3400
300.528 3740
300.809 2380
300.919 2720
301.036 3060
301.263 3400
301.606 3740
304.122 2380
304.232 2720
304.267 3060
304.569 3400
304.604 2380
304.714 2720
304.907 3060
305.244 3400
307.154 2380
307.264 2720
307.466 3060
307.804 3400
309.364 2380
309.474 2720
309.67 3060
310.007 3400
310.259 2380
310.369 2720
310.511 3060
310.908 3400
311.542 2380
311.652 2720
311.841 3060
312.179 3400
312.21 2380
312.321 2720
312.516 3060
312.853 3400
314.48 2380
314.59 2720
314.745 3060
315.082 3400
316.075 2380
316.185 2720
316.352 3060
316.689 3400
316.749 2380
316.86 2720
317.039 3060
317.377 3400
318.455 2380
318.565 2720
318.647 3060
318.792 2040
318.902 2380
319.101 2720
319.366 1700
319.476 2040
319.703 1360
319.813 1700
320.132 2040
322.808 2380
323.145 2720
323.372 3060
323.599 3400
323.735 3740
323.876 4080
324.053 4420
324.17 4760
324.233 5100
324.343 5440
324.428 5780
324.519 6120
324.617 6460
324.68 6800
324.759 7140
324.835 7480
324.898 7820
324.973 8160
325.036 8500
325.099 8840
325.162 9180
325.213 9520
325.251 6460
325.525 6800
325.538 7140
325.638 7480
325.777 7820
325.916 8160
326.08 8500
326.281 8840
326.534 9180
326.723 6120
326.88 6460
326.896 6800
326.997 7140
327.123 7480
327.274 7820
327.438 8160
327.64 8500
327.879 8840
328.233 9180
328.749 6120
329.024 6460
329.043 4420
329.159 4760
329.197 5100
329.367 5440
329.56 5780
329.705 3740
329.925 4080
329.969 4420
330.086 3060
330.196 3400
330.307 3740
330.534 4080
330.877 4420
332.207 3060
332.318 3400
332.403 3740
332.655 4080
332.999 4420
333.739 3060
333.85 3400
333.96 3740
334.187 4080
334.53 4420
334.757 3060
334.978 3400
335.095 3740
335.322 4080
335.665 4420
336.163 3060
336.274 3400
336.371 3740
336.611 4080
336.955 4420
337.084 3060
337.194 3400
337.292 3740
337.531 4080
337.875 4420
338.505 3060
338.726 3400
338.77 2380
338.874 2720
338.94 3060
339.07 2040
339.18 2380
339.328 1360
339.438 1700
339.628 2040
339.971 1360
340.081 1700
340.406 2040
340.892 1360
341.112 1700
341.437 1020
341.547 1360
341.799 1700
342.37 1020
342.48 1360
342.72 1700
345.472 2040
345.815 2380
346.042 2720
346.269 3060
346.398 3400
346.424 2380
346.54 2720
346.736 3060
347.073 3400
347.896 2380
348.006 2720
348.154 3060
348.227 2040
348.337 2380
348.491 2720
348.835 3060
349.393 2040
349.503 2380
349.673 2720
350.017 3060
351.631 2040
351.741 2380
351.912 2720
352.255 3060
354.947 3400
355.136 2380
355.247 2720
355.284 3060
355.732 3400
356.101 2380
356.211 2720
356.381 3060
356.498 2040
356.608 2380
356.775 2720
357.119 3060
358.276 2040
358.386 2380
358.559 2720
358.812 1700
358.922 2040
359.136 2380
359.474 2720
359.959 1700
360.069 2040
360.186 1360
360.296 1700
360.615 2040
361.812 1360
361.923 1700
362.241 2040
364.917 2380
365.255 2720
365.488 3060
365.507 2040
365.623 2380
365.825 2720
366.169 3060
368.823 3400
369.179 3740
369.431 4080
369.62 4420
369.75 3060
369.86 3400
369.958 3740
370.197 4080
370.541 4420
371.981 3060
372.202 3400
372.306 3740
372.35 2380
372.571 2720
372.596 3060
372.908 3400
373.252 3740
373.368 2380
373.479 2720
373.576 3060
373.816 3400
374.16 3740
374.522 2380
374.632 2720
374.73 3060
374.938 2040
375.048 2380
375.197 1360
375.307 1700
375.528 2040
375.871 2380
377.324 1360
377.435 1700
377.649 2040
378.005 2380
380.672 2720
381.015 3060
381.242 3400
381.469 3740
381.605 4080
381.624 2720
381.74 3060
381.832 3400
382.071 2380
382.182 2720
382.324 3060
382.714 3400
383.458 2380
383.569 2720
383.752 3060
384.089 3400
384.224 2380
384.335 2720
384.477 3060
384.543 2040
384.653 2380
384.814 2720
385.157 3060
387.064 2040
387.175 2380
387.26 2720
387.72 3060
388.745 2040
388.855 2380
389.05 2720
389.198 1700
389.309 2040
389.517 2380
389.542 1360
389.659 1700
389.867 2040
390.21 2380
391.909 1360
392.02 1700
392.228 2040
392.363 1360
392.474 1700
392.792 2040
395.468 1360
395.578 1700
395.793 2040
396.253 1360
397.149 340
397.57 680
397.686 1020
398.796 1360
399.483 1700
399.6 1020
399.71 1360
399.95 680
400.06 1020
