0.0 0
0.011856 3400
0.029888 3740
0.042496 4420
0.055104 5100
0.067712 5780
0.08032 6460
0.092928 7140
0.105536 7820
0.118144 8500
0.130752 9180
0.14336 9860
0.155968 10540
0.168576 11220
0.181184 11900
0.193792 12580
0.2064 13260
0.219008 13940
0.231616 14620
0.244224 15300
0.256832 15980
0.26944 16660
0.282048 17340
0.294656 18020
0.307264 18700
0.319872 19380
0.33248 20060
0.345088 20740
0.357696 21420
0.370304 22100
0.382912 22780
0.39552 23460
0.408128 24140
0.420736 24820
0.433344 25500
0.445952 26180
0.45856 26860
0.471168 27540
0.483776 28220
0.496384 28900
0.508992 29580
0.5216 30260
0.534208 30940
0.546816 31620
0.559424 32300
0.572032 32980
0.58464 33660
0.597248 34340
0.609856 35020
0.622464 35700
0.635072 36380
0.64768 37060
0.660288 37740
0.672896 38420
0.685504 39100
0.698112 39780
0.71072 40460
0.723328 41140
0.735936 41820
0.748544 42500
0.761152 43180
0.77376 43860
0.786368 44540
0.798976 45220
0.811584 45900
0.824192 46580
0.8368 47260
0.849408 47940
0.862016 48620
0.874624 49300
0.887232 49980
0.89984 50660
0.912448 51340
0.925056 52020
0.937664 52700
0.950272 53380
0.96288 54060
0.975488 54740
0.988096 55420
1.0007 56100
1.01331 56780
1.02592 57460
1.03853 58140
1.05114 58820
1.06374 59500
1.07635 60180
1.08896 60860
1.10157 61540
1.11418 62220
1.12678 62900
1.13939 63580
1.152 64260
1.16461 64940
1.17722 65620
1.18982 66300
1.20243 66980
1.21504 67660
1.22765 68340
1.24026 69020
1.25286 69700
1.26547 70380
1.27808 70720
1.29699 49300
2.9463 340
2.99277 680
3.23232 1700
3.24949 2040
3.25579 3060
3.2747 3400
3.28101 4420
3.29992 4760
3.30622 5780
3.32514 6120
3.33144 7140
3.35035 7480
3.35666 8500
3.37557 8840
3.38187 9860
3.40078 10200
3.40709 11220
3.426 11560
3.4323 12580
3.45122 12920
3.45752 13940
3.47643 14280
3.48274 15300
3.50165 15640
3.50795 16660
3.52686 17000
3.53317 18020
3.55208 18360
3.55838 19380
3.5773 19720
3.5836 20740
3.60251 21080
3.60882 22100
3.62773 22440
3.63403 23460
3.65294 23800
3.65925 24820
3.67816 25160
3.68446 26180
3.70338 26520
3.70968 27540
3.72859 27880
3.7349 28560
3.7475 28900
3.75381 29240
3.76011 30260
3.77902 30600
3.78533 31620
3.80424 31960
4.80424 340
4.82141 32640
4.91422 22780
6.5068 340
6.96302 680
7.00085 1020
7.00715 1360
7.01802 1700
7.02432 2040
7.03062 2380
7.03693 2720
7.04323 3060
7.04954 3400
7.05584 3740
7.06214 4080
7.06845 4420
7.07475 4760
7.08106 5100
7.08736 5440
7.09366 5780
7.09997 6120
7.10627 6460
7.11258 6800
7.11888 7140
7.12518 7480
7.13149 7820
7.13779 8160
7.1441 8500
7.1504 8840
7.1567 9180
7.16301 9520
7.16931 9860
7.17562 10200
7.18192 10540
7.18822 10880
7.19453 11220
7.20083 11560
7.20714 11900
7.21344 12240
7.21974 12580
7.22605 12920
7.23235 13260
7.23866 13600
7.24496 13940
7.25126 14280
7.25757 14620
7.26387 14960
7.27018 15300
7.27648 15640
7.34582 15980
7.4719 16320
7.55386 11220
8.14643 11560
8.16534 11900
8.17795 12240
8.21578 12580
8.26621 12920
8.32925 13260
8.42381 13600
8.5625 13940
8.68858 14280
8.85248 14620
9.01008 14960
9.18029 15300
9.42614 15640
9.68461 15980
10.2141 16320
12.244 16660
12.5908 17000
12.8429 17340
13.0383 17680
13.2148 18020
13.4796 18360
13.6246 18700
13.82 19040
13.9902 19380
14.1289 19720
14.2487 20060
14.3559 20400
14.463 20740
14.5639 21080
14.6396 21420
14.7404 21760
14.8035 14960
16.4276 340
16.4929 3740
16.9783 6800
17.0351 9520
17.0855 12920
17.1675 8840
17.634 9180
17.6529 9520
17.6907 9860
17.7285 10200
17.8042 10540
17.9302 10880
18.0437 11220
18.1761 11560
18.3715 11900
18.5669 12240
18.7813 12580
19.1721 12920
21.492 13260
21.8387 13600
22.0846 13940
22.2926 14280
22.4502 14620
22.6015 14960
22.7339 15300
22.9608 15640
23.0554 15980
23.2382 16320
23.3958 16660
23.5219 17000
23.648 17340
23.774 17680
23.8623 18020
23.938 18360
24.0451 18700
24.1145 19040
24.1775 19380
24.2468 19720
24.3099 20060
24.3981 20400
24.4486 20740
24.5053 21080
24.5684 21420
24.6125 21760
24.6629 22100
24.7386 22440
24.7764 22780
24.8394 23120
24.8899 23460
24.9403 23800
25.0033 24140
25.0538 24480
25.0916 24820
25.1294 25160
25.1672 25500
25.2051 25840
25.2429 26180
25.2807 26520
25.3311 26860
25.369 27200
25.4068 27540
25.4572 27880
25.495 28220
25.5329 28560
25.5707 28900
25.6085 29240
25.6463 29580
25.6842 29920
25.722 30260
25.7598 30600
25.7976 30940
25.8355 31280
25.8733 31620
25.8985 31960
25.9363 32300
25.9615 32640
25.9994 32980
26.0246 33320
26.0624 33660
26.0876 34000
26.1254 34340
26.1507 34680
26.1885 35020
26.2137 35360
26.2515 35700
26.2767 36040
26.3146 36380
26.3398 36720
26.3776 37060
26.4028 37400
26.4406 37740
26.4659 38080
26.5037 38420
26.5289 38760
26.5541 39100
26.5919 39440
26.6172 39780
26.6424 40120
26.6676 40460
26.6928 40800
26.718 41140
26.7432 41480
26.7684 41820
26.7937 42160
26.8189 42500
26.8441 42840
26.8882 29920
28.5312 340
28.7605 2040
28.9622 4420
29.0001 6120
29.0316 8500
29.0757 10200
29.1072 12580
29.1514 14280
29.1829 15980
29.2144 18360
29.2585 20060
29.29 21760
29.4161 22100
29.5422 22440
29.5926 15640
30.9961 340
31.2758 680
31.5406 1020
31.5469 1360
31.5577 1700
31.564 2040
31.5704 2380
31.5767 2720
31.583 3060
31.5893 3400
31.5956 3740
31.6019 4080
31.6082 4420
31.6145 4760
31.6208 5100
31.6271 5440
31.6334 5780
31.6397 6120
31.646 6460
31.6523 6800
31.6586 7140
31.6649 7480
31.6712 7820
31.6775 8160
31.6838 8500
31.6901 8840
31.6964 9180
31.7216 6120
32.0558 6460
32.081 6800
32.1062 7140
32.1566 7480
32.2827 7820
32.3773 8160
32.5349 8500
32.7933 8840
33.0896 9180
35.6049 9520
35.9516 9860
36.2101 10200
36.3992 10540
36.437 7140
36.7964 7480
36.809 7820
36.8216 8160
36.8342 8500
36.8468 8840
36.8594 9180
36.9351 9520
37.1305 9860
37.3826 10200
37.7231 10540
40.4401 10880
40.7931 11220
41.0453 11560
41.2407 11900
41.4109 12240
41.5496 8500
41.9467 8840
41.9593 9180
41.972 9520
41.9846 9860
41.9972 10200
42.0098 10540
42.0224 10880
42.1737 11220
42.3691 11560
42.6213 11900
42.968 12240
46.1011 12580
46.4541 12920
46.7063 13260
46.8954 13600
47.0656 13940
47.0845 9520
47.3304 9860
47.343 10200
47.3556 10540
47.3808 10880
47.5195 11220
47.6203 11560
47.7464 11900
47.8725 12240
48.0238 12580
48.1877 12920
48.3768 13260
48.629 13600
48.982 13940
51.6927 14280
52.0457 14620
52.1088 10200
52.3672 10540
52.3799 10880
52.3925 11220
52.4555 11560
52.5564 11900
52.6572 12240
52.7833 12580
52.9094 12920
53.0607 13260
53.2246 13600
53.4137 13940
53.6659 14280
54.0189 14620
56.7296 14960
56.944 10200
57.215 10540
57.2276 10880
57.2402 11220
57.2907 11560
57.3789 11900
57.4798 12240
57.5933 12580
57.7067 12920
57.8328 13260
57.9841 13600
58.148 13940
58.3497 14280
58.5893 14620
58.9423 14960
60.3418 10200
60.6066 10540
60.6192 10880
60.6318 11220
60.6822 11560
60.7705 11900
60.8713 12240
60.9848 12580
61.0983 12920
61.2244 13260
61.3757 13600
61.5396 13940
61.7413 14280
61.9808 14620
62.3339 14960
65.0572 15300
65.4102 15640
65.6498 15980
65.8515 16320
66.0154 16660
66.1667 17000
66.2928 17340
66.4063 17680
66.5197 18020
66.6206 18360
66.7088 18700
66.8097 19040
66.8854 19380
66.961 19720
67.0493 20060
67.1123 20400
67.188 20740
67.251 21080
67.314 21420
67.3771 21760
67.4401 22100
67.5032 22440
67.5536 22780
67.6166 23120
67.6671 23460
67.7175 23800
67.7679 24140
67.8184 24480
67.8688 24820
67.9192 25160
67.957 25500
68.0075 25840
68.0957 26180
68.1336 26520
68.2596 26860
68.3353 27200
68.4109 27540
68.4866 27880
68.537 28220
68.6 28560
68.6631 28900
68.7135 29240
68.764 29580
68.8144 29920
68.8648 30260
68.9152 30600
68.9531 30940
69.0035 31280
69.0413 31620
69.0918 31960
69.1296 32300
69.1548 32640
69.1926 32980
69.2304 33320
69.2683 33660
69.3061 34000
69.3439 34340
69.3817 34680
69.4196 35020
69.4574 35360
69.4952 35700
69.5204 36040
69.5583 36380
69.5835 36720
69.6213 37060
69.6465 37400
69.6843 37740
69.7096 38080
69.7474 38420
69.7726 38760
69.8104 39100
69.8356 39440
69.8735 39780
69.8987 40120
69.9365 40460
69.9617 40800
69.9995 41140
70.0248 41480
70.0626 41820
70.0752 42160
70.1004 42500
70.1319 29580
71.7749 340
72.0231 2040
72.2122 4420
72.2501 6120
72.2816 8500
72.3257 10200
72.3572 12580
72.4014 14280
72.4329 16660
72.477 18360
72.5085 20740
72.6598 21080
72.7796 21420
72.8489 14960
74.2335 340
74.551 680
74.7843 1020
74.7906 1360
74.8014 1700
74.8077 2040
74.814 2380
74.8204 2720
74.8267 3060
74.833 3400
74.8393 3740
74.8456 4080
74.8519 4420
74.8582 4760
74.8645 5100
74.8708 5440
74.8771 5780
74.8834 6120
74.8897 6460
74.896 6800
74.9023 7140
74.9275 4760
75.186 5100
75.1986 5440
75.2112 5780
75.2742 6120
75.4318 6460
75.602 6800
75.8227 7140
78.5019 7480
78.8675 7820
79.1008 8160
79.1701 5440
79.4475 5780
79.4601 6120
79.4727 6460
79.4853 6800
79.4979 7140
79.5736 7480
79.8131 7820
80.1724 8160
82.8769 8500
83.2362 8840
83.4947 9180
83.6838 9520
83.8414 9860
83.999 10200
84.1251 10540
84.2448 10880
84.352 11220
84.6861 11560
84.8311 11900
84.9509 12240
85.077 12580
85.1778 12920
85.2661 13260
85.3417 13600
85.4174 13940
85.4804 14280
85.5435 14620
85.6065 14960
85.6695 15300
85.7326 15640
85.846 15980
85.8965 16320
85.9973 16660
86.0604 17000
86.1486 17340
86.2117 17680
86.2873 18020
86.3378 18360
86.4008 18700
86.4512 19040
86.5143 19380
86.5647 19720
86.6151 20060
86.6656 20400
86.716 20740
86.7538 21080
86.7916 21420
86.8421 21760
86.8925 22100
86.9303 22440
86.9682 22780
87.0186 23120
87.0564 23460
87.0942 23800
87.1321 24140
87.1825 24480
87.2077 24820
87.2455 25160
87.2834 25500
87.3212 25840
87.359 26180
87.3968 26520
87.4347 26860
87.4725 27200
87.5103 27540
87.5481 27880
87.5733 28220
87.6112 28560
87.649 28900
87.6742 29240
87.6994 29580
87.7372 29920
87.7625 30260
87.8003 30600
87.8255 30940
87.8633 31280
87.8885 31620
87.9264 31960
87.9516 32300
87.9894 32640
88.0146 32980
88.0524 33320
88.0777 33660
88.1155 34000
88.1407 34340
88.1659 34680
88.2037 35020
88.229 35360
88.2542 35700
88.2794 36040
88.3046 36380
88.3298 36720
88.355 37060
88.3803 37400
88.4055 37740
88.4307 38080
88.4559 38420
88.4811 38760
88.5063 39100
88.5316 39440
88.5568 39780
88.582 40120
88.6072 40460
88.6324 40800
88.6576 41140
88.6828 41480
88.7081 41820
88.7333 42160
88.7585 42500
88.7837 42840
88.8089 43180
88.8341 43520
88.8594 43860
88.8846 44200
88.9035 30940
90.5528 340
90.801 2040
90.9901 3740
91.0216 5440
91.0532 7140
91.0847 8840
91.1162 10540
91.1477 12240
91.1792 13940
91.2108 15640
91.2423 17340
91.2738 19040
91.3053 20740
91.3368 22440
91.4629 22780
91.589 23120
91.6709 15980
93.087 340
93.3289 680
93.6189 1020
93.6252 1360
93.636 1700
93.6424 2040
93.6487 2380
93.655 2720
93.6613 3060
93.6676 3400
93.6739 3740
93.6802 4080
93.6865 4420
93.6928 4760
93.6991 5100
93.7054 5440
93.7117 5780
93.718 6120
93.7243 6460
93.7306 6800
93.7369 7140
93.7432 7480
93.7495 7820
93.7558 8160
93.7621 8500
93.7684 8840
93.7747 9180
93.781 9520
93.7873 9860
93.7936 10200
93.8 10540
93.8252 7140
94.2097 7480
94.2223 7820
94.2475 8160
94.298 8500
94.3799 8840
94.5438 9180
94.6258 9520
94.796 9860
95.1049 10200
95.4453 10540
96.3594 7140
96.7376 7480
96.7502 7820
96.7628 8160
96.7754 8500
96.788 8840
96.8007 9180
96.8763 9520
97.0717 9860
97.3176 10200
97.6643 10540
100.394 10880
100.734 11220
100.987 11560
101.182 11900
101.352 12240
101.503 12580
101.623 12920
101.92 13260
102.033 13600
102.178 13940
102.298 14280
102.418 14620
102.581 14960
102.72 15300
102.859 15640
102.934 15980
103.01 16320
103.111 16660
103.187 17000
103.262 17340
103.338 17680
103.401 18020
103.464 18360
103.527 18700
103.59 19040
103.64 19380
103.691 19720
103.754 20060
103.804 20400
103.855 20740
103.905 21080
103.956 21420
104.019 21760
104.057 22100
104.107 22440
104.157 22780
104.208 23120
104.246 23460
104.284 23800
104.334 24140
104.372 24480
104.422 24820
104.46 25160
104.485 17340
105.261 17680
105.273 18020
105.286 18360
105.298 18700
105.311 19040
105.349 19380
105.488 19720
105.563 20060
105.677 20400
105.803 20740
105.916 21080
106.017 21420
106.118 21760
106.219 22100
106.345 22440
106.484 22780
106.622 23120
106.761 23460
106.912 23800
107.127 24140
107.278 24480
107.505 24820
107.959 25160
110.19 25500
110.543 25840
110.796 26180
110.997 26520
111.161 26860
111.3 27200
111.439 27540
111.665 27880
111.855 28220
111.955 28560
112.107 28900
112.22 29240
112.334 29580
112.435 29920
112.523 30260
112.611 30600
112.699 30940
112.762 31280
112.851 31620
112.914 31960
112.989 32300
113.052 32640
113.115 32980
113.178 33320
113.229 33660
113.292 34000
113.355 34340
113.405 34680
113.456 35020
113.519 35360
113.557 35700
113.607 36040
113.658 36380
113.708 36720
113.758 37060
113.809 37400
113.847 37740
113.897 38080
113.935 38420
113.985 38760
114.023 39100
114.074 39440
114.111 39780
114.149 40120
114.193 27880
115.836 340
116.122 3400
116.286 6460
116.343 9520
116.4 11900
116.444 14960
116.501 17340
116.545 20400
116.702 20740
116.81 14280
118.181 340
118.512 680
118.732 1020
118.739 1360
118.749 1700
118.756 2040
118.762 2380
118.768 2720
118.775 3060
118.781 3400
118.787 3740
118.794 4080
118.8 4420
118.806 4760
118.812 5100
118.819 5440
118.825 5780
118.85 3740
119.058 4080
119.071 4420
119.084 4760
119.166 5100
119.329 5440
119.537 5780
122.248 6120
122.595 6460
122.677 4420
122.891 4760
122.904 5100
122.916 5440
122.929 5780
123.005 6120
123.37 6460
126.169 4420
126.283 4760
126.321 5100
126.497 5440
126.699 5780
126.951 6120
127.304 6460
129.876 4420
129.983 4760
130.034 5100
130.109 3400
130.191 3740
130.204 4080
130.481 4420
130.733 4760
131.086 5100
131.301 3400
131.389 3740
131.49 4080
131.679 4420
131.931 4760
132.284 5100
134.138 3400
134.226 3740
134.327 4080
134.516 4420
134.768 4760
135.121 5100
135.335 3400
135.417 3740
135.518 4080
135.707 4420
135.959 4760
136.275 3060
136.35 3400
136.401 2380
136.457 2720
136.47 3060
137 3400
138.79 2380
138.84 2720
138.866 1700
138.91 2040
139.124 2380
139.477 2720
141.646 3060
142.087 2040
142.137 2380
142.352 2720
142.705 3060
145.415 3400
145.768 3740
146.021 4080
146.21 4420
146.386 4760
146.525 5100
146.664 5440
146.777 5780
146.89 6120
146.991 6460
147.08 6800
147.168 7140
147.256 7480
147.332 7820
147.407 8160
147.483 8500
147.546 8840
147.622 9180
147.685 9520
147.748 9860
147.811 10200
147.861 10540
147.924 10880
147.975 11220
148.025 11560
148.088 11900
148.139 12240
148.177 12580
148.227 12920
148.277 13260
148.328 13600
148.366 13940
148.403 9520
148.826 9860
148.876 10200
148.965 10540
149.065 10880
149.166 11220
149.267 11560
149.393 11900
149.519 12240
149.658 12580
149.834 12920
149.86 8840
150.093 9180
150.143 9520
150.244 9860
150.345 10200
150.459 10540
150.572 10880
150.711 11220
150.849 11560
151.013 11900
151.215 12240
151.455 12580
151.808 12920
152.791 8840
153.018 9180
153.068 9520
153.169 9860
153.27 10200
153.384 10540
153.497 10880
153.623 11220
153.774 11560
153.938 11900
154.14 12240
154.38 12580
154.733 12920
157.443 13260
157.796 13600
158.049 13940
158.25 14280
158.414 14620
158.553 14960
158.692 15300
158.805 15640
158.919 15980
159.019 16320
159.108 16660
159.196 17000
159.284 17340
159.36 17680
159.435 18020
159.511 18360
159.587 18700
159.65 19040
159.713 19380
159.776 19720
159.889 20060
160.003 20400
160.066 20740
160.167 21080
160.255 21420
160.331 21760
160.406 22100
160.457 22440
160.52 22780
160.583 23120
160.633 23460
160.696 23800
160.734 24140
160.785 24480
160.848 24820
160.885 25160
160.936 25500
160.986 25840
161.024 26180
161.074 26520
161.112 26860
161.163 27200
161.201 27540
161.251 27880
161.289 28220
161.314 28560
161.364 28900
161.402 29240
161.44 29580
161.478 29920
161.516 30260
161.554 30600
161.591 30940
161.629 31280
161.667 31620
161.705 31960
161.743 32300
161.768 32640
161.806 32980
161.844 33320
161.869 33660
161.894 34000
161.932 34340
161.957 34680
161.995 35020
162.02 35360
162.058 35700
162.083 36040
162.121 36380
162.146 36720
162.184 37060
162.209 37400
162.247 37740
162.272 38080
162.31 38420
162.335 38760
162.373 39100
162.398 39440
162.424 39780
162.449 40120
162.474 40460
162.499 40800
162.537 41140
162.55 41480
162.575 41820
162.6 42160
162.625 42500
162.65 42840
162.695 29920
164.338 340
164.586 2040
164.775 4420
164.813 6120
164.844 8500
164.888 10200
164.92 12580
164.964 14280
164.996 16660
165.04 18360
165.071 20060
165.103 21760
165.197 22100
165.355 22440
165.405 15640
166.809 340
167.089 680
167.353 1020
167.36 1360
167.37 1700
167.377 2040
167.383 2380
167.389 2720
167.396 3060
167.402 3400
167.408 3740
167.415 4080
167.421 4420
167.427 4760
167.433 5100
167.44 5440
167.446 5780
167.452 6120
167.459 6460
167.465 6800
167.471 7140
167.478 7480
167.484 7820
167.49 8160
167.497 8500
167.503 8840
167.509 9180
167.534 6120
167.868 6460
167.894 6800
167.919 7140
167.969 7480
168.095 7820
168.19 8160
168.348 8500
168.606 8840
168.902 9180
169.671 6120
170.006 6460
170.018 6800
170.031 7140
170.043 7480
170.056 7820
170.069 8160
170.232 8500
170.478 8840
170.838 9180
173.555 9520
173.908 9860
174.147 10200
174.349 10540
174.513 10880
174.658 11220
174.79 11560
174.904 11900
175.024 12240
175.131 12580
175.213 12920
175.301 13260
175.389 13600
175.496 13940
175.641 9520
176.07 9860
176.083 10200
176.095 10540
176.12 10880
176.171 11220
176.246 11560
176.31 11900
176.436 12240
176.644 12580
176.845 12920
177.173 13260
177.337 13600
177.633 13940
179.335 9520
179.588 9860
179.6 10200
179.613 10540
179.625 10880
179.764 11220
179.878 11560
179.991 11900
180.13 12240
180.268 12580
180.432 12920
180.634 13260
180.886 13600
181.239 13940
183.95 14280
184.303 14620
184.555 14960
184.744 15300
184.908 15640
185.059 15980
185.186 16320
185.312 16660
185.412 17000
185.513 17340
185.614 17680
185.702 18020
185.778 12580
186.1 12920
186.112 13260
186.125 13600
186.137 13940
186.226 14280
186.314 14620
186.415 14960
186.516 15300
186.617 15640
186.73 15980
186.869 16320
187.007 16660
187.184 17000
187.373 17340
187.625 17680
187.978 18020
190.689 18360
191.042 18700
191.294 19040
191.483 19380
191.647 19720
191.798 20060
191.925 20400
192.051 20740
192.151 21080
192.252 21420
192.353 21760
192.441 22100
192.605 22440
192.681 22780
192.82 23120
192.958 23460
193.034 23800
193.135 24140
193.211 24480
193.299 24820
193.362 25160
193.437 25500
193.501 25840
193.564 26180
193.627 26520
193.69 26860
193.74 27200
193.803 27540
193.866 27880
193.917 28220
193.98 28560
194.017 28900
194.068 29240
194.118 29580
194.156 29920
194.207 30260
194.257 30600
194.307 30940
194.345 31280
194.396 31620
194.434 31960
194.484 32300
194.522 32640
194.56 32980
194.597 33320
194.635 33660
194.673 34000
194.711 34340
194.749 34680
194.787 35020
194.824 35360
194.862 35700
194.9 36040
194.938 36380
194.976 36720
195.013 37060
195.051 37400
195.077 37740
195.102 38080
195.14 38420
195.165 38760
195.203 39100
195.228 39440
195.266 39780
195.291 40120
195.329 40460
195.354 40800
195.392 41140
195.417 41480
195.455 41820
195.499 29240
197.142 340
197.359 2720
198.359 340
198.376 5100
198.469 5440
198.576 5780
198.727 6120
198.847 6460
198.922 6800
199.061 4760
199.301 5100
199.32 5440
199.332 5780
199.345 6120
199.509 6460
199.773 6800
202.491 7140
202.844 7480
203.083 7820
203.285 8160
203.455 8500
203.6 8840
203.726 9180
204.142 9520
204.319 9860
204.495 10200
204.596 10540
204.684 10880
204.773 11220
204.861 11560
204.936 11900
205 12240
205.075 12580
205.138 12920
205.201 13260
205.327 13600
205.39 13940
205.491 14280
205.579 14620
205.655 14960
205.718 15300
205.781 15640
205.844 15980
205.895 16320
205.958 16660
206.008 17000
206.071 17340
206.109 17680
206.159 18020
206.21 18360
206.26 18700
206.298 19040
206.349 19380
206.399 19720
206.449 20060
206.487 20400
206.538 20740
206.576 21080
206.613 21420
206.664 21760
206.702 22100
206.739 22440
206.777 22780
206.815 23120
206.853 23460
206.891 23800
206.929 24140
206.966 24480
207.004 24820
207.042 25160
207.08 25500
207.118 25840
207.155 26180
207.181 26520
207.219 26860
207.256 27200
207.282 27540
207.307 27880
207.345 28220
207.37 28560
207.408 28900
207.433 29240
207.471 29580
207.496 29920
207.534 30260
207.559 30600
207.597 30940
207.622 31280
207.66 31620
207.685 31960
207.723 32300
207.748 32640
207.786 32980
207.811 33320
207.836 33660
207.862 34000
207.899 34340
207.925 34680
207.95 35020
207.962 35360
207.988 35700
208.025 36040
208.051 36380
208.063 36720
208.088 37060
208.114 37400
208.139 37740
208.164 38080
208.189 38420
208.215 38760
208.24 39100
208.265 39440
208.29 39780
208.328 40120
208.341 40460
208.366 40800
208.391 41140
208.416 41480
208.441 41820
208.467 42160
208.492 42500
208.517 42840
208.542 43180
208.568 43520
208.593 43860
208.637 30600
210.28 340
210.509 1360
210.711 3060
210.736 4760
210.768 6460
210.799 8160
210.831 9860
210.862 11560
210.894 13260
210.925 14960
210.957 16660
210.988 19040
211.032 20060
211.051 21760
211.177 22100
211.304 22440
211.385 15640
212.789 340
213.062 680
213.327 1020
213.333 1360
213.344 1700
213.351 2040
213.357 2380
213.363 2720
213.369 3060
213.376 3400
213.382 3740
213.388 4080
213.395 4420
213.401 4760
213.407 5100
213.414 5440
213.42 5780
213.426 6120
213.433 6460
213.439 6800
213.445 7140
213.451 7480
213.458 7820
213.464 8160
213.47 8500
213.477 8840
213.483 9180
213.489 17680
213.666 12240
214.309 12580
214.328 12920
214.353 13260
214.391 13600
214.441 13940
214.504 14280
214.58 14620
214.706 14960
214.845 15300
214.958 15640
215.128 15980
215.311 16320
215.5 16660
215.74 17000
215.954 17340
216.528 17680
217.202 12240
217.852 12580
217.864 12920
217.877 13260
217.889 13600
217.902 13940
217.915 14280
217.927 14620
217.99 14960
218.129 15300
218.268 15640
218.438 15980
218.684 16320
218.879 16660
219.131 17000
219.421 17340
219.995 17680
220.638 12240
221.275 12580
221.287 12920
221.3 13260
221.313 13600
221.325 13940
221.338 14280
221.35 14620
221.426 14960
221.565 15300
221.703 15640
221.886 15980
222.107 16320
222.346 16660
222.599 17000
222.895 17340
223.462 17680
225.416 18020
225.776 18360
226.028 18700
226.23 19040
226.45 13260
227.617 13600
227.629 13940
227.642 14280
227.654 14620
227.667 14960
227.68 15300
227.692 15640
227.705 15980
227.717 16320
227.755 16660
228.007 17000
228.159 17340
228.329 17680
228.531 18020
228.833 18360
229.123 18700
229.722 19040
231.828 19380
232.193 19720
232.433 20060
232.628 20400
232.868 14280
234.492 340
234.57 64600
234.582 64940
234.595 65280
234.633 65620
234.759 65960
234.885 66300
235.011 66640
235.055 46580
236.698 340
236.827 680
237.003 1020
237.009 1360
237.02 1700
237.027 2040
237.033 2380
237.039 2720
237.046 3060
237.052 3400
237.058 3740
237.064 4080
237.071 4420
237.077 4760
237.083 5100
237.09 5440
237.096 5780
237.102 6120
237.109 6460
237.115 6800
237.121 7140
237.128 7480
237.134 7820
237.14 8160
237.146 8500
237.153 8840
237.159 9180
237.165 9520
237.172 9860
237.178 10200
237.184 10540
237.191 10880
237.197 11220
237.203 11560
237.209 11900
237.216 12240
237.222 12580
237.228 12920
237.235 13260
237.241 13600
237.247 13940
237.254 14280
237.26 14620
237.266 14960
237.272 15300
237.279 15640
237.285 15980
237.291 16320
237.298 16660
237.304 17000
237.31 17340
237.317 17680
237.323 18020
237.329 18360
237.336 18700
237.342 19040
237.348 19380
237.354 19720
237.361 20060
237.367 20400
237.373 20740
237.38 21080
237.386 21420
237.392 21760
237.399 22100
237.405 22440
237.411 22780
237.417 23120
237.424 23460
237.43 23800
237.436 24140
237.443 24480
237.449 24820
237.455 25160
237.462 25500
237.468 25840
237.474 26180
237.481 26520
237.487 26860
237.493 27200
237.499 27540
237.506 27880
237.512 28220
237.518 28560
237.525 28900
237.531 29240
237.537 29580
237.544 29920
237.55 30260
237.556 30600
237.562 30940
237.569 31280
237.575 31620
237.588 32300
237.701 32640
237.789 32980
237.922 33320
238.054 33660
238.205 23460
239.716 340
239.769 680
240.198 1020
240.204 1360
240.215 1700
240.221 2040
240.227 2380
240.234 2720
240.24 3060
240.246 3400
240.253 3740
240.259 4080
240.265 4420
240.271 4760
240.278 5100
240.284 5440
240.29 5780
240.297 6120
240.303 6460
240.309 6800
240.316 7140
240.322 7480
240.328 7820
240.334 8160
240.341 8500
240.347 8840
240.353 9180
240.36 9520
240.366 9860
240.372 10200
240.379 10540
240.385 10880
240.391 11220
240.398 11560
240.404 11900
240.41 12240
240.416 12580
240.423 12920
240.429 13260
240.435 13600
240.442 13940
240.448 14280
240.454 14620
240.461 14960
240.467 15300
240.473 15640
240.479 15980
240.486 16320
240.511 16660
240.637 17000
240.694 11900
241.312 12240
241.331 12580
241.368 12920
241.419 13260
241.457 13600
241.52 13940
241.652 14280
241.778 14620
241.879 14960
242.043 15300
242.219 15640
242.396 15980
242.642 16320
242.938 16660
243.499 17000
245.384 17340
245.75 17680
245.989 18020
246.185 18360
246.5 18700
246.626 19040
246.802 19380
247.01 19720
247.181 20060
247.3 13940
248.925 340
249.015 5780
249.507 3740
249.715 4080
249.727 4420
249.74 4760
249.835 5100
249.954 5440
250.2 5780
252.917 6120
253.27 6460
253.51 6800
253.712 7140
253.869 7480
254.027 7820
254.147 8160
254.26 8500
254.374 8840
254.827 9180
254.991 9520
255.105 9860
255.193 10200
255.281 10540
255.357 10880
255.433 11220
255.496 11560
255.571 11900
255.634 12240
255.697 12580
255.748 12920
255.811 13260
255.924 13600
256.025 13940
256.076 14280
256.164 14620
256.227 14960
256.29 15300
256.366 15640
256.403 15980
256.466 16320
256.517 16660
256.567 17000
256.618 17340
256.668 17680
256.719 18020
256.769 18360
256.807 18700
256.857 19040
256.908 19380
256.946 19720
256.983 20060
257.034 20400
257.072 20740
257.109 21080
257.147 21420
257.185 21760
257.236 22100
257.261 22440
257.299 22780
257.336 23120
257.374 23460
257.412 23800
257.45 24140
257.488 24480
257.526 24820
257.563 25160
257.601 25500
257.626 25840
257.652 26180
257.689 26520
257.727 26860
257.752 27200
257.778 27540
257.815 27880
257.841 28220
257.879 28560
257.904 28900
257.942 29240
257.967 29580
258.005 29920
258.03 30260
258.068 30600
258.093 30940
258.131 31280
258.156 31620
258.194 31960
258.219 32300
258.244 32640
258.282 32980
258.307 33320
258.332 33660
258.345 34000
258.383 34340
258.408 34680
258.433 35020
258.458 35360
258.484 35700
258.509 36040
258.534 36380
258.559 36720
258.585 37060
258.61 37400
258.635 37740
258.66 38080
258.685 38420
258.711 38760
258.736 39100
258.761 39440
258.786 39780
258.812 40120
258.837 40460
258.862 40800
258.887 41140
258.912 41480
258.938 41820
258.963 42160
258.988 42500
259.013 42840
259.038 43180
259.064 43520
259.089 43860
259.114 44200
259.133 30940
260.782 340
261.031 2040
261.22 3740
261.251 5440
261.283 7140
261.314 8840
261.346 10540
261.377 12240
261.409 13940
261.44 15640
261.472 17340
261.503 19040
261.535 20740
261.566 22440
261.692 22780
261.819 23120
261.9 15980
263.317 340
263.558 680
263.842 1020
263.848 1360
263.859 1700
263.866 2040
263.872 2380
263.878 2720
263.884 3060
263.891 3400
263.897 3740
263.903 4080
263.91 4420
263.916 4760
263.922 5100
263.929 5440
263.935 5780
263.941 6120
263.948 6460
263.954 6800
263.96 7140
263.966 7480
263.973 7820
263.979 8160
263.985 8500
263.992 8840
263.998 9180
264.004 9520
264.011 9860
265.011 340
265.245 680
265.268 1360
265.292 2040
265.304 2720
265.317 3400
265.33 4080
265.342 4760
265.355 5440
265.368 6120
265.38 6800
265.481 7140
265.607 7480
265.733 7820
265.859 8160
265.985 8500
266.111 8840
266.237 9180
266.364 9520
266.49 9860
266.616 10200
266.742 10540
266.868 10880
266.994 11220
267.12 11560
267.246 11900
267.309 8160
267.517 8500
267.53 8840
267.643 9180
267.82 9520
267.908 9860
268.085 10200
268.16 7140
268.337 7480
268.349 7820
268.438 8160
268.589 8500
268.753 8840
268.917 9180
269.081 9520
269.333 9860
269.686 10200
272.396 10540
272.749 10880
273.002 11220
273.191 11560
273.355 11900
273.506 12240
273.632 12580
273.758 12920
273.859 13260
273.96 13600
274.061 13940
274.149 14280
274.225 14620
274.313 14960
274.389 15300
274.464 15640
274.527 15980
274.59 16320
274.666 16660
274.729 17000
274.779 17340
274.893 17680
275.006 18020
275.107 18360
275.17 18700
275.246 19040
275.322 19380
275.385 19720
275.448 20060
275.498 20400
275.561 20740
275.599 21080
275.649 21420
275.712 21760
275.763 22100
275.813 22440
275.864 22780
275.901 23120
275.939 23460
275.99 23800
276.028 24140
276.078 24480
276.116 24820
276.166 25160
276.204 25500
276.229 25840
276.267 26180
276.318 26520
276.355 26860
276.381 27200
276.418 27540
276.456 27880
276.494 28220
276.532 28560
276.57 28900
276.608 29240
276.645 29580
276.683 29920
276.708 30260
276.746 30600
276.784 30940
276.809 31280
276.834 31620
276.872 31960
276.898 32300
276.935 32640
276.961 32980
276.998 33320
277.024 33660
277.061 34000
277.087 34340
277.124 34680
277.15 35020
277.188 35360
277.213 35700
277.251 36040
277.276 36380
277.314 36720
277.339 37060
277.364 37400
277.389 37740
277.414 38080
277.44 38420
277.465 38760
277.49 39100
277.528 39440
277.541 39780
277.566 40120
277.591 40460
277.616 40800
277.641 41140
277.667 41480
277.692 41820
277.717 42160
277.742 42500
277.767 42840
277.805 29920
279.448 340
279.678 2040
279.879 4420
279.917 6120
279.949 7820
279.98 9520
280.012 11220
280.043 12920
280.075 14620
280.106 16320
280.138 18700
280.188 19720
280.201 21420
280.327 21760
280.459 22100
280.503 15300
281.901 340
282.193 680
282.445 1020
282.451 1360
282.462 1700
282.469 2040
282.475 2380
282.481 2720
282.487 3060
282.494 3400
282.5 3740
283.5 340
283.517 4080
283.572 2720
283.711 3060
283.73 3400
283.805 3740
283.925 4080
286.598 4420
287.487 4760
287.739 5100
287.941 5440
288.105 5780
288.243 6120
288.382 6460
288.496 6800
288.609 7140
288.71 7480
288.798 7820
288.886 8160
288.975 8500
289.05 8840
289.126 9180
289.202 9520
289.277 9860
289.34 10200
289.403 10540
289.466 10880
289.529 11220
289.593 11560
289.643 11900
289.693 12240
289.756 12580
289.807 12920
289.857 13260
289.908 13600
289.996 13940
290.059 14280
290.147 14620
290.223 14960
290.286 15300
290.349 15640
290.399 15980
290.45 16320
290.5 16660
290.551 17000
290.601 17340
290.652 17680
290.689 18020
290.74 18360
290.778 18700
290.815 19040
290.853 19380
290.904 19720
290.942 20060
290.979 20400
291.017 20740
291.055 21080
291.093 21420
291.131 21760
291.169 22100
291.206 22440
291.232 22780
291.269 23120
291.307 23460
291.345 23800
291.383 24140
291.408 24480
291.446 24820
291.484 25160
291.509 25500
291.534 25840
291.572 26180
291.597 26520
291.635 26860
291.66 27200
291.698 27540
291.723 27880
291.761 28220
291.786 28560
291.824 28900
291.849 29240
291.887 29580
291.912 29920
291.95 30260
291.975 30600
292.001 30940
292.026 31280
292.064 31620
292.089 31960
292.102 32300
292.139 32640
292.165 32980
292.19 33320
292.202 33660
292.228 34000
292.265 34340
292.291 34680
292.303 35020
292.328 35360
292.354 35700
292.379 36040
292.404 36380
292.429 36720
292.455 37060
292.48 37400
292.505 37740
292.53 38080
292.555 38420
292.581 38760
292.606 39100
292.631 39440
292.656 39780
292.681 40120
292.707 40460
292.732 40800
292.757 41140
292.782 41480
292.808 41820
292.833 42160
292.858 42500
292.883 42840
292.908 43180
292.934 43520
292.959 43860
293.003 30600
294.646 340
294.856 2040
295.071 3740
295.102 5440
295.134 6460
295.153 7140
295.165 8840
295.197 10540
295.228 12240
295.26 13940
295.291 15640
295.323 17340
295.354 19040
295.386 20740
295.417 22440
295.543 22780
295.67 23120
295.752 15980
297.168 340
297.409 680
297.699 1020
297.706 1360
297.717 1700
297.723 2040
297.729 2380
297.736 2720
297.742 3060
297.748 3400
297.754 3740
297.761 4080
297.767 4420
297.773 4760
297.78 5100
297.786 5440
298.786 340
299.02 680
299.044 1360
299.067 2040
299.08 2720
299.092 3400
299.105 4080
299.181 4420
299.307 4760
299.433 5100
299.559 5440
299.685 5780
299.811 6120
299.937 6460
300.063 6800
300.189 7140
300.315 7480
300.442 7820
300.568 8160
300.694 8500
300.82 8840
300.946 9180
301.072 9520
301.198 9860
301.324 10200
301.45 10540
301.576 10880
301.702 11220
301.828 11560
301.954 11900
302.081 12240
302.207 12580
302.333 12920
302.459 13260
302.585 13600
302.711 13940
302.837 14280
302.963 14620
303.089 14960
303.215 15300
303.341 15640
303.467 15980
303.594 16320
303.669 16660
303.72 17000
303.783 17340
303.846 17680
303.896 18020
303.947 18360
303.997 18700
304.035 19040
304.085 19380
304.136 19720
304.173 20060
304.211 20400
304.262 20740
304.287 21080
304.325 21420
304.375 21760
304.4 22100
304.438 22440
304.476 22780
304.514 23120
304.552 23460
304.59 23800
304.627 24140
304.653 24480
304.69 24820
304.728 25160
304.753 25500
304.791 25840
304.816 26180
304.854 26520
304.88 26860
304.917 27200
304.943 27540
304.98 27880
305.006 28220
305.043 28560
305.069 28900
305.106 29240
305.132 29580
305.17 29920
305.195 30260
305.233 30600
305.258 30940
305.283 31280
305.308 31620
305.333 31960
305.359 32300
305.396 32640
305.422 32980
305.434 33320
305.46 33660
305.485 34000
305.523 34340
305.535 34680
305.56 35020
305.586 35360
305.611 35700
305.636 36040
305.661 36380
305.686 36720
305.737 25500
307.374 340
307.697 2040
307.836 3740
307.887 2380
308.019 2720
308.032 3060
308.139 3400
308.284 3740
309.191 2380
309.324 2720
309.336 3060
309.349 3400
309.582 3740
312.299 4080
312.652 4420
312.955 4760
313.548 5100
313.711 5440
313.863 5780
313.989 6120
314.115 6460
314.216 6800
314.317 7140
314.417 7480
314.506 7820
314.581 8160
314.67 8500
314.745 8840
314.821 9180
314.884 9520
314.947 9860
315.023 10200
315.086 10540
315.136 10880
315.199 11220
315.25 11560
315.313 11900
315.363 12240
315.414 12580
315.464 12920
315.514 13260
315.565 13600
315.615 13940
315.653 14280
315.754 14620
315.83 14960
315.905 15300
315.968 15640
316.031 15980
316.082 16320
316.145 16660
316.183 17000
316.233 17340
316.283 17680
316.334 18020
316.372 18360
316.422 18700
316.46 19040
316.498 19380
316.548 19720
316.586 20060
316.624 20400
316.662 20740
316.7 21080
316.737 21420
316.775 21760
316.813 22100
316.851 22440
316.876 22780
316.914 23120
316.952 23460
316.99 23800
317.015 24140
317.053 24480
317.09 24820
317.116 25160
317.141 25500
317.179 25840
317.204 26180
317.242 26520
317.267 26860
317.305 27200
317.33 27540
317.368 27880
317.393 28220
317.431 28560
317.456 28900
317.494 29240
317.519 29580
317.557 29920
317.582 30260
317.607 30600
317.633 30940
317.67 31280
317.696 31620
317.721 31960
317.733 32300
317.771 32640
317.796 32980
317.822 33320
317.847 33660
317.872 34000
317.897 34340
317.923 34680
317.948 35020
317.973 35360
317.998 35700
318.023 36040
318.049 36380
318.074 36720
318.099 37060
318.124 37400
318.149 37740
318.175 38080
318.2 38420
318.225 38760
318.25 39100
318.276 39440
318.301 39780
318.326 40120
318.351 40460
318.376 40800
318.402 41140
318.433 41480
318.452 28900
320.095 340
320.362 2040
320.539 3740
320.57 5440
320.602 7140
320.633 8840
320.665 10540
320.696 12240
320.728 13940
320.759 15640
320.791 17340
320.822 19040
320.854 20740
320.999 14280
322.371 340
322.701 680
322.922 1020
322.928 1360
322.939 1700
322.945 2040
322.951 2380
322.958 2720
322.964 3060
322.97 3400
322.977 3740
322.983 4080
322.989 4420
322.995 4760
323.002 5100
323.008 5440
323.014 5780
323.04 3740
323.248 4080
323.26 4420
323.273 4760
323.33 5100
323.5 5440
323.765 5780
326.475 6120
326.835 6460
327.074 6800
327.27 7140
327.446 7480
327.591 7820
327.717 8160
328.215 8500
328.366 8840
328.48 9180
328.568 6120
328.732 6460
328.745 6800
328.833 7140
328.972 7480
329.11 7820
329.274 8160
329.476 8500
329.728 8840
330.081 9180
332.792 9520
333.145 9860
333.384 10200
333.586 10540
333.75 10880
333.901 11220
334.027 11560
334.154 11900
334.254 12240
334.355 12580
334.456 12920
334.544 13260
334.62 13600
334.708 13940
334.784 14280
334.847 14620
334.923 14960
334.986 15300
335.049 15640
335.112 15980
335.175 16320
335.238 16660
335.288 17000
335.351 17340
335.402 17680
335.452 18020
335.49 12580
335.818 12920
335.83 13260
335.843 13600
335.919 13940
336.007 14280
336.095 14620
336.209 14960
336.398 15300
336.524 15640
336.65 15980
336.789 16320
336.965 16660
337.154 17000
337.394 17340
337.709 17680
338.037 18020
340.47 18360
340.823 18700
341.075 19040
341.264 19380
341.441 19720
341.58 20060
341.706 20400
341.832 20740
341.933 21080
342.034 21420
342.134 21760
342.311 22100
342.462 22440
342.538 22780
342.677 23120
342.74 23460
342.853 23800
342.941 24140
343.03 24480
343.08 24820
343.156 25160
343.231 25500
343.282 25840
343.345 26180
343.42 26520
343.471 26860
343.521 27200
343.584 27540
343.635 27880
343.698 28220
343.748 28560
343.799 28900
343.849 29240
343.9 29580
343.95 29920
344 30260
344.051 30600
344.089 30940
344.126 31280
344.177 31620
344.215 31960
344.265 32300
344.303 32640
344.341 32980
344.379 33320
344.416 33660
344.454 34000
344.492 34340
344.53 34680
344.568 35020
344.606 35360
344.643 35700
344.681 36040
344.719 36380
344.757 36720
344.795 37060
344.833 37400
344.87 37740
344.896 38080
344.921 38420
344.959 38760
344.984 39100
345.022 39440
345.047 39780
345.085 40120
345.11 40460
345.148 40800
345.173 41140
345.211 41480
345.236 41820
345.28 29240
346.923 340
347.19 2720
347.367 5100
347.411 7480
347.455 9860
347.499 11560
347.531 13260
347.562 15640
347.606 17340
347.638 19720
347.682 21420
347.789 21760
347.959 14960
349.35 340
349.642 680
349.895 1020
349.901 1360
349.912 1700
349.918 2040
349.924 2380
349.931 2720
349.937 3060
349.943 3400
349.95 3740
349.956 4080
349.962 4420
349.969 4760
349.975 5100
349.981 5440
349.987 5780
349.994 6120
350 6460
350.006 6800
350.013 7140
350.019 7480
350.025 7820
350.051 5440
350.334 5780
350.347 6120
350.359 6460
350.372 6800
350.536 7140
350.775 7480
351.021 7820
353.656 8160
354.003 8500
354.255 8840
354.457 9180
354.621 9520
354.753 9860
354.886 10200
355.081 10540
355.396 10880
355.548 11220
355.674 11560
355.8 11900
355.901 12240
355.989 12580
356.065 12920
356.14 13260
356.228 13600
356.355 13940
356.468 14280
356.518 14620
356.607 14960
356.682 15300
356.745 15640
356.821 15980
356.884 16320
356.934 16660
356.985 17000
357.048 17340
357.111 17680
357.161 18020
357.199 18360
357.262 18700
357.313 19040
357.363 19380
357.414 19720
357.464 20060
357.514 20400
357.552 20740
357.603 21080
357.641 21420
357.691 21760
357.729 22100
357.779 22440
357.817 22780
357.855 23120
357.88 23460
357.918 23800
357.968 24140
358.006 24480
358.031 24820
358.069 25160
358.107 25500
358.145 25840
358.183 26180
358.22 26520
358.258 26860
358.296 27200
358.334 27540
358.372 27880
358.397 28220
358.422 28560
358.46 28900
358.498 29240
358.523 29580
358.561 29920
358.586 30260
358.624 30600
358.649 30940
358.687 31280
358.712 31620
358.75 31960
358.775 32300
358.813 32640
358.838 32980
358.876 33320
358.901 33660
358.939 34000
358.964 34340
358.99 34680
359.015 35020
359.04 35360
359.065 35700
359.103 36040
359.128 36380
359.141 36720
359.166 37060
359.191 37400
359.217 37740
359.242 38080
359.267 38420
359.292 38760
359.317 39100
359.343 39440
359.368 39780
359.393 40120
359.418 40460
359.443 40800
359.469 41140
359.494 41480
359.519 41820
359.544 42160
359.57 42500
359.595 42840
359.62 43180
359.645 43520
359.67 43860
359.715 30600
361.358 340
361.587 1360
361.789 3060
361.814 4760
361.845 6460
361.877 8160
361.908 9860
361.94 11560
361.971 13260
362.003 14960
362.034 16660
362.066 18360
362.097 20060
362.129 21760
362.255 22100
362.381 22440
362.463 15640
363.867 340
364.146 680
364.411 1020
364.417 1360
364.428 1700
364.434 2040
364.441 2380
364.447 2720
364.453 3060
364.46 3400
364.466 3740
364.472 4080
364.479 4420
364.485 4760
364.491 5100
364.498 5440
364.504 5780
364.51 6120
364.516 6460
364.523 6800
364.529 7140
364.535 7480
364.542 7820
364.548 8160
364.554 8500
364.561 8840
364.567 9180
364.592 6120
364.926 6460
364.939 6800
364.951 7140
365.002 7480
365.115 7820
365.235 8160
365.405 8500
365.657 8840
365.96 9180
368.475 9520
368.828 9860
369.074 10200
369.27 10540
369.44 10880
369.579 11220
369.711 11560
369.837 11900
370.146 12240
370.285 12580
370.411 12920
370.549 13260
370.675 13600
370.789 13940
370.928 14280
371.054 14620
371.142 14960
371.23 15300
371.306 15640
371.369 15980
371.432 16320
371.508 16660
371.571 17000
371.634 17340
371.697 17680
371.76 18020
371.81 18360
371.861 18700
371.924 19040
371.974 19380
372.025 19720
372.075 20060
372.125 20400
372.176 20740
372.226 21080
372.264 21420
372.314 21760
372.365 22100
372.403 22440
372.441 22780
372.491 23120
372.529 23460
372.567 23800
372.617 24140
372.655 24480
372.693 24820
372.731 25160
372.768 25500
372.806 25840
372.844 26180
372.882 26520
372.92 26860
372.958 27200
372.995 27540
373.033 27880
373.071 28220
373.096 28560
373.134 28900
373.172 29240
373.197 29580
373.235 29920
373.285 20740
373.827 21080
373.84 21420
373.853 21760
373.865 22100
373.878 22440
373.979 22780
374.092 23120
374.18 23460
374.294 23800
374.382 24140
374.47 24480
374.559 24820
374.647 25160
374.735 25500
374.836 25840
374.937 26180
375.038 26520
375.164 26860
375.277 27200
375.403 27540
375.53 27880
375.693 28220
375.832 28560
376.009 28900
376.273 29240
376.538 29580
377.093 29920
379.009 30260
379.362 30600
379.615 30940
379.804 31280
379.98 31620
380.245 31960
380.472 32300
380.611 32640
380.762 32980
380.913 33320
381.027 33660
381.14 34000
381.228 34340
381.329 34680
381.417 35020
381.506 35360
381.594 35700
381.67 36040
381.733 36380
381.796 36720
381.871 37060
381.922 37400
381.997 37740
382.06 38080
382.124 38420
382.18 26860
383.823 340
384.147 4080
384.286 8500
384.361 11560
384.418 15980
384.5 19720
384.658 13600
386.011 340
386.347 680
386.555 1020
386.562 1360
386.572 1700
386.579 2040
386.585 2380
386.591 2720
386.598 3060
386.604 3400
386.61 3740
386.617 5780
386.673 3740
386.881 4080
386.894 4420
386.907 4760
386.932 5100
387.102 5440
387.348 5780
390.059 6120
390.412 6460
390.657 6800
390.859 7140
391.023 7480
391.174 7820
391.3 8160
391.426 8500
391.527 8840
391.635 9180
391.716 9520
392.202 9860
392.328 10200
392.416 10540
392.504 10880
392.58 11220
392.643 11560
392.719 11900
392.782 12240
392.839 12580
392.857 8500
393.078 8840
393.091 9180
393.103 9520
393.217 9860
393.406 10200
393.557 10540
393.696 10880
393.872 11220
393.999 11560
394.213 11900
394.44 12240
394.667 12580
396.974 8500
397.195 8840
397.207 9180
397.22 9520
397.321 9860
397.422 10200
397.548 10540
397.674 10880
397.825 11220
397.989 11560
398.178 11900
398.43 12240
398.783 12580
