0.0 0
0.539751 3400
1.08568 3740
1.11089 4080
1.13611 2720
1.68117 3060
2.20732 3400
2.23254 3740
2.25145 2380
3.80282 340
7.09294 680
8.15286 340
11.048 680
12.7021 1020
13.2534 1360
13.4597 1700
13.8048 2040
14.3625 1360
14.8048 340
14.9075 1020
16.549 1360
16.7553 1700
16.9616 2040
17.3067 1360
17.8518 1700
18.1905 2040
19.2807 1360
20.3771 1700
20.3897 2040
22.0375 1360
22.4956 340
23.0407 2380
23.8236 2720
24.9263 3060
25.2399 3400
25.4777 3740
25.6966 4080
25.8038 2720
26.3489 3060
26.593 3400
26.793 3740
26.894 4080
27.4453 2720
27.9904 3060
28.2345 3400
28.4345 3740
28.5291 4080
29.2931 2720
29.8382 3060
30.1012 3400
30.1895 3740
30.3959 4080
30.6463 2720
31.1913 3060
31.2923 3400
31.4923 3740
31.5049 4080
32.0689 2720
32.85 340
32.9464 1360
33.4914 3060
34.0365 3400
35.1518 2380
36.242 2720
36.2609 3060
36.4546 2040
37.2609 340
37.8059 3740
38.9024 2380
39.3951 340
39.4474 1700
39.9925 2040
40.9925 340
44.2826 680
45.834 340
47.1241 680
48.6755 340
51.9656 680
53.6197 1020
54.1711 1360
54.3774 1700
54.9224 1020
55.3774 340
55.4675 2720
56.0441 3060
57.1405 2040
57.6856 2380
58.2243 2720
58.2496 3060
60.4424 2040
60.8974 340
60.9875 1360
62.1028 1700
62.6605 1020
63.1028 340
63.9506 680
64.9506 340
66.2407 680
66.7921 1020
68.1011 1360
68.6588 680
69.1057 340
69.9489 680
70.9942 340
73.8746 680
74.9371 340
76.2273 680
77.8814 1020
78.639 1360
79.1904 1700
79.9481 2040
80.4994 2380
80.5247 1360
81.076 1700
81.6085 2040
82.1661 1360
82.6348 340
82.7112 680
83.2563 1020
84.9041 1360
84.9167 1700
85.123 2040
85.4617 2380
85.9942 1360
86.4697 340
86.5393 1360
88.7447 1700
89.2961 1020
89.7447 340
92.3313 680
94.6277 340
95.9178 680
97.5719 1020
98.1233 1360
98.3296 1700
98.881 1020
99.3406 340
99.8857 1020
101.195 1360
101.54 1700
102.091 2040
102.297 2380
102.655 2720
102.842 3060
103.049 3400
103.206 3740
103.219 4080
103.388 4420
103.4 4760
103.6 5100
103.764 5440
103.933 3740
105.023 4080
105.229 4420
105.399 4760
105.412 5100
105.58 3400
107.125 340
107.671 5100
108.222 5440
108.266 3740
109.498 340
109.594 3400
110.735 2380
111.317 2720
111.787 3060
111.825 3400
113.435 2380
113.953 340
114.498 1020
115.043 1700
115.588 2040
116.152 1360
116.684 1700
116.728 2040
117.292 1360
118.793 340
118.883 680
121.076 1020
122.076 340
126.857 680
127.408 1020
128.911 1360
129.062 1700
129.462 2040
129.613 2380
129.82 2720
130.013 3060
130.158 3400
130.171 3740
130.565 4080
130.703 4420
130.729 4760
130.935 5100
131.116 5440
131.249 5780
131.261 6120
131.28 6460
131.293 6800
131.48 7140
131.661 7480
131.8 7820
131.831 8160
131.857 5440
132.953 5780
133.448 3740
133.953 340
133.993 6800
134.049 7140
134.062 7480
134.563 5100
135.588 340
135.71 2040
136.255 2720
136.268 8840
136.888 6120
137.907 340
137.947 680
138.492 1360
139.043 2040
139.05 3060
139.595 3740
139.607 5440
140.165 3740
141.228 340
141.375 4420
141.92 4760
142.92 340
145.755 680
147.858 340
148.403 1020
149.906 1360
150.057 1700
150.457 2040
150.608 2380
150.815 2720
151.16 1700
152.25 2040
152.456 2380
152.801 2720
154.098 1700
154.602 340
154.643 680
155.188 2040
155.752 1360
157.321 340
157.412 2040
157.982 1360
158.546 1700
159.073 1020
159.584 340
159.618 2720
160.169 1700
160.708 2040
160.764 2380
161.253 1360
162.31 340
162.406 1020
163.406 340
166.696 680
168.799 340
171.634 680
173.442 340
174.187 680
175.29 1020
176.048 1360
177.144 680
177.658 340
178.203 680
180.608 1020
181.16 1360
181.366 1700
181.711 2040
181.911 2380
182.117 2720
182.262 3060
182.469 3400
182.669 3740
182.82 4080
183.026 2720
183.571 3060
183.771 3400
183.916 3740
184.116 4080
184.329 2720
185.874 340
186.419 3740
187.509 2380
188.008 340
188.054 3740
188.625 2380
189.65 340
189.721 2720
190.517 3060
190.862 3400
191.369 3740
191.619 4080
191.92 4420
191.933 4760
191.952 5100
192.465 3400
192.952 340
193.01 1020
193.555 2040
194.101 5440
194.665 3740
195.696 340
195.824 5440
196.432 3740
197.977 340
198.067 4080
198.663 2720
199.227 3060
199.709 2040
200.227 340
200.254 4080
201.375 2720
201.977 3060
201.99 3400
202.466 3740
202.535 2380
203.08 2720
203.568 3060
203.619 3400
203.631 3740
204.176 2380
205.721 340
206.267 2720
206.812 3060
206.849 2040
207.426 2380
207.958 2720
208.478 1700
209.28 2040
209.568 1360
210.383 1700
210.589 2040
211.686 1360
212.141 340
212.3 1360
213.942 1700
214.493 2040
214.506 2380
215.051 2720
215.596 1700
216.051 340
216.141 1360
217.25 1700
217.795 1020
218.34 1360
218.746 1700
218.891 1020
219.43 1360
219.849 1700
220.526 1020
221.394 340
222.684 680
224.981 340
229.816 680
231.918 340
235.209 680
236.863 1020
237.414 1360
237.62 1700
237.965 2040
238.372 2380
238.517 2720
238.723 3060
238.923 3400
238.936 3740
239.068 4080
239.274 4420
239.487 3060
240.304 340
240.849 1020
241.394 4420
241.958 3060
243.025 340
243.079 1020
243.631 1700
243.637 4420
244.251 4760
245.304 5100
245.367 3400
245.918 3740
246.419 4080
246.451 4420
246.476 3060
248.021 340
248.566 680
249.662 1360
249.869 1700
250.214 2380
250.765 2720
251.323 1700
252.413 2040
252.619 2380
252.952 2720
253.509 1700
254.308 340
254.853 4080
255.962 2720
256.551 340
257.103 1700
257.654 2040
258.744 340
262.215 680
263.842 340
266.954 680
268.035 340
269.325 680
270.979 1020
271.531 1360
271.737 1700
272.082 2040
272.282 2380
272.488 2720
272.633 3060
272.827 3400
273.178 2380
274.269 2720
274.462 3060
274.675 3400
275.923 2380
277.013 2720
277.206 1700
278.503 2040
278.654 2380
278.873 2720
279.199 1700
280.496 2040
280.696 2380
281.053 2720
281.247 1700
282.337 2040
282.544 2380
282.876 2720
283.427 1700
283.901 340
283.972 1020
284.978 340
288.28 680
288.831 1020
289.934 1360
290.334 1700
290.879 2040
291.969 1360
292.173 340
292.718 1700
294.034 2040
294.372 2380
294.924 1360
295.469 1700
295.875 2040
296.42 1360
296.943 340
296.965 3060
297.649 2040
299.265 340
300.555 680
301.601 340
302.891 680
304.545 1020
305.097 1360
305.303 1700
305.848 2040
306.054 2380
306.399 2720
306.412 3060
306.599 3400
306.806 3740
306.951 4080
306.976 4420
307.351 3060
308.03 340
308.054 4080
308.63 2720
309.727 3060
309.739 3400
309.752 3740
309.964 4080
310.848 2720
311.906 340
311.932 2720
312.477 3060
313.598 340
314.888 680
315.44 1360
315.991 2040
316.543 2380
317.652 1360
318.119 340
318.197 3400
318.961 3740
319.889 2380
320.891 340
320.947 1360
322.044 680
322.608 1020
322.62 1360
323.717 680
324.255 1020
324.481 1360
325.897 680
326.442 1020
326.661 1360
326.873 680
327.751 1020
327.77 680
328.854 1020
329.054 680
330.144 1020
332.694 680
333.202 340
333.239 2380
333.627 2720
333.816 3060
334.367 2040
334.816 340
334.912 1700
336.021 2040
336.579 2380
337.112 1360
337.657 1700
338.202 2040
338.221 2380
338.766 1360
339.221 340
339.311 1020
341.42 340
342.71 680
344.364 1020
345.364 340
346.654 680
348.502 1020
349.503 340
350.793 680
351.895 1020
352.653 1360
353.204 1700
353.756 2040
354.301 2380
354.846 1360
355.721 340
357.011 680
358.665 1020
359.217 1360
359.423 1700
359.768 2040
359.974 2380
360.326 1360
361.092 340
361.637 2380
362.755 340
364.045 680
364.596 1360
365.699 680
366.211 340
366.756 1700
368.271 2040
368.822 2380
368.835 2720
369.374 3060
369.386 3400
369.412 3740
369.938 2380
370.412 340
370.483 1360
371.047 680
371.604 1020
372.137 680
372.707 1020
374.755 680
375.42 1020
377.28 680
377.729 340
377.825 1020
378.922 1360
380.479 340
381.77 680
383.872 340
385.162 680
386.721 340
387.466 680
388.763 1020
389.794 340
390.34 680
391.436 1020
392.194 1360
392.745 680
393.236 340
394.526 680
396.18 1020
396.731 1360
396.938 1700
397.283 2040
397.483 2380
397.689 2720
397.834 3060
398.034 3400
398.385 2380
400.011 340
400.021 4760
