0.0 0
0.41554 3400
0.837256 3740
0.849864 4420
0.862472 5100
0.87508 5780
0.887688 6460
1.09399 6800
1.26441 7480
1.27702 8160
1.28963 8840
1.30224 9520
1.31484 10200
1.32745 10880
1.34006 11560
1.35267 12240
1.36528 12920
1.52115 13600
1.69157 14280
1.70418 14960
1.71678 15640
1.72939 16320
1.742 17000
1.75461 17680
1.76722 18360
1.77982 19040
1.79243 19720
1.80504 20400
1.81765 21080
1.83026 21760
1.84286 22440
1.85547 23120
1.86808 23800
1.88069 24480
1.8933 25160
1.9059 25840
1.9483 26520
1.96091 27200
2.11873 27880
2.13133 28560
2.14394 29240
2.15655 29920
2.16916 30600
2.18177 31280
2.19437 31960
2.20698 32640
2.21959 33320
2.2322 34000
2.24481 34680
2.25741 35360
2.27002 36040
2.28263 36720
2.29524 37400
2.30785 38080
2.32045 38760
2.33306 39440
2.34567 40120
2.35828 40800
2.37089 41480
2.38349 42160
2.3961 42840
2.40871 43520
2.42132 44200
2.43393 44880
2.44653 45560
2.45914 46240
2.47175 46920
2.48436 47600
2.49697 48280
2.50957 48960
2.52218 49640
2.53479 50320
2.5474 51000
2.56001 51680
2.57261 52360
2.58522 53040
2.59783 53720
2.61044 54400
2.62305 55080
2.63565 55760
2.64826 56440
2.66087 57120
2.67348 57800
2.68609 58480
2.69869 59160
2.7113 59840
2.72391 60520
2.73652 61200
2.74913 61880
2.76173 62560
2.77434 63240
2.78695 63920
2.79956 64600
2.81217 65280
2.82477 65960
2.83738 66640
2.84999 67320
2.8626 68000
2.87521 68680
2.88781 69360
2.90042 70040
2.91303 70720
2.92564 71400
2.93825 72080
2.95085 72760
2.96346 73440
2.97607 74120
2.98868 74800
3.00129 75480
3.01389 76160
3.0265 76840
3.03911 77520
3.05172 78200
3.06433 78880
3.07693 79560
3.08954 80240
3.10215 80920
3.11476 81600
3.12737 82280
3.13997 82960
3.15258 83640
3.16519 84320
3.1778 85000
3.19041 85680
3.20301 86360
3.21562 87040
3.22823 87720
3.24084 88400
3.25345 89080
3.26605 89760
3.27866 90440
3.29127 91120
3.30388 91800
3.31649 92480
3.32909 93160
3.3417 93840
3.35431 94520
3.36692 95200
3.37953 95880
3.39213 96560
3.40474 97240
3.41735 97920
3.42996 98600
3.44257 99280
3.45517 99960
3.46778 100640
3.48039 101320
3.493 102000
3.50561 102680
3.51821 103360
3.53082 104040
3.54343 104720
3.55604 105400
3.56865 106080
3.58125 106760
3.59386 107440
3.60647 108120
3.61908 108800
3.63169 109480
3.64429 110160
3.6569 110840
3.66951 111520
3.68212 112200
3.69473 112880
3.70733 113560
3.71994 114240
3.73255 114920
3.74516 115600
3.75777 116280
3.77037 116960
3.78298 117640
3.79559 118320
3.8082 119000
3.82081 119680
3.83341 120360
3.84602 121040
3.85863 121720
3.87124 122400
3.88385 123080
3.89645 123760
3.90906 124440
3.92167 125120
3.93428 125800
3.94689 126480
3.95949 127160
3.9721 127840
3.98471 128520
3.99732 129200
4.00993 129880
4.02253 130560
4.03514 131240
4.04775 131920
4.06036 132600
4.07297 133280
4.08557 133960
4.09818 134640
4.11079 135320
4.1234 136000
4.13601 136680
4.14861 137360
4.16122 138040
4.17383 138720
4.18644 139400
4.19905 140080
4.21165 140760
4.22426 141440
4.23687 142120
4.24948 142800
4.26209 143480
4.27469 144160
4.2873 144840
4.29991 145520
4.31252 146200
4.32513 146880
4.33773 147560
4.35034 148240
4.36295 148920
4.37556 149600
4.38817 150280
4.40077 150960
4.41338 151640
4.42599 152320
4.4386 153000
4.45121 153680
4.46381 154360
4.47642 155040
4.48903 155720
4.50164 156400
4.51425 157080
4.53316 109820
7.592 340
7.74189 1360
8.20209 1700
8.20839 2720
8.62294 3060
8.62924 4080
8.64815 4420
8.65446 5440
9.04379 5780
9.05009 6800
9.06901 7140
9.07531 8160
9.09422 8500
9.10053 9520
9.11944 9860
9.12574 10880
9.46464 11220
9.47095 12240
9.48986 12580
9.49616 13600
9.51507 13940
9.52138 14960
9.54029 15300
9.54659 16320
9.56551 16660
9.57181 17680
9.59072 18020
9.59703 19040
9.61594 19380
9.62224 20400
9.64115 20740
9.64746 21760
9.88549 22100
9.8918 23120
9.91071 23460
9.91701 24480
9.93593 24820
9.94223 25840
9.96114 26180
9.96745 27200
9.98636 27540
9.99266 28560
10.0116 28900
10.0179 29920
10.0368 30260
10.0431 31280
10.062 31620
10.0683 32640
10.0872 32980
10.0935 34000
10.1124 34340
10.1187 35360
10.1377 35700
10.144 36720
10.1629 37060
10.1692 38080
10.1881 38420
10.1944 39440
10.2133 39780
10.2196 40800
10.2385 41140
10.2448 42160
10.2637 42500
10.27 43520
10.3063 43860
10.3127 44880
10.3316 45220
10.3379 46240
10.3568 46580
10.3631 47600
10.382 47940
10.3883 48960
10.4072 49300
10.4135 50320
10.4324 50660
10.4387 51680
10.4576 52020
10.4639 53040
10.4829 53380
10.4892 54400
10.5081 54740
10.5144 55760
10.5333 56100
10.5396 57120
10.5585 57460
10.5648 58480
10.5837 58820
10.59 59840
10.6089 60180
10.6152 61200
10.6342 61540
10.6405 62560
10.6594 62900
10.6657 63920
10.6846 64260
10.6909 65280
10.7098 65620
10.7161 66640
10.735 66980
10.7413 68000
10.7602 68340
10.7665 69360
10.7855 69700
10.7918 70720
10.8107 71060
10.817 72080
10.8359 72420
10.8422 73440
10.8611 73780
10.8674 74800
10.8863 75140
10.8926 76160
10.9115 76500
10.9178 77520
11.0439 77860
11.17 78200
11.2961 78540
11.4222 78880
11.5482 79220
11.6743 79560
11.8004 79900
11.9265 80240
12.0526 80580
12.1786 80920
12.3047 81260
12.3993 56780
15.4329 340
15.835 680
16.4527 1020
16.4591 1360
16.8736 1700
16.8799 2040
16.8862 2380
16.8925 2720
17.2945 3060
17.3008 3400
17.3071 3740
17.3134 4080
17.3197 4420
17.326 4760
17.3323 5100
17.3386 5440
17.7153 5780
17.7216 6120
17.7279 6460
17.7342 6800
17.7405 7140
17.7468 7480
17.7531 7820
17.7594 8160
17.7657 8500
17.772 8840
17.7783 9180
17.7846 9520
17.791 9860
17.7973 10200
17.8036 10540
17.8099 10880
18.1362 11220
18.1425 11560
18.1488 11900
18.1551 12240
18.1614 12580
18.1677 12920
18.174 13260
18.1803 13600
18.1866 13940
18.1929 14280
18.1992 14620
18.2055 14960
18.2118 15300
18.2181 15640
18.2244 15980
18.2307 16320
18.237 16660
18.2433 17000
18.2496 17340
18.2559 17680
18.2622 18020
18.2685 18360
18.2748 18700
18.2811 19040
18.2875 19380
18.2938 19720
18.3001 20060
18.3064 20400
18.3127 20740
18.319 21080
18.3253 21420
18.3316 21760
18.557 22100
18.5633 22440
18.5696 22780
18.5759 23120
18.5822 23460
18.5885 23800
18.5948 24140
18.6011 24480
18.6074 24820
18.6137 25160
18.62 25500
18.6264 25840
18.6327 26180
18.639 26520
18.6453 26860
18.6516 27200
18.6579 27540
18.6642 27880
18.6705 28220
18.6768 28560
18.6831 28900
18.6894 29240
18.6957 29580
18.702 29920
18.7083 30260
18.7146 30600
18.7209 30940
18.7272 31280
18.7335 31620
18.7398 31960
18.7461 32300
18.7524 32640
18.7587 32980
18.765 33320
18.7713 33660
18.7776 34000
18.784 34340
18.7903 34680
18.7966 35020
18.8029 35360
18.8092 35700
18.8155 36040
18.8218 36380
18.8281 36720
18.8344 37060
18.8407 37400
18.847 37740
18.8533 38080
18.8596 38420
18.8659 38760
18.8722 39100
18.8785 39440
18.9479 39780
19.0913 40120
19.2174 40460
19.3435 40800
19.4696 41140
19.5957 41480
19.6713 28900
22.0367 340
22.3253 680
23.2709 1020
23.2772 1360
23.6917 1700
23.698 2040
23.7043 2380
23.7106 2720
24.1126 3060
24.1189 3400
24.1252 3740
24.1315 4080
24.1378 4420
24.5334 3060
24.8847 3400
24.9858 3740
24.9984 4080
25.3056 4420
26.989 4760
27.4098 5100
27.6055 5440
27.8307 5780
27.957 6120
28.2642 6460
28.2831 6800
28.4409 7140
28.6976 7480
29.5141 7820
29.5519 8160
29.9413 8500
29.9539 8840
30.0423 9180
30.0928 9520
30.1621 9860
30.381 10200
30.4189 10540
30.4947 10880
30.5451 11220
30.6019 11560
30.8019 11900
30.8271 12240
30.8523 12580
30.9156 12920
30.9408 13260
30.9723 13600
31.0227 13940
31.2164 14280
31.229 14620
31.2543 14960
31.2795 15300
31.3238 15640
31.349 15980
31.3869 16320
31.4121 16660
31.4499 17000
31.6373 17340
31.6499 17680
31.6751 18020
31.7003 18360
31.7255 18700
31.7508 19040
31.776 19380
31.8012 19720
31.8264 20060
31.8642 20400
31.8894 20740
31.9147 21080
32.0644 21420
32.077 21760
32.1023 22100
32.1275 22440
32.1527 22780
32.1779 23120
32.2031 23460
32.2283 23800
32.2536 24140
32.2788 24480
32.304 24820
32.3418 25160
32.367 25500
32.3922 25840
32.4175 26180
32.4916 26520
32.5042 26860
32.5294 27200
32.5546 27540
32.5799 27880
32.6051 28220
32.6303 28560
32.6555 28900
32.6933 29240
32.7185 29580
32.7438 29920
32.7564 30260
32.7816 30600
32.8194 30940
32.8446 31280
32.8698 31620
32.8951 31960
32.9203 32300
32.9455 32640
32.9707 32980
32.9959 33320
33.0211 33660
33.0463 34000
33.0716 34340
33.0968 34680
33.122 35020
33.1472 35360
33.1724 35700
33.1976 36040
33.2229 36380
33.2481 36720
33.2733 37060
33.2985 37400
33.3237 37740
33.3489 38080
33.3742 38420
33.3994 38760
33.4246 39100
33.4498 39440
33.475 39780
33.5002 40120
33.5255 40460
33.5507 40800
33.5759 41140
33.6011 41480
33.6263 41820
33.6515 42160
33.6767 42500
33.702 42840
33.7272 43180
33.7524 43520
33.7776 43860
33.8028 44200
33.828 44540
33.8407 44880
33.8659 45220
33.8785 45560
33.9037 45900
33.9163 46240
33.9415 46580
33.9667 46920
33.9793 47260
34.0046 47600
34.0298 47940
34.0424 48280
34.055 48620
34.0802 48960
34.1054 49300
34.118 49640
34.1306 49980
34.1559 50320
34.1811 50660
34.1937 51000
34.2063 51340
34.2315 51680
34.2441 52020
34.2693 52360
34.2819 52700
34.3071 53040
34.3198 53380
34.345 53720
34.3576 54060
34.3828 54400
34.3954 54740
34.4206 55080
34.4332 55420
34.4584 55760
34.4711 56100
34.4963 56440
34.5089 56780
34.5341 57120
34.5467 57460
34.5719 57800
34.5845 58140
34.6097 58480
34.6223 58820
34.6476 59160
34.6602 59500
34.6854 59840
34.698 60180
34.7232 60520
34.7358 60860
34.761 61200
34.7736 61540
34.7989 61880
34.8115 62220
34.8367 62560
34.8493 62900
34.8745 63240
34.8871 63580
34.9123 63920
34.9249 64260
34.9502 64600
34.9628 64940
34.988 65280
35.0006 65620
35.0258 65960
35.0384 66300
35.0636 66640
35.0762 66980
35.1015 67320
35.1141 67660
35.1393 68000
35.1519 68340
35.1771 68680
35.1897 69020
35.2149 69360
35.2275 69700
35.2527 70040
35.2654 70380
35.2906 70720
35.3032 71060
35.3284 71400
35.341 71740
35.3662 72080
35.3788 72420
35.3914 72760
35.4167 73100
35.4293 73440
35.4419 73780
35.4545 74120
35.4671 74460
35.4797 74800
35.5049 75140
35.5175 75480
35.5301 75820
35.5427 76160
35.5553 76500
35.5679 76840
35.5806 77180
35.5932 77520
35.6058 77860
35.631 78200
35.6436 78540
35.6562 78880
35.6688 79220
35.6814 79560
35.694 79900
35.7066 80240
35.7192 80580
35.7319 80920
35.7445 81260
35.7571 81600
35.7697 81940
35.7823 82280
35.7949 82620
35.8201 82960
35.8327 83300
35.8453 83640
35.8579 83980
35.8705 84320
35.8831 84660
35.8958 85000
35.9084 85340
35.921 85680
35.9336 86020
35.9462 86360
35.9588 86700
35.9714 87040
35.984 87380
35.9966 87720
36.0092 88060
36.0218 88400
36.0344 88740
36.0471 89080
36.0597 89420
36.0723 89760
36.0849 90100
36.0975 90440
36.1101 90780
36.1227 91120
36.1353 91460
36.1479 91800
36.1605 92140
36.1731 92480
36.1857 92820
36.1983 93160
36.211 93500
36.2236 93840
36.2362 94180
36.2488 94520
36.2614 94860
36.274 95200
36.2866 95540
36.2992 95880
36.3118 96220
36.3244 96560
36.337 96900
36.3496 97240
36.3623 97580
36.3749 97920
36.3875 98260
36.4001 98600
36.4127 98940
36.4253 99280
36.4379 99620
36.4505 99960
36.4631 100300
36.4757 100640
36.4883 100980
36.5009 101320
36.5135 101660
36.5262 102000
36.5388 102340
36.5514 102680
36.564 103020
36.5766 103360
36.5892 103700
36.6018 104040
36.6144 104380
36.627 104720
36.6396 105060
36.6522 105400
36.6648 105740
36.6775 106080
36.6901 106420
36.7027 106760
36.7153 107100
36.7279 107440
36.7405 107780
36.7531 108120
36.7657 108460
36.7783 108800
36.7909 109140
36.8035 109480
36.8161 109820
36.8287 110160
36.8414 110500
36.854 110840
36.8666 111180
36.8792 111520
36.8918 111860
36.9044 112200
36.917 112540
36.9296 112880
36.9422 113220
36.9548 113560
36.9674 113900
36.98 114240
36.9927 114580
37.0053 114920
37.0179 115260
37.0305 115600
37.0431 115940
37.0557 116280
37.0683 116620
37.0809 116960
37.0935 117300
37.1124 81940
40.1099 340
40.1699 1360
40.9327 2380
40.9516 3400
41.3661 4420
41.385 5440
41.4039 6460
41.4228 7480
41.7996 8500
41.8185 9520
41.8374 10540
41.8563 12240
41.8878 13260
41.9067 14280
41.9257 15300
42.2267 16320
42.2456 17340
42.2646 18360
42.2835 19380
42.3024 20400
42.3213 21420
42.3402 22440
42.3591 23460
42.378 24480
42.3969 25500
42.4158 26520
42.4348 27540
42.4537 28560
42.4726 29580
42.4915 30600
42.6476 31620
42.6665 32640
42.6854 33660
42.7043 34680
42.7232 35700
42.7421 36720
42.7611 37740
42.78 38760
42.7989 39780
42.8178 40800
42.8367 41820
42.8556 42840
42.8745 43860
42.8934 44880
42.9123 45900
42.9313 46920
42.9502 47940
42.9691 48960
42.988 49980
43.0069 51000
43.0258 52020
43.0447 53040
43.0636 54060
43.0826 55080
43.1015 56100
43.1204 57120
43.2339 57460
43.3662 57800
43.4986 58140
43.6121 58480
43.7445 58820
43.8769 59160
43.9903 59500
44.1227 59840
44.2362 41820
46.8806 340
47.9114 680
48.3323 1020
48.3386 1360
48.7531 1700
48.7594 2040
48.7657 2380
48.772 2720
49.174 3060
49.1803 3400
49.1866 3740
49.1929 4080
49.1992 4420
49.2055 4760
49.2118 5100
49.2181 5440
49.5948 5780
49.6011 6120
49.6074 6460
49.6137 6800
49.62 7140
49.6263 7480
49.6327 7820
49.639 8160
49.6453 8500
49.6516 8840
49.6579 9180
49.6642 9520
49.6705 9860
49.6768 10200
49.6831 10540
49.6894 10880
50.0157 11220
50.022 11560
50.0283 11900
50.0346 12240
50.0409 12580
50.0472 12920
50.0535 13260
50.0598 13600
50.0661 13940
50.0724 14280
50.0787 14620
50.085 14960
50.0913 15300
50.0976 15640
50.1039 15980
50.1102 16320
50.1165 16660
50.1228 17000
50.1292 17340
50.1355 17680
50.1418 18020
50.1481 18360
50.1544 18700
50.1607 19040
50.167 19380
50.1733 19720
50.1796 20060
50.1859 20400
50.1922 20740
50.1985 21080
50.2048 21420
50.2111 21760
50.4365 22100
50.4428 22440
50.4491 22780
50.4554 23120
50.4617 23460
50.4681 23800
50.4744 24140
50.4807 24480
50.487 24820
50.4933 25160
50.4996 25500
50.5059 25840
50.5122 26180
50.5185 26520
50.5248 26860
50.5311 27200
50.5374 27540
50.5437 27880
50.55 28220
50.5563 28560
50.5626 28900
50.5689 29240
50.613 29580
50.7391 29920
50.8085 20740
51.9228 21080
51.9417 21420
51.9543 21760
51.9669 22100
51.9795 22440
51.9921 22780
52.0173 23120
52.0425 23460
52.0804 23800
52.1056 24140
52.1434 24480
52.1812 24820
52.2191 25160
52.2695 25500
52.3388 25840
52.4397 26180
52.5532 26520
52.6666 26860
52.8053 27200
52.9125 27540
53.0512 27880
53.2151 28220
53.3727 28560
53.6185 28900
53.959 29240
54.4002 29580
55.3774 29920
56.2851 30260
56.531 30600
56.8777 30940
57.174 31280
57.4009 31620
57.5207 31960
57.6909 32300
57.8485 32640
57.9935 32980
58.1133 33320
58.2331 33660
58.3276 34000
58.4474 34340
58.542 34680
58.605 35020
58.6933 35360
58.7752 35700
58.8446 36040
58.9076 36380
58.9959 36720
59.0652 37060
59.1345 37400
59.1976 37740
59.2606 38080
59.33 38420
59.3741 38760
59.4308 39100
59.4939 39440
59.538 39780
59.601 40120
59.6578 40460
59.7082 40800
59.7523 41140
59.8091 41480
59.8469 41820
59.9036 42160
59.9351 42500
59.9919 42840
60.0297 43180
60.0675 43520
60.1054 43860
60.1369 44200
60.181 44540
60.2314 44880
60.2693 45220
60.3071 45560
60.3575 45900
60.4016 46240
60.4332 46580
60.4836 46920
60.5214 47260
60.5529 47600
60.5971 47940
60.6286 48280
60.6664 48620
60.6916 48960
60.7295 49300
60.7673 49640
60.7925 49980
60.8303 50320
60.8618 50660
60.8997 51000
60.9312 51340
60.9627 51680
60.9816 52020
61.0194 52360
61.0447 52700
61.0699 53040
61.114 53380
61.1329 53720
61.177 54060
61.2023 54400
61.2401 54740
61.2653 55080
61.2905 55420
61.3283 55760
61.3535 56100
61.3851 56440
61.4103 56780
61.4292 57120
61.4733 57460
61.4922 57800
61.5301 58140
61.5616 58480
61.5931 58820
61.6183 59160
61.6435 59500
61.6814 59840
61.7066 60180
61.7444 60520
61.7633 60860
61.7948 61200
61.8327 61540
61.8516 61880
61.8768 62220
61.9083 62560
61.9335 62900
61.965 63240
61.9903 63580
62.0281 63920
62.0533 64260
62.0785 64600
62.1037 64940
62.1226 65280
62.1415 45560
65.0112 340
65.5772 1700
66.0689 2720
66.0879 4080
66.5024 5440
66.5276 6800
66.5528 8160
66.9233 9520
66.9485 10540
66.9674 12240
66.9989 13260
67.0367 9180
67.8091 9520
67.8217 9860
67.8343 10200
67.8595 10540
67.8847 10880
67.9099 11220
67.9478 11560
68.0612 11900
68.1621 12240
68.2993 12580
68.4947 12920
68.9171 13260
70.8146 13600
71.1676 13940
71.4261 14280
71.6152 14620
71.7917 14960
71.9367 15300
72.1699 15640
72.296 15980
72.4095 16320
72.5734 16660
72.7373 17000
72.8382 17340
72.9579 17680
73.0588 18020
73.1408 18360
73.727 18700
73.9351 19040
74.1116 19380
74.1998 19720
74.3196 20060
74.3952 20400
74.4961 20740
74.5592 21080
74.6348 21420
74.7104 21760
74.7735 22100
74.8239 22440
74.887 22780
74.9359 23120
74.9863 23460
75.0367 23800
75.0872 24140
75.1502 24480
75.2006 24820
75.2511 25160
75.3015 25500
75.3393 25840
75.3772 26180
75.4276 26520
75.4654 26860
75.5158 27200
75.5537 27540
75.6041 27880
75.6293 28220
75.6671 28560
75.7176 28900
75.7554 29240
75.7932 29580
75.831 29920
75.8689 30260
75.9067 30600
75.9445 30940
75.9823 31280
76.0202 31620
76.058 31960
76.0958 32300
76.121 32640
76.1589 32980
76.1967 33320
76.2219 33660
76.2471 34000
76.2849 34340
76.3101 34680
76.348 35020
76.3732 35360
76.411 35700
76.4362 36040
76.4741 36380
76.4993 36720
76.5371 37060
76.5623 37400
76.6001 37740
76.6253 38080
76.6632 38420
76.6884 38760
76.7262 39100
76.7514 39440
76.7766 39780
76.8145 40120
76.8397 40460
76.8523 40800
76.8901 41140
76.9153 41480
76.9405 41820
76.9658 42160
76.991 42500
77.0162 42840
77.0414 43180
77.0666 43520
77.0918 43860
77.1171 44200
77.1423 44540
77.1675 44880
77.1927 45220
77.2179 45560
77.2431 45900
77.2684 46240
77.2936 46580
77.3188 46920
77.344 47260
77.3692 47600
77.3944 47940
77.4197 48280
77.4449 48620
77.4701 48960
77.4953 49300
77.5205 49640
77.5457 49980
77.5709 50320
77.5962 50660
77.6214 51000
77.6466 51340
77.6718 51680
77.697 52020
77.7222 52360
77.7475 52700
77.7601 53040
77.7853 53380
77.8105 53720
77.8231 54060
77.8483 54400
77.8609 54740
77.8861 55080
77.8988 55420
77.924 55760
77.9492 56100
77.9618 56440
77.9744 56780
77.9996 57120
78.0248 57460
78.0374 57800
78.0501 58140
78.0753 58480
78.1005 58820
78.1131 59160
78.1257 59500
78.1509 59840
78.1635 60180
78.1887 60520
78.2013 60860
78.2266 61200
78.2392 61540
78.2644 61880
78.277 62220
78.3022 62560
78.3148 62900
78.34 63240
78.3526 63580
78.3779 63920
78.3905 64260
78.4157 64600
78.4283 64940
78.4535 65280
78.4661 65620
78.4913 65960
78.5039 66300
78.5292 66640
78.5418 66980
78.567 67320
78.5796 67660
78.6048 68000
78.6174 68340
78.6426 68680
78.6552 69020
78.6805 69360
78.6931 69700
78.7183 70040
78.7309 70380
78.7561 70720
78.7687 71060
78.7939 71400
78.8065 71740
78.8317 72080
78.8444 72420
78.8696 72760
78.8822 73100
78.9074 73440
78.92 73780
78.9452 74120
78.9578 74460
78.983 74800
78.9957 75140
79.0209 75480
79.0335 75820
79.0587 76160
79.0713 76500
79.0965 76840
79.1091 77180
79.1343 77520
79.1469 77860
79.1722 78200
79.1848 78540
79.21 78880
79.2226 79220
79.2478 79560
79.2604 79900
79.2856 80240
79.2982 80580
79.3235 80920
79.3361 81260
79.3487 81600
79.3739 81940
79.3865 82280
79.3991 82620
79.4117 82960
79.4243 83300
79.4369 83640
79.4495 83980
79.4621 84320
79.4748 84660
79.4874 85000
79.5126 85340
79.5252 85680
79.5378 86020
79.5504 86360
79.563 86700
79.5756 87040
79.5882 87380
79.6008 87720
79.6134 88060
79.6261 88400
79.6387 88740
79.6513 89080
79.6639 89420
79.6765 89760
79.6891 90100
79.7143 90440
79.7269 90780
79.7395 91120
79.7521 91460
79.7647 91800
79.7773 92140
79.79 92480
79.8026 92820
79.8152 93160
79.8278 93500
79.8404 93840
79.853 94180
79.8656 94520
79.8782 94860
79.8908 95200
79.9034 95540
79.916 95880
79.9286 96220
79.9413 96560
79.9539 96900
79.9665 97240
79.9791 97580
79.9917 97920
80.0043 98260
80.0169 98600
80.0295 98940
80.0421 99280
80.0547 99620
80.0673 99960
80.0799 100300
80.0925 100640
80.1052 100980
80.1178 101320
80.1304 101660
80.143 102000
80.1556 102340
80.1682 102680
80.1808 103020
80.1934 103360
80.206 103700
80.2186 104040
80.2312 104380
80.2438 104720
80.2565 105060
80.2691 105400
80.2817 105740
80.2943 106080
80.3069 106420
80.3195 106760
80.3321 107100
80.3447 107440
80.3573 107780
80.3699 108120
80.3825 108460
80.3951 108800
80.4077 109140
80.4204 109480
80.433 109820
80.4456 110160
80.4582 110500
80.4708 110840
80.4834 111180
80.496 111520
80.5086 111860
80.5212 112200
80.5338 112540
80.5464 112880
80.559 113220
80.5717 113560
80.5843 113900
80.5969 114240
80.6095 114580
80.6221 114920
80.6347 115260
80.6536 80580
83.6321 340
83.7363 2040
84.4675 3060
84.4864 4760
84.901 5780
84.9199 7480
84.9514 8500
84.9703 9520
85.3218 11220
85.3534 12240
85.3723 13260
85.3912 14280
85.4101 15300
85.429 16320
85.4479 17340
85.4668 18360
85.4857 19380
85.749 20400
85.7679 22100
85.7994 23120
85.8183 24140
85.8372 25160
85.8562 26180
85.8751 27200
85.894 28220
85.9129 29240
85.9318 30260
85.9507 31280
85.9696 32300
85.9885 33320
86.0075 34340
86.0264 35360
86.0453 36380
86.0642 38080
86.0957 39100
86.1761 40120
86.1951 41140
86.214 42160
86.2329 43180
86.2518 44200
86.2707 45220
86.2896 46240
86.3085 47260
86.3274 48280
86.3464 49300
86.3653 50320
86.3842 51340
86.4031 52360
86.422 53380
86.4409 54400
86.4598 55420
86.4787 56440
86.5922 56780
86.7246 57120
86.857 57460
86.9705 57800
87.1028 58140
87.2352 58480
87.3487 58820
87.4811 59160
87.5567 41140
90.1696 340
91.232 680
91.6528 1020
91.6591 1360
92.0737 1700
92.08 2040
92.0863 2380
92.0926 2720
92.4945 3060
92.5008 3400
92.5071 3740
92.5134 4080
92.5197 4420
92.526 4760
92.5323 5100
92.5386 5440
92.9154 5780
92.9217 6120
92.928 6460
92.9343 6800
92.9406 7140
92.9469 7480
92.9532 7820
92.9595 8160
92.9658 8500
92.9721 8840
92.9784 9180
92.9847 9520
92.991 9860
92.9973 10200
93.0036 10540
93.0099 10880
93.3362 11220
93.3425 11560
93.3488 11900
93.3551 12240
93.3614 12580
93.3677 12920
93.374 13260
93.3803 13600
93.3866 13940
93.393 14280
93.3993 14620
93.4056 14960
93.4119 15300
93.4182 15640
93.4245 15980
93.4308 16320
93.4371 16660
93.4434 17000
93.4497 17340
93.456 17680
93.4623 18020
93.4686 18360
93.4749 18700
93.4812 19040
93.4875 19380
93.4938 19720
93.5001 20060
93.5064 20400
93.5127 20740
93.519 21080
93.5253 21420
93.5316 21760
93.7571 22100
93.7634 22440
93.7697 22780
93.776 23120
93.7823 23460
93.7886 23800
93.7949 24140
93.8012 24480
93.8075 24820
93.8138 25160
93.8201 25500
93.8264 25840
93.8327 26180
93.839 26520
93.8453 26860
93.8516 27200
93.8579 27540
93.8642 27880
93.8705 28220
93.8768 28560
93.9588 28900
94.1038 20060
95.1866 20400
95.1992 20740
95.2118 21080
95.2244 21420
95.237 21760
95.2496 22100
95.2622 22440
95.2748 22780
95.2874 23120
95.3 23460
95.3379 23800
95.3883 24140
95.4261 24480
95.4765 24820
95.5396 25160
95.6468 25500
95.7728 25840
95.8989 26180
96.0502 26520
96.1763 26860
96.3339 27200
96.5167 27540
96.75 27880
97.0778 28220
97.4938 28560
98.4394 28900
99.4102 29240
99.8767 29580
100.223 29920
100.469 30260
100.646 30600
100.797 30940
100.98 31280
101.106 31620
101.238 31960
101.358 32300
101.465 32640
101.547 32980
101.636 33320
101.724 33660
101.799 34000
101.894 34340
101.97 34680
102.058 35020
102.127 35360
102.197 35700
102.26 36040
102.335 36380
102.398 36720
102.468 37060
102.537 37400
102.587 37740
102.632 38080
102.682 38420
102.732 38760
102.789 39100
102.84 39440
102.884 39780
102.953 40120
103.004 40460
103.035 40800
103.085 41140
103.136 41480
103.18 41820
103.23 42160
103.268 42500
103.319 42840
103.363 43180
103.413 43520
103.464 43860
103.52 44200
103.565 44540
103.615 44880
103.659 45220
103.691 45560
103.741 45900
103.785 46240
103.823 46580
103.873 46920
103.899 47260
103.949 47600
103.987 47940
104.031 48280
104.082 48620
104.119 48960
104.157 49300
104.208 49640
104.233 49980
104.264 50320
104.29 50660
104.327 51000
104.353 51340
104.384 51680
104.416 52020
104.441 52360
104.479 52700
104.51 53040
104.548 53380
104.58 53720
104.592 54060
104.624 54400
104.636 54740
104.668 55080
104.699 55420
104.712 55760
104.737 56100
104.756 56440
104.788 56780
104.825 57120
104.844 57460
104.87 57800
104.882 58140
104.914 58480
104.945 58820
104.97 59160
104.983 59500
105.008 59840
105.033 60180
105.065 60520
105.096 60860
105.122 61200
105.134 61540
105.159 61880
105.172 62220
105.204 62560
105.229 62900
105.26 63240
105.273 63580
105.304 63920
105.33 64260
105.361 64600
105.38 64940
105.405 65280
105.418 65620
105.443 65960
105.456 66300
105.481 66640
105.506 66980
105.538 67320
105.55 67660
105.576 68000
105.588 68340
105.613 68680
105.626 69020
105.664 69360
105.683 69700
105.708 70040
105.727 70380
105.758 70720
105.79 71060
105.802 71400
105.834 71740
105.847 72080
105.872 72420
105.884 72760
105.91 73100
105.935 73440
105.947 73780
105.96 74120
105.985 74460
105.998 74800
106.011 75140
106.036 75480
106.048 75820
106.067 76160
106.099 76500
106.111 76840
106.124 77180
106.137 77520
106.149 77860
106.174 78200
106.187 78540
106.2 78880
106.212 79220
106.244 79560
106.256 79900
106.269 80240
106.282 80580
106.294 80920
106.319 81260
106.332 81600
106.345 81940
106.357 82280
106.382 82620
106.401 82960
106.414 83300
106.427 83640
106.439 83980
106.452 84320
106.477 84660
106.49 85000
106.502 85340
106.515 85680
106.527 86020
106.553 86360
106.565 86700
106.578 87040
106.603 87380
106.616 87720
106.628 88060
106.641 88400
106.654 88740
106.666 89080
106.691 89420
106.704 89760
106.717 90100
106.729 90440
106.742 90780
106.754 91120
106.78 91460
106.792 91800
106.805 92140
106.817 92480
106.83 92820
106.843 93160
106.855 93500
106.868 93840
106.88 94180
106.893 94520
106.906 94860
106.931 95200
106.944 95540
106.956 95880
106.969 96220
106.981 96560
106.994 96900
107.007 97240
107.019 97580
107.032 97920
107.044 98260
107.07 98600
107.082 98940
107.095 99280
107.107 99620
107.12 99960
107.133 100300
107.145 100640
107.158 100980
107.177 101320
107.189 101660
107.202 102000
107.215 102340
107.227 102680
107.24 103020
107.252 103360
107.265 103700
107.278 104040
107.29 104380
107.303 104720
107.315 105060
107.328 105400
107.341 105740
107.353 106080
107.366 106420
107.378 106760
107.391 107100
107.404 107440
107.416 107780
107.429 108120
107.442 108460
107.454 108800
107.467 109140
107.486 76160
110.46 340
110.631 3740
111.325 4760
111.344 5780
111.363 6800
111.382 8500
111.765 9520
111.783 10540
111.802 11560
111.821 13940
111.865 14960
111.884 15980
111.903 17000
112.185 18700
112.217 19720
112.236 20740
112.255 21760
112.274 23460
112.305 25500
112.343 26520
112.362 27540
112.381 28560
112.4 30260
112.431 31280
112.45 32300
112.469 33320
112.488 34340
112.613 36040
112.644 37740
112.676 39440
112.707 41140
112.739 42160
112.758 43180
112.776 44200
112.795 46580
112.84 47600
112.858 48620
112.877 49640
112.896 50660
112.915 52360
112.947 53380
113.079 53720
113.205 54060
113.319 54400
113.445 54740
113.577 55080
113.709 55420
113.823 55760
113.955 38760
116.501 340
116.527 680
117.649 1020
117.656 1360
118.07 1700
118.077 2040
118.083 2380
118.089 2720
118.491 3060
118.497 3400
118.504 3740
118.51 4080
118.516 4420
118.523 4760
118.529 5100
118.535 5440
118.912 5780
118.918 6120
118.925 6460
118.931 6800
118.937 7140
118.944 7480
118.95 7820
118.956 8160
118.962 8500
118.969 8840
118.975 9180
118.981 9520
118.988 9860
118.994 10200
119 10540
119.007 10880
119.333 11220
119.339 11560
119.345 11900
119.352 12240
119.358 12580
119.364 12920
119.371 13260
119.377 13600
119.383 13940
119.39 14280
119.396 14620
119.402 14960
119.409 15300
119.415 15640
119.421 15980
119.427 16320
119.434 16660
119.44 17000
119.446 17340
119.453 17680
119.459 18020
119.465 18360
119.472 18700
119.478 19040
119.484 19380
119.49 19720
119.497 20060
119.503 20400
119.509 20740
119.516 21080
119.522 21420
119.528 21760
119.754 22100
119.76 22440
119.766 22780
119.773 23120
119.779 23460
119.785 23800
119.792 24140
119.798 24480
119.804 24820
119.81 25160
119.817 25500
119.823 25840
119.829 26180
119.836 26520
119.842 26860
119.874 27200
119.981 19040
120.994 19380
121.013 19720
121.026 20060
121.038 20400
121.051 20740
121.063 21080
121.076 21420
121.089 21760
121.126 22100
121.164 22440
121.19 22780
121.24 23120
121.29 23460
121.341 23800
121.467 24140
121.593 24480
121.744 24820
121.883 25160
122.015 25500
122.173 25840
122.406 26180
122.709 26520
123.119 26860
124.014 27200
124.947 27540
125.438 27880
125.804 28220
126.006 28560
126.226 28900
126.428 29240
126.586 29580
126.756 29920
126.876 30260
126.996 30600
127.103 30940
127.197 31280
127.298 31620
127.399 31960
127.475 32300
127.563 32640
127.657 32980
127.727 33320
127.815 33660
127.884 34000
127.941 34340
128.01 34680
128.067 35020
128.143 35360
128.193 35700
128.231 36040
128.282 36380
128.345 36720
128.389 37060
128.452 37400
128.496 37740
128.565 38080
128.603 38420
128.672 38760
128.704 39100
128.754 39440
128.798 39780
128.849 40120
128.893 40460
128.943 40800
128.981 41140
129.019 41480
129.07 41820
129.12 42160
129.17 42500
129.221 42840
129.259 43180
129.315 43520
129.36 43860
129.416 44200
129.46 44540
129.53 44880
129.568 45220
129.593 45560
129.637 45900
129.668 46240
129.713 46580
129.763 46920
129.807 47260
129.845 47600
129.895 47940
129.933 48280
129.977 48620
130.015 48960
130.04 49300
130.084 49640
130.11 49980
130.148 50320
130.179 50660
130.204 51000
130.248 51340
130.28 51680
130.293 52020
130.324 52360
130.349 52700
130.362 53040
130.387 53380
130.4 53720
130.425 54060
130.437 54400
130.463 54740
130.475 55080
130.507 55420
130.532 55760
130.545 56100
130.57 56440
130.601 56780
130.627 57120
130.639 57460
130.664 57800
130.69 58140
130.727 58480
130.74 58820
130.772 59160
130.784 59500
130.809 59840
130.841 60180
130.854 60520
130.879 60860
130.904 61200
130.917 61540
130.942 61880
130.954 62220
130.986 62560
131.011 62900
131.024 63240
131.049 63580
131.062 63920
131.087 64260
131.118 64600
131.144 64940
131.156 65280
131.181 65620
131.207 65960
131.232 66300
131.257 66640
131.27 66980
131.295 67320
131.32 67660
131.352 68000
131.383 68340
131.396 68680
131.427 69020
131.44 69360
131.465 69700
131.49 70040
131.503 70380
131.528 70720
131.541 71060
131.566 71400
131.579 71740
131.604 72080
131.616 72420
131.642 72760
131.654 73100
131.679 73440
131.692 73780
131.724 74120
131.736 74460
131.761 74800
131.774 75140
131.799 75480
131.818 75820
131.843 76160
131.856 76500
131.881 76840
131.894 77180
131.919 77520
131.932 77860
131.957 78200
131.969 78540
131.995 78880
132.007 79220
132.032 79560
132.045 79900
132.07 80240
132.095 80580
132.108 80920
132.133 81260
132.146 81600
132.171 81940
132.184 82280
132.209 82620
132.222 82960
132.247 83300
132.272 83640
132.285 83980
132.31 84320
132.322 84660
132.348 85000
132.36 85340
132.373 85680
132.385 86020
132.411 86360
132.423 86700
132.436 87040
132.448 87380
132.461 87720
132.486 88060
132.499 88400
132.512 88740
132.524 89080
132.537 89420
132.549 89760
132.562 90100
132.587 90440
132.6 90780
132.612 91120
132.625 91460
132.638 91800
132.65 92140
132.663 92480
132.675 92820
132.701 93160
132.713 93500
132.726 93840
132.738 94180
132.751 94520
132.764 94860
132.776 95200
132.789 95540
132.801 95880
132.827 96220
132.839 96560
132.852 96900
132.865 97240
132.877 97580
132.89 97920
132.902 98260
132.915 98600
132.928 98940
132.94 99280
132.953 99620
132.965 99960
132.978 100300
132.991 100640
133.003 100980
133.016 101320
133.028 101660
133.041 102000
133.066 102340
133.079 102680
133.091 103020
133.104 103360
133.117 103700
133.129 104040
133.142 104380
133.155 104720
133.167 105060
133.18 105400
133.192 105740
133.205 106080
133.218 106420
133.23 106760
133.243 107100
133.255 107440
133.268 107780
133.281 108120
133.293 108460
133.306 108800
133.318 109140
133.331 109480
133.35 76500
136.313 340
136.496 1360
137.176 3060
137.597 4080
137.616 5780
137.648 6800
138.031 8500
138.062 9520
138.081 12580
138.138 13600
138.452 15300
138.483 16320
138.502 18020
138.534 19040
138.553 20740
138.584 21760
138.603 24820
138.66 25840
138.679 27540
138.879 28560
138.898 30260
138.929 31280
138.948 32300
138.967 33320
138.986 36380
139.043 37400
139.062 38420
139.081 40120
139.112 41140
139.131 42160
139.15 43180
139.169 44200
139.188 45220
139.207 46240
139.226 47940
139.257 48960
139.276 49980
139.295 51000
139.314 52020
139.333 53040
139.352 54060
139.471 54400
139.597 54740
139.73 55080
139.843 55420
139.969 55760
140.102 56100
140.234 56440
140.367 39440
142.913 340
142.939 680
144.061 1020
144.067 1360
144.482 1700
144.488 2040
144.494 2380
144.5 2720
144.902 3060
144.909 3400
144.915 3740
144.921 4080
144.928 4420
144.934 4760
144.94 5100
144.947 5440
145.323 5780
145.33 6120
145.336 6460
145.342 6800
145.348 7140
145.355 7480
145.361 7820
145.367 8160
145.374 8500
145.38 8840
145.386 9180
145.393 9520
145.399 9860
145.405 10200
145.411 10540
145.418 10880
145.744 11220
145.75 11560
145.757 11900
145.763 12240
145.769 12580
145.776 12920
145.782 13260
145.788 13600
145.795 13940
145.801 14280
145.807 14620
145.813 14960
145.82 15300
145.826 15640
145.832 15980
145.839 16320
145.845 16660
145.851 17000
145.858 17340
145.864 17680
145.87 18020
145.876 18360
145.883 18700
145.889 19040
145.895 19380
145.902 19720
145.908 20060
145.914 20400
145.921 20740
145.927 21080
145.933 21420
145.94 21760
146.165 22100
146.171 22440
146.178 22780
146.184 23120
146.19 23460
146.196 23800
146.203 24140
146.209 24480
146.215 24820
146.222 25160
146.228 25500
146.234 25840
146.241 26180
146.247 26520
146.253 26860
146.26 27200
146.266 27540
146.285 27880
146.417 19380
147.456 19720
147.475 20060
147.487 20400
147.5 20740
147.512 21080
147.525 21420
147.538 21760
147.55 22100
147.563 22440
147.588 22780
147.626 23120
147.676 23460
147.714 23800
147.765 24140
147.847 24480
147.947 24820
148.074 25160
148.225 25500
148.364 25840
148.496 26180
148.672 26520
148.887 26860
149.202 27200
149.624 27540
150.538 27880
151.484 28220
151.95 28560
152.316 28900
152.568 29240
152.789 29580
152.984 29920
153.142 30260
153.287 30600
153.419 30940
153.545 31280
153.64 31620
153.735 31960
153.823 32300
153.924 32640
154.012 32980
154.094 33320
154.17 33660
154.251 34000
154.333 34340
154.403 34680
154.472 35020
154.541 35360
154.617 35700
154.668 36040
154.731 36380
154.781 36720
154.825 37060
154.876 37400
154.939 37740
154.976 38080
155.046 38420
155.096 38760
155.14 39100
155.191 39440
155.247 39780
155.279 40120
155.311 40460
155.367 40800
155.399 41140
155.443 41480
155.487 41820
155.531 42160
155.582 42500
155.626 42840
155.67 43180
155.714 43520
155.758 43860
155.796 44200
155.853 44540
155.89 44880
155.922 45220
155.96 45560
155.979 45900
156.017 46240
156.054 46580
156.073 46920
156.099 47260
156.136 47600
156.174 47940
156.199 48280
156.225 48620
156.262 48960
156.3 49300
156.332 49640
156.382 49980
156.407 50320
156.452 50660
156.483 51000
156.527 51340
156.559 51680
156.603 52020
156.641 52360
156.678 52700
156.704 53040
156.742 53380
156.767 53720
156.792 54060
156.83 54400
156.855 54740
156.887 55080
156.918 55420
156.937 55760
156.975 56100
157.006 56440
157.038 56780
157.063 57120
157.088 57460
157.132 57800
157.158 58140
157.195 58480
157.227 58820
157.258 59160
157.277 59500
157.303 59840
157.334 60180
157.359 60520
157.391 60860
157.422 61200
157.448 61540
157.479 61880
157.511 62220
157.536 62560
157.561 62900
157.599 63240
157.611 63580
157.643 63920
157.662 64260
157.687 64600
157.7 64940
157.712 65280
157.725 65620
157.756 65960
157.769 66300
157.788 66640
157.813 66980
157.826 67320
157.845 67660
157.87 68000
157.883 68340
157.895 68680
157.92 69020
157.933 69360
157.958 69700
157.971 70040
157.996 70380
158.009 70720
158.021 71060
158.046 71400
158.059 71740
158.084 72080
158.097 72420
158.122 72760
158.135 73100
158.16 73440
158.173 73780
158.185 74120
158.21 74460
158.223 74800
158.248 75140
158.261 75480
158.273 75820
158.286 76160
158.311 76500
158.324 76840
158.349 77180
158.362 77520
158.374 77860
158.399 78200
158.412 78540
158.425 78880
158.45 79220
158.463 79560
158.475 79900
158.5 80240
158.513 80580
158.532 80920
158.544 81260
158.557 81600
158.57 81940
158.595 82280
158.608 82620
158.62 82960
158.633 83300
158.645 83640
158.658 83980
158.671 84320
158.696 84660
158.708 85000
158.734 85340
158.746 85680
158.759 86020
158.771 86360
158.79 86700
158.803 87040
158.822 87380
158.841 87720
158.853 88060
158.866 88400
158.879 88740
158.891 89080
158.91 89420
158.923 89760
158.935 90100
158.948 90440
158.961 90780
158.979 91120
158.998 91460
159.011 91800
159.024 92140
159.036 92480
159.049 92820
159.061 93160
159.074 93500
159.087 93840
159.112 94180
159.124 94520
159.137 94860
159.15 95200
159.162 95540
159.175 95880
159.187 96220
159.2 96560
159.213 96900
159.225 97240
159.238 97580
159.251 97920
159.263 98260
159.276 98600
159.288 98940
159.301 99280
159.326 99620
159.339 99960
159.351 100300
159.364 100640
159.377 100980
159.389 101320
159.402 101660
159.414 102000
159.427 102340
159.44 102680
159.452 103020
159.465 103360
159.477 103700
159.49 104040
159.503 104380
159.515 104720
159.528 105060
159.541 105400
159.553 105740
159.566 106080
159.578 106420
159.591 106760
159.61 74460
162.595 340
162.781 1360
163.474 3060
163.895 4080
163.914 6460
164.322 7480
164.341 8500
164.36 10880
164.404 13260
164.749 14280
164.768 15980
164.8 17000
164.819 20060
164.875 21080
164.894 22780
164.926 23800
164.945 24820
164.964 26520
165.17 27540
165.189 29240
165.221 30260
165.24 31280
165.258 32300
165.277 33320
165.296 34340
165.315 35360
165.334 37060
165.366 40120
165.422 41140
165.441 42160
165.46 44200
165.498 47260
165.555 48280
165.574 49300
165.593 50320
165.612 52360
165.756 52700
165.87 53040
166.015 53380
166.128 53720
166.255 54060
166.387 54400
166.519 54740
166.614 38080
169.151 340
169.186 680
170.308 1020
170.314 1360
170.729 1700
170.735 2040
170.741 2380
170.748 2720
171.15 3060
171.156 3400
171.162 3740
171.169 4080
171.175 4420
171.181 4760
171.188 5100
171.194 5440
171.571 5780
171.577 6120
171.583 6460
171.589 6800
171.596 7140
171.602 7480
171.608 7820
171.615 8160
171.621 8500
171.627 8840
171.634 9180
171.64 9520
171.646 9860
171.652 10200
171.659 10540
171.665 10880
171.991 11220
171.998 11560
172.004 11900
172.01 12240
172.017 12580
172.023 12920
172.029 13260
172.036 13600
172.042 13940
172.048 14280
172.054 14620
172.061 14960
172.067 15300
172.073 15640
172.08 15980
172.086 16320
172.092 16660
172.099 17000
172.105 17340
172.111 17680
172.117 18020
172.124 18360
172.13 18700
172.136 19040
172.143 19380
172.149 19720
172.155 20060
172.162 20400
172.168 20740
172.174 21080
172.181 21420
172.187 21760
172.412 22100
172.419 22440
172.425 22780
172.431 23120
172.437 23460
172.444 23800
172.45 24140
172.456 24480
172.463 24820
172.469 25160
172.475 25500
172.482 25840
172.488 26180
172.494 26520
172.551 26860
172.601 18700
173.608 19040
173.621 19380
173.634 19720
173.659 20060
173.672 20400
173.697 20740
173.722 21080
173.76 21420
173.785 21760
173.823 22100
173.861 22440
173.898 22780
173.955 23120
174.056 23460
174.157 23800
174.283 24140
174.409 24480
174.529 24820
174.686 25160
174.838 25500
175.046 25840
175.348 26180
175.746 26520
176.609 26860
177.498 27200
178.053 27540
178.406 27880
178.69 28220
178.847 28560
179.03 28900
179.2 29240
179.364 29580
179.465 29920
179.591 30260
179.711 30600
179.824 30940
179.919 31280
180.007 31620
180.102 31960
180.177 32300
180.259 32640
180.341 32980
180.411 33320
180.486 33660
180.543 34000
180.619 34340
180.675 34680
180.751 35020
180.801 35360
180.883 35700
180.953 36040
181.028 36380
181.091 36720
181.18 37060
181.249 37400
181.318 37740
181.381 38080
181.451 38420
181.507 38760
181.57 39100
181.608 39440
181.671 39780
181.728 40120
181.778 40460
181.835 40800
181.898 41140
181.93 41480
181.955 41820
182.012 42160
182.05 42500
182.075 42840
182.119 43180
182.144 43520
182.188 43860
182.226 44200
182.251 44540
182.276 44880
182.302 45220
182.327 45560
182.365 45900
182.415 46240
182.447 46580
182.472 46920
182.516 47260
182.541 47600
182.585 47940
182.611 48280
182.655 48620
182.699 48960
182.73 49300
182.756 49640
182.812 49980
182.844 50320
182.856 50660
182.882 51000
182.932 51340
182.957 51680
182.989 52020
183.014 52360
183.027 52700
183.064 53040
183.09 53380
183.121 53720
183.134 54060
183.159 54400
183.184 54740
183.197 55080
183.222 55420
183.235 55760
183.279 56100
183.291 56440
183.317 56780
183.329 57120
183.354 57460
183.38 57800
183.405 58140
183.418 58480
183.443 58820
183.468 59160
183.481 59500
183.506 59840
183.518 60180
183.544 60520
183.569 60860
183.607 61200
183.619 61540
183.644 61880
183.67 62220
183.695 62560
183.707 62900
183.745 63240
183.758 63580
183.789 63920
183.802 64260
183.834 64600
183.846 64940
183.871 65280
183.909 65620
183.922 65960
183.947 66300
183.96 66640
183.985 66980
183.997 67320
184.023 67660
184.048 68000
184.079 68340
184.092 68680
184.124 69020
184.136 69360
184.161 69700
184.174 70040
184.199 70380
184.212 70720
184.237 71060
184.25 71400
184.275 71740
184.287 72080
184.313 72420
184.325 72760
184.351 73100
184.363 73440
184.388 73780
184.401 74120
184.432 74460
184.445 74800
184.47 75140
184.483 75480
184.508 75820
184.521 76160
184.546 76500
184.559 76840
184.584 77180
184.596 77520
184.622 77860
184.634 78200
184.659 78540
184.672 78880
184.697 79220
184.71 79560
184.735 79900
184.748 80240
184.773 80580
184.785 80920
184.811 81260
184.823 81600
184.849 81940
184.861 82280
184.886 82620
184.899 82960
184.924 83300
184.937 83640
184.962 83980
184.975 84320
185 84660
185.012 85000
185.038 85340
185.05 85680
185.075 86020
185.088 86360
185.113 86700
185.126 87040
185.139 87380
185.164 87720
185.176 88060
185.189 88400
185.202 88740
185.214 89080
185.239 89420
185.252 89760
185.265 90100
185.277 90440
185.29 90780
185.302 91120
185.315 91460
185.328 91800
185.353 92140
185.365 92480
185.378 92820
185.391 93160
185.403 93500
185.416 93840
185.428 94180
185.441 94520
185.454 94860
185.479 95200
185.492 95540
185.504 95880
185.517 96220
185.529 96560
185.542 96900
185.555 97240
185.567 97580
185.58 97920
185.592 98260
185.605 98600
185.618 98940
185.63 99280
185.655 99620
185.668 99960
185.681 100300
185.693 100640
185.706 100980
185.718 101320
185.731 101660
185.744 102000
185.756 102340
185.769 102680
185.782 103020
185.794 103360
185.807 103700
185.819 104040
185.832 104380
185.845 104720
185.857 105060
185.87 105400
185.882 105740
185.895 106080
185.908 106420
185.92 106760
185.933 107100
185.945 107440
185.958 107780
185.971 108120
185.983 108460
185.996 108800
186.008 109140
186.021 109480
186.034 109820
186.046 110160
186.059 110500
186.071 110840
186.084 111180
186.097 111520
186.109 111860
186.128 78200
189.105 340
189.249 1360
189.961 3060
190.382 4080
190.401 5780
190.432 6800
190.815 8500
190.847 9520
190.866 11220
190.897 12240
190.916 13940
191.243 14960
191.261 16660
191.293 17680
191.312 19380
191.343 20400
191.362 22100
191.394 23120
191.413 24820
191.444 25840
191.463 27540
191.495 28560
191.676 30260
191.708 31280
191.726 32300
191.745 34000
191.777 35020
191.796 36040
191.815 37060
191.834 38080
191.853 39780
191.884 40800
191.903 41820
191.922 42840
191.941 43860
191.96 44880
191.979 45900
191.998 46920
192.016 48620
192.048 49640
192.067 50660
192.086 51680
192.105 52700
192.124 53720
192.142 54740
192.269 55080
192.382 55420
192.508 55760
192.641 56100
192.773 56440
192.886 56780
193.019 57120
193.151 57460
193.189 40120
195.768 340
196.883 680
197.304 1020
197.31 1360
197.725 1700
197.731 2040
197.737 2380
197.744 2720
198.146 3060
198.152 3400
198.158 3740
198.165 4080
198.171 4420
198.177 4760
198.183 5100
198.19 5440
198.567 5780
198.573 6120
198.579 6460
198.585 6800
198.592 7140
198.598 7480
198.604 7820
198.611 8160
198.617 8500
198.623 8840
198.63 9180
198.636 9520
198.642 9860
198.648 10200
198.655 10540
198.661 10880
198.987 11220
198.994 11560
199 11900
199.006 12240
199.013 12580
199.019 12920
199.025 13260
199.031 13600
199.038 13940
199.044 14280
199.05 14620
199.057 14960
199.063 15300
199.069 15640
199.076 15980
199.082 16320
199.088 16660
199.095 17000
199.101 17340
199.107 17680
199.113 18020
199.12 18360
199.126 18700
199.132 19040
199.139 19380
199.145 19720
199.151 20060
199.158 20400
199.164 20740
199.17 21080
199.176 21420
199.183 21760
199.408 22100
199.415 22440
199.421 22780
199.427 23120
199.433 23460
199.44 23800
199.446 24140
199.452 24480
199.459 24820
199.465 25160
199.471 25500
199.478 25840
199.484 26180
199.49 26520
199.496 26860
199.503 27200
199.509 27540
199.515 27880
199.629 28220
199.692 19720
200.749 20060
200.762 20400
200.775 20740
200.787 21080
200.812 21420
200.838 21760
200.863 22100
200.888 22440
200.926 22780
200.964 23120
201.002 23460
201.039 23800
201.077 24140
201.153 24480
201.266 24820
201.38 25160
201.506 25500
201.632 25840
201.752 26180
201.916 26520
202.08 26860
202.307 27200
202.622 27540
203.025 27880
203.946 28220
204.866 28560
205.351 28900
205.679 29240
205.9 29580
206.12 29920
206.259 30260
206.429 30600
206.568 30940
206.719 31280
206.827 31620
206.921 31960
207.022 32300
207.11 32640
207.217 32980
207.299 33320
207.381 33660
207.463 34000
207.539 34340
207.615 34680
207.69 35020
207.753 35360
207.823 35700
207.886 36040
207.949 36380
207.999 36720
208.062 37060
208.119 37400
208.163 37740
208.226 38080
208.264 38420
208.333 38760
208.377 39100
208.44 39440
208.491 39780
208.547 40120
208.579 40460
208.617 40800
208.661 41140
208.699 41480
208.749 41820
208.781 42160
208.837 42500
208.882 42840
208.932 43180
208.976 43520
209.008 43860
209.046 44200
209.096 44540
209.146 44880
209.184 45220
209.216 45560
209.26 45900
209.291 46240
209.335 46580
209.386 46920
209.424 47260
209.455 47600
209.499 47940
209.55 48280
209.588 48620
209.625 48960
209.682 49300
209.72 49640
209.752 49980
209.796 50320
209.834 50660
209.871 51000
209.897 51340
209.922 51680
209.947 52020
209.972 52360
210.01 52700
210.048 53040
210.067 53380
210.098 53720
210.136 54060
210.168 54400
210.199 54740
210.231 55080
210.256 55420
210.294 55760
210.325 56100
210.344 56440
210.376 56780
210.407 57120
210.432 57460
210.464 57800
210.489 58140
210.502 58480
210.527 58820
210.54 59160
210.565 59500
210.59 59840
210.615 60180
210.64 60520
210.666 60860
210.685 61200
210.71 61540
210.722 61880
210.748 62220
210.773 62560
210.804 62900
210.817 63240
210.842 63580
210.855 63920
210.88 64260
210.893 64600
210.918 64940
210.956 65280
210.981 65620
210.993 65960
211.025 66300
211.038 66640
211.069 66980
211.094 67320
211.107 67660
211.132 68000
211.164 68340
211.176 68680
211.201 69020
211.214 69360
211.239 69700
211.252 70040
211.277 70380
211.309 70720
211.334 71060
211.346 71400
211.372 71740
211.384 72080
211.41 72420
211.435 72760
211.447 73100
211.473 73440
211.504 73780
211.517 74120
211.529 74460
211.542 74800
211.555 75140
211.58 75480
211.592 75820
211.611 76160
211.624 76500
211.636 76840
211.662 77180
211.674 77520
211.687 77860
211.712 78200
211.725 78540
211.737 78880
211.763 79220
211.775 79560
211.788 79900
211.8 80240
211.826 80580
211.838 80920
211.851 81260
211.863 81600
211.876 81940
211.901 82280
211.914 82620
211.926 82960
211.939 83300
211.964 83640
211.977 83980
211.989 84320
212.002 84660
212.027 85000
212.04 85340
212.053 85680
212.065 86020
212.09 86360
212.103 86700
212.116 87040
212.128 87380
212.141 87720
212.153 88060
212.166 88400
212.191 88740
212.204 89080
212.216 89420
212.229 89760
212.242 90100
212.254 90440
212.279 90780
212.292 91120
212.305 91460
212.317 91800
212.33 92140
212.343 92480
212.355 92820
212.38 93160
212.393 93500
212.406 93840
212.418 94180
212.431 94520
212.443 94860
212.456 95200
212.481 95540
212.494 95880
212.506 96220
212.519 96560
212.532 96900
212.544 97240
212.557 97580
212.569 97920
212.582 98260
212.595 98600
212.607 98940
212.62 99280
212.632 99620
212.645 99960
212.658 100300
212.677 100640
212.689 100980
212.702 101320
212.714 101660
212.727 102000
212.74 102340
212.752 102680
212.765 103020
212.777 103360
212.79 103700
212.803 104040
212.828 104380
212.841 104720
212.853 105060
212.866 105400
212.878 105740
212.891 106080
212.904 106420
212.916 106760
212.929 107100
212.941 107440
212.954 107780
212.967 108120
212.979 108460
212.992 108800
213.004 109140
213.017 109480
213.03 109820
213.042 110160
213.055 110500
213.067 110840
213.08 111180
213.093 111520
213.112 77860
216.084 340
216.232 3400
216.938 4420
216.957 6120
216.989 7140
217.365 8160
217.384 9180
217.403 10880
217.435 11900
217.454 12920
217.472 13940
217.491 14960
217.799 16660
217.83 17680
217.849 18700
217.868 19720
217.887 21420
217.919 22440
217.937 23460
217.956 24480
217.975 26180
218.007 27200
218.026 28220
218.045 29240
218.064 31620
218.251 32640
218.27 33660
218.289 34680
218.308 35700
218.327 36720
218.346 38420
218.377 39440
218.396 40460
218.415 41480
218.434 42500
218.453 43520
218.472 45220
218.503 46240
218.522 47260
218.541 48280
218.56 49300
218.579 50320
218.598 51340
218.617 53720
218.661 54740
218.787 55080
218.919 55420
219.033 55760
219.165 56100
219.291 56440
219.424 56780
219.537 57120
219.688 39780
222.258 340
223.389 680
223.81 1020
223.816 1360
224.231 1700
224.237 2040
224.243 2380
224.249 2720
224.651 3060
224.658 3400
224.664 3740
224.67 4080
224.677 4420
224.683 4760
224.689 5100
224.696 5440
225.072 5780
225.079 6120
225.085 6460
225.091 6800
225.097 7140
225.104 7480
225.11 7820
225.116 8160
225.123 8500
225.129 8840
225.135 9180
225.142 9520
225.148 9860
225.154 10200
225.161 10540
225.167 10880
225.493 11220
225.499 11560
225.506 11900
225.512 12240
225.518 12580
225.525 12920
225.531 13260
225.537 13600
225.544 13940
225.55 14280
225.556 14620
225.562 14960
225.569 15300
225.575 15640
225.581 15980
225.588 16320
225.594 16660
225.6 17000
225.607 17340
225.613 17680
225.619 18020
225.626 18360
225.632 18700
225.638 19040
225.644 19380
225.651 19720
225.657 20060
225.663 20400
225.67 20740
225.676 21080
225.682 21420
225.689 21760
225.914 22100
225.92 22440
225.927 22780
225.933 23120
225.939 23460
225.946 23800
225.952 24140
225.958 24480
225.964 24820
225.971 25160
225.977 25500
225.983 25840
225.99 26180
225.996 26520
226.002 26860
226.009 27200
226.015 27540
226.027 27880
226.154 28220
226.185 19720
227.255 20060
227.268 20400
227.293 20740
227.306 21080
227.331 21420
227.356 21760
227.381 22100
227.407 22440
227.444 22780
227.47 23120
227.507 23460
227.545 23800
227.596 24140
227.684 24480
227.797 24820
227.911 25160
228.037 25500
228.15 25840
228.283 26180
228.421 26520
228.566 26860
228.8 27200
229.115 27540
229.531 27880
230.464 28220
231.416 28560
231.908 28900
232.248 29240
232.399 29580
232.601 29920
232.784 30260
232.954 30600
233.086 30940
233.219 31280
233.339 31620
233.439 31960
233.534 32300
233.629 32640
233.723 32980
233.818 33320
233.9 33660
233.982 34000
234.064 34340
234.133 34680
234.202 35020
234.272 35360
234.341 35700
234.41 36040
234.467 36380
234.524 36720
234.568 37060
234.631 37400
234.688 37740
234.744 38080
234.782 38420
234.845 38760
234.896 39100
234.959 39440
235.015 39780
235.066 40120
235.123 40460
235.179 40800
235.223 41140
235.287 41480
235.343 41820
235.387 42160
235.45 42500
235.507 42840
235.551 43180
235.602 43520
235.646 43860
235.696 44200
235.728 44540
235.778 44880
235.822 45220
235.866 45560
235.911 45900
235.942 46240
235.993 46580
236.03 46920
236.075 47260
236.119 47600
236.163 47940
236.201 48280
236.213 48620
236.257 48960
236.289 49300
236.301 49640
236.333 49980
236.358 50320
236.383 50660
236.415 51000
236.446 51340
236.459 51680
236.491 52020
236.516 52360
236.541 52700
236.573 53040
236.598 53380
236.61 53720
236.636 54060
236.648 54400
236.673 54740
236.711 55080
236.724 55420
236.749 55760
236.774 56100
236.787 56440
236.812 56780
236.837 57120
236.869 57460
236.881 57800
236.907 58140
236.919 58480
236.957 58820
236.976 59160
237.001 59500
237.033 59840
237.058 60180
237.077 60520
237.108 60860
237.121 61200
237.153 61540
237.184 61880
237.197 62220
237.222 62560
237.241 62900
237.272 63240
237.304 63580
237.329 63920
237.361 64260
237.373 64600
237.398 64940
237.424 65280
237.449 65620
237.461 65960
237.487 66300
237.499 66640
237.524 66980
237.537 67320
237.562 67660
237.594 68000
237.606 68340
237.632 68680
237.644 69020
237.669 69360
237.682 69700
237.707 70040
237.72 70380
237.758 70720
237.77 71060
237.796 71400
237.808 71740
237.833 72080
237.846 72420
237.871 72760
237.884 73100
237.909 73440
237.922 73780
237.947 74120
237.959 74460
237.985 74800
237.997 75140
238.022 75480
238.035 75820
238.06 76160
238.073 76500
238.098 76840
238.123 77180
238.136 77520
238.161 77860
238.174 78200
238.199 78540
238.224 78880
238.243 79220
238.268 79560
238.281 79900
238.306 80240
238.319 80580
238.344 80920
238.357 81260
238.382 81600
238.394 81940
238.42 82280
238.432 82620
238.457 82960
238.47 83300
238.495 83640
238.508 83980
238.539 84320
238.552 84660
238.577 85000
238.59 85340
238.615 85680
238.628 86020
238.653 86360
238.665 86700
238.678 87040
238.691 87380
238.703 87720
238.729 88060
238.741 88400
238.754 88740
238.766 89080
238.779 89420
238.792 89760
238.817 90100
238.829 90440
238.842 90780
238.855 91120
238.867 91460
238.88 91800
238.899 92140
238.911 92480
238.924 92820
238.937 93160
238.962 93500
238.974 93840
238.987 94180
239 94520
239.012 94860
239.025 95200
239.037 95540
239.05 95880
239.063 96220
239.075 96560
239.088 96900
239.1 97240
239.126 97580
239.138 97920
239.151 98260
239.163 98600
239.176 98940
239.189 99280
239.201 99620
239.214 99960
239.227 100300
239.239 100640
239.252 100980
239.264 101320
239.277 101660
239.29 102000
239.302 102340
239.315 102680
239.327 103020
239.353 103360
239.365 103700
239.378 104040
239.39 104380
239.403 104720
239.416 105060
239.428 105400
239.441 105740
239.453 106080
239.466 106420
239.479 106760
239.491 107100
239.504 107440
239.517 107780
239.529 108120
239.548 75480
242.534 340
242.706 2040
243.406 3060
243.425 4760
243.84 8840
243.915 9860
244.267 11560
244.298 12580
244.317 14280
244.349 15300
244.368 17000
244.399 18020
244.418 19720
244.688 20740
244.706 22440
244.738 23460
244.757 25160
244.788 26180
244.807 28900
244.858 30600
244.889 31620
244.908 34000
244.952 35700
244.984 36720
245.003 37740
245.022 38760
245.041 39780
245.115 41480
245.146 42500
245.165 43520
245.184 44540
245.203 45560
245.222 46580
245.241 48280
245.272 49300
245.291 50320
245.31 51340
245.329 52360
245.348 53380
245.474 53720
245.606 54060
245.732 54400
245.846 54740
245.978 55080
246.104 55420
246.237 55760
246.312 38760
248.87 340
248.884 680
250.019 1020
250.026 1360
250.44 1700
250.446 2040
250.453 2380
250.459 2720
250.861 3060
250.867 3400
250.874 3740
250.88 4080
250.886 4420
250.892 4760
250.899 5100
250.905 5440
251.282 5780
251.288 6120
251.294 6460
251.301 6800
251.307 7140
251.313 7480
251.32 7820
251.326 8160
251.332 8500
251.338 8840
251.345 9180
251.351 9520
251.357 9860
251.364 10200
251.37 10540
251.376 10880
251.703 11220
251.709 11560
251.715 11900
251.722 12240
251.728 12580
251.734 12920
251.74 13260
251.747 13600
251.753 13940
251.759 14280
251.766 14620
251.772 14960
251.778 15300
251.785 15640
251.791 15980
251.797 16320
251.803 16660
251.81 17000
251.816 17340
251.822 17680
251.829 18020
251.835 18360
251.841 18700
251.848 19040
251.854 19380
251.86 19720
251.867 20060
251.873 20400
251.879 20740
251.885 21080
251.892 21420
251.898 21760
252.123 22100
252.13 22440
252.136 22780
252.142 23120
252.149 23460
252.155 23800
252.161 24140
252.168 24480
252.174 24820
252.18 25160
252.187 25500
252.193 25840
252.199 26180
252.205 26520
252.212 26860
252.287 27200
252.35 19040
253.364 19380
253.383 19720
253.395 20060
253.408 20400
253.421 20740
253.446 21080
253.471 21420
253.509 21760
253.534 22100
253.572 22440
253.61 22780
253.648 23120
253.698 23460
253.786 23800
253.9 24140
254.013 24480
254.139 24820
254.272 25160
254.417 25500
254.581 25840
254.801 26180
255.104 26520
255.52 26860
256.421 27200
257.348 27540
257.814 27880
258.174 28220
258.439 28560
258.672 28900
258.823 29240
258.981 29580
259.126 29920
259.271 30260
259.378 30600
259.472 30940
259.586 31280
259.699 31620
259.788 31960
259.87 32300
259.952 32640
260.033 32980
260.109 33320
260.185 33660
260.267 34000
260.336 34340
260.399 34680
260.45 35020
260.513 35360
260.576 35700
260.613 36040
260.67 36380
260.727 36720
260.79 37060
260.847 37400
260.903 37740
260.96 38080
261.011 38420
261.048 38760
261.086 39100
261.137 39440
261.187 39780
261.231 40120
261.301 40460
261.351 40800
261.414 41140
261.477 41480
261.534 41820
261.572 42160
261.635 42500
261.673 42840
261.742 43180
261.786 43520
261.836 43860
261.862 44200
261.912 44540
261.956 44880
261.994 45220
262.044 45560
262.089 45900
262.126 46240
262.171 46580
262.215 46920
262.259 47260
262.303 47600
262.334 47940
262.372 48280
262.385 48620
262.41 48960
262.442 49300
262.473 49640
262.498 49980
262.524 50320
262.549 50660
262.574 51000
262.587 51340
262.612 51680
262.624 52020
262.65 52360
262.687 52700
262.713 53040
262.725 53380
262.757 53720
262.782 54060
262.807 54400
262.832 54740
262.87 55080
262.895 55420
262.908 55760
262.933 56100
262.952 56440
262.977 56780
263.003 57120
263.028 57460
263.059 57800
263.085 58140
263.104 58480
263.129 58820
263.154 59160
263.167 59500
263.192 59840
263.217 60180
263.242 60520
263.267 60860
263.299 61200
263.324 61540
263.356 61880
263.381 62220
263.412 62560
263.425 62900
263.463 63240
263.488 63580
263.501 63920
263.526 64260
263.538 64600
263.564 64940
263.576 65280
263.602 65620
263.633 65960
263.665 66300
263.677 66640
263.702 66980
263.715 67320
263.74 67660
263.753 68000
263.778 68340
263.791 68680
263.816 69020
263.828 69360
263.854 69700
263.866 70040
263.892 70380
263.904 70720
263.929 71060
263.942 71400
263.967 71740
263.98 72080
264.005 72420
264.018 72760
264.043 73100
264.055 73440
264.081 73780
264.093 74120
264.118 74460
264.131 74800
264.156 75140
264.169 75480
264.194 75820
264.207 76160
264.232 76500
264.245 76840
264.27 77180
264.301 77520
264.314 77860
264.339 78200
264.352 78540
264.377 78880
264.39 79220
264.415 79560
264.427 79900
264.453 80240
264.465 80580
264.49 80920
264.503 81260
264.535 81600
264.553 81940
264.579 82280
264.598 82620
264.623 82960
264.648 83300
264.661 83640
264.686 83980
264.711 84320
264.724 84660
264.749 85000
264.761 85340
264.774 85680
264.799 86020
264.812 86360
264.825 86700
264.837 87040
264.85 87380
264.875 87720
264.888 88060
264.906 88400
264.919 88740
264.932 89080
264.944 89420
264.957 89760
264.97 90100
264.982 90440
264.995 90780
265.02 91120
265.033 91460
265.045 91800
265.058 92140
265.07 92480
265.083 92820
265.096 93160
265.108 93500
265.121 93840
265.146 94180
265.159 94520
265.171 94860
265.184 95200
265.196 95540
265.209 95880
265.222 96220
265.234 96560
265.247 96900
265.259 97240
265.285 97580
265.297 97920
265.31 98260
265.323 98600
265.335 98940
265.348 99280
265.36 99620
265.373 99960
265.386 100300
265.398 100640
265.411 100980
265.423 101320
265.436 101660
265.449 102000
265.461 102340
265.474 102680
265.486 103020
265.499 103360
265.512 103700
265.524 104040
265.537 104380
265.549 104720
265.562 105060
265.575 105400
265.587 105740
265.6 106080
265.613 106420
265.625 106760
265.638 107100
265.65 107440
265.669 75140
268.656 340
268.84 1360
269.534 5440
269.954 7140
269.986 8160
270.005 9860
270.036 10880
270.375 12580
270.407 13600
270.426 15300
270.457 16320
270.476 18020
270.508 19040
270.527 23460
270.828 26180
270.878 28560
270.922 30260
270.954 32640
270.998 34340
271.029 35360
271.048 36380
271.067 38080
271.099 39100
271.118 40120
271.137 41140
271.155 42160
271.174 43860
271.206 44880
271.225 46920
271.263 47940
271.282 48960
271.3 49980
271.319 51000
271.338 52020
271.357 53040
271.483 53380
271.609 53720
271.742 54060
271.868 54400
271.981 54740
272.114 55080
272.246 55420
272.341 38760
274.892 340
274.913 680
276.047 1020
276.054 1360
276.468 1700
276.475 2040
276.481 2380
276.487 2720
276.889 3060
276.895 3400
276.902 3740
276.908 4080
276.914 4420
276.921 4760
276.927 5100
276.933 5440
277.31 5780
277.316 6120
277.323 6460
277.329 6800
277.335 7140
277.341 7480
277.348 7820
277.354 8160
277.36 8500
277.367 8840
277.373 9180
277.379 9520
277.386 9860
277.392 10200
277.398 10540
277.405 10880
277.731 11220
277.737 11560
277.743 11900
277.75 12240
277.756 12580
277.762 12920
277.769 13260
277.775 13600
277.781 13940
277.788 14280
277.794 14620
277.8 14960
277.806 15300
277.813 15640
277.819 15980
277.825 16320
277.832 16660
277.838 17000
277.844 17340
277.851 17680
277.857 18020
277.863 18360
277.869 18700
277.876 19040
277.882 19380
277.888 19720
277.895 20060
277.901 20400
277.907 20740
277.914 21080
277.92 21420
277.926 21760
278.152 22100
278.158 22440
278.164 22780
278.171 23120
278.177 23460
278.183 23800
278.189 24140
278.196 24480
278.202 24820
278.208 25160
278.215 25500
278.221 25840
278.227 26180
278.234 26520
278.24 26860
278.297 27200
278.366 19040
279.379 19380
279.398 19720
279.411 20060
279.424 20400
279.436 20740
279.461 21080
279.487 21420
279.512 21760
279.55 22100
279.575 22440
279.613 22780
279.663 23120
279.714 23460
279.789 23800
279.903 24140
280.016 24480
280.155 24820
280.268 25160
280.42 25500
280.583 25840
280.804 26180
281.107 26520
281.523 26860
282.424 27200
283.332 27540
283.817 27880
284.189 28220
284.397 28560
284.631 28900
284.826 29240
284.984 29580
285.141 29920
285.261 30260
285.381 30600
285.482 30940
285.589 31280
285.683 31620
285.778 31960
285.873 32300
285.954 32640
286.036 32980
286.112 33320
286.2 33660
286.257 34000
286.326 34340
286.396 34680
286.453 35020
286.509 35360
286.579 35700
286.629 36040
286.673 36380
286.73 36720
286.774 37060
286.831 37400
286.894 37740
286.951 38080
287.001 38420
287.051 38760
287.089 39100
287.152 39440
287.177 39780
287.222 40120
287.266 40460
287.316 40800
287.354 41140
287.392 41480
287.455 41820
287.505 42160
287.556 42500
287.606 42840
287.657 43180
287.713 43520
287.757 43860
287.802 44200
287.852 44540
287.915 44880
287.953 45220
287.991 45560
288.029 45900
288.079 46240
288.117 46580
288.161 46920
288.205 47260
288.249 47600
288.293 47940
288.337 48280
288.375 48620
288.407 48960
288.438 49300
288.47 49640
288.489 49980
288.52 50320
288.564 50660
288.596 51000
288.621 51340
288.634 51680
288.659 52020
288.684 52360
288.709 52700
288.735 53040
288.747 53380
288.772 53720
288.785 54060
288.81 54400
288.835 54740
288.861 55080
288.873 55420
288.905 55760
288.93 56100
288.955 56440
288.968 56780
288.993 57120
289.018 57460
289.037 57800
289.05 58140
289.075 58480
289.1 58820
289.125 59160
289.138 59500
289.151 59840
289.176 60180
289.201 60520
289.226 60860
289.258 61200
289.289 61540
289.302 61880
289.346 62220
289.359 62560
289.39 62900
289.422 63240
289.453 63580
289.478 63920
289.51 64260
289.535 64600
289.554 64940
289.586 65280
289.598 65620
289.623 65960
289.636 66300
289.668 66640
289.699 66980
289.724 67320
289.743 67660
289.768 68000
289.781 68340
289.806 68680
289.819 69020
289.844 69360
289.857 69700
289.882 70040
289.894 70380
289.92 70720
289.932 71060
289.958 71400
289.97 71740
289.995 72080
290.008 72420
290.033 72760
290.046 73100
290.071 73440
290.084 73780
290.121 74120
290.134 74460
290.159 74800
290.172 75140
290.197 75480
290.21 75820
290.235 76160
290.248 76500
290.273 76840
290.285 77180
290.311 77520
290.323 77860
290.348 78200
290.361 78540
290.386 78880
290.399 79220
290.424 79560
290.437 79900
290.462 80240
290.474 80580
290.5 80920
290.512 81260
290.537 81600
290.55 81940
290.575 82280
290.588 82620
290.619 82960
290.645 83300
290.67 83640
290.682 83980
290.695 84320
290.72 84660
290.733 85000
290.746 85340
290.758 85680
290.771 86020
290.796 86360
290.809 86700
290.821 87040
290.834 87380
290.846 87720
290.872 88060
290.884 88400
290.897 88740
290.909 89080
290.922 89420
290.935 89760
290.947 90100
290.972 90440
290.985 90780
290.998 91120
291.01 91460
291.023 91800
291.048 92140
291.061 92480
291.073 92820
291.086 93160
291.099 93500
291.111 93840
291.124 94180
291.136 94520
291.149 94860
291.162 95200
291.174 95540
291.187 95880
291.199 96220
291.225 96560
291.237 96900
291.25 97240
291.262 97580
291.275 97920
291.288 98260
291.3 98600
291.313 98940
291.325 99280
291.338 99620
291.351 99960
291.363 100300
291.376 100640
291.389 100980
291.401 101320
291.414 101660
291.426 102000
291.452 102340
291.464 102680
291.477 103020
291.489 103360
291.502 103700
291.515 104040
291.527 104380
291.54 104720
291.552 105060
291.565 105400
291.578 105740
291.59 106080
291.603 106420
291.615 106760
291.628 107100
291.641 107440
291.653 107780
291.666 108120
291.679 108460
291.691 108800
291.71 76160
294.685 340
294.868 1360
295.555 3060
295.976 4080
295.995 5780
296.027 6800
296.41 8500
296.441 9520
296.46 11220
296.492 12240
296.511 13940
296.837 14960
296.856 16660
296.887 17680
296.906 19380
296.938 20400
296.957 22100
296.988 23120
297.007 26180
297.064 28560
297.27 29580
297.289 31280
297.321 32300
297.34 33320
297.359 34340
297.378 37400
297.434 38420
297.453 39440
297.472 40460
297.491 42160
297.523 43180
297.541 44200
297.56 45220
297.579 46240
297.598 47260
297.617 48280
297.636 49980
297.668 52360
297.712 53380
297.838 53720
297.97 54060
298.096 54400
298.21 54740
298.323 55080
298.468 55420
298.601 55760
298.714 38760
301.26 340
301.286 680
302.408 1020
302.414 1360
302.829 1700
302.835 2040
302.842 2380
302.848 2720
303.25 3060
303.256 3400
303.262 3740
303.269 4080
303.275 4420
303.281 4760
303.288 5100
303.294 5440
303.671 5780
303.677 6120
303.683 6460
303.69 6800
303.696 7140
303.702 7480
303.709 7820
303.715 8160
303.721 8500
303.727 8840
303.734 9180
303.74 9520
303.746 9860
303.753 10200
303.759 10540
303.765 10880
304.092 11220
304.098 11560
304.104 11900
304.11 12240
304.117 12580
304.123 12920
304.129 13260
304.136 13600
304.142 13940
304.148 14280
304.155 14620
304.161 14960
304.167 15300
304.174 15640
304.18 15980
304.186 16320
304.192 16660
304.199 17000
304.205 17340
304.211 17680
304.218 18020
304.224 18360
304.23 18700
304.237 19040
304.243 19380
304.249 19720
304.255 20060
304.262 20400
304.268 20740
304.274 21080
304.281 21420
304.287 21760
304.512 22100
304.519 22440
304.525 22780
304.531 23120
304.538 23460
304.544 23800
304.55 24140
304.557 24480
304.563 24820
304.569 25160
304.575 25500
304.582 25840
304.588 26180
304.594 26520
304.601 26860
304.639 27200
304.739 19040
305.753 19380
305.772 19720
305.784 20060
305.797 20400
305.81 20740
305.822 21080
305.835 21420
305.86 21760
305.885 22100
305.923 22440
305.961 22780
305.999 23120
306.049 23460
306.112 23800
306.238 24140
306.364 24480
306.516 24820
306.642 25160
306.787 25500
306.951 25840
307.178 26180
307.48 26520
307.89 26860
308.785 27200
309.705 27540
310.191 27880
310.563 28220
310.746 28560
310.979 28900
311.174 29240
311.344 29580
311.502 29920
311.622 30260
311.735 30600
311.855 30940
311.95 31280
312.044 31620
312.139 31960
312.24 32300
312.322 32640
312.416 32980
312.485 33320
312.561 33660
312.643 34000
312.706 34340
312.769 34680
312.832 35020
312.895 35360
312.952 35700
313.009 36040
313.059 36380
313.11 36720
313.166 37060
313.223 37400
313.273 37740
313.324 38080
313.387 38420
313.431 38760
313.475 39100
313.532 39440
313.551 39780
313.608 40120
313.652 40460
313.69 40800
313.74 41140
313.778 41480
313.828 41820
313.879 42160
313.929 42500
313.986 42840
314.043 43180
314.08 43520
314.137 43860
314.181 44200
314.238 44540
314.276 44880
314.326 45220
314.358 45560
314.408 45900
314.452 46240
314.496 46580
314.534 46920
314.578 47260
314.623 47600
314.654 47940
314.704 48280
314.736 48620
314.768 48960
314.793 49300
314.831 49640
314.856 49980
314.894 50320
314.925 50660
314.95 51000
314.994 51340
315.026 51680
315.051 52020
315.064 52360
315.095 52700
315.108 53040
315.139 53380
315.171 53720
315.196 54060
315.221 54400
315.247 54740
315.278 55080
315.303 55420
315.329 55760
315.341 56100
315.366 56440
315.385 56780
315.417 57120
315.429 57460
315.474 57800
315.486 58140
315.511 58480
315.524 58820
315.549 59160
315.581 59500
315.593 59840
315.619 60180
315.631 60520
315.669 60860
315.688 61200
315.713 61540
315.745 61880
315.77 62220
315.795 62560
315.814 62900
315.839 63240
315.858 63580
315.883 63920
315.896 64260
315.927 64600
315.953 64940
315.965 65280
315.99 65620
316.003 65960
316.028 66300
316.041 66640
316.066 66980
316.079 67320
316.104 67660
316.135 68000
316.167 68340
316.192 68680
316.211 69020
316.236 69360
316.249 69700
316.274 70040
316.287 70380
316.312 70720
316.331 71060
316.362 71400
316.375 71740
316.4 72080
316.413 72420
316.438 72760
316.451 73100
316.489 73440
316.507 73780
316.533 74120
316.545 74460
316.57 74800
316.583 75140
316.608 75480
316.621 75820
316.646 76160
316.659 76500
316.69 76840
316.703 77180
316.715 77520
316.728 77860
316.753 78200
316.766 78540
316.778 78880
316.791 79220
316.816 79560
316.829 79900
316.842 80240
316.867 80580
316.879 80920
316.892 81260
316.905 81600
316.93 81940
316.942 82280
316.955 82620
316.968 82960
316.98 83300
317.005 83640
317.018 83980
317.043 84320
317.056 84660
317.068 85000
317.081 85340
317.094 85680
317.106 86020
317.119 86360
317.144 86700
317.157 87040
317.169 87380
317.182 87720
317.195 88060
317.207 88400
317.226 88740
317.251 89080
317.264 89420
317.277 89760
317.289 90100
317.302 90440
317.314 90780
317.327 91120
317.34 91460
317.352 91800
317.365 92140
317.39 92480
317.403 92820
317.415 93160
317.428 93500
317.44 93840
317.453 94180
317.466 94520
317.478 94860
317.503 95200
317.516 95540
317.529 95880
317.541 96220
317.554 96560
317.566 96900
317.579 97240
317.592 97580
317.604 97920
317.617 98260
317.63 98600
317.642 98940
317.667 99280
317.68 99620
317.693 99960
317.705 100300
317.718 100640
317.73 100980
317.743 101320
317.756 101660
317.768 102000
317.781 102340
317.793 102680
317.806 103020
317.819 103360
317.831 103700
317.844 104040
317.856 104380
317.869 104720
317.882 105060
317.894 105400
317.907 105740
317.92 106080
317.932 106420
317.945 106760
317.957 107100
317.97 107440
317.983 107780
317.995 108120
318.008 108460
318.02 108800
318.033 109140
318.046 109480
318.058 109820
318.071 110160
318.083 110500
318.096 110840
318.109 111180
318.128 77520
321.092 340
321.248 1360
321.948 3060
322.369 4080
322.388 5100
322.406 6120
322.789 7820
322.821 8840
322.84 9860
322.859 11560
322.89 12580
323.217 13600
323.236 14620
323.254 16320
323.286 17340
323.305 18360
323.324 19380
323.343 20400
323.362 22780
323.406 24480
323.437 25500
323.644 26520
323.663 27540
323.682 28560
323.701 29580
323.719 30600
323.738 32300
323.77 33320
323.789 34340
323.808 35360
323.827 36380
323.846 37400
323.864 40120
323.915 41140
323.934 42160
323.953 43180
323.972 44200
323.991 45220
324.009 46240
324.028 47260
324.047 48280
324.066 49300
324.085 51000
324.117 52020
324.136 53040
324.154 54060
324.249 54400
324.4 54740
324.526 55080
324.659 55420
324.772 55760
324.905 56100
325.037 56440
325.15 56780
325.188 39440
327.743 340
327.748 680
328.889 1020
328.895 1360
329.31 1700
329.316 2040
329.322 2380
329.328 2720
329.73 3060
329.737 3400
329.743 3740
329.749 4080
329.756 4420
329.762 4760
329.768 5100
329.775 5440
330.151 5780
330.158 6120
330.164 6460
330.17 6800
330.176 7140
330.183 7480
330.189 7820
330.195 8160
330.202 8500
330.208 8840
330.214 9180
330.221 9520
330.227 9860
330.233 10200
330.24 10540
330.246 10880
330.572 11220
330.578 11560
330.585 11900
330.591 12240
330.597 12580
330.604 12920
330.61 13260
330.616 13600
330.623 13940
330.629 14280
330.635 14620
330.641 14960
330.648 15300
330.654 15640
330.66 15980
330.667 16320
330.673 16660
330.679 17000
330.686 17340
330.692 17680
330.698 18020
330.705 18360
330.711 18700
330.717 19040
330.723 19380
330.73 19720
330.736 20060
330.742 20400
330.749 20740
330.755 21080
330.761 21420
330.768 21760
330.993 22100
330.999 22440
331.006 22780
331.012 23120
331.018 23460
331.025 23800
331.031 24140
331.037 24480
331.043 24820
331.05 25160
331.056 25500
331.062 25840
331.069 26180
331.075 26520
331.081 26860
331.088 27200
331.094 27540
331.22 27880
331.258 19380
332.296 19720
332.315 20060
332.341 20400
332.353 20740
332.378 21080
332.404 21420
332.429 21760
332.454 22100
332.479 22440
332.517 22780
332.555 23120
332.593 23460
332.631 23800
332.712 24140
332.813 24480
332.927 24820
333.053 25160
333.179 25500
333.286 25840
333.456 26180
333.608 26520
333.841 26860
334.156 27200
334.572 27540
335.486 27880
336.413 28220
336.873 28560
337.214 28900
337.44 29240
337.655 29580
337.812 29920
337.97 30260
338.109 30600
338.254 30940
338.361 31280
338.468 31620
338.575 31960
338.663 32300
338.758 32640
338.834 32980
338.922 33320
339.01 33660
339.086 34000
339.168 34340
339.237 34680
339.306 35020
339.363 35360
339.426 35700
339.496 36040
339.559 36380
339.59 36720
339.666 37060
339.704 37400
339.748 37740
339.811 38080
339.861 38420
339.905 38760
339.962 39100
340.019 39440
340.076 39780
340.126 40120
340.17 40460
340.214 40800
340.252 41140
340.29 41480
340.34 41820
340.384 42160
340.429 42500
340.473 42840
340.517 43180
340.548 43520
340.586 43860
340.63 44200
340.681 44540
340.706 44880
340.75 45220
340.788 45560
340.832 45900
340.87 46240
340.914 46580
340.952 46920
340.99 47260
341.034 47600
341.072 47940
341.103 48280
341.141 48620
341.191 48960
341.229 49300
341.267 49640
341.311 49980
341.362 50320
341.406 50660
341.437 51000
341.456 51340
341.488 51680
341.513 52020
341.532 52360
341.576 52700
341.601 53040
341.633 53380
341.652 53720
341.683 54060
341.721 54400
341.752 54740
341.784 55080
341.809 55420
341.834 55760
341.872 56100
341.904 56440
341.929 56780
341.967 57120
341.998 57460
342.023 57800
342.055 58140
342.093 58480
342.118 58820
342.15 59160
342.168 59500
342.194 59840
342.225 60180
342.25 60520
342.263 60860
342.288 61200
342.301 61540
342.326 61880
342.339 62220
342.364 62560
342.389 62900
342.402 63240
342.427 63580
342.44 63920
342.465 64260
342.477 64600
342.509 64940
342.534 65280
342.547 65620
342.572 65960
342.603 66300
342.616 66640
342.648 66980
342.679 67320
342.704 67660
342.717 68000
342.742 68340
342.767 68680
342.78 69020
342.805 69360
342.818 69700
342.849 70040
342.875 70380
342.887 70720
342.9 71060
342.925 71400
342.938 71740
342.963 72080
342.975 72420
342.988 72760
343.007 73100
343.032 73440
343.045 73780
343.07 74120
343.083 74460
343.095 74800
343.108 75140
343.133 75480
343.146 75820
343.177 76160
343.19 76500
343.202 76840
343.215 77180
343.24 77520
343.253 77860
343.265 78200
343.284 78540
343.316 78880
343.328 79220
343.341 79560
343.354 79900
343.366 80240
343.379 80580
343.391 80920
343.404 81260
343.429 81600
343.442 81940
343.454 82280
343.473 82620
343.499 82960
343.511 83300
343.524 83640
343.536 83980
343.549 84320
343.562 84660
343.587 85000
343.599 85340
343.612 85680
343.625 86020
343.637 86360
343.663 86700
343.675 87040
343.688 87380
343.7 87720
343.713 88060
343.726 88400
343.751 88740
343.763 89080
343.776 89420
343.789 89760
343.801 90100
343.814 90440
343.833 90780
343.858 91120
343.871 91460
343.883 91800
343.896 92140
343.908 92480
343.921 92820
343.934 93160
343.946 93500
343.959 93840
343.971 94180
343.997 94520
344.009 94860
344.022 95200
344.034 95540
344.047 95880
344.06 96220
344.072 96560
344.085 96900
344.097 97240
344.11 97580
344.123 97920
344.148 98260
344.161 98600
344.173 98940
344.186 99280
344.198 99620
344.211 99960
344.224 100300
344.242 100640
344.255 100980
344.268 101320
344.28 101660
344.293 102000
344.306 102340
344.318 102680
344.331 103020
344.343 103360
344.356 103700
344.369 104040
344.381 104380
344.394 104720
344.406 105060
344.419 105400
344.432 105740
344.444 106080
344.457 106420
344.469 106760
344.482 107100
344.495 107440
344.507 107780
344.52 108120
344.532 108460
344.545 108800
344.564 76160
347.522 340
347.722 1360
348.397 3740
348.818 4760
348.837 5780
348.855 8840
349.264 12580
349.333 13600
349.352 14620
349.371 15640
349.39 16660
349.409 17680
349.685 18700
349.703 20400
349.735 21420
349.754 22440
349.773 25160
349.823 26180
349.842 27200
349.861 28220
349.88 29240
349.899 30260
349.918 31960
349.949 32980
349.968 34000
349.987 35020
350.006 36040
350.118 37740
350.15 38760
350.168 39780
350.187 40800
350.206 41820
350.225 42840
350.244 44540
350.276 45560
350.295 46580
350.313 47600
350.332 48620
350.351 49640
350.37 52360
350.421 53380
350.547 53720
350.666 54060
350.799 54400
350.925 54740
351.038 55080
351.171 55420
351.303 55760
351.436 38760
353.965 340
354.008 680
355.117 1020
355.123 1360
355.538 1700
355.544 2040
355.551 2380
355.557 2720
355.959 3060
355.965 3400
355.971 3740
355.978 4080
355.984 4420
355.99 4760
355.997 5100
356.003 5440
356.38 5780
356.386 6120
356.392 6460
356.399 6800
356.405 7140
356.411 7480
356.417 7820
356.424 8160
356.43 8500
356.436 8840
356.443 9180
356.449 9520
356.455 9860
356.462 10200
356.468 10540
356.474 10880
356.801 11220
356.807 11560
356.813 11900
356.819 12240
356.826 12580
356.832 12920
356.838 13260
356.845 13600
356.851 13940
356.857 14280
356.864 14620
356.87 14960
356.876 15300
356.882 15640
356.889 15980
356.895 16320
356.901 16660
356.908 17000
356.914 17340
356.92 17680
356.927 18020
356.933 18360
356.939 18700
356.946 19040
356.952 19380
356.958 19720
356.964 20060
356.971 20400
356.977 20740
356.983 21080
356.99 21420
356.996 21760
357.221 22100
357.228 22440
357.234 22780
357.24 23120
357.247 23460
357.253 23800
357.259 24140
357.266 24480
357.272 24820
357.278 25160
357.284 25500
357.291 25840
357.297 26180
357.303 26520
357.31 26860
357.329 27200
357.448 19040
358.462 19380
358.481 19720
358.493 20060
358.506 20400
358.518 20740
358.531 21080
358.544 21420
358.556 21760
358.582 22100
358.619 22440
358.657 22780
358.695 23120
358.745 23460
358.796 23800
358.922 24140
359.048 24480
359.199 24820
359.338 25160
359.464 25500
359.628 25840
359.861 26180
360.164 26520
360.567 26860
361.469 27200
362.395 27540
362.912 27880
363.272 28220
363.455 28560
363.707 28900
363.896 29240
364.053 29580
364.224 29920
364.356 30260
364.469 30600
364.577 30940
364.684 31280
364.785 31620
364.879 31960
364.967 32300
365.031 32640
365.119 32980
365.194 33320
365.283 33660
365.352 34000
365.421 34340
365.478 34680
365.541 35020
365.604 35360
365.655 35700
365.718 36040
365.768 36380
365.837 36720
365.875 37060
365.938 37400
365.995 37740
366.058 38080
366.096 38420
366.14 38760
366.197 39100
366.235 39440
366.291 39780
366.335 40120
366.386 40460
366.424 40800
366.474 41140
366.506 41480
366.562 41820
366.607 42160
366.651 42500
366.695 42840
366.764 43180
366.802 43520
366.859 43860
366.909 44200
366.96 44540
367.01 44880
367.048 45220
367.079 45560
367.117 45900
367.168 46240
367.199 46580
367.256 46920
367.3 47260
367.338 47600
367.376 47940
367.426 48280
367.458 48620
367.47 48960
367.521 49300
367.533 49640
367.565 49980
367.603 50320
367.64 50660
367.672 51000
367.703 51340
367.741 51680
367.754 52020
367.779 52360
367.817 52700
367.829 53040
367.855 53380
367.867 53720
367.893 54060
367.905 54400
367.937 54740
367.968 55080
368.006 55420
368.019 55760
368.044 56100
368.056 56440
368.082 56780
368.094 57120
368.126 57460
368.157 57800
368.183 58140
368.195 58480
368.22 58820
368.233 59160
368.258 59500
368.271 59840
368.296 60180
368.309 60520
368.334 60860
368.359 61200
368.384 61540
368.409 61880
368.447 62220
368.46 62560
368.491 62900
368.517 63240
368.529 63580
368.554 63920
368.567 64260
368.592 64600
368.624 64940
368.636 65280
368.662 65620
368.674 65960
368.699 66300
368.725 66640
368.737 66980
368.775 67320
368.8 67660
368.832 68000
368.844 68340
368.882 68680
368.907 69020
368.92 69360
368.945 69700
368.958 70040
368.983 70380
368.996 70720
369.021 71060
369.034 71400
369.059 71740
369.071 72080
369.097 72420
369.122 72760
369.134 73100
369.166 73440
369.197 73780
369.21 74120
369.235 74460
369.248 74800
369.273 75140
369.286 75480
369.311 75820
369.324 76160
369.349 76500
369.361 76840
369.387 77180
369.412 77520
369.424 77860
369.45 78200
369.462 78540
369.487 78880
369.5 79220
369.525 79560
369.538 79900
369.563 80240
369.576 80580
369.601 80920
369.614 81260
369.639 81600
369.651 81940
369.664 82280
369.689 82620
369.702 82960
369.714 83300
369.74 83640
369.759 83980
369.771 84320
369.784 84660
369.796 85000
369.809 85340
369.834 85680
369.847 86020
369.859 86360
369.872 86700
369.885 87040
369.897 87380
369.922 87720
369.935 88060
369.948 88400
369.96 88740
369.973 89080
369.998 89420
370.011 89760
370.023 90100
370.036 90440
370.048 90780
370.061 91120
370.074 91460
370.086 91800
370.112 92140
370.124 92480
370.137 92820
370.149 93160
370.162 93500
370.175 93840
370.187 94180
370.2 94520
370.225 94860
370.238 95200
370.25 95540
370.263 95880
370.275 96220
370.288 96560
370.301 96900
370.313 97240
370.326 97580
370.338 97920
370.351 98260
370.364 98600
370.376 98940
370.389 99280
370.402 99620
370.414 99960
370.439 100300
370.452 100640
370.465 100980
370.477 101320
370.49 101660
370.502 102000
370.515 102340
370.528 102680
370.54 103020
370.553 103360
370.565 103700
370.578 104040
370.591 104380
370.603 104720
370.616 105060
370.628 105400
370.641 105740
370.654 106080
370.666 106420
370.679 106760
370.692 107100
370.704 107440
370.717 107780
370.729 108120
370.742 108460
370.755 108800
370.767 109140
370.78 109480
370.799 76500
373.769 340
373.944 3400
374.638 4420
374.657 6120
374.688 7140
375.065 8840
375.096 9860
375.115 11560
375.147 12580
375.166 14280
375.486 15300
375.505 17000
375.536 18020
375.555 19720
375.587 20740
375.606 21760
375.625 23460
375.656 24480
375.675 25500
375.694 27200
375.725 29240
375.919 30260
375.938 31280
375.957 32300
375.976 34000
376.008 35020
376.026 36040
376.045 37060
376.064 38080
376.083 39100
376.102 41480
376.146 42500
376.165 43520
376.184 44540
376.203 46240
376.234 47260
376.253 48280
376.272 49300
376.291 50320
376.31 51340
376.329 52360
376.348 53380
376.48 53720
376.6 54060
376.732 54400
376.859 54740
376.991 55080
377.117 55420
377.231 55760
377.363 38760
379.905 340
379.935 680
381.057 1020
381.063 1360
381.478 1700
381.484 2040
381.49 2380
381.497 2720
381.899 3060
381.905 3400
381.911 3740
381.918 4080
381.924 4420
381.93 4760
381.937 5100
381.943 5440
382.32 5780
382.326 6120
382.332 6460
382.339 6800
382.345 7140
382.351 7480
382.357 7820
382.364 8160
382.37 8500
382.376 8840
382.383 9180
382.389 9520
382.395 9860
382.402 10200
382.408 10540
382.414 10880
382.74 11220
382.747 11560
382.753 11900
382.759 12240
382.766 12580
382.772 12920
382.778 13260
382.785 13600
382.791 13940
382.797 14280
382.803 14620
382.81 14960
382.816 15300
382.822 15640
382.829 15980
382.835 16320
382.841 16660
382.848 17000
382.854 17340
382.86 17680
382.867 18020
382.873 18360
382.879 18700
382.885 19040
382.892 19380
382.898 19720
382.904 20060
382.911 20400
382.917 20740
382.923 21080
382.93 21420
382.936 21760
383.161 22100
383.168 22440
383.174 22780
383.18 23120
383.187 23460
383.193 23800
383.199 24140
383.205 24480
383.212 24820
383.218 25160
383.224 25500
383.231 25840
383.237 26180
383.243 26520
383.25 26860
383.281 27200
383.388 19040
384.402 19380
384.421 19720
384.433 20060
384.446 20400
384.458 20740
384.471 21080
384.484 21420
384.496 21760
384.534 22100
384.572 22440
384.597 22780
384.648 23120
384.698 23460
384.748 23800
384.874 24140
385.001 24480
385.152 24820
385.291 25160
385.423 25500
385.581 25840
385.814 26180
386.116 26520
386.526 26860
387.421 27200
388.354 27540
388.846 27880
389.212 28220
389.413 28560
389.634 28900
389.836 29240
389.993 29580
390.164 29920
390.283 30260
390.403 30600
390.51 30940
390.605 31280
390.706 31620
390.807 31960
390.882 32300
390.97 32640
391.065 32980
391.134 33320
391.223 33660
391.292 34000
391.349 34340
391.418 34680
391.475 35020
391.55 35360
391.601 35700
391.639 36040
391.689 36380
391.752 36720
391.796 37060
391.859 37400
391.903 37740
391.973 38080
392.011 38420
392.08 38760
392.111 39100
392.162 39440
392.206 39780
392.256 40120
392.301 40460
392.351 40800
392.389 41140
392.427 41480
392.477 41820
392.528 42160
392.578 42500
392.628 42840
392.666 43180
392.723 43520
392.767 43860
392.824 44200
392.868 44540
392.937 44880
392.975 45220
393 45560
393.044 45900
393.076 46240
393.12 46580
393.171 46920
393.215 47260
393.252 47600
393.303 47940
393.341 48280
393.385 48620
393.423 48960
393.448 49300
393.492 49640
393.517 49980
393.555 50320
393.587 50660
393.612 51000
393.656 51340
393.687 51680
393.7 52020
393.732 52360
393.757 52700
393.769 53040
393.795 53380
393.807 53720
393.832 54060
393.845 54400
393.87 54740
393.883 55080
393.914 55420
393.94 55760
393.952 56100
393.977 56440
394.009 56780
394.034 57120
394.047 57460
394.072 57800
394.097 58140
394.135 58480
394.148 58820
394.179 59160
394.192 59500
394.217 59840
394.249 60180
394.261 60520
394.286 60860
394.312 61200
394.324 61540
394.349 61880
394.362 62220
394.394 62560
394.419 62900
394.431 63240
394.457 63580
394.469 63920
394.494 64260
394.526 64600
394.551 64940
394.564 65280
394.589 65620
394.614 65960
394.639 66300
394.665 66640
394.677 66980
394.702 67320
394.728 67660
394.759 68000
394.791 68340
394.803 68680
394.835 69020
394.847 69360
394.873 69700
394.898 70040
394.91 70380
394.936 70720
394.948 71060
394.973 71400
394.986 71740
395.011 72080
395.024 72420
395.049 72760
395.062 73100
395.087 73440
395.1 73780
395.131 74120
395.144 74460
395.169 74800
395.182 75140
395.207 75480
395.226 75820
395.251 76160
395.263 76500
395.289 76840
395.301 77180
395.327 77520
395.339 77860
395.364 78200
395.377 78540
395.402 78880
395.415 79220
395.44 79560
395.453 79900
395.478 80240
395.503 80580
395.516 80920
395.541 81260
395.553 81600
395.579 81940
395.591 82280
395.616 82620
395.629 82960
395.654 83300
395.68 83640
395.692 83980
395.717 84320
395.73 84660
395.755 85000
395.768 85340
395.78 85680
395.793 86020
395.818 86360
395.831 86700
395.843 87040
395.856 87380
395.869 87720
395.894 88060
395.906 88400
395.919 88740
395.932 89080
395.944 89420
395.957 89760
395.97 90100
395.995 90440
396.007 90780
396.02 91120
396.033 91460
396.045 91800
396.058 92140
396.07 92480
396.083 92820
396.108 93160
396.121 93500
396.133 93840
396.146 94180
396.159 94520
396.171 94860
396.184 95200
396.196 95540
396.209 95880
396.234 96220
396.247 96560
396.259 96900
396.272 97240
396.285 97580
396.297 97920
396.31 98260
396.323 98600
396.335 98940
396.348 99280
396.36 99620
396.373 99960
396.386 100300
396.398 100640
396.411 100980
396.423 101320
396.436 101660
396.449 102000
396.474 102340
396.486 102680
396.499 103020
396.512 103360
396.524 103700
396.537 104040
396.549 104380
396.562 104720
396.575 105060
396.587 105400
396.6 105740
396.613 106080
396.625 106420
396.638 106760
396.65 107100
396.663 107440
396.676 107780
396.688 108120
396.701 108460
396.713 108800
396.726 109140
396.739 109480
396.758 76500
399.719 340
399.903 1360
