0.0 0
0.198172 3400
0.40252 3740
0.427736 5100
0.440344 5780
0.452952 6460
0.606003 7140
0.631219 7820
0.643827 8500
0.656435 9180
0.669043 9860
0.681651 10540
0.694259 11220
0.706867 11900
0.719475 12580
0.809487 13260
0.822095 13940
0.834703 14620
0.847311 15300
0.859919 15980
0.872527 16660
0.885135 17340
0.897743 18020
0.910351 18700
0.922959 19380
0.935567 20060
0.948175 20740
0.960783 21420
0.973391 22100
0.985999 22780
0.998607 23460
1.01122 24140
1.02382 24820
1.03643 25500
1.04904 26180
1.06165 26860
1.07426 27540
1.08686 28220
1.09947 28900
1.11208 29580
1.12469 30260
1.1373 30940
1.1499 31620
1.16251 32300
1.17512 32980
1.18773 33660
1.20034 34340
1.21294 35020
1.22555 35700
1.23816 36380
1.25077 37060
1.26338 37740
1.27598 38420
1.28859 39100
1.31381 40460
1.32642 41140
1.33902 41820
1.35163 42500
1.36424 43180
1.37685 43860
1.38946 44540
1.40206 45220
1.41467 45900
1.42728 46580
1.43989 47260
1.4525 47940
1.4651 48620
1.47771 49300
1.49032 49980
1.50293 50660
1.51554 51340
1.52814 52020
1.54075 52700
1.55336 53380
1.56597 54060
1.57858 54740
1.59118 55420
1.60379 56100
1.6164 56780
1.62901 57460
1.64162 58140
1.65422 58820
1.66683 59500
1.67944 60180
1.69205 60860
1.70466 61540
1.71726 62220
1.72987 62900
1.74248 63580
1.75509 64260
1.7677 64940
1.7803 65620
1.79291 66300
1.80552 66980
1.81813 67660
1.83074 68340
1.84334 69020
1.85595 69700
1.86856 70380
1.88117 71060
1.89378 71740
1.90638 72420
1.91899 73100
1.9316 73780
1.94421 74460
1.95682 75140
1.96942 75820
1.98203 76500
1.99464 77180
2.00725 77860
2.01986 78540
2.03246 79220
2.04507 79900
2.05768 80580
2.07029 81260
2.0829 81940
2.0955 82620
2.10811 83300
2.12072 83980
2.13333 84660
2.14594 85340
2.15854 86020
2.17115 86700
2.18376 87380
2.19637 88060
2.20898 88740
2.22158 89420
2.2405 89760
2.25941 62560
3.2405 340
3.27435 21080
3.75976 22100
3.77867 22440
3.78498 23460
3.80389 23800
3.81019 24820
3.8291 25160
3.83541 26180
3.85432 26520
3.86062 27540
3.87954 27880
3.88584 28900
3.90475 29240
3.91106 30260
3.92997 30600
3.93627 31620
3.95518 31960
3.96149 32980
3.9804 33320
3.9867 34340
4.00562 34680
4.01192 35700
4.03714 37060
4.05605 37400
4.06235 38420
4.08126 38760
4.08757 39780
4.10648 40120
4.11278 41140
4.1317 41480
4.138 42500
4.15691 42840
4.16322 43860
4.2893 44200
4.41538 44540
4.54776 44880
4.66754 45220
4.79362 45560
4.9197 45900
5.02056 46240
5.41771 32300
6.53118 340
7.04414 680
7.24763 1020
7.25393 1360
7.45111 1700
7.45741 2040
7.46372 2380
7.47002 2720
7.65459 3060
7.6609 3400
7.6672 3740
7.67351 4080
7.67981 4420
7.68611 4760
7.69242 5100
7.69872 5440
7.85808 5780
7.86438 6120
7.87069 6460
8.87069 340
9.07417 13260
9.29657 9180
9.78197 9520
9.79458 9860
9.80719 10200
9.8198 10540
9.83241 10880
9.84501 11220
9.85762 11560
9.93327 7820
10.7339 8160
10.7465 8500
10.7591 8840
10.7843 6120
11.1752 6460
11.1941 6800
11.2067 7140
11.2193 7480
11.2319 7820
11.2445 8160
11.3958 8500
11.7488 8840
13.0664 6120
13.7157 6460
13.7283 6800
13.7409 7140
13.7535 7480
13.7661 7820
13.7787 8160
13.93 8500
14.0624 5780
14.4154 6120
14.428 6460
14.4406 6800
14.4532 7140
14.4658 7480
14.4785 7820
14.6297 8160
14.9828 8500
15.1341 5780
15.4745 6120
15.4871 6460
15.4997 6800
15.5249 7140
15.5375 7480
15.5501 7820
15.6888 8160
15.796 5440
16.1238 5780
16.1364 6120
16.149 6460
16.1616 6800
16.1742 7140
16.1868 7480
16.2877 5100
16.6029 5440
16.6155 5780
16.6281 6120
16.6407 6460
16.6533 6800
16.7038 7140
17.0568 7480
17.4981 5100
17.8133 5440
17.8259 5780
17.8385 6120
17.8637 4080
18.1474 4420
18.1663 4760
18.1789 5100
18.1915 5440
18.2041 5780
18.4815 6120
19.2884 4080
19.5658 4420
19.5784 4760
19.591 5100
19.6036 5440
19.6162 5780
19.8936 6120
22.6043 6460
22.9573 6800
23.2158 4760
23.4743 5100
23.4869 5440
23.4995 5780
23.5121 6120
23.5247 6460
23.8084 6800
24.5712 4760
25.0124 5100
25.025 5440
25.0377 5780
25.0503 6120
25.0629 6460
25.3357 6800
26.5198 4760
26.7233 5100
26.807 5440
26.8196 5780
27.0231 6120
27.2644 6460
27.6399 6800
28.7077 4760
28.9112 5100
28.9553 5440
29.0958 5780
29.2092 3740
29.6162 4080
29.744 4420
29.7756 4760
29.9538 5100
30.1636 5440
30.5769 5780
33.2411 6120
33.6417 6460
33.6922 4420
33.8957 4760
33.9461 5100
34.0487 5440
34.2522 5780
34.462 6120
34.8753 6460
35.9494 4420
36.1529 4760
36.197 5100
36.3123 5440
36.5157 5780
36.5788 3740
36.7823 4080
36.9227 4420
36.9353 4760
37.1325 5100
37.3423 5440
37.7555 5780
38.8801 3740
39.0836 4080
39.2178 4420
39.243 4760
39.4275 5100
39.6373 5440
39.8786 3740
40.0821 4080
40.12 4420
40.2541 4760
40.3423 3060
40.5458 3400
40.6863 3740
40.6989 4080
40.9528 4420
41.3093 4760
41.9828 3060
42.1863 3400
42.3457 3740
42.3583 4080
42.5933 4420
42.9687 4760
43.1722 3060
43.3757 3400
43.4135 3740
43.5855 4080
43.789 4420
44.2022 4760
44.4435 3060
44.8505 3400
44.8883 3740
45.0225 4080
45.0666 2720
45.2701 3060
45.442 3400
45.6455 3740
45.8679 4080
48.5763 4420
48.9895 4760
49.193 5100
49.4028 5440
49.6063 5780
49.6819 6120
49.8161 6460
50.0259 6800
50.0385 7140
50.2293 7480
50.242 7820
50.3302 8160
50.4328 8500
50.4959 8840
50.5715 9180
50.6552 6120
50.8587 6460
50.9281 6800
50.9407 7140
51.0496 7480
51.1568 7820
51.2198 5440
51.4296 5780
51.5448 6120
51.5574 6460
51.7483 6800
51.9518 7140
52.1616 7480
52.4659 7820
52.8161 5440
53.0196 5780
53.0701 6120
53.0953 6460
53.2735 6800
53.477 7140
53.6994 7480
54.056 7820
55.0797 5440
55.2832 5780
55.3588 6120
55.3714 6460
55.5623 6800
55.7658 7140
55.9756 7480
56.2673 5100
56.4708 5440
56.5923 5780
56.6049 6120
56.8021 6460
56.903 6800
57.2217 7140
57.5071 7480
58.5119 5100
58.9189 5440
58.963 5780
58.9882 6120
59.1539 6460
59.3511 6800
59.605 7140
59.9552 7480
61.2203 5100
61.4237 5440
61.4805 5780
61.4931 6120
61.7029 6460
61.9127 6800
62.1288 4760
62.3322 5100
62.3764 5440
62.4349 5780
62.6446 6120
62.9427 6460
63.2614 6800
63.4127 4760
63.6162 5100
63.6873 5440
63.7629 5780
63.916 6120
64.1825 6460
64.5201 6800
65.4349 4760
66.2489 5100
66.2615 5440
66.3767 5780
66.5865 6120
66.8026 6460
66.8782 4420
67.0817 4760
67.1969 5100
67.2095 5440
67.4067 5780
67.6291 6120
68.0298 6460
70.7066 6800
71.1073 7140
71.2207 4760
71.4242 5100
71.5584 5440
71.571 5780
71.7618 6120
71.9653 6460
72.1751 6800
72.4542 7140
73.0332 4760
73.2367 5100
73.2871 5440
73.3123 5780
73.4906 6120
73.6941 6460
73.9291 6800
74.273 7140
76.5176 4760
76.7211 5100
76.7967 5440
76.8094 5780
77.0002 6120
77.2037 6460
77.4135 6800
77.7511 7140
79.0981 4760
79.3016 5100
79.3601 5440
79.3853 5780
79.5636 6120
79.7671 6460
79.9894 6800
80.1218 4760
80.5288 5100
80.6062 5440
80.6314 5780
80.8349 6120
81.0951 6460
81.439 4420
81.846 4760
81.8838 5100
81.9532 5440
82.1567 5780
82.4628 6120
82.7545 6460
83.2119 4420
83.4154 4760
83.518 5100
83.5432 5440
83.7278 5780
83.9628 6120
84.3509 6460
85.8068 4420
86.0103 4760
86.0544 5100
86.2011 5440
86.4046 5780
86.6144 6120
86.9187 6460
89.6856 6800
89.9773 7140
90.3023 7480
90.5058 7820
90.5436 5440
90.9569 5780
91.001 6120
91.0262 6460
91.2045 6800
91.3639 4760
91.5674 5100
91.643 5440
91.6556 5780
91.8717 6120
92.1463 6460
92.2976 4420
92.5011 4760
92.5785 5100
92.6037 5440
92.7172 3740
92.9206 4080
93.017 4420
93.0863 4760
93.3276 3060
93.5311 3400
93.6526 3740
93.722 4080
93.9381 4420
94.3387 4760
94.7898 3060
95.0059 3400
95.0311 3740
95.1779 4080
95.4192 4420
95.7946 4760
97.8862 3060
98.0897 3400
98.1275 3740
98.2869 2380
98.4904 2720
98.5471 3060
98.7569 3400
99.1134 3740
99.208 2380
99.4115 2720
99.5897 3060
99.7995 3400
100.003 3740
102.705 2380
102.909 2720
102.94 3060
103.15 3400
103.519 3740
104.759 2380
104.962 2720
105.006 3060
105.216 3400
105.573 3740
108.25 2380
108.453 2720
108.644 3060
108.854 3400
109.057 3740
109.483 2380
109.687 2720
109.718 3060
109.928 3400
110.297 3740
111.168 2380
111.371 2720
111.53 3060
111.74 3400
111.969 3740
113.628 2380
113.832 2720
114.004 3060
114.214 3400
114.43 3740
114.83 2380
115.034 2720
115.065 3060
115.275 3400
115.657 3740
116.693 2380
116.897 2720
116.928 3060
117.138 3400
117.501 3740
118.753 2380
118.957 2720
118.995 3060
119.141 3400
119.555 3740
122.269 4080
122.447 2720
122.651 3060
122.689 3400
122.892 3740
123.243 4080
125.963 4420
126.377 4760
126.58 5100
126.79 3400
127.197 3740
127.235 4080
127.394 4420
127.604 4760
128.017 5100
129.448 3400
129.651 3740
129.689 4080
129.855 4420
130.065 4760
130.478 5100
131.095 3400
131.298 3740
131.342 4080
131.502 4420
131.711 4760
132.125 5100
134.432 3400
134.636 3740
134.674 4080
134.795 4420
135.049 4760
135.399 5100
136.492 3400
136.696 3740
136.83 4080
136.862 4420
137.243 3060
137.447 3400
137.497 3740
137.707 4080
138.064 4420
138.884 3060
139.087 3400
139.144 3740
139.354 4080
139.557 2720
139.761 3060
139.792 3400
139.996 3740
140.384 4080
143.105 4420
143.455 4760
143.671 5100
143.766 3400
143.969 3740
144.097 4080
144.135 4420
144.382 4760
144.599 3060
144.802 3400
144.961 3740
144.974 4080
145.209 4420
145.584 4760
148.305 5100
148.719 5440
148.935 5780
149.144 6120
149.239 6460
149.386 6800
149.551 7140
149.64 7480
149.761 7820
149.85 8160
149.971 8500
150.021 8840
150.11 9180
150.193 9520
150.256 6460
150.67 6800
150.726 4760
150.924 5100
151.026 5440
151.039 5780
151.23 6120
151.268 4080
151.471 4420
151.515 4760
151.643 5100
151.853 5440
152.056 5780
152.373 6120
155.094 6460
155.438 6800
155.482 4760
155.686 5100
155.814 5440
155.826 5780
156.017 6120
156.049 4080
156.456 4420
156.506 4760
156.634 5100
156.844 5440
157.047 5780
157.351 3740
157.555 4080
157.683 4420
157.695 4760
157.893 5100
158.102 5440
158.172 3740
158.375 4080
158.528 4420
158.541 4760
158.788 5100
159.151 5440
159.653 3740
160.263 4080
160.276 4420
160.429 4760
160.67 5100
161.046 5440
161.096 3740
161.312 4080
161.465 4420
161.478 4760
161.725 5100
162.088 5440
162.33 3740
162.533 4080
162.571 4420
162.705 4760
162.946 5100
163.322 5440
164.008 3740
164.211 4080
164.358 4420
164.371 4760
164.618 5100
164.828 3400
165.032 3740
165.185 4080
165.204 4420
165.216 4760
165.388 3060
165.592 3400
165.629 3740
165.801 4080
166.005 4420
166.418 4760
169.139 5100
169.164 3400
169.374 3740
169.425 4080
169.552 4420
169.787 4760
170.175 5100
170.276 3400
171.251 340
171.455 11220
171.658 11560
171.702 7820
172.017 8160
172.036 8500
172.049 8840
172.118 9180
172.232 9520
172.358 9860
172.503 10200
172.635 7140
172.868 7480
172.902 7820
172.914 8160
173.015 8500
173.156 8840
173.206 6120
173.416 6460
173.473 6800
173.485 7140
173.607 4760
174.014 5100
174.108 5440
174.123 5780
174.324 6120
174.515 6460
174.725 6800
175.056 7140
175.354 4760
175.761 5100
175.805 5440
175.839 5780
176.009 6120
176.212 6460
176.447 6800
176.798 7140
176.911 4760
177.115 5100
177.242 5440
177.255 5780
177.446 6120
177.649 6460
177.872 6800
178.151 7140
179.112 4760
179.315 5100
179.378 5440
179.391 5780
179.582 6120
179.785 6460
179.995 6800
180.345 7140
181.514 4760
181.717 5100
181.845 5440
181.858 5780
182.049 6120
182.252 6460
182.462 6800
182.754 7140
183.587 4760
183.79 5100
183.918 5440
183.93 5780
184.121 6120
184.325 6460
184.535 6800
184.839 7140
185.177 4760
185.584 5100
185.634 5440
185.659 5780
185.837 6120
186.054 4080
186.257 4420
186.301 4760
186.379 5100
186.588 5440
186.804 3740
187.008 4080
187.046 4420
187.199 4760
187.415 5100
187.816 5440
189.939 3740
190.346 4080
190.383 4420
190.518 4760
190.543 3060
190.746 3400
190.816 3740
190.931 4080
191.16 4420
191.548 4760
193.01 3060
193.824 3400
193.843 2380
194.052 2720
194.224 3060
194.447 3400
195.286 2380
195.489 2720
195.534 3060
195.884 3400
198.617 3740
199.031 4080
199.234 4420
199.297 3060
199.507 3400
199.666 3740
199.876 4080
200.105 4420
201.116 3060
201.319 3400
201.351 3740
201.561 4080
201.936 4420
202.146 3060
202.349 3400
202.381 3740
202.591 4080
202.966 4420
204.225 3060
204.428 3400
204.473 3740
204.682 4080
204.848 2720
205.051 3060
205.114 3400
205.318 3740
205.643 4080
206.488 2720
206.692 3060
206.768 3400
206.78 3740
207.29 4080
208.217 2720
208.421 3060
208.542 3400
208.746 3740
209.037 4080
209.184 2720
209.388 3060
209.451 3400
209.654 3740
209.979 4080
211.549 2720
211.752 3060
211.874 3400
212.077 3740
212.356 4080
212.992 2720
213.195 3060
213.329 3400
213.533 3740
213.799 4080
214.435 2720
214.639 3060
214.785 3400
214.989 3740
215.236 4080
217.945 4420
218.333 4760
218.549 5100
218.746 5440
218.95 5780
219.159 6120
219.185 4080
219.394 4420
219.439 4760
219.573 5100
219.782 5440
219.986 5780
220.297 6120
220.735 4080
221.142 4420
221.251 4760
221.282 5100
221.454 5440
221.702 5780
222.078 6120
222.096 4080
222.51 4420
222.566 4760
222.694 5100
222.904 5440
223.108 5780
223.412 6120
224.27 4080
224.473 4420
224.595 4760
224.626 5100
224.798 5440
225.027 5780
225.415 6120
226.718 4080
226.922 4420
226.972 4760
227.075 5100
227.284 5440
227.335 3740
227.742 4080
227.895 4420
227.907 4760
228.155 5100
228.518 5440
229.808 3740
230.012 4080
230.062 4420
230.184 4760
230.425 5100
230.8 5440
231.233 3740
231.843 4080
231.856 4420
232.04 4760
232.256 5100
232.657 5440
233.725 3740
233.928 4080
233.979 4420
234.119 4760
234.335 5100
234.736 5440
236.223 3740
236.427 4080
236.465 4420
236.618 4760
236.834 5100
237.234 5440
238.575 3740
239.55 340
239.753 10880
239.976 7480
240.463 7820
240.476 8160
240.488 8500
240.589 8840
240.715 9180
240.866 9520
241.024 9860
241.238 6800
241.65 7140
241.708 4760
241.906 5100
241.975 5440
241.994 5780
242.178 6120
242.388 6460
242.445 4420
242.648 4760
242.738 5100
242.795 5440
242.948 5780
243.202 6120
243.571 6460
244.708 4420
244.912 4760
245.046 5100
245.059 5440
245.115 3740
245.319 4080
245.472 4420
245.485 4760
245.732 5100
246.095 5440
247.016 3740
247.22 4080
247.366 4420
247.379 4760
247.627 5100
247.862 3400
248.078 3740
248.231 4080
248.243 4420
248.485 4760
248.847 5100
249.095 3400
249.299 3740
249.336 4080
249.464 4420
249.712 4760
250.087 5100
252.751 3400
252.955 3740
253.012 4080
253.024 4420
253.368 4760
253.769 5100
256.318 3400
256.521 3740
256.662 4080
256.7 4420
256.935 4760
257.279 5100
257.78 3400
257.984 3740
258.124 4080
258.155 4420
258.397 4760
258.741 5100
260.889 3400
261.499 3740
261.512 4080
261.665 4420
261.913 4760
262.257 5100
264.971 5440
265.322 5780
265.588 6120
265.792 6460
265.945 6800
266.077 7140
266.211 7480
266.358 7820
266.415 5440
266.618 5780
266.681 6120
266.694 6460
266.885 6800
267.088 7140
267.298 7480
267.654 7820
269.236 5440
269.44 5780
269.543 6120
269.568 6460
269.759 6800
269.815 4760
270.796 340
271.005 18360
271.227 12580
271.681 12920
271.706 13260
271.719 13600
271.731 13940
271.769 14280
271.858 14620
271.946 14960
272.04 15300
272.148 15640
272.242 15980
272.362 16320
272.501 16660
272.633 17000
272.803 17340
272.999 17680
273.162 12240
273.49 12580
273.503 12920
273.515 13260
273.528 13600
273.591 13940
273.679 14280
273.78 14620
273.881 14960
273.982 15300
274.108 15640
274.247 15980
274.373 16320
274.549 16660
274.638 11560
274.934 11900
274.946 12240
274.959 12580
274.972 12920
275.047 13260
275.15 13600
275.251 13940
275.352 14280
275.478 14620
275.604 14960
275.755 15300
275.906 10540
276.178 10880
276.204 11220
276.217 11560
276.23 11900
276.312 12240
276.427 12580
276.528 8500
276.748 8840
276.813 9180
276.826 9520
276.838 9860
276.939 10200
277.111 10540
277.334 10880
277.449 11220
277.659 11560
277.875 11900
278.026 8160
278.24 8500
278.305 8840
278.318 9180
278.381 6120
278.591 6460
278.647 6800
278.712 7140
278.737 4760
278.947 5100
278.991 5440
279.054 5780
279.207 6120
279.436 6460
279.646 6800
280.021 7140
280.701 4760
281.108 5100
281.192 5440
281.249 5780
281.395 6120
281.599 6460
281.668 4420
281.872 4760
281.916 5100
282.006 5440
282.209 5780
282.419 6120
282.832 6460
283.327 4420
283.531 4760
283.659 5100
283.671 5440
283.869 5780
284.078 6120
284.492 6460
287.143 6800
287.556 7140
287.766 7480
287.97 7820
288.18 8160
288.255 8500
288.383 8840
288.509 9180
288.612 9520
288.713 9860
288.815 10200
288.84 7140
289.05 7480
289.113 7820
289.126 8160
289.203 8500
289.348 8840
289.527 9180
289.736 9520
289.94 6460
290.143 6800
290.206 7140
290.225 7480
290.252 5100
290.456 5440
290.506 5780
290.557 6120
290.716 6460
290.926 6800
291.058 4760
291.262 5100
291.339 5440
291.371 5780
291.568 3740
291.771 4080
291.853 4420
291.878 4760
292.076 5100
292.375 5440
292.591 3740
292.795 4080
292.889 4420
292.986 4760
293.202 5100
293.55 5440
296.233 3740
296.437 4080
296.487 4420
296.64 4760
296.844 5100
297.257 5440
298.357 3740
298.56 4080
298.619 4420
298.738 4760
298.967 5100
299.324 5440
300.914 3740
301.117 4080
301.212 4420
301.321 4760
301.537 5100
301.885 5440
304.6 5780
304.988 6120
305.191 6460
305.401 6800
305.605 7140
305.701 7480
305.72 5100
305.93 5440
306.043 5780
306.056 6120
306.265 4080
306.469 4420
306.515 4760
306.66 5100
306.769 5440
307.079 5780
307.373 6120
307.996 4080
308.212 4420
308.332 3060
308.535 3400
308.6 3740
308.81 4080
309.158 4420
309.261 3060
309.464 3400
309.591 3740
309.8 4080
310.069 4420
312.859 4760
313.133 5100
313.368 5440
313.572 5780
313.738 6120
313.889 6460
314.099 6800
314.124 7140
314.302 7480
314.34 7820
314.506 8160
314.518 8500
314.607 8840
314.709 9180
314.76 9520
314.835 9860
314.919 10200
314.976 10540
315.039 10880
315.129 7480
315.332 7820
315.402 8160
315.414 8500
315.452 8840
315.605 9180
315.731 9520
315.903 9860
316.1 10200
316.342 7140
316.545 7480
316.608 7820
316.641 8160
316.704 8500
316.845 8840
316.946 6120
317.149 6460
317.258 6800
317.271 7140
317.334 7480
317.512 7820
317.697 8160
317.951 8500
318.211 5780
318.414 6120
318.523 6460
318.536 6800
318.599 7140
318.733 4760
318.936 5100
318.987 5440
319.012 5780
319.19 6120
319.394 6460
319.616 6800
319.973 7140
320.233 4760
320.64 5100
320.69 3400
320.888 3740
321.034 4080
321.047 4420
321.313 4760
321.657 5100
322.35 3400
322.553 3740
322.706 4080
322.719 4420
322.96 4760
323.151 3060
323.558 3400
323.59 3740
323.724 4080
323.971 4420
324.34 4760
326.705 3060
326.908 3400
327.055 3740
327.068 4080
327.322 4420
327.678 4760
328.796 3060
329 3400
329.166 3740
329.191 2380
329.394 2720
329.573 3060
329.585 3400
329.992 3740
331.442 2380
331.645 2720
331.677 3060
331.887 3400
332.249 3740
334.494 2380
334.697 2720
334.729 3060
334.939 3400
335.321 3740
336.369 2380
336.573 2720
336.604 3060
336.814 3400
337.171 3740
339.275 2380
339.682 2720
339.822 3060
339.898 2040
340.102 2380
340.28 2720
340.496 3060
340.718 2040
340.922 2380
341.1 2720
341.316 3060
343.357 2040
343.764 2380
343.955 1360
344.159 1700
344.19 2040
344.572 2380
344.813 1360
345.22 1700
345.417 2040
345.621 2380
348.476 1360
348.679 1700
348.889 2040
349.093 2380
349.302 1360
349.506 1700
349.709 2040
349.913 2380
350.937 1360
351.165 1700
351.369 2040
351.572 2380
354.427 2720
354.631 3060
354.853 2040
355.057 2380
355.248 2720
355.457 3060
355.476 2040
355.686 2380
355.871 2720
356.087 3060
357.721 2040
357.924 2380
358.122 2720
358.325 3060
358.369 2040
358.573 2380
358.751 2720
358.967 3060
361.822 2040
362.026 2380
362.216 2720
362.42 3060
365.275 3400
365.491 3740
365.739 4080
365.93 4420
366.102 4760
366.305 5100
366.381 5440
366.515 5780
366.603 6120
366.725 6460
366.8 6800
366.934 7140
366.972 7480
367.144 5100
367.348 5440
367.398 5780
367.423 6120
367.608 6460
367.818 6800
367.893 4760
368.097 5100
368.231 5440
368.244 5780
368.434 6120
368.651 6460
369.051 6800
370.799 4760
371.206 5100
371.244 5440
371.359 3740
371.562 4080
371.619 4420
371.76 4760
371.969 5100
371.988 3400
372.198 3740
372.28 4080
372.383 4420
372.605 4760
373.006 5100
374.862 3400
375.066 3740
375.148 4080
375.25 4420
375.473 4760
375.873 5100
376.719 3400
376.922 3740
377.004 4080
377.107 4420
377.329 4760
377.73 5100
377.831 3400
378.034 3740
378.143 4080
378.231 4420
378.441 4760
378.848 5100
378.867 3400
379.077 3740
379.186 4080
379.261 4420
379.484 4760
379.618 3060
379.821 3400
379.903 3740
380.006 4080
380.235 4420
380.623 4760
383.344 5100
383.661 5440
383.979 5780
384.042 3740
384.252 4080
384.399 4420
384.412 4760
384.609 5100
384.819 5440
385.06 3740
385.276 4080
385.301 4420
385.454 4760
385.683 5100
386.071 5440
387.227 3740
387.431 4080
387.539 4420
387.59 4760
387.838 5100
388.194 5440
388.645 3740
388.849 4080
388.886 4420
389.021 4760
389.268 5100
389.606 5440
391.97 3740
392.174 4080
392.237 4420
392.32 4760
392.593 5100
392.937 5440
394.056 3740
394.462 4080
394.59 4420
394.653 4760
394.869 5100
395.226 5440
395.283 3740
395.486 4080
395.633 4420
395.646 4760
395.893 5100
396.256 5440
396.942 3740
397.146 4080
397.292 4420
397.305 4760
397.553 5100
397.928 3400
398.132 3740
398.169 4080
398.329 4420
398.538 4760
398.952 5100
399.644 3400
399.848 3740
400.001 4080
400.013 4420
