0.0 0
0.104086 3400
0.21126 3740
0.223868 5100
0.230172 5780
0.33061 6800
0.34637 4760
0.676051 5100
0.685507 3400
1.02149 3740
1.10617 2380
1.31965 2720
1.42324 3060
1.4327 2040
1.54259 2380
1.75293 1360
1.85967 1700
2.07315 2040
2.29294 1360
3.39968 340
3.50642 680
3.61317 1020
3.72306 1360
3.9397 680
4.04644 1020
4.25992 1360
5.48286 340
7.20309 680
7.31298 1020
8.06333 680
8.27996 1020
10.1402 340
12.2469 1360
12.3568 1700
12.6802 1020
13.0004 1360
13.2202 1700
13.8733 1020
14.7634 340
14.8701 680
15.0868 1020
15.1935 1360
15.7398 1700
16.0727 1020
16.9596 340
17.0664 1020
17.6032 680
18.0199 1020
18.5599 680
18.6666 1020
19.6336 680
19.7403 1020
21.2772 340
21.6907 680
21.8006 1020
21.9105 1360
22.3437 680
22.4505 1020
22.6671 1360
23.777 340
23.8838 2040
23.9936 2380
24.2103 1360
24.6467 1700
24.8665 1020
25.08 1360
26.193 340
26.6065 680
27.6065 340
31.3267 680
33.1933 340
36.9135 680
37.9135 340
38.327 680
38.4369 1020
38.867 680
39.0836 1020
42.1961 340
42.3028 1700
42.4127 2040
42.532 1360
42.846 1700
43.0594 2040
43.3891 1360
43.4959 1700
43.7031 2040
43.8098 1360
44.0233 1700
44.2399 2040
44.3467 1360
44.4534 1700
44.6732 1020
44.7799 1360
44.9997 680
45.3231 1020
45.5397 1360
47.8553 340
47.962 1700
48.0719 2040
48.0782 2380
48.185 1360
48.2917 1700
48.4989 2040
48.6056 1360
48.8191 1700
49.0484 1020
49.2619 1360
49.5947 1700
49.8145 1020
49.9212 1360
50.2478 1700
50.7941 1020
51.681 340
52.0945 680
52.2044 1020
52.3143 1360
52.4273 1700
52.5372 2040
52.5435 2380
52.6503 1360
52.8638 1700
52.9737 2040
53.3002 1360
53.6204 1700
54.0505 1020
54.1573 1360
54.3771 1700
54.487 1020
54.5937 1360
54.9171 1700
55.2405 1020
55.3472 1360
55.6769 1700
55.7931 1020
56.0066 1360
56.3362 1700
56.5497 1020
56.6565 1360
56.87 680
57.6565 340
58.07 680
58.3767 1020
58.5902 680
58.6969 1020
59.8037 340
60.2171 680
60.5239 1020
60.7405 680
61.1572 1020
62.0174 680
62.1241 1020
62.4475 680
62.5543 1020
65.2581 340
65.3648 1360
65.4747 1700
65.481 2040
65.5846 2380
65.5909 2720
65.7071 3060
66.0305 2040
66.1373 2380
66.3413 1360
67.2471 340
69.3539 3400
69.4701 2380
69.784 2720
69.8061 1700
70.8908 340
70.9975 18020
71.1074 18360
71.1704 12580
72.3312 340
72.4379 3740
72.5447 4760
72.5573 10200
73.5573 340
75.664 10200
75.7708 10540
75.8306 10880
75.887 11220
75.9468 11560
75.9847 11900
77.0883 340
77.195 5100
77.3017 8160
77.3459 5440
78.0741 5780
78.0931 3740
79.1809 340
81.2876 3400
81.3944 3740
82.3944 340
82.5011 3060
82.6205 3400
82.7241 3740
82.9501 4080
83.0506 2720
83.2704 3060
83.3614 3400
83.6032 3740
83.6973 2380
84.1243 2720
84.231 3060
84.2405 2040
85.3504 340
85.4571 2380
85.5639 2720
85.7805 1700
86.6864 340
88.7931 2040
89.7931 340
89.8999 1700
90.0161 1020
90.2232 1360
90.443 680
91.3363 340
91.443 680
92.4123 1020
93.0393 680
93.2527 1020
93.4662 680
93.573 1020
95.3161 340
95.4229 1700
95.6395 2040
95.853 1360
96.7463 340
98.853 2720
99.0791 1700
100.186 340
102.293 3400
102.409 2380
102.735 2720
102.745 1700
103.269 2040
103.278 1360
103.482 1700
103.721 2040
103.837 1360
104.721 340
105.135 680
105.245 1020
106.358 340
106.771 680
107.771 340
108.185 680
108.294 1020
108.511 680
108.618 1020
109.045 680
109.258 1020
110.902 340
112.422 680
112.642 1020
112.965 680
113.179 1020
114.392 340
116.499 680
117.499 340
117.912 680
120.196 340
120.502 680
121.809 340
122.116 680
123.116 340
123.529 680
123.639 1020
124.286 680
124.393 1020
124.716 680
125.823 340
128.236 680
128.786 1020
129.316 680
129.422 1020
130.639 340
130.746 1360
131.286 680
131.499 1020
131.716 1360
131.936 680
132.349 1020
132.563 680
132.669 1020
133.096 680
133.203 1020
134.587 680
134.693 1020
135.554 680
136.233 340
136.647 680
136.954 1020
137.167 680
137.274 1020
139.828 1360
140.368 680
140.582 1020
140.799 680
141.015 1020
142.555 340
148.662 1360
148.772 1700
148.778 2040
148.882 2380
148.888 2720
148.894 3060
149.098 2040
149.318 2380
149.428 2720
149.755 1700
149.861 2040
150.091 1360
150.295 1700
150.621 1020
150.728 1360
151.054 1700
152.054 340
152.161 680
152.268 1020
152.271 1360
152.485 1700
152.491 2040
152.701 1360
153.594 340
153.701 1020
154.357 680
154.464 1020
155.641 680
155.748 1020
157.072 340
157.178 1360
157.294 1700
157.408 2040
157.514 1360
157.621 1700
157.838 2040
157.948 1360
158.161 1700
158.375 2040
158.488 1360
158.915 1700
159.021 1020
159.128 1360
159.345 1700
159.781 1020
159.995 1360
160.221 1700
160.644 1020
160.858 1360
160.977 680
161.084 1020
161.404 1360
161.624 680
161.731 1020
162.054 680
162.161 1020
163.231 680
163.338 1020
164.516 680
164.622 1020
164.836 680
164.943 1020
165.943 340
167.663 680
167.773 1020
167.883 1360
167.989 1700
168.099 2040
168.206 2380
168.322 1360
168.536 1700
168.642 2040
168.749 1360
168.963 1700
169.176 2040
169.283 1360
169.496 1700
169.716 2040
169.936 1360
170.149 1700
170.366 2040
171.138 1360
171.565 1700
171.889 2040
172.008 1360
172.115 1700
172.331 1020
173.218 340
174.739 680
174.849 1020
174.958 1360
175.065 1700
175.291 1020
175.398 1360
175.721 680
175.828 1020
176.151 1360
176.591 680
176.698 1020
177.131 680
177.345 1020
178.451 340
180.558 680
180.775 1020
180.881 1360
181.994 340
182.101 680
183.534 340
183.948 680
184.058 1020
185.171 340
185.278 1700
185.824 2040
185.934 1360
186.041 1700
186.357 2040
186.479 1360
186.693 1700
186.906 2040
187.026 1360
188.016 340
190.123 2040
190.242 1360
190.362 1700
190.572 1020
190.679 1360
190.889 1700
191.002 1020
191.325 1360
191.542 1700
191.652 1020
191.965 1360
192.191 1700
193.054 1020
193.268 1360
193.494 1700
194.15 1020
194.257 1360
194.483 1700
194.81 1020
195.026 1360
195.353 1700
195.579 1020
195.686 1360
196.012 1700
196.122 1020
197.012 340
198.532 680
198.642 1020
198.859 680
198.966 1020
200.816 340
201.229 680
201.339 1020
201.449 1360
202.449 340
208.556 1360
208.672 1700
208.772 2040
208.995 1360
209.888 340
209.995 2720
210.124 3060
210.322 2040
211.428 340
211.535 1020
211.642 4760
211.771 3060
211.991 3400
212.081 2380
212.22 2720
212.295 1700
212.433 2040
212.556 2380
212.873 1360
213.772 340
213.879 1360
213.986 1700
214.209 1020
215.316 340
215.729 680
219.583 340
219.997 680
220.107 1020
220.216 1360
220.33 680
220.436 1020
220.65 1360
221.193 680
221.3 1020
222.413 340
222.519 1700
222.629 2040
222.852 2380
223.069 1360
223.282 1700
223.392 1020
223.499 1360
223.826 1700
223.939 1020
224.045 1360
224.381 1700
224.494 1020
225.381 340
227.488 1700
227.607 2040
227.824 2380
228.141 1360
229.044 340
229.151 4080
230.151 340
230.257 3740
230.471 2380
230.578 2720
230.687 3060
230.838 2040
231.052 2380
231.262 2720
231.589 1700
231.909 2040
232.126 2380
232.232 1360
232.446 1700
232.672 1020
232.779 1360
233.885 340
236.299 680
236.409 1020
236.519 1360
236.625 1700
236.839 1020
236.946 1360
237.159 680
237.266 1020
237.589 1360
238.249 680
238.355 1020
238.679 1360
239.755 680
240.861 340
241.275 680
241.385 1020
241.495 1360
241.608 680
241.821 1020
242.035 1360
242.798 680
242.904 1020
243.324 1360
243.541 680
244.324 340
244.431 1020
244.648 1360
244.654 1700
244.98 2040
245.32 2380
245.429 1360
245.753 1700
245.866 1020
246.079 1360
246.406 1700
246.522 1020
246.629 1360
246.855 680
247.739 340
250.152 680
250.459 1020
250.672 680
251.086 1020
251.303 680
252.086 340
252.499 680
253.609 340
256.023 680
257.329 340
257.436 1360
258.315 680
258.992 340
259.099 1020
259.428 680
259.535 1020
259.962 680
260.069 1020
261.179 340
261.592 680
261.702 1020
262.132 1360
262.349 680
262.562 1020
262.776 1360
263.206 680
263.992 340
264.406 680
266.163 340
268.576 680
270.113 340
270.526 680
270.636 1020
271.176 680
271.283 1020
272.396 340
272.503 1700
272.726 2040
273.052 1360
273.269 1700
273.489 1020
273.596 1360
273.812 1700
273.922 1020
274.029 1360
274.252 1700
275.258 340
275.365 1360
276.365 340
278.085 680
278.195 1020
278.521 680
278.628 1020
279.809 680
279.915 1020
282.573 1360
282.899 1700
283.015 1020
284.122 340
284.229 1020
284.339 1360
284.449 1700
284.562 1020
285.449 340
285.862 680
285.972 1020
286.189 1360
286.405 680
286.619 1020
286.832 1360
288.374 680
289.264 340
289.678 680
289.787 1020
289.897 1360
290.117 680
290.224 1020
291.337 340
291.444 1020
291.554 1360
291.993 680
292.1 1020
293.21 340
293.317 680
293.533 1020
294.643 340
295.057 680
296.046 1020
297.046 340
303.152 680
304.903 340
305.316 680
305.756 1020
306.866 340
306.972 1700
307.296 1020
308.403 340
308.816 680
309.816 340
312.229 680
313.339 340
319.753 680
321.083 340
323.496 680
323.716 1020
324.826 340
327.132 680
328.439 340
328.853 680
329.853 340
333.573 680
334.88 340
335.293 680
336.293 340
336.707 680
338.137 340
340.55 680
341.77 340
342.183 680
343.183 340
343.597 680
344.817 340
345.23 680
345.45 1020
346.303 680
346.41 1020
346.843 680
347.523 340
347.936 680
349.266 340
350.986 680
351.206 1020
353.379 340
353.486 1360
353.602 1700
353.718 1020
353.825 1360
354.042 1700
354.381 1020
354.594 1360
355.594 340
359.315 680
359.621 1020
359.835 680
359.942 1020
361.792 340
371.312 680
371.532 1020
373.175 340
373.282 1360
373.495 680
373.602 1020
373.822 1360
374.145 680
374.822 340
376.929 1020
377.152 680
377.362 1020
377.792 680
377.899 1020
378.542 680
378.649 1020
379.866 340
380.279 680
380.389 1020
380.499 1360
380.942 1700
381.366 1020
381.686 1360
381.909 1700
382.669 1020
382.775 1360
382.995 1700
383.315 1020
383.995 340
384.102 1700
384.315 2040
384.432 1360
384.541 1700
384.742 2040
384.978 1360
385.085 1700
385.301 1020
385.408 1360
385.625 1700
385.844 1020
386.735 340
387.148 680
388.148 340
388.561 680
389.561 340
389.975 680
390.085 1020
390.301 680
390.408 1020
391.689 680
391.903 1020
392.436 680
392.543 1020
392.76 680
392.866 1020
394.187 340
394.293 680
395.4 340
395.814 680
395.924 1020
396.033 1360
396.14 1700
396.893 1020
397.786 340
397.893 2040
398.015 2380
398.128 1360
398.235 1700
398.345 2040
398.671 1360
399.205 1700
399.425 1020
399.638 1360
399.855 1700
399.965 1020
