0.0 0
0.508698 3400
1.02357 3740
1.03618 4420
1.04879 5100
1.0614 5780
1.074 6460
1.28031 6800
1.54389 7480
1.55649 8160
1.5691 8840
1.58171 9520
1.59432 10200
1.60693 10880
1.61953 11560
1.63214 12240
1.64475 12920
1.80062 13600
2.0642 14280
2.07681 14960
2.08942 15640
2.10202 16320
2.11463 17000
2.12724 17680
2.13985 18360
2.15246 19040
2.16506 19720
2.17767 20400
2.19028 21080
2.20289 21760
2.2155 22440
2.2281 23120
2.24071 23800
2.25332 24480
2.26593 25160
2.27854 25840
2.32094 26520
2.33354 27200
2.58451 27880
2.59712 28560
2.60973 29240
2.62234 29920
2.63495 30600
2.64755 31280
2.66016 31960
2.67277 32640
2.68538 33320
2.69799 34000
2.71059 34680
2.7232 35360
2.73581 36040
2.74842 36720
2.76103 37400
2.77363 38080
2.78624 38760
2.79885 39440
2.81146 40120
2.82407 40800
2.83667 41480
2.84928 42160
2.86189 42840
2.8745 43520
2.88711 44200
2.89971 44880
2.91232 45560
2.92493 46240
2.93754 46920
2.95015 47600
2.96275 48280
2.97536 48960
2.98797 49640
3.00058 50320
3.01319 51000
3.02579 51680
3.0384 52360
3.05101 53040
3.06362 53720
3.07623 54400
3.10483 55080
3.11744 55760
3.13004 56440
3.14265 57120
3.15526 57800
3.16787 58480
3.18048 59160
3.19308 59840
3.20569 60520
3.2183 61200
3.23091 61880
3.24352 62560
3.25612 63240
3.26873 63920
3.28134 64600
3.29395 65280
3.30656 65960
3.31916 66640
3.33177 67320
3.34438 68000
3.35699 68680
3.3696 69360
3.3822 70040
3.39481 70720
3.40742 71400
3.42003 72080
3.43264 72760
3.44524 73440
3.45785 74120
3.47046 74800
3.48307 75480
3.49568 76160
3.50828 76840
3.52089 77520
3.5335 78200
3.54611 78880
3.55872 79560
3.57132 80240
3.58393 80920
3.59654 81600
3.60915 82280
3.62176 82960
3.63436 83640
3.64697 84320
3.65958 85000
3.67219 85680
3.6848 86360
3.6974 87040
3.71001 87720
3.72262 88400
3.73523 89080
3.74784 89760
3.76044 90440
3.77305 91120
3.78566 91800
3.79827 92480
3.81088 93160
3.82348 93840
3.83609 94520
3.8487 95200
3.86131 95880
3.87392 96560
3.88652 97240
3.89913 97920
3.91174 98600
3.92435 99280
3.93696 99960
3.94956 100640
3.96217 101320
3.97478 102000
3.98739 102680
4 103360
4.0126 104040
4.02521 104720
4.03782 105400
4.05043 106080
4.06304 106760
4.07564 107440
4.08825 108120
4.10086 108800
4.11347 109480
4.12608 110160
4.13868 110840
4.15129 111520
4.1639 112200
4.17651 112880
4.18912 113560
4.20172 114240
4.21433 114920
4.22694 115600
4.23955 116280
4.25216 116960
4.26476 117640
4.27737 118320
4.28998 119000
4.30259 119680
4.3152 120360
4.3278 121040
4.34041 121720
4.35302 122400
4.36563 123080
4.37824 123760
4.39084 124440
4.40345 125120
4.41606 125800
4.42867 126480
4.44128 127160
4.45388 127840
4.46649 128520
4.4791 129200
4.49171 129880
4.50432 130560
4.51692 131240
4.52953 131920
4.54214 132600
4.55475 133280
4.56736 133960
4.57996 134640
4.59257 135320
4.60518 136000
4.61779 136680
4.6304 137360
4.643 138040
4.65561 138720
4.66822 139400
4.68083 140080
4.69344 140760
4.70604 141440
4.71865 142120
4.73126 142800
4.74387 143480
4.75648 144160
4.76908 144840
4.78169 145520
4.7943 146200
4.80691 146880
4.81952 147560
4.83212 148240
4.84473 148920
4.85734 149600
4.86995 150280
4.88256 150960
4.89516 151640
4.90777 152320
4.92038 153000
4.93299 153680
4.9456 154360
4.9582 155040
4.97081 155720
4.98342 156400
4.99603 157080
5.00864 157760
5.02124 158440
5.03385 159120
5.04646 159800
5.05907 160480
5.07168 161160
5.08428 161840
5.09689 162520
5.1095 163200
5.12211 163880
5.13472 164560
5.14732 165240
5.15993 165920
5.17254 166600
5.18515 167280
5.19776 167960
5.21036 168640
5.22297 169320
5.23558 170000
5.24819 170680
5.2608 171360
5.2734 172040
5.28601 172720
5.29862 173400
5.31123 174080
5.32384 174760
5.33644 175440
5.34905 176120
5.36166 176800
5.37427 177480
5.39318 124100
8.82979 340
9.01798 1360
9.53199 1700
9.53829 2720
10.046 3060
10.0523 4080
10.0712 4420
10.0775 5440
10.56 5780
10.5663 6800
10.5852 7140
10.5915 8160
10.6104 8500
10.6167 9520
10.6357 9860
10.642 10880
11.074 11220
11.0803 12240
11.0992 12580
11.1055 13600
11.1245 13940
11.1308 14960
11.1497 15300
11.156 16320
11.1749 16660
11.1812 17680
11.2001 18020
11.2064 19040
11.2253 19380
11.2316 20400
11.2505 20740
11.2568 21760
11.588 22100
11.5943 23120
11.6132 23460
11.6196 24480
11.6385 24820
11.6448 25840
11.6637 26180
11.67 27200
11.6889 27540
11.6952 28560
11.7141 28900
11.7204 29920
11.7393 30260
11.7456 31280
11.7645 31620
11.7708 32640
11.7898 32980
11.7961 34000
11.815 34340
11.8213 35360
11.8402 35700
11.8465 36720
11.8654 37060
11.8717 38080
11.8906 38420
11.8969 39440
11.9158 39780
11.9221 40800
11.9411 41140
11.9474 42160
11.9663 42500
11.9726 43520
12.102 43860
12.1083 44880
12.1273 45220
12.1336 46240
12.1525 46580
12.1588 47600
12.1777 47940
12.184 48960
12.2029 49300
12.2092 50320
12.2281 50660
12.2344 51680
12.2533 52020
12.2596 53040
12.2786 53380
12.2849 54400
12.3038 54740
12.3101 55760
12.329 56100
12.3353 57120
12.3542 57460
12.3605 58480
12.3794 58820
12.3857 59840
12.4046 60180
12.4109 61200
12.4298 61540
12.4362 62560
12.4551 62900
12.4614 63920
12.4803 64260
12.4866 65280
12.5055 65620
12.5118 66640
12.5307 66980
12.537 68000
12.5559 68340
12.5622 69360
12.5811 69700
12.5874 70720
12.6064 71060
12.6127 72080
12.6316 72420
12.6379 73440
12.6568 73780
12.6631 74800
12.682 75140
12.6883 76160
12.7072 76500
12.7135 77520
12.7324 77860
12.7387 78880
12.7577 79220
12.764 80240
12.7829 80580
12.7892 81600
12.8081 81940
12.8144 82960
12.8333 83300
12.8396 84320
12.8585 84660
12.8648 85680
12.8837 86020
12.89 87040
13.0161 87380
13.1422 87720
13.2683 88060
13.3944 88400
13.5204 88740
13.6465 89080
13.7726 89420
13.8987 89760
14.0248 90100
14.1508 90440
14.2769 90780
14.403 91120
14.5291 91460
14.5732 63920
17.9846 340
18.4628 680
19.1373 1020
19.1436 1360
19.6513 1700
19.6576 2040
19.6639 2380
19.6702 2720
20.1653 3060
20.1716 3400
20.1779 3740
20.1842 4080
20.1905 4420
20.1968 4760
20.2031 5100
20.2095 5440
20.6793 5780
20.6856 6120
20.6919 6460
20.6982 6800
20.7046 7140
20.7109 7480
20.7172 7820
20.7235 8160
20.7298 8500
20.7361 8840
20.7424 9180
20.7487 9520
20.755 9860
20.7613 10200
20.7676 10540
20.7739 10880
21.1933 11220
21.1996 11560
21.206 11900
21.2123 12240
21.2186 12580
21.2249 12920
21.2312 13260
21.2375 13600
21.2438 13940
21.2501 14280
21.2564 14620
21.2627 14960
21.269 15300
21.2753 15640
21.2816 15980
21.2879 16320
21.2942 16660
21.3005 17000
21.3068 17340
21.3131 17680
21.3194 18020
21.3257 18360
21.332 18700
21.3383 19040
21.3446 19380
21.3509 19720
21.3572 20060
21.3636 20400
21.3699 20740
21.3762 21080
21.3825 21420
21.3888 21760
21.7074 22100
21.7137 22440
21.72 22780
21.7263 23120
21.7326 23460
21.7389 23800
21.7452 24140
21.7515 24480
21.7578 24820
21.7641 25160
21.7704 25500
21.7767 25840
21.783 26180
21.7893 26520
21.7956 26860
21.8019 27200
21.8082 27540
21.8145 27880
21.8208 28220
21.8271 28560
21.8334 28900
21.8397 29240
21.846 29580
21.8523 29920
21.8587 30260
21.865 30600
21.8713 30940
21.8776 31280
21.8839 31620
21.8902 31960
21.8965 32300
21.9028 32640
21.9091 32980
21.9154 33320
21.9217 33660
21.928 34000
21.9343 34340
21.9406 34680
21.9469 35020
21.9532 35360
21.9595 35700
21.9658 36040
21.9721 36380
21.9784 36720
21.9847 37060
21.991 37400
21.9973 37740
22.0036 38080
22.0099 38420
22.0163 38760
22.0226 39100
22.0289 39440
22.0352 39780
22.0415 40120
22.0478 40460
22.0541 40800
22.0604 41140
22.0667 41480
22.073 41820
22.0793 42160
22.0856 42500
22.0919 42840
22.0982 43180
22.1045 43520
22.2214 43860
22.2277 44200
22.234 44540
22.3537 44880
22.4798 45220
22.6059 45560
22.732 45900
22.8581 46240
22.9841 46580
23.1039 32300
25.7525 340
26.0983 680
27.1448 1020
27.1511 1360
27.6588 1700
27.6651 2040
27.6714 2380
27.6777 2720
28.1728 3060
28.1791 3400
28.1854 3740
28.1917 4080
28.198 4420
28.6868 3060
29.0381 3400
29.2324 3740
29.245 4080
29.2576 4420
31.0942 4760
31.3136 5100
31.6082 5440
31.8024 5780
31.9222 6120
32.329 6460
32.3731 6800
32.6362 7140
32.6614 7480
32.8556 7820
32.9061 8160
33.6768 8500
33.871 8840
33.9782 9180
34.1971 9520
34.3914 9860
34.4166 10200
34.4796 10540
34.5237 10880
34.7111 11220
34.7364 11560
34.9117 11900
34.9243 12240
34.9495 12580
34.9747 12920
35.0251 13260
35.0504 13600
35.2315 13940
35.2441 14280
35.2693 14620
35.432 14960
35.4446 15300
35.4698 15640
35.495 15980
35.5076 16320
35.5329 16660
35.5581 17000
35.5959 17340
35.7518 17680
35.7644 18020
35.777 18360
35.8022 18700
35.946 19040
35.9586 19380
35.9838 19720
35.9964 20060
36.0216 20400
36.0469 20740
36.0721 21080
36.0973 21420
36.1225 21760
36.1477 22100
36.1729 22440
36.2658 22780
36.291 23120
36.3162 23460
36.3414 23800
36.46 24140
36.4726 24480
36.4852 24820
36.5104 25160
36.5231 25500
36.5483 25840
36.5735 26180
36.5987 26520
36.6239 26860
36.6491 27200
36.6743 27540
36.6996 27880
36.7248 28220
36.75 28560
36.7861 28900
36.8113 29240
36.8365 29580
36.8617 29920
36.887 30260
36.9803 30600
36.9929 30940
37.0055 31280
37.0308 31620
37.056 31960
37.0686 32300
37.0938 32640
37.1064 32980
37.1316 33320
37.1568 33660
37.1821 34000
37.2073 34340
37.2325 34680
37.2577 35020
37.2829 35360
37.3081 35700
37.3333 36040
37.3586 36380
37.3712 36720
37.3964 37060
37.4216 37400
37.4468 37740
37.472 38080
37.4973 38420
37.5225 38760
37.5351 39100
37.5603 39440
37.5855 39780
37.6107 40120
37.6233 40460
37.6485 40800
37.6738 41140
37.699 41480
37.7116 41820
37.7368 42160
37.7494 42500
37.7746 42840
37.7998 43180
37.8125 43520
37.8377 43860
37.8629 44200
37.8755 44540
37.9007 44880
37.9259 45220
37.9385 45560
37.9637 45900
37.9764 46240
38.0016 46580
38.0142 46920
38.0394 47260
38.052 47600
38.0772 47940
38.1024 48280
38.115 48620
38.1277 48960
38.1529 49300
38.1781 49640
38.1907 49980
38.2033 50320
38.2285 50660
38.2411 51000
38.2663 51340
38.2789 51680
38.3042 52020
38.3168 52360
38.342 52700
38.3546 53040
38.3798 53380
38.3924 53720
38.4176 54060
38.4302 54400
38.4555 54740
38.4681 55080
38.4933 55420
38.5059 55760
38.5311 56100
38.5437 56440
38.5689 56780
38.5815 57120
38.6068 57460
38.6194 57800
38.6446 58140
38.6572 58480
38.6824 58820
38.695 59160
38.7202 59500
38.7328 59840
38.7581 60180
38.7707 60520
38.7959 60860
38.8085 61200
38.8337 61540
38.8463 61880
38.8715 62220
38.8841 62560
38.9093 62900
38.922 63240
38.9472 63580
38.9598 63920
38.985 64260
38.9976 64600
39.0228 64940
39.0354 65280
39.0606 65620
39.0733 65960
39.0985 66300
39.1111 66640
39.1363 66980
39.1489 67320
39.1741 67660
39.1867 68000
39.2119 68340
39.2245 68680
39.2498 69020
39.2624 69360
39.2876 69700
39.3002 70040
39.3254 70380
39.338 70720
39.3632 71060
39.3758 71400
39.4011 71740
39.4137 72080
39.4389 72420
39.4515 72760
39.4641 73100
39.4893 73440
39.5019 73780
39.5145 74120
39.5271 74460
39.5397 74800
39.5524 75140
39.565 75480
39.5902 75820
39.6028 76160
39.6154 76500
39.628 76840
39.6406 77180
39.6532 77520
39.6658 77860
39.6784 78200
39.691 78540
39.7037 78880
39.7289 79220
39.7415 79560
39.7541 79900
39.7667 80240
39.7793 80580
39.7919 80920
39.8045 81260
39.8171 81600
39.8297 81940
39.8423 82280
39.8549 82620
39.8676 82960
39.8802 83300
39.8928 83640
39.9054 83980
39.918 84320
39.9306 84660
39.9558 85000
39.9684 85340
39.981 85680
39.9936 86020
40.0062 86360
40.0189 86700
40.0315 87040
40.0441 87380
40.0567 87720
40.0693 88060
40.0819 88400
40.0945 88740
40.1071 89080
40.1197 89420
40.1323 89760
40.1449 90100
40.1575 90440
40.1701 90780
40.1828 91120
40.1954 91460
40.208 91800
40.2206 92140
40.2332 92480
40.2458 92820
40.2584 93160
40.271 93500
40.2836 93840
40.2962 94180
40.3088 94520
40.3214 94860
40.3341 95200
40.3467 95540
40.3593 95880
40.3719 96220
40.3845 96560
40.3971 96900
40.4097 97240
40.4223 97580
40.4349 97920
40.4475 98260
40.4601 98600
40.4727 98940
40.4853 99280
40.498 99620
40.5106 99960
40.5232 100300
40.5358 100640
40.5484 100980
40.561 101320
40.5736 101660
40.5862 102000
40.5988 102340
40.6114 102680
40.624 103020
40.6366 103360
40.6493 103700
40.6619 104040
40.6745 104380
40.6871 104720
40.6997 105060
40.7123 105400
40.7249 105740
40.7375 106080
40.7501 106420
40.7627 106760
40.7753 107100
40.7879 107440
40.8005 107780
40.8132 108120
40.8258 108460
40.8384 108800
40.851 109140
40.8636 109480
40.8762 109820
40.8888 110160
40.9014 110500
40.914 110840
40.9266 111180
40.9392 111520
40.9518 111860
40.9645 112200
40.9771 112540
40.9897 112880
41.0023 113220
41.0149 113560
41.0275 113900
41.0401 114240
41.0527 114580
41.0653 114920
41.0779 115260
41.0905 115600
41.1031 115940
41.1157 116280
41.1284 116620
41.141 116960
41.1536 117300
41.1662 117640
41.1788 117980
41.1914 118320
41.204 118660
41.2166 119000
41.2292 119340
41.2418 119680
41.2544 120020
41.267 120360
41.2797 120700
41.2923 121040
41.3049 121380
41.3175 121720
41.3301 122060
41.3427 122400
41.3553 122740
41.3679 123080
41.3805 123420
41.3931 123760
41.4057 124100
41.4183 124440
41.4309 124780
41.4436 125120
41.4562 125460
41.4688 125800
41.4814 126140
41.494 126480
41.5066 126820
41.5192 127160
41.5318 127500
41.5444 127840
41.557 128180
41.5696 128520
41.5822 128860
41.5949 129200
41.6075 129540
41.6201 129880
41.6327 130220
41.6453 130560
41.6579 130900
41.6705 131240
41.6831 131580
41.6957 131920
41.7083 132260
41.7209 132600
41.7335 132940
41.7525 92820
45.133 340
45.2007 1360
46.0581 2380
46.077 3400
46.5847 4420
46.6036 5440
46.6225 6460
46.6414 7480
47.1113 8500
47.1302 9520
47.1491 10540
47.1681 11560
47.187 12580
47.2059 13600
47.2248 14620
47.2437 15640
47.6379 16660
47.6569 17680
47.6758 18700
47.6947 19720
47.7136 20740
47.7325 21760
47.7514 22780
47.7703 23800
47.7892 24820
47.8081 25840
47.8271 26860
47.846 27880
47.8649 28900
47.8838 29920
47.9027 30940
47.9216 31960
48.1646 32980
48.1835 34000
48.2024 35020
48.2213 36040
48.2402 37060
48.2591 38080
48.278 39100
48.2969 40120
48.3159 41140
48.3348 42160
48.3537 43180
48.3726 44200
48.3915 45220
48.4104 46240
48.4293 47260
48.4482 48280
48.4672 49300
48.4861 50320
48.505 51340
48.5239 52360
48.5428 53380
48.5617 54400
48.5806 55420
48.5995 56440
48.6184 57460
48.6374 58480
48.6563 59500
48.6752 60520
48.6941 61540
48.713 62560
48.7319 63580
48.7508 64600
48.7697 65620
48.8832 65960
49.0156 66300
49.148 66640
49.2615 66980
49.3938 67320
49.5262 67660
49.6397 68000
49.7721 68340
49.9045 68680
50.0179 47940
53.0202 340
54.1597 680
54.6737 1020
54.68 1360
55.1877 1700
55.194 2040
55.2003 2380
55.2066 2720
55.7017 3060
55.708 3400
55.7143 3740
55.7206 4080
55.7269 4420
55.7332 4760
55.7395 5100
55.7458 5440
56.2157 5780
56.222 6120
56.2283 6460
56.2346 6800
56.2409 7140
56.2472 7480
56.2535 7820
56.2598 8160
56.2661 8500
56.2724 8840
56.2787 9180
56.285 9520
56.2914 9860
56.2977 10200
56.304 10540
56.3103 10880
56.7297 11220
56.736 11560
56.7423 11900
56.7486 12240
56.7549 12580
56.7612 12920
56.7675 13260
56.7738 13600
56.7801 13940
56.7864 14280
56.7928 14620
56.7991 14960
56.8054 15300
56.8117 15640
56.818 15980
56.8243 16320
56.8306 16660
56.8369 17000
56.8432 17340
56.8495 17680
56.8558 18020
56.8621 18360
56.8684 18700
56.8747 19040
56.881 19380
56.8873 19720
56.8936 20060
56.8999 20400
56.9062 20740
56.9125 21080
56.9188 21420
56.9251 21760
57.2437 22100
57.25 22440
57.2563 22780
57.2626 23120
57.2689 23460
57.2752 23800
57.2815 24140
57.2879 24480
57.2942 24820
57.3005 25160
57.3068 25500
57.3131 25840
57.3194 26180
57.3257 26520
57.332 26860
57.3383 27200
57.3446 27540
57.3509 27880
57.3572 28220
57.3635 28560
57.3698 28900
57.3761 29240
57.3824 29580
57.3887 29920
57.395 30260
57.4013 30600
57.4076 30940
57.4139 31280
57.4202 31620
57.4265 31960
57.4328 32300
57.4391 32640
57.4455 32980
57.4518 33320
57.4896 33660
57.6157 34000
57.8649 23800
59.1131 24140
59.132 24480
59.1446 24820
59.1572 25160
59.1698 25500
59.1824 25840
59.195 26180
59.2077 26520
59.2203 26860
59.2329 27200
59.2455 27540
59.2833 27880
59.3211 28220
59.3589 28560
59.3968 28900
59.4472 29240
59.4976 29580
59.5607 29920
59.6741 30260
59.7876 30600
59.9263 30940
60.065 31280
60.2163 31620
60.3487 31960
60.5189 32300
60.7332 32640
61.0169 32980
61.4077 33320
61.9121 33660
63.0405 34000
63.6141 34340
63.9924 34680
64.2635 35020
64.4967 35360
64.6921 35700
64.8686 36040
65.0199 36380
65.1523 36720
65.2784 37060
65.3477 37400
65.4738 37740
65.5747 38080
65.6629 38420
65.7701 38760
65.8521 39100
65.9466 39440
66.016 39780
66.0853 40120
66.1673 40460
66.2366 40800
66.3123 41140
66.369 41480
66.4509 41820
66.5077 42160
66.5644 42500
66.6149 42840
66.6716 43180
66.722 43520
66.7725 43860
66.8229 44200
66.8796 44540
66.9301 44880
66.9805 45220
67.0309 45560
67.0687 45900
67.1192 46240
67.1633 46580
67.2074 46920
67.2516 47260
67.2894 47600
67.3398 47940
67.3839 48280
67.4281 48620
67.4596 48960
67.51 49300
67.5478 49640
67.592 49980
67.6235 50320
67.6802 50660
67.7244 51000
67.7559 51340
67.7811 51680
67.8315 52020
67.8567 52360
67.8757 52700
67.9198 53040
67.945 53380
67.9828 53720
68.008 54060
68.0396 54400
68.0648 54740
68.0837 55080
68.1341 55420
68.1593 55760
68.2035 56100
68.235 56440
68.2728 56780
68.3232 57120
68.3611 57460
68.3926 57800
68.4178 58140
68.4493 58480
68.4934 58820
68.525 59160
68.5502 59500
68.5943 59840
68.6195 60180
68.6573 60520
68.6826 60860
68.7078 61200
68.7456 61540
68.7771 61880
68.8023 62220
68.8276 62560
68.8591 62900
68.8969 63240
68.9221 63580
68.9599 63920
68.9852 64260
69.0167 64600
69.0545 64940
69.086 65280
69.1175 65620
69.1491 65960
69.168 66300
69.1995 66640
69.2373 66980
69.2688 67320
69.3004 67660
69.3256 68000
69.3382 68340
69.3697 68680
69.3886 69020
69.4012 69360
69.4264 69700
69.4453 70040
69.458 70380
69.4832 70720
69.4958 71060
69.521 71400
69.5525 71740
69.5651 72080
69.584 72420
69.6093 72760
69.6282 73100
69.6408 73440
69.6597 73780
69.6786 74120
69.6975 74460
69.7101 74800
69.7227 75140
69.7353 75480
69.7605 75820
69.7732 76160
69.7921 76500
69.8173 76840
69.8299 77180
69.8425 77520
69.8551 77860
69.8803 78200
69.8929 78540
69.9055 78880
69.9181 79220
69.9497 79560
69.9623 79900
69.9749 80240
69.9875 80580
70.0001 80920
70.0253 81260
70.0379 81600
70.0568 81940
70.0694 82280
70.101 82620
70.1136 82960
70.1262 83300
70.1451 83640
70.164 83980
70.1766 84320
70.2081 84660
70.2207 85000
70.2333 85340
70.246 85680
70.2586 86020
70.2712 86360
70.2838 86700
70.309 87040
70.3216 87380
70.3342 87720
70.3468 88060
70.3594 88400
70.3783 88740
70.3973 89080
70.4099 89420
70.4225 89760
70.454 90100
70.4666 90440
70.4792 90780
70.4981 91120
70.5107 91460
70.5233 91800
70.5359 92140
70.5485 92480
70.5612 92820
70.5738 93160
70.5864 93500
70.6053 93840
70.6242 94180
70.6368 94520
70.6494 94860
70.6809 95200
70.6935 95540
70.7125 95880
70.7251 96220
70.7377 96560
70.7503 96900
70.7629 97240
70.7755 97580
70.7881 97920
70.8007 98260
70.8133 98600
70.8259 98940
70.8448 99280
70.8574 99620
70.8701 99960
70.8827 100300
70.8953 100640
70.9079 100980
70.9205 101320
70.9331 101660
70.9457 102000
70.9646 102340
70.9835 102680
71.0024 103020
71.015 103360
71.034 103700
71.0466 104040
71.0592 104380
71.0718 104720
71.0844 105060
71.097 105400
71.1096 105740
71.1222 106080
71.1411 106420
71.1537 106760
71.1789 107100
71.1979 107440
71.2105 107780
71.2294 108120
71.242 108460
71.2546 108800
71.2672 109140
71.2798 109480
71.2924 109820
71.305 110160
71.3176 110500
71.3302 110840
71.3429 111180
71.3555 111520
71.3681 111860
71.3807 112200
71.3933 112540
71.4059 112880
71.4185 113220
71.4311 113560
71.4437 113900
71.4563 114240
71.4689 114580
71.4815 114920
71.4941 115260
71.5068 115600
71.5194 115940
71.5383 80920
74.8607 340
75.1757 1360
75.8817 3740
76.3957 4760
76.4147 5780
76.4336 6800
76.4525 8500
76.9287 9520
76.9476 11560
76.9854 12920
77.0106 14620
77.0421 17680
77.4553 19040
77.4805 20740
77.512 21760
77.5309 22780
77.5498 23800
77.5688 24820
77.5877 26520
77.6192 27540
77.6381 28560
77.657 29580
77.6759 30600
77.6948 33660
77.7516 34680
77.7705 37400
78.0071 38420
78.026 40460
78.0639 41480
78.0828 42500
78.1017 43520
78.1206 44540
78.1395 45560
78.1584 46580
78.1773 48620
78.2151 50320
78.2467 52700
78.2908 54740
78.3286 55760
78.3475 56780
78.4799 57120
78.5934 57460
78.7195 57800
78.8519 58140
78.9716 58480
79.104 58820
79.2364 59160
79.3499 59500
79.4444 41480
82.2184 340
82.3695 680
83.542 1020
83.5483 1360
84.056 1700
84.0623 2040
84.0686 2380
84.075 2720
84.57 3060
84.5764 3400
84.5827 3740
84.589 4080
84.5953 4420
84.6016 4760
84.6079 5100
84.6142 5440
85.0841 5780
85.0904 6120
85.0967 6460
85.103 6800
85.1093 7140
85.1156 7480
85.1219 7820
85.1282 8160
85.1345 8500
85.1408 8840
85.1471 9180
85.1534 9520
85.1597 9860
85.166 10200
85.1723 10540
85.1786 10880
85.5981 11220
85.6044 11560
85.6107 11900
85.617 12240
85.6233 12580
85.6296 12920
85.6359 13260
85.6422 13600
85.6485 13940
85.6548 14280
85.6611 14620
85.6674 14960
85.6737 15300
85.68 15640
85.6863 15980
85.6926 16320
85.6989 16660
85.7052 17000
85.7115 17340
85.7178 17680
85.7241 18020
85.7305 18360
85.7368 18700
85.7431 19040
85.7494 19380
85.7557 19720
85.762 20060
85.7683 20400
85.7746 20740
85.7809 21080
85.7872 21420
85.7935 21760
86.1121 22100
86.1184 22440
86.1247 22780
86.131 23120
86.1373 23460
86.1436 23800
86.1499 24140
86.1562 24480
86.1625 24820
86.1688 25160
86.1751 25500
86.1814 25840
86.1877 26180
86.194 26520
86.2003 26860
86.2066 27200
86.2129 27540
86.2192 27880
86.2256 28220
86.2319 28560
86.2382 28900
86.2886 20060
87.4645 20400
87.4771 20740
87.4897 21080
87.5023 21420
87.515 21760
87.5276 22100
87.5402 22440
87.5528 22780
87.5654 23120
87.6032 23460
87.6284 23800
87.6663 24140
87.7041 24480
87.7545 24820
87.8049 25160
87.8995 25500
88.013 25840
88.1391 26180
88.2777 26520
88.4164 26860
88.5488 27200
88.7253 27540
88.9523 27880
89.2801 28220
89.6961 28560
90.6354 28900
91.5684 29240
91.8269 29580
92.0475 29920
92.3879 30260
92.6464 30600
92.8166 30940
92.9805 31280
93.1381 31620
93.2705 31960
93.4029 32300
93.5164 32640
93.6235 32980
93.7181 33320
93.8063 33660
93.882 34000
93.9639 34340
94.0459 34680
94.1089 35020
94.1846 35360
94.2602 35700
94.3233 36040
94.3989 36380
94.4557 36720
94.525 37060
94.5943 37400
94.6574 37740
94.7015 38080
94.7583 38420
94.8087 38760
94.8717 39100
94.9095 39440
94.9663 39780
95.0104 40120
95.0608 40460
95.1239 40800
95.1617 41140
95.2058 41480
95.2437 41820
95.2941 42160
95.3256 42500
95.376 42840
95.4202 43180
95.458 43520
95.5021 43860
95.5463 44200
95.5904 44540
95.6219 44880
95.6723 45220
95.7102 45560
95.748 45900
95.7984 46240
95.8425 46580
95.8804 46920
95.9056 47260
95.9308 47600
95.9749 47940
96.0064 48280
96.0632 48620
96.1073 48960
96.1451 49300
96.1767 49640
96.2397 49980
96.2901 50320
96.3153 50660
96.3658 51000
96.4162 51340
96.4603 51680
96.4982 52020
96.536 52360
96.5738 52700
96.6116 53040
96.6495 53380
96.6873 53720
96.7314 54060
96.7692 54400
96.8007 54740
96.826 55080
96.8512 55420
96.8827 55760
96.9016 56100
96.9394 56440
96.9647 56780
96.9899 57120
97.034 57460
97.0592 57800
97.0907 58140
97.1223 58480
97.1475 58820
97.179 59160
97.2105 59500
97.242 59840
97.2672 60180
97.2862 60520
97.3177 60860
97.3492 61200
97.3807 61540
97.4059 61880
97.4185 62220
97.4564 62560
97.4816 62900
97.5131 63240
97.5446 63580
97.5572 63920
97.5824 64260
97.5951 64600
97.6203 64940
97.6329 65280
97.6581 65620
97.6833 65960
97.6959 66300
97.7274 66640
97.7527 66980
97.7842 67320
97.8094 67660
97.8409 68000
97.8535 68340
97.885 68680
97.8976 69020
97.9229 69360
97.9355 69700
97.9733 70040
97.9859 70380
97.9985 70720
98.0237 71060
98.0363 71400
98.0489 71740
98.0615 72080
98.0868 72420
98.0994 72760
98.1246 73100
98.1372 73440
98.1624 73780
98.175 74120
98.2002 74460
98.2191 74800
98.2318 75140
98.2444 75480
98.257 75820
98.2696 76160
98.2948 76500
98.3074 76840
98.3326 77180
98.3578 77520
98.3704 77860
98.3831 78200
98.3957 78540
98.4209 78880
98.4335 79220
98.4461 79560
98.4713 79900
98.4839 80240
98.4965 80580
98.5154 80920
98.528 81260
98.547 81600
98.5722 81940
98.5848 82280
98.5974 82620
98.61 82960
98.6226 83300
98.6415 83640
98.673 83980
98.6856 84320
98.6983 84660
98.7172 85000
98.7298 85340
98.7424 85680
98.755 86020
98.7676 86360
98.7802 86700
98.7928 87040
98.8054 87380
98.818 87720
98.8432 88060
98.8559 88400
98.8685 88740
98.8937 89080
98.9063 89420
98.9189 89760
98.9315 90100
98.9441 90440
98.9567 90780
98.9693 91120
98.9819 91460
98.9945 91800
99.0071 92140
99.0324 92480
99.045 92820
99.0576 93160
99.0702 93500
99.0828 93840
99.0954 94180
99.108 94520
99.1206 94860
99.1458 95200
99.1584 95540
99.1711 95880
99.1837 96220
99.1963 96560
99.2215 96900
99.2341 97240
99.2467 97580
99.2593 97920
99.2719 98260
99.2845 98600
99.2971 98940
99.3097 99280
99.3223 99620
99.335 99960
99.3476 100300
99.3602 100640
99.3728 100980
99.3854 101320
99.398 101660
99.4106 102000
99.4232 102340
99.4358 102680
99.4484 103020
99.461 103360
99.4736 103700
99.4863 104040
99.4989 104380
99.5115 104720
99.5241 105060
99.5493 105400
99.5619 105740
99.5745 106080
99.5871 106420
99.5997 106760
99.6123 107100
99.6249 107440
99.6375 107780
99.6502 108120
99.6628 108460
99.6754 108800
99.688 109140
99.7006 109480
99.7132 109820
99.7258 110160
99.7384 110500
99.751 110840
99.7636 111180
99.7762 111520
99.7888 111860
99.8015 112200
99.8141 112540
99.8267 112880
99.8393 113220
99.8519 113560
99.8645 113900
99.8771 114240
99.8897 114580
99.9023 114920
99.9149 115260
99.9275 115600
99.9401 115940
99.9527 116280
99.9654 116620
99.978 116960
99.9906 117300
100.003 117640
100.016 117980
100.028 118320
100.041 118660
100.054 119000
100.066 119340
100.079 119680
100.091 120020
100.104 120360
100.117 120700
100.129 121040
100.142 121380
100.154 121720
100.167 122060
100.18 122400
100.192 122740
100.205 123080
100.218 123420
100.23 123760
100.243 124100
100.255 124440
100.268 124780
100.281 125120
100.293 125460
100.306 125800
100.318 126140
100.331 126480
100.344 126820
100.356 127160
100.369 127500
100.381 127840
100.394 128180
100.407 128520
100.419 128860
100.438 90100
103.79 340
103.937 1360
104.737 4420
105.251 6120
105.283 7140
105.302 8160
105.321 9180
105.772 10200
105.791 11220
105.81 12240
105.829 13260
105.847 14280
105.866 15300
105.885 17000
105.917 18020
105.936 19040
106.298 20060
106.317 21080
106.336 22100
106.355 23120
106.374 24140
106.393 27200
106.45 28220
106.469 29240
106.488 31620
106.532 32640
106.551 33660
106.569 34680
106.588 35700
106.607 36720
106.626 37740
106.645 38760
106.825 39780
106.844 40800
106.863 41820
106.882 43520
106.913 44540
106.932 45560
106.951 46580
106.97 47600
106.989 48620
107.008 49640
107.027 50660
107.046 51680
107.065 52700
107.084 53720
107.102 54740
107.121 56440
107.153 57460
107.172 58480
107.191 59500
107.21 60520
107.228 61540
107.247 62560
107.266 63580
107.38 63920
107.512 64260
107.645 64600
107.758 64940
107.89 65280
108.023 65620
108.136 65960
108.269 66300
108.401 66640
108.477 46580
111.412 340
112.644 680
113.158 1020
113.164 1360
113.672 1700
113.678 2040
113.684 2380
113.691 2720
114.186 3060
114.192 3400
114.198 3740
114.205 4080
114.211 4420
114.217 4760
114.223 5100
114.23 5440
114.7 5780
114.706 6120
114.712 6460
114.719 6800
114.725 7140
114.731 7480
114.737 7820
114.744 8160
114.75 8500
114.756 8840
114.763 9180
114.769 9520
114.775 9860
114.782 10200
114.788 10540
114.794 10880
115.214 11220
115.22 11560
115.226 11900
115.233 12240
115.239 12580
115.245 12920
115.252 13260
115.258 13600
115.264 13940
115.27 14280
115.277 14620
115.283 14960
115.289 15300
115.296 15640
115.302 15980
115.308 16320
115.315 16660
115.321 17000
115.327 17340
115.333 17680
115.34 18020
115.346 18360
115.352 18700
115.359 19040
115.365 19380
115.371 19720
115.378 20060
115.384 20400
115.39 20740
115.397 21080
115.403 21420
115.409 21760
115.728 22100
115.734 22440
115.74 22780
115.747 23120
115.753 23460
115.759 23800
115.766 24140
115.772 24480
115.778 24820
115.784 25160
115.791 25500
115.797 25840
115.803 26180
115.81 26520
115.816 26860
115.822 27200
115.829 27540
115.835 27880
115.841 28220
115.847 28560
115.854 28900
115.86 29240
115.866 29580
115.873 29920
115.879 30260
115.885 30600
115.892 30940
115.898 31280
115.904 31620
115.911 31960
115.917 32300
115.992 32640
116.119 32980
116.273 22780
117.49 23120
117.503 23460
117.515 23800
117.528 24140
117.553 24480
117.566 24820
117.591 25160
117.616 25500
117.641 25840
117.666 26180
117.704 26520
117.729 26860
117.767 27200
117.805 27540
117.843 27880
117.881 28220
117.963 28560
118.064 28900
118.164 29240
118.278 29580
118.391 29920
118.53 30260
118.637 30600
118.763 30940
118.927 31280
119.135 31620
119.413 31960
119.766 32300
120.251 32640
121.348 32980
121.89 33320
122.268 33660
122.558 34000
122.804 34340
122.974 34680
123.176 35020
123.346 35360
123.491 35700
123.598 36040
123.712 36380
123.819 36720
123.926 37060
124.021 37400
124.109 37740
124.204 38080
124.292 38420
124.361 38760
124.437 39100
124.525 39440
124.601 39780
124.67 40120
124.733 40460
124.784 40800
124.847 41140
124.916 41480
124.966 41820
125.011 42160
125.067 42500
125.111 42840
125.162 43180
125.225 43520
125.269 43860
125.326 44200
125.364 44540
125.42 44880
125.471 45220
125.521 45560
125.565 45900
125.616 46240
125.66 46580
125.691 46920
125.736 47260
125.773 47600
125.824 47940
125.868 48280
125.912 48620
125.95 48960
126 49300
126.038 49640
126.082 49980
126.114 50320
126.133 50660
126.177 51000
126.208 51340
126.221 51680
126.259 52020
126.297 52360
126.341 52700
126.353 53040
126.404 53380
126.448 53720
126.486 54060
126.517 54400
126.574 54740
126.612 55080
126.643 55420
126.694 55760
126.738 56100
126.769 56440
126.801 56780
126.826 57120
126.864 57460
126.889 57800
126.921 58140
126.952 58480
126.977 58820
127.015 59160
127.047 59500
127.085 59840
127.11 60180
127.135 60520
127.173 60860
127.204 61200
127.223 61540
127.267 61880
127.299 62220
127.324 62560
127.362 62900
127.387 63240
127.425 63580
127.457 63920
127.482 64260
127.513 64600
127.545 64940
127.57 65280
127.608 65620
127.639 65960
127.658 66300
127.683 66640
127.721 66980
127.734 67320
127.753 67660
127.791 68000
127.81 68340
127.822 68680
127.854 69020
127.866 69360
127.879 69700
127.898 70040
127.923 70380
127.936 70720
127.948 71060
127.973 71400
127.986 71740
128.011 72080
128.024 72420
128.036 72760
128.068 73100
128.081 73440
128.093 73780
128.118 74120
128.131 74460
128.156 74800
128.169 75140
128.194 75480
128.207 75820
128.232 76160
128.245 76500
128.263 76840
128.276 77180
128.289 77520
128.301 77860
128.326 78200
128.339 78540
128.364 78880
128.377 79220
128.402 79560
128.415 79900
128.44 80240
128.453 80580
128.471 80920
128.484 81260
128.503 81600
128.516 81940
128.528 82280
128.541 82620
128.553 82960
128.591 83300
128.604 83640
128.616 83980
128.629 84320
128.642 84660
128.654 85000
128.679 85340
128.692 85680
128.711 86020
128.724 86360
128.736 86700
128.749 87040
128.774 87380
128.787 87720
128.806 88060
128.818 88400
128.837 88740
128.85 89080
128.862 89420
128.881 89760
128.894 90100
128.906 90440
128.919 90780
128.944 91120
128.957 91460
128.969 91800
128.982 92140
128.995 92480
129.007 92820
129.026 93160
129.039 93500
129.058 93840
129.077 94180
129.089 94520
129.102 94860
129.121 95200
129.133 95540
129.146 95880
129.159 96220
129.171 96560
129.184 96900
129.196 97240
129.209 97580
129.222 97920
129.247 98260
129.259 98600
129.272 98940
129.285 99280
129.297 99620
129.31 99960
129.329 100300
129.341 100640
129.36 100980
129.373 101320
129.386 101660
129.398 102000
129.417 102340
129.436 102680
129.449 103020
129.461 103360
129.474 103700
129.486 104040
129.499 104380
129.512 104720
129.524 105060
129.537 105400
129.549 105740
129.562 106080
129.575 106420
129.587 106760
129.6 107100
129.612 107440
129.625 107780
129.638 108120
129.65 108460
129.663 108800
129.676 109140
129.688 109480
129.701 109820
129.713 110160
129.726 110500
129.739 110840
129.751 111180
129.764 111520
129.776 111860
129.789 112200
129.802 112540
129.814 112880
129.827 113220
129.839 113560
129.858 113900
129.871 114240
129.884 114580
129.896 114920
129.909 115260
129.921 115600
129.934 115940
129.947 116280
129.959 116620
129.972 116960
129.984 117300
129.997 117640
130.01 117980
130.022 118320
130.035 118660
130.047 119000
130.06 119340
130.079 83300
133.441 340
133.679 3060
134.441 4080
134.46 5100
134.479 6120
134.955 9520
135.018 10540
135.037 11560
135.056 12580
135.476 14280
135.507 15300
135.526 17340
135.564 18360
135.583 21420
135.64 22440
135.658 25160
135.99 26180
136.009 28220
136.046 29240
136.065 30260
136.084 33320
136.141 34340
136.16 35360
136.179 36380
136.198 38420
136.236 41480
136.292 42500
136.311 44540
136.349 45560
136.368 46580
136.387 47600
136.406 48620
136.425 49640
136.444 50660
136.51 51680
136.529 53380
136.56 54400
136.579 55420
136.598 56440
136.617 58140
136.762 58480
136.895 58820
137.008 59160
137.14 59500
137.273 59840
137.386 60180
137.519 60520
137.651 60860
137.727 42500
140.565 340
140.645 680
141.881 1020
141.887 1360
142.395 1700
142.401 2040
142.408 2380
142.414 2720
142.909 3060
142.915 3400
142.922 3740
142.928 4080
142.934 4420
142.941 4760
142.947 5100
142.953 5440
143.423 5780
143.429 6120
143.436 6460
143.442 6800
143.448 7140
143.455 7480
143.461 7820
143.467 8160
143.473 8500
143.48 8840
143.486 9180
143.492 9520
143.499 9860
143.505 10200
143.511 10540
143.518 10880
143.937 11220
143.943 11560
143.95 11900
143.956 12240
143.962 12580
143.969 12920
143.975 13260
143.981 13600
143.987 13940
143.994 14280
144 14620
144.006 14960
144.013 15300
144.019 15640
144.025 15980
144.032 16320
144.038 16660
144.044 17000
144.051 17340
144.057 17680
144.063 18020
144.069 18360
144.076 18700
144.082 19040
144.088 19380
144.095 19720
144.101 20060
144.107 20400
144.114 20740
144.12 21080
144.126 21420
144.132 21760
144.451 22100
144.457 22440
144.464 22780
144.47 23120
144.476 23460
144.483 23800
144.489 24140
144.495 24480
144.501 24820
144.508 25160
144.514 25500
144.52 25840
144.527 26180
144.533 26520
144.539 26860
144.546 27200
144.552 27540
144.558 27880
144.565 28220
144.571 28560
144.577 28900
144.583 29240
144.59 29580
144.678 20400
145.879 20740
145.892 21080
145.904 21420
145.917 21760
145.93 22100
145.942 22440
145.955 22780
145.967 23120
145.98 23460
145.993 23800
146.005 24140
146.03 24480
146.068 24820
146.119 25160
146.169 25500
146.22 25840
146.308 26180
146.421 26520
146.56 26860
146.699 27200
146.85 27540
146.982 27880
147.134 28220
147.373 28560
147.714 28900
148.149 29240
149.119 29580
150.046 29920
150.298 30260
150.607 30600
150.935 30940
151.124 31280
151.307 31620
151.471 31960
151.628 32300
151.761 32640
151.887 32980
151.988 33320
152.089 33660
152.189 34000
152.284 34340
152.366 34680
152.442 35020
152.517 35360
152.612 35700
152.694 36040
152.776 36380
152.826 36720
152.896 37060
152.952 37400
153.028 37740
153.091 38080
153.141 38420
153.185 38760
153.249 39100
153.305 39440
153.349 39780
153.412 40120
153.469 40460
153.513 40800
153.557 41140
153.602 41480
153.658 41820
153.696 42160
153.734 42500
153.784 42840
153.822 43180
153.873 43520
153.91 43860
153.955 44200
153.999 44540
154.043 44880
154.087 45220
154.131 45560
154.156 45900
154.194 46240
154.251 46580
154.289 46920
154.345 47260
154.402 47600
154.44 47940
154.49 48280
154.541 48620
154.585 48960
154.635 49300
154.692 49640
154.724 49980
154.768 50320
154.799 50660
154.843 51000
154.888 51340
154.919 51680
154.963 52020
155.001 52360
155.045 52700
155.089 53040
155.127 53380
155.171 53720
155.203 54060
155.228 54400
155.272 54740
155.297 55080
155.323 55420
155.36 55760
155.392 56100
155.423 56440
155.442 56780
155.474 57120
155.505 57460
155.543 57800
155.556 58140
155.581 58480
155.606 58820
155.644 59160
155.663 59500
155.688 59840
155.713 60180
155.739 60520
155.77 60860
155.795 61200
155.808 61540
155.839 61880
155.852 62220
155.877 62560
155.89 62900
155.915 63240
155.94 63580
155.966 63920
155.978 64260
156.003 64600
156.029 64940
156.054 65280
156.073 65620
156.104 65960
156.117 66300
156.148 66640
156.161 66980
156.186 67320
156.199 67660
156.23 68000
156.243 68340
156.268 68680
156.281 69020
156.306 69360
156.337 69700
156.363 70040
156.382 70380
156.407 70720
156.438 71060
156.47 71400
156.495 71740
156.527 72080
156.546 72420
156.558 72760
156.577 73100
156.602 73440
156.615 73780
156.627 74120
156.653 74460
156.665 74800
156.678 75140
156.703 75480
156.716 75820
156.741 76160
156.754 76500
156.772 76840
156.785 77180
156.804 77520
156.817 77860
156.829 78200
156.854 78540
156.867 78880
156.88 79220
156.905 79560
156.917 79900
156.93 80240
156.955 80580
156.968 80920
156.98 81260
156.993 81600
157.006 81940
157.031 82280
157.044 82620
157.056 82960
157.081 83300
157.094 83640
157.107 83980
157.132 84320
157.144 84660
157.157 85000
157.17 85340
157.182 85680
157.195 86020
157.207 86360
157.233 86700
157.245 87040
157.258 87380
157.27 87720
157.296 88060
157.308 88400
157.321 88740
157.334 89080
157.346 89420
157.371 89760
157.384 90100
157.397 90440
157.409 90780
157.422 91120
157.434 91460
157.447 91800
157.472 92140
157.485 92480
157.497 92820
157.51 93160
157.523 93500
157.535 93840
157.548 94180
157.573 94520
157.586 94860
157.598 95200
157.611 95540
157.624 95880
157.636 96220
157.649 96560
157.661 96900
157.674 97240
157.699 97580
157.712 97920
157.724 98260
157.737 98600
157.75 98940
157.762 99280
157.775 99620
157.787 99960
157.8 100300
157.813 100640
157.832 100980
157.844 101320
157.857 101660
157.876 102000
157.888 102340
157.901 102680
157.913 103020
157.926 103360
157.939 103700
157.951 104040
157.964 104380
157.977 104720
157.995 105060
158.008 105400
158.021 105740
158.033 106080
158.046 106420
158.058 106760
158.071 107100
158.084 107440
158.096 107780
158.109 108120
158.122 108460
158.134 108800
158.147 109140
158.159 109480
158.172 109820
158.185 110160
158.197 110500
158.21 110840
158.222 111180
158.235 111520
158.248 111860
158.26 112200
158.273 112540
158.285 112880
158.298 113220
158.311 113560
158.323 113900
158.336 114240
158.348 114580
158.361 114920
158.374 115260
158.386 115600
158.399 115940
158.412 116280
158.424 116620
158.437 116960
158.449 117300
158.462 117640
158.475 117980
158.487 118320
158.5 118660
158.512 119000
158.525 119340
158.538 119680
158.55 120020
158.563 120360
158.575 120700
158.588 121040
158.601 121380
158.613 121720
158.626 122060
158.638 122400
158.651 122740
158.664 123080
158.676 123420
158.689 123760
158.701 124100
158.714 124440
158.727 124780
158.739 125120
158.752 125460
158.765 125800
158.777 126140
158.79 126480
158.802 126820
158.815 127160
158.828 127500
158.84 127840
158.853 128180
158.865 128520
158.878 128860
158.891 129200
158.903 129540
158.922 90440
162.298 340
162.408 1360
163.24 2380
163.259 3400
163.767 4420
163.786 6120
163.817 7140
164.287 8160
164.306 9180
164.325 10200
164.344 11220
164.363 12240
164.382 13940
164.413 14960
164.814 15980
164.833 17000
164.852 18020
164.871 19040
164.89 20060
164.908 21760
164.94 22780
164.959 23800
164.978 24820
164.997 25840
165.016 26860
165.035 27880
165.053 28900
165.072 29920
165.328 31620
165.359 32640
165.378 33660
165.397 34680
165.416 35700
165.435 36720
165.454 37740
165.473 38760
165.492 39780
165.511 40800
165.53 42840
165.567 43860
165.586 45900
165.624 46920
165.643 48620
165.675 49640
165.694 50660
165.712 51680
165.731 52700
165.75 54740
165.788 55760
165.807 56780
165.826 57800
165.845 58820
165.864 59840
165.883 60860
165.902 61880
165.921 62900
165.939 63920
166.072 64260
166.204 64600
166.318 64940
166.45 65280
166.582 65620
166.696 65960
166.828 66300
166.961 66640
167.074 66980
167.131 46580
170.097 340
171.279 680
171.793 1020
171.799 1360
172.307 1700
172.313 2040
172.32 2380
172.326 2720
172.821 3060
172.827 3400
172.834 3740
172.84 4080
172.846 4420
172.852 4760
172.859 5100
172.865 5440
173.335 5780
173.341 6120
173.348 6460
173.354 6800
173.36 7140
173.366 7480
173.373 7820
173.379 8160
173.385 8500
173.392 8840
173.398 9180
173.404 9520
173.411 9860
173.417 10200
173.423 10540
173.43 10880
173.849 11220
173.855 11560
173.862 11900
173.868 12240
173.874 12580
173.88 12920
173.887 13260
173.893 13600
173.899 13940
173.906 14280
173.912 14620
173.918 14960
173.925 15300
173.931 15640
173.937 15980
173.944 16320
173.95 16660
173.956 17000
173.962 17340
173.969 17680
173.975 18020
173.981 18360
173.988 18700
173.994 19040
174 19380
174.007 19720
174.013 20060
174.019 20400
174.025 20740
174.032 21080
174.038 21420
174.044 21760
174.363 22100
174.369 22440
174.376 22780
174.382 23120
174.388 23460
174.394 23800
174.401 24140
174.407 24480
174.413 24820
174.42 25160
174.426 25500
174.432 25840
174.439 26180
174.445 26520
174.451 26860
174.458 27200
174.464 27540
174.47 27880
174.476 28220
174.483 28560
174.489 28900
174.495 29240
174.502 29580
174.508 29920
174.514 30260
174.521 30600
174.527 30940
174.533 31280
174.539 31620
174.546 31960
174.552 32300
174.659 32640
174.896 32980
174.921 22780
176.15 23120
176.163 23460
176.176 23800
176.201 24140
176.213 24480
176.239 24820
176.264 25160
176.289 25500
176.314 25840
176.34 26180
176.365 26520
176.403 26860
176.428 27200
176.466 27540
176.503 27880
176.56 28220
176.648 28560
176.749 28900
176.85 29240
176.964 29580
177.077 29920
177.209 30260
177.329 30600
177.455 30940
177.619 31280
177.821 31620
178.098 31960
178.439 32300
178.937 32640
179.996 32980
180.544 33320
180.916 33660
181.206 34000
181.427 34340
181.66 34680
181.792 35020
181.969 35360
182.12 35700
182.227 36040
182.341 36380
182.448 36720
182.543 37060
182.631 37400
182.725 37740
182.826 38080
182.915 38420
183.003 38760
183.066 39100
183.154 39440
183.223 39780
183.293 40120
183.35 40460
183.413 40800
183.469 41140
183.526 41480
183.589 41820
183.64 42160
183.696 42500
183.74 42840
183.803 43180
183.841 43520
183.892 43860
183.948 44200
184.005 44540
184.049 44880
184.112 45220
184.144 45560
184.188 45900
184.238 46240
184.283 46580
184.333 46920
184.371 47260
184.402 47600
184.459 47940
184.497 48280
184.547 48620
184.591 48960
184.636 49300
184.667 49640
184.711 49980
184.749 50320
184.781 50660
184.825 51000
184.844 51340
184.869 51680
184.907 52020
184.932 52360
184.963 52700
184.976 53040
185.02 53380
185.052 53720
185.077 54060
185.096 54400
185.134 54740
185.165 55080
185.203 55420
185.228 55760
185.26 56100
185.297 56440
185.329 56780
185.379 57120
185.424 57460
185.455 57800
185.493 58140
185.537 58480
185.581 58820
185.6 59160
185.625 59500
185.651 59840
185.695 60180
185.72 60520
185.758 60860
185.789 61200
185.814 61540
185.84 61880
185.871 62220
185.896 62560
185.934 62900
185.959 63240
186.004 63580
186.029 63920
186.06 64260
186.092 64600
186.111 64940
186.149 65280
186.18 65620
186.199 65960
186.237 66300
186.268 66640
186.294 66980
186.331 67320
186.363 67660
186.382 68000
186.407 68340
186.439 68680
186.464 69020
186.483 69360
186.514 69700
186.533 70040
186.552 70380
186.571 70720
186.59 71060
186.602 71400
186.621 71740
186.64 72080
186.659 72420
186.678 72760
186.691 73100
186.716 73440
186.728 73780
186.741 74120
186.76 74460
186.798 74800
186.817 75140
186.829 75480
186.842 75820
186.873 76160
186.892 53040
188.475 53380
188.487 53720
188.513 54060
188.525 54400
188.55 54740
188.576 55080
188.601 55420
188.626 55760
188.651 56100
188.676 56440
188.702 56780
188.727 57120
188.752 57460
188.777 57800
188.815 58140
188.84 58480
188.878 58820
188.903 59160
188.941 59500
188.979 59840
189.017 60180
189.055 60520
189.092 60860
189.143 61200
189.181 61540
189.231 61880
189.269 62220
189.319 62560
189.357 62900
189.408 63240
189.458 63580
189.509 63920
189.559 64260
189.635 64600
189.723 64940
189.799 65280
189.893 65620
189.975 65960
190.025 66300
190.089 66640
190.139 66980
190.202 67320
190.252 67660
190.315 68000
190.379 68340
190.454 68680
190.517 69020
190.593 69360
190.668 69700
190.744 70040
190.82 70380
190.908 70720
191.003 71060
191.129 71400
191.267 71740
191.381 72080
191.494 72420
191.608 72760
191.734 73100
191.885 73440
192.049 73780
192.251 74120
192.484 74460
192.749 74800
193.102 75140
193.556 75480
194.211 75820
194.564 76160
194.955 76500
195.308 76840
195.523 77180
195.762 77520
195.951 77860
196.115 78200
196.254 78540
196.393 78880
196.531 79220
196.632 79560
196.746 79900
196.846 80240
196.947 80580
197.036 80920
197.124 81260
197.199 81600
197.288 81940
197.351 82280
197.426 82620
197.502 82960
197.565 83300
197.641 83640
197.691 83980
197.754 84320
197.817 84660
197.868 85000
197.931 85340
197.981 85680
198.044 86020
198.095 86360
198.145 86700
198.195 87040
198.246 87380
198.296 87720
198.347 88060
198.397 88400
198.435 88740
198.485 89080
198.523 89420
198.574 89760
198.612 90100
198.662 90440
198.7 90780
198.75 91120
198.775 91460
198.813 91800
198.851 92140
198.889 92480
198.927 92820
198.965 93160
199.002 93500
199.04 93840
199.078 94180
199.116 94520
199.154 94860
199.192 95200
199.217 95540
199.255 95880
199.28 96220
199.318 96560
199.343 96900
199.381 97240
199.406 97580
199.444 97920
199.469 98260
199.507 98600
199.532 98940
199.57 99280
199.595 99620
199.633 99960
199.658 100300
199.696 100640
199.721 100980
199.759 101320
199.784 101660
199.809 102000
199.847 102340
199.86 102680
199.885 103020
199.91 103360
199.935 103700
199.961 104040
199.986 104380
200.011 104720
200.036 105060
200.061 105400
200.093 73780
203.403 340
203.856 3400
204.487 5780
204.531 8840
205.039 11220
205.083 14280
205.14 15980
205.171 18360
205.565 20740
205.609 23120
205.654 25500
205.698 27880
205.742 30260
205.786 32640
205.83 35020
205.874 37400
206.092 39780
206.136 42160
206.18 43860
206.212 46240
206.256 47940
206.287 50320
206.331 52020
206.439 52360
206.59 52700
206.71 53040
206.817 53380
206.968 53720
207.082 54060
207.208 54400
207.258 38080
209.926 340
210.221 680
211.28 1020
211.286 1360
211.794 1700
211.8 2040
211.807 2380
211.813 2720
212.308 3060
212.314 3400
212.321 3740
212.327 4080
212.333 4420
212.34 4760
212.346 5100
212.352 5440
212.822 5780
212.828 6120
212.835 6460
212.841 6800
212.847 7140
212.854 7480
212.86 7820
212.866 8160
212.873 8500
212.879 8840
212.885 9180
212.891 9520
212.898 9860
212.904 10200
212.91 10540
212.917 10880
213.336 11220
213.342 11560
213.349 11900
213.355 12240
213.361 12580
213.368 12920
213.374 13260
213.38 13600
213.387 13940
213.393 14280
213.399 14620
213.406 14960
213.412 15300
213.418 15640
213.424 15980
213.431 16320
213.437 16660
213.443 17000
213.45 17340
213.456 17680
213.462 18020
213.469 18360
213.475 18700
213.481 19040
213.487 19380
213.494 19720
213.5 20060
213.525 13940
214.575 14280
214.588 14620
214.613 14960
214.626 15300
214.651 15640
214.676 15980
214.701 16320
214.726 16660
214.764 17000
214.802 17340
214.884 17680
214.985 18020
215.111 18360
215.231 18700
215.363 19040
215.559 19380
215.893 19720
216.523 20060
217.86 20400
218.219 20740
218.49 21080
218.849 21420
219.114 21760
219.291 22100
219.467 22440
219.618 22780
219.751 23120
219.87 23460
219.971 23800
220.091 24140
220.186 24480
220.274 24820
220.369 25160
220.45 25500
220.526 25840
220.595 26180
220.658 26520
220.74 26860
220.81 27200
220.867 27540
220.923 27880
220.993 28220
221.056 28560
221.106 28900
221.175 29240
221.226 29580
221.295 29920
221.346 30260
221.396 30600
221.453 30940
221.491 31280
221.718 31620
221.844 31960
221.976 32300
222.064 32640
222.146 32980
222.234 33320
222.298 33660
222.379 34000
222.43 34340
222.474 34680
222.512 35020
222.55 35360
222.594 35700
222.638 36040
222.688 36380
222.745 36720
222.789 37060
222.827 37400
222.865 37740
222.903 38080
222.941 38420
222.978 38760
223.022 39100
223.06 39440
223.117 39780
223.161 40120
223.199 40460
223.237 40800
223.275 41140
223.312 41480
223.35 41820
223.376 42160
223.401 42500
223.439 42840
223.476 43180
223.508 43520
223.546 43860
223.571 44200
223.609 44540
223.634 44880
223.672 45220
223.697 45560
223.735 45900
223.76 46240
223.798 46580
223.823 46920
223.861 47260
223.886 47600
223.911 47940
223.937 48280
223.962 48620
223.987 48960
224.012 49300
224.037 49640
224.063 49980
224.088 50320
224.113 50660
224.138 51000
224.164 51340
224.189 51680
224.214 52020
224.239 52360
224.264 52700
224.29 53040
224.315 53380
224.34 53720
224.365 54060
224.39 54400
224.416 54740
224.441 55080
224.466 55420
224.491 55760
224.517 56100
224.542 56440
224.567 56780
224.592 57120
224.617 57460
224.643 57800
224.668 58140
224.693 58480
224.706 58820
224.731 59160
224.756 59500
224.781 59840
224.794 60180
224.819 60520
224.832 60860
224.857 61200
224.882 61540
224.895 61880
224.907 62220
224.933 62560
224.958 62900
224.97 63240
224.983 63580
225.008 63920
225.033 64260
225.046 64600
225.059 64940
225.084 65280
225.097 65620
225.122 65960
225.134 66300
225.16 66640
225.172 66980
225.197 67320
225.21 67660
225.235 68000
225.248 68340
225.273 68680
225.286 69020
225.311 69360
225.323 69700
225.349 70040
225.361 70380
225.386 70720
225.399 71060
225.424 71400
225.437 71740
225.462 72080
225.475 72420
225.5 72760
225.513 73100
225.538 73440
225.55 73780
225.576 74120
225.588 74460
225.613 74800
225.626 75140
225.651 75480
225.664 75820
225.689 76160
225.702 76500
225.727 76840
225.74 77180
225.765 77520
225.777 77860
225.803 78200
225.815 78540
225.84 78880
225.853 79220
225.878 79560
225.891 79900
225.916 80240
225.929 80580
225.954 80920
225.966 81260
225.992 81600
226.004 81940
226.03 82280
226.042 82620
226.067 82960
226.08 83300
226.105 83640
226.118 83980
226.143 84320
226.156 84660
226.181 85000
226.193 85340
226.219 85680
226.231 86020
226.256 86360
226.269 86700
226.294 87040
226.307 87380
226.332 87720
226.345 88060
226.357 88400
226.37 88740
226.383 89080
226.395 89420
226.408 89760
226.433 90100
226.446 90440
226.458 90780
226.471 91120
226.483 91460
226.496 91800
226.509 92140
226.521 92480
226.534 92820
226.546 93160
226.559 93500
226.572 93840
226.584 94180
226.609 94520
226.622 94860
226.635 95200
226.647 95540
226.66 95880
226.673 96220
226.685 96560
226.698 96900
226.71 97240
226.723 97580
226.736 97920
226.748 98260
226.761 98600
226.773 98940
226.786 99280
226.799 99620
226.811 99960
226.824 100300
226.836 100640
226.849 100980
226.862 101320
226.874 101660
226.887 102000
226.899 102340
226.912 102680
226.925 103020
226.937 103360
226.95 103700
226.962 104040
226.975 104380
226.988 104720
227 105060
227.013 105400
227.026 105740
227.038 106080
227.051 106420
227.063 106760
227.076 107100
227.089 107440
227.101 107780
227.114 108120
227.126 108460
227.139 108800
227.152 109140
227.164 109480
227.177 109820
227.189 110160
227.202 110500
227.215 110840
227.227 111180
227.24 111520
227.252 111860
227.265 112200
227.278 112540
227.29 112880
227.303 113220
227.316 113560
227.328 113900
227.341 114240
227.353 114580
227.366 114920
227.379 115260
227.391 115600
227.404 115940
227.416 116280
227.429 116620
227.442 116960
227.454 117300
227.467 117640
227.479 117980
227.492 118320
227.505 118660
227.517 119000
227.53 119340
227.542 119680
227.555 120020
227.568 120360
227.58 120700
227.593 121040
227.606 121380
227.618 121720
227.631 122060
227.643 122400
227.656 122740
227.669 123080
227.681 123420
227.694 123760
227.706 124100
227.719 124440
227.732 124780
227.744 125120
227.757 125460
227.769 125800
227.782 126140
227.795 126480
227.807 126820
227.82 127160
227.832 127500
227.845 127840
227.858 128180
227.87 128520
227.883 128860
227.895 129200
227.908 129540
227.921 129880
227.933 130220
227.946 130560
227.959 130900
227.971 131240
227.984 131580
227.996 131920
228.009 132260
228.028 92480
231.387 340
231.489 1360
232.315 3060
232.829 4080
232.848 5100
232.866 6120
233.343 7140
233.362 8160
233.38 9180
233.399 10200
233.418 11220
233.437 12240
233.857 13260
233.876 14280
233.894 15300
233.913 17000
233.945 18020
233.964 19040
233.983 20060
234.002 21080
234.021 22100
234.039 23120
234.058 24140
234.077 25160
234.383 26180
234.402 27200
234.421 28220
234.44 29240
234.459 30260
234.478 31280
234.497 32300
234.516 33320
234.535 34340
234.553 35360
234.572 36380
234.591 37400
234.61 38420
234.629 39440
234.648 40460
234.667 41480
234.686 42500
234.705 43520
234.724 44540
234.743 45560
234.761 46580
234.78 47600
234.799 48620
234.818 49640
234.837 50660
234.904 51680
234.922 52700
234.941 53720
234.96 54740
234.979 55760
234.998 56780
235.017 57800
235.036 58820
235.055 59840
235.074 60860
235.093 61880
235.112 62900
235.13 63920
235.149 64940
235.263 65280
235.395 65620
235.528 65960
235.641 66300
235.774 66640
235.906 66980
236.019 67320
236.152 67660
236.284 68000
236.398 47600
239.365 340
240.552 680
241.066 1020
241.072 1360
241.58 1700
241.586 2040
241.593 2380
241.599 2720
242.094 3060
242.1 3400
242.107 3740
242.113 4080
242.119 4420
242.125 4760
242.132 5100
242.138 5440
242.608 5780
242.614 6120
242.621 6460
242.627 6800
242.633 7140
242.639 7480
242.646 7820
242.652 8160
242.658 8500
242.665 8840
242.671 9180
242.677 9520
242.684 9860
242.69 10200
242.696 10540
242.703 10880
243.122 11220
243.128 11560
243.135 11900
243.141 12240
243.147 12580
243.154 12920
243.16 13260
243.166 13600
243.172 13940
243.179 14280
243.185 14620
243.191 14960
243.198 15300
243.204 15640
243.21 15980
243.217 16320
243.223 16660
243.229 17000
243.235 17340
243.242 17680
243.248 18020
243.254 18360
243.261 18700
243.267 19040
243.273 19380
243.28 19720
243.286 20060
243.292 20400
243.298 20740
243.305 21080
243.311 21420
243.317 21760
243.636 22100
243.642 22440
243.649 22780
243.655 23120
243.661 23460
243.668 23800
243.674 24140
243.68 24480
243.686 24820
243.693 25160
243.699 25500
243.705 25840
243.712 26180
243.718 26520
243.724 26860
243.731 27200
243.737 27540
243.743 27880
243.749 28220
243.756 28560
243.762 28900
243.768 29240
243.775 29580
243.781 29920
243.787 30260
243.794 30600
243.8 30940
243.806 31280
243.813 31620
243.819 31960
243.825 32300
243.831 32640
243.838 32980
243.844 33320
243.882 33660
244.008 34000
244.232 23800
245.48 24140
245.499 24480
245.512 24820
245.524 25160
245.537 25500
245.549 25840
245.562 26180
245.575 26520
245.587 26860
245.613 27200
245.638 27540
245.663 27880
245.701 28220
245.739 28560
245.789 28900
245.827 29240
245.877 29580
245.953 29920
246.066 30260
246.18 30600
246.319 30940
246.457 31280
246.602 31620
246.735 31960
246.886 32300
247.1 32640
247.378 32980
247.775 33320
248.279 33660
249.389 34000
249.969 34340
250.359 34680
250.599 35020
250.82 35360
251.015 35700
251.198 36040
251.362 36380
251.507 36720
251.62 37060
251.715 37400
251.822 37740
251.917 38080
252.03 38420
252.106 38760
252.2 39100
252.295 39440
252.37 39780
252.459 40120
252.528 40460
252.61 40800
252.667 41140
252.736 41480
252.805 41820
252.875 42160
252.906 42500
252.969 42840
253.02 43180
253.064 43520
253.102 43860
253.152 44200
253.215 44540
253.266 44880
253.329 45220
253.373 45560
253.423 45900
253.474 46240
253.511 46580
253.556 46920
253.606 47260
253.656 47600
253.694 47940
253.738 48280
253.783 48620
253.833 48960
253.877 49300
253.909 49640
253.959 49980
253.997 50320
254.047 50660
254.085 51000
254.123 51340
254.154 51680
254.186 52020
254.211 52360
254.249 52700
254.287 53040
254.312 53380
254.337 53720
254.362 54060
254.394 54400
254.432 54740
254.451 55080
254.489 55420
254.514 55760
254.545 56100
254.583 56440
254.627 56780
254.671 57120
254.716 57460
254.76 57800
254.785 58140
254.816 58480
254.848 58820
254.873 59160
254.905 59500
254.924 59840
254.961 60180
254.993 60520
255.018 60860
255.056 61200
255.087 61540
255.113 61880
255.157 62220
255.182 62560
255.214 62900
255.239 63240
255.264 63580
255.302 63920
255.333 64260
255.371 64600
255.396 64940
255.422 65280
255.459 65620
255.485 65960
255.516 66300
255.548 66640
255.579 66980
255.617 67320
255.649 67660
255.68 68000
255.693 68340
255.724 68680
255.743 69020
255.762 69360
255.781 69700
255.8 70040
255.812 70380
255.838 70720
255.857 71060
255.875 71400
255.901 71740
255.92 72080
255.932 72420
255.951 72760
255.964 73100
255.995 73440
256.008 73780
256.033 74120
256.046 74460
256.058 74800
256.096 52360
259.451 340
260.175 204680
260.301 205020
260.427 205360
260.553 205700
260.679 206040
260.711 144160
262.968 340
263.166 680
263.68 1020
263.687 1360
264.194 1700
264.201 2040
264.207 2380
264.213 2720
264.708 3060
264.715 3400
264.721 3740
264.727 4080
264.734 4420
264.74 4760
264.746 5100
264.752 5440
265.222 5780
265.229 6120
265.235 6460
265.241 6800
265.248 7140
265.254 7480
265.26 7820
265.266 8160
265.273 8500
265.279 8840
265.285 9180
265.292 9520
265.298 9860
265.304 10200
265.311 10540
265.317 10880
265.736 11220
265.743 11560
265.749 11900
265.755 12240
265.762 12580
265.768 12920
265.774 13260
265.78 13600
265.787 13940
265.793 14280
265.799 14620
265.806 14960
265.812 15300
265.818 15640
265.825 15980
265.831 16320
265.837 16660
265.843 17000
265.85 17340
265.856 17680
265.862 18020
265.869 18360
265.875 18700
265.881 19040
265.888 19380
265.894 19720
265.9 20060
265.907 20400
265.913 20740
265.919 21080
265.925 21420
265.932 21760
266.25 22100
266.257 22440
266.263 22780
266.269 23120
266.276 23460
266.282 23800
266.288 24140
266.294 24480
266.301 24820
266.307 25160
266.313 25500
266.32 25840
266.326 26180
266.332 26520
266.339 26860
266.345 27200
266.351 27540
266.357 27880
266.364 28220
266.37 28560
266.376 28900
266.383 29240
266.389 29580
266.395 29920
266.402 30260
266.408 30600
266.414 30940
266.421 31280
266.427 31620
266.433 31960
266.439 32300
266.446 32640
266.452 32980
266.458 33320
266.465 33660
266.471 34000
266.477 34340
266.484 34680
266.49 35020
266.496 35360
266.502 35700
266.509 36040
266.515 36380
266.521 36720
266.528 37060
266.534 37400
266.54 37740
266.547 38080
266.553 38420
266.559 38760
266.566 39100
266.572 39440
266.578 39780
266.584 40120
266.591 40460
266.597 40800
266.603 41140
266.61 41480
266.616 41820
266.622 42160
266.629 42500
266.635 42840
266.641 43180
266.647 43520
266.764 43860
266.771 44200
266.777 44540
266.783 44880
266.79 45220
266.796 45560
266.802 45900
266.808 46240
266.815 46580
266.821 46920
266.827 47260
266.834 47600
266.84 47940
266.846 48280
266.853 48620
266.859 48960
266.865 49300
266.871 49640
266.878 49980
266.884 50320
266.89 50660
266.897 51000
266.903 51340
266.909 51680
266.916 52020
266.922 52360
266.928 52700
266.935 53040
266.941 53380
266.947 53720
266.953 54060
266.96 54400
266.966 54740
266.972 55080
266.979 55420
266.985 55760
266.991 56100
266.998 56440
267.004 56780
267.01 57120
267.016 57460
267.023 57800
267.029 58140
267.035 58480
267.042 58820
267.048 59160
267.054 59500
267.061 59840
267.067 60180
267.073 60520
267.08 60860
267.086 61200
267.092 61540
267.098 61880
267.105 62220
267.111 62560
267.117 62900
267.124 63240
267.13 63580
267.136 63920
267.143 64260
267.149 64600
267.155 64940
267.161 65280
267.168 65620
267.174 65960
267.18 66300
267.187 66640
267.193 66980
267.199 67320
267.206 67660
267.212 68000
267.218 68340
267.225 68680
267.231 69020
267.237 69360
267.243 69700
267.25 70040
267.256 70380
267.262 70720
267.269 71060
267.275 71400
267.281 71740
267.288 72080
267.294 72420
267.3 72760
267.306 73100
267.313 73440
267.319 73780
267.325 74120
267.332 74460
267.338 74800
267.344 75140
267.351 75480
267.357 75820
267.363 76160
267.37 76500
267.376 76840
267.382 77180
267.388 77520
267.395 77860
267.401 78200
267.407 78540
267.414 78880
267.42 79220
267.426 79560
267.433 79900
267.439 80240
267.445 80580
267.451 80920
267.458 81260
267.464 81600
267.47 81940
267.477 82280
267.483 82620
267.489 82960
267.496 83300
267.502 83640
267.508 83980
267.515 84320
267.521 84660
267.527 85000
267.533 85340
267.54 85680
267.546 86020
267.552 86360
267.559 86700
267.565 87040
267.571 87380
267.578 87720
267.584 88060
267.59 88400
267.596 88740
267.603 89080
267.609 89420
267.615 89760
267.622 90100
267.628 90440
267.634 90780
267.641 91120
267.647 91460
267.653 91800
267.659 92140
267.666 92480
267.672 92820
267.678 93160
267.685 93500
267.691 93840
267.697 94180
267.704 94520
267.71 94860
267.716 95200
267.723 95540
267.729 95880
267.735 96220
267.741 96560
267.748 96900
267.754 97240
267.76 97580
267.767 97920
267.773 98260
267.779 98600
267.786 98940
267.792 99280
267.798 99620
267.804 99960
267.811 100300
267.817 100640
267.937 100980
268.063 101320
268.189 101660
268.315 102000
268.441 102340
268.567 102680
268.63 103020
268.763 103360
268.895 103700
269.027 104040
269.179 72760
271.493 340
271.953 7480
272.577 14620
272.709 18360
273.154 18700
273.16 19040
273.166 19380
273.173 19720
273.179 20060
273.185 20400
273.191 20740
273.198 21080
273.204 21420
273.21 21760
273.217 22100
273.223 22440
273.229 22780
273.236 23120
273.242 23460
273.248 23800
273.255 24140
273.261 24480
273.267 24820
273.273 25160
273.28 32640
273.418 40120
273.731 47600
273.869 55080
274.046 55420
274.172 55760
274.298 56100
274.424 56440
274.55 56780
274.676 57120
274.714 39780
277.502 340
277.658 680
278.837 1020
278.843 1360
279.351 1700
279.357 2040
279.364 2380
279.37 2720
279.865 3060
279.871 3400
279.878 3740
279.884 4080
279.89 4420
279.896 4760
279.903 5100
279.909 5440
280.379 5780
280.385 6120
280.392 6460
280.398 6800
280.404 7140
280.411 7480
280.417 7820
280.423 8160
280.429 8500
280.436 8840
280.442 9180
280.448 9520
280.455 9860
280.461 10200
280.467 10540
280.474 10880
280.893 11220
280.899 11560
280.906 11900
280.912 12240
280.918 12580
280.925 12920
280.931 13260
280.937 13600
280.943 13940
280.95 14280
280.956 14620
280.962 14960
280.969 15300
280.975 15640
280.981 15980
280.988 16320
280.994 16660
281 17000
281.006 17340
281.013 17680
281.019 18020
281.025 18360
281.032 18700
281.038 19040
281.044 19380
281.051 19720
281.057 20060
281.063 20400
281.07 20740
281.076 21080
281.082 21420
281.088 21760
281.407 22100
281.413 22440
281.42 22780
281.426 23120
281.432 23460
281.439 23800
281.445 24140
281.451 24480
281.457 24820
281.464 25160
281.47 25500
281.495 17680
282.545 18020
282.558 18360
282.57 18700
282.596 19040
282.608 19380
282.633 19720
282.659 20060
282.684 20400
282.709 20740
282.747 21080
282.785 21420
282.822 21760
282.886 22100
282.986 22440
283.087 22780
283.201 23120
283.339 23460
283.44 23800
283.598 24140
283.787 24480
284.077 24820
284.455 25160
285.294 25500
286.151 25840
286.75 26180
286.983 26520
287.261 26860
287.5 27200
287.695 27540
287.872 27880
288.03 28220
288.149 28560
288.269 28900
288.37 29240
288.477 29580
288.572 29920
288.666 30260
288.755 30600
288.849 30940
288.918 31280
289 31620
289.076 31960
289.139 32300
289.196 32640
289.259 32980
289.322 33320
289.385 33660
289.435 34000
289.498 34340
289.549 34680
289.599 35020
289.669 35360
289.719 35700
289.769 36040
289.814 36380
289.883 36720
289.94 37060
289.99 37400
290.034 37740
290.078 38080
290.11 38420
290.141 38760
290.192 39100
290.23 39440
290.274 39780
290.305 40120
290.343 40460
290.387 40800
290.431 41140
290.463 41480
290.513 41820
290.551 42160
290.589 42500
290.639 42840
290.684 43180
290.721 43520
290.759 43860
290.797 44200
290.835 44540
290.854 44880
290.879 45220
290.929 45560
290.961 45900
291.024 46240
291.087 46580
291.137 46920
291.175 47260
291.238 47600
291.276 47940
291.333 48280
291.371 48620
291.415 48960
291.465 49300
291.509 49640
291.535 49980
291.566 50320
291.617 50660
291.648 51000
291.692 51340
291.73 51680
291.762 52020
291.806 52360
291.85 52700
291.894 53040
291.925 53380
291.938 53720
291.97 54060
292.001 54400
292.033 54740
292.064 55080
292.089 55420
292.115 55760
292.146 56100
292.178 56440
292.19 56780
292.222 57120
292.247 57460
292.26 57800
292.285 58140
292.297 58480
292.323 58820
292.348 59160
292.373 59500
292.386 59840
292.411 60180
292.423 60520
292.455 60860
292.48 61200
292.493 61540
292.518 61880
292.531 62220
292.556 62560
292.568 62900
292.594 63240
292.606 63580
292.632 63920
292.644 64260
292.669 64600
292.695 64940
292.707 65280
292.732 65620
292.745 65960
292.77 66300
292.789 66640
292.814 66980
292.833 67320
292.858 67660
292.871 68000
292.896 68340
292.909 68680
292.934 69020
292.966 69360
292.991 69700
293.022 70040
293.035 70380
293.06 70720
293.085 71060
293.104 71400
293.13 71740
293.142 72080
293.167 72420
293.18 72760
293.211 73100
293.243 73440
293.262 73780
293.287 74120
293.3 74460
293.325 74800
293.338 75140
293.363 75480
293.375 75820
293.401 76160
293.413 76500
293.438 76840
293.451 77180
293.476 77520
293.489 77860
293.514 78200
293.527 78540
293.552 78880
293.565 79220
293.59 79560
293.602 79900
293.628 80240
293.64 80580
293.665 80920
293.678 81260
293.703 81600
293.716 81940
293.741 82280
293.754 82620
293.779 82960
293.791 83300
293.804 83640
293.817 83980
293.829 84320
293.854 84660
293.867 85000
293.88 85340
293.892 85680
293.905 86020
293.918 86360
293.943 86700
293.955 87040
293.968 87380
293.981 87720
293.993 88060
294.006 88400
294.031 88740
294.044 89080
294.056 89420
294.069 89760
294.081 90100
294.094 90440
294.107 90780
294.132 91120
294.144 91460
294.157 91800
294.17 92140
294.182 92480
294.195 92820
294.208 93160
294.22 93500
294.233 93840
294.258 94180
294.271 94520
294.283 94860
294.296 95200
294.315 95540
294.327 95880
294.34 96220
294.353 96560
294.365 96900
294.378 97240
294.39 97580
294.403 97920
294.416 98260
294.428 98600
294.441 98940
294.453 99280
294.466 99620
294.479 99960
294.491 100300
294.504 100640
294.516 100980
294.529 101320
294.542 101660
294.554 102000
294.579 102340
294.592 102680
294.605 103020
294.617 103360
294.63 103700
294.642 104040
294.655 104380
294.668 104720
294.68 105060
294.693 105400
294.706 105740
294.718 106080
294.731 106420
294.743 106760
294.756 107100
294.769 107440
294.781 107780
294.794 108120
294.806 108460
294.819 108800
294.832 109140
294.844 109480
294.857 109820
294.869 110160
294.882 110500
294.895 110840
294.907 111180
294.92 111520
294.932 111860
294.945 112200
294.958 112540
294.97 112880
294.983 113220
294.996 113560
295.008 113900
295.021 114240
295.033 114580
295.046 114920
295.059 115260
295.071 115600
295.084 115940
295.096 116280
295.109 116620
295.122 116960
295.134 117300
295.147 117640
295.159 117980
295.172 118320
295.185 118660
295.197 119000
295.21 119340
295.222 119680
295.235 120020
295.248 120360
295.26 120700
295.273 121040
295.285 121380
295.298 121720
295.311 122060
295.323 122400
295.336 122740
295.349 123080
295.361 123420
295.374 123760
295.386 124100
295.399 124440
295.412 124780
295.424 125120
295.437 125460
295.449 125800
295.462 126140
295.475 126480
295.487 126820
295.5 127160
295.512 127500
295.525 127840
295.538 128180
295.55 128520
295.563 128860
295.575 129200
295.588 129540
295.601 129880
295.613 130220
295.626 130560
295.645 91120
299.023 340
299.118 2040
299.957 3060
299.976 4080
300.471 5100
300.49 6120
300.509 7140
300.528 8160
300.985 9860
301.016 10880
301.035 11900
301.054 12920
301.073 13940
301.092 14960
301.111 15980
301.13 17000
301.511 18020
301.53 19720
301.562 20740
301.581 21760
301.6 22780
301.619 24820
301.656 25840
301.675 27540
301.707 28560
301.726 29580
301.745 30600
301.764 31620
301.782 32640
301.801 33660
301.82 34680
302.038 35700
302.057 36720
302.076 37740
302.095 38760
302.114 39780
302.133 40800
302.151 41820
302.17 42840
302.189 45220
302.233 46240
302.252 47260
302.271 48280
302.29 49300
302.309 50320
302.328 51340
302.347 52360
302.366 53380
302.385 54400
302.404 55420
302.423 56440
302.441 57460
302.46 58480
302.479 59500
302.498 60520
302.517 61540
302.536 62560
302.555 63580
302.687 63920
302.82 64260
302.933 64600
303.066 64940
303.198 65280
303.311 65620
303.444 65960
303.576 66300
303.69 66640
303.784 46580
306.747 340
307.951 680
308.465 1020
308.471 1360
308.979 1700
308.985 2040
308.992 2380
308.998 2720
309.493 3060
309.5 3400
309.506 3740
309.512 4080
309.518 4420
309.525 4760
309.531 5100
309.537 5440
310.007 5780
310.014 6120
310.02 6460
310.026 6800
310.032 7140
310.039 7480
310.045 7820
310.051 8160
310.058 8500
310.064 8840
310.07 9180
310.077 9520
310.083 9860
310.089 10200
310.095 10540
310.102 10880
310.521 11220
310.528 11560
310.534 11900
310.54 12240
310.546 12580
310.553 12920
310.559 13260
310.565 13600
310.572 13940
310.578 14280
310.584 14620
310.591 14960
310.597 15300
310.603 15640
310.609 15980
310.616 16320
310.622 16660
310.628 17000
310.635 17340
310.641 17680
310.647 18020
310.654 18360
310.66 18700
310.666 19040
310.673 19380
310.679 19720
310.685 20060
310.691 20400
310.698 20740
310.704 21080
310.71 21420
310.717 21760
311.035 22100
311.042 22440
311.048 22780
311.054 23120
311.06 23460
311.067 23800
311.073 24140
311.079 24480
311.086 24820
311.092 25160
311.098 25500
311.105 25840
311.111 26180
311.117 26520
311.123 26860
311.13 27200
311.136 27540
311.142 27880
311.149 28220
311.155 28560
311.161 28900
311.168 29240
311.174 29580
311.18 29920
311.187 30260
311.193 30600
311.199 30940
311.205 31280
311.212 31620
311.218 31960
311.224 32300
311.294 32640
311.42 32980
311.581 22780
312.797 23120
312.81 23460
312.823 23800
312.835 24140
312.848 24480
312.873 24820
312.898 25160
312.924 25500
312.949 25840
312.974 26180
312.999 26520
313.037 26860
313.075 27200
313.113 27540
313.15 27880
313.188 28220
313.27 28560
313.371 28900
313.472 29240
313.585 29580
313.699 29920
313.838 30260
313.945 30600
314.071 30940
314.235 31280
314.443 31620
314.72 31960
315.073 32300
315.559 32640
316.655 32980
317.198 33320
317.576 33660
317.866 34000
318.112 34340
318.282 34680
318.484 35020
318.654 35360
318.799 35700
318.906 36040
319.019 36380
319.127 36720
319.234 37060
319.328 37400
319.417 37740
319.511 38080
319.599 38420
319.669 38760
319.744 39100
319.833 39440
319.908 39780
319.978 40120
320.041 40460
320.091 40800
320.154 41140
320.224 41480
320.261 41820
320.318 42160
320.375 42500
320.419 42840
320.469 43180
320.532 43520
320.577 43860
320.633 44200
320.671 44540
320.728 44880
320.778 45220
320.829 45560
320.873 45900
320.923 46240
320.967 46580
320.999 46920
321.043 47260
321.081 47600
321.131 47940
321.175 48280
321.22 48620
321.257 48960
321.308 49300
321.346 49640
321.39 49980
321.415 50320
321.44 50660
321.484 51000
321.516 51340
321.554 51680
321.604 52020
321.648 52360
321.686 52700
321.73 53040
321.774 53380
321.806 53720
321.856 54060
321.894 54400
321.932 54740
321.982 55080
322.02 55420
322.045 55760
322.077 56100
322.108 56440
322.134 56780
322.171 57120
322.197 57460
322.228 57800
322.26 58140
322.285 58480
322.323 58820
322.354 59160
322.392 59500
322.417 59840
322.443 60180
322.48 60520
322.512 60860
322.531 61200
322.575 61540
322.606 61880
322.632 62220
322.669 62560
322.695 62900
322.733 63240
322.764 63580
322.789 63920
322.821 64260
322.852 64600
322.878 64940
322.915 65280
322.947 65620
322.978 65960
323.004 66300
323.029 66640
323.041 66980
323.054 67320
323.086 67660
323.098 68000
323.123 68340
323.136 68680
323.161 69020
323.174 69360
323.199 69700
323.212 70040
323.237 70380
323.249 70720
323.281 71060
323.294 71400
323.313 71740
323.325 72080
323.357 72420
323.369 72760
323.388 73100
323.401 73440
323.426 73780
323.439 74120
323.47 74460
323.483 74800
323.495 75140
323.514 75480
323.533 75820
323.546 76160
323.571 76500
323.584 76840
323.596 77180
323.621 77520
323.634 77860
323.647 78200
323.672 78540
323.684 78880
323.71 79220
323.729 79560
323.741 79900
323.76 80240
323.773 80580
323.785 80920
323.811 81260
323.829 81600
323.848 81940
323.861 82280
323.874 82620
323.886 82960
323.911 83300
323.924 83640
323.937 83980
323.949 84320
323.968 84660
323.981 85000
323.993 85340
324.019 85680
324.044 86020
324.063 86360
324.075 86700
324.094 87040
324.107 87380
324.119 87720
324.138 88060
324.151 88400
324.164 88740
324.176 89080
324.189 89420
324.201 89760
324.227 90100
324.239 90440
324.252 90780
324.264 91120
324.283 91460
324.296 91800
324.315 92140
324.334 92480
324.346 92820
324.359 93160
324.378 93500
324.39 93840
324.409 94180
324.422 94520
324.441 94860
324.454 95200
324.466 95540
324.479 95880
324.491 96220
324.504 96560
324.517 96900
324.529 97240
324.542 97580
324.554 97920
324.567 98260
324.58 98600
324.592 98940
324.605 99280
324.617 99620
324.63 99960
324.643 100300
324.655 100640
324.668 100980
324.68 101320
324.693 101660
324.706 102000
324.731 102340
324.744 102680
324.756 103020
324.769 103360
324.781 103700
324.794 104040
324.807 104380
324.819 104720
324.832 105060
324.844 105400
324.857 105740
324.876 106080
324.889 106420
324.901 106760
324.914 107100
324.926 107440
324.939 107780
324.952 108120
324.964 108460
324.977 108800
324.989 109140
325.002 109480
325.015 109820
325.027 110160
325.04 110500
325.052 110840
325.065 111180
325.078 111520
325.09 111860
325.103 112200
325.115 112540
325.128 112880
325.141 113220
325.153 113560
325.166 113900
325.178 114240
325.191 114580
325.204 114920
325.216 115260
325.229 115600
325.242 115940
325.254 116280
325.267 116620
325.279 116960
325.292 117300
325.305 117640
325.317 117980
325.33 118320
325.342 118660
325.355 119000
325.368 119340
325.38 119680
325.393 120020
325.405 120360
325.418 120700
325.431 121040
325.443 121380
325.456 121720
325.468 122060
325.487 122400
325.5 122740
325.513 123080
325.532 86020
328.869 340
329.093 1360
329.85 2380
329.869 3400
330.376 5440
330.414 6460
330.433 10200
330.953 12920
331.004 13940
331.023 15980
331.061 17000
331.08 18020
331.098 19040
331.117 22100
331.499 23120
331.518 24140
331.537 26180
331.575 29240
331.631 30260
331.65 32300
331.688 34340
331.726 36380
331.764 37400
331.783 38420
331.802 39440
331.82 40460
331.839 41480
331.858 42500
331.877 43520
331.896 44540
332.019 45560
332.038 46580
332.057 47600
332.076 48620
332.095 49640
332.114 50660
332.133 51680
332.152 52700
332.171 53720
332.189 54740
332.208 55760
332.227 56780
332.246 58480
332.278 59500
332.297 60520
332.429 60860
332.542 61200
332.675 61540
332.807 61880
332.921 62220
333.053 62560
333.179 62900
333.312 63240
333.444 44200
336.302 340
336.356 680
337.605 1020
337.611 1360
338.119 1700
338.125 2040
338.131 2380
338.138 2720
338.633 3060
338.639 3400
338.645 3740
338.652 4080
338.658 4420
338.664 4760
338.67 5100
338.677 5440
339.147 5780
339.153 6120
339.159 6460
339.166 6800
339.172 7140
339.178 7480
339.184 7820
339.191 8160
339.197 8500
339.203 8840
339.21 9180
339.216 9520
339.222 9860
339.229 10200
339.235 10540
339.241 10880
339.661 11220
339.667 11560
339.673 11900
339.68 12240
339.686 12580
339.692 12920
339.698 13260
339.705 13600
339.711 13940
339.717 14280
339.724 14620
339.73 14960
339.736 15300
339.743 15640
339.749 15980
339.755 16320
339.762 16660
339.768 17000
339.774 17340
339.78 17680
339.787 18020
339.793 18360
339.799 18700
339.806 19040
339.812 19380
339.818 19720
339.825 20060
339.831 20400
339.837 20740
339.843 21080
339.85 21420
339.856 21760
340.175 22100
340.181 22440
340.187 22780
340.194 23120
340.2 23460
340.206 23800
340.212 24140
340.219 24480
340.225 24820
340.231 25160
340.238 25500
340.244 25840
340.25 26180
340.257 26520
340.263 26860
340.269 27200
340.276 27540
340.282 27880
340.288 28220
340.294 28560
340.301 28900
340.307 29240
340.313 29580
340.32 29920
340.326 30260
340.332 30600
340.339 30940
340.357 31280
340.49 21760
341.748 22100
341.767 22440
341.779 22780
341.792 23120
341.804 23460
341.817 23800
341.83 24140
341.842 24480
341.855 24820
341.868 25160
341.88 25500
341.918 25840
341.956 26180
342.006 26520
342.044 26860
342.094 27200
342.145 27540
342.271 27880
342.397 28220
342.536 28560
342.674 28900
342.819 29240
342.952 29580
343.141 29920
343.399 30260
343.752 30600
344.213 30940
345.234 31280
345.953 31620
346.28 31960
346.602 32300
346.867 32640
347.106 32980
347.276 33320
347.44 33660
347.573 34000
347.711 34340
347.831 34680
347.945 35020
348.052 35360
348.153 35700
348.247 36040
348.342 36380
348.43 36720
348.499 37060
348.575 37400
348.644 37740
348.707 38080
348.764 38420
348.827 38760
348.903 39100
348.972 39440
349.041 39780
349.079 40120
349.136 40460
349.193 40800
349.256 41140
349.306 41480
349.369 41820
349.413 42160
349.47 42500
349.527 42840
349.571 43180
349.596 43520
349.653 43860
349.691 44200
349.741 44540
349.785 44880
349.836 45220
349.874 45560
349.911 45900
349.949 46240
349.993 46580
350.019 46920
350.056 47260
350.113 47600
350.164 47940
350.208 48280
350.271 48620
350.321 48960
350.378 49300
350.435 49640
350.466 49980
350.51 50320
350.561 50660
350.599 51000
350.636 51340
350.687 51680
350.725 52020
350.775 52360
350.813 52700
350.857 53040
350.901 53380
350.933 53720
350.952 54060
350.983 54400
351.021 54740
351.046 55080
351.09 55420
351.122 55760
351.147 56100
351.179 56440
351.216 56780
351.254 57120
351.286 57460
351.311 57800
351.342 58140
351.374 58480
351.405 58820
351.437 59160
351.456 59500
351.481 59840
351.494 60180
351.519 60520
351.55 60860
351.563 61200
351.588 61540
351.601 61880
351.632 62220
351.651 62560
351.689 62900
351.702 63240
351.733 63580
351.765 63920
351.79 64260
351.809 64600
351.847 64940
351.859 65280
351.885 65620
351.91 65960
351.935 66300
351.967 66640
351.998 66980
352.011 67320
352.036 67660
352.048 68000
352.086 68340
352.118 68680
352.13 69020
352.162 69360
352.175 69700
352.2 70040
352.212 70380
352.238 70720
352.269 71060
352.282 71400
352.313 71740
352.326 72080
352.351 72420
352.364 72760
352.376 73100
352.402 73440
352.414 73780
352.446 74120
352.458 74460
352.477 74800
352.49 75140
352.509 75480
352.521 75820
352.54 76160
352.553 76500
352.584 76840
352.603 77180
352.616 77520
352.628 77860
352.66 78200
352.673 78540
352.685 78880
352.698 79220
352.71 79560
352.736 79900
352.748 80240
352.761 80580
352.78 80920
352.792 81260
352.805 81600
352.818 81940
352.843 82280
352.855 82620
352.868 82960
352.881 83300
352.906 83640
352.918 83980
352.944 84320
352.956 84660
352.969 85000
352.981 85340
352.994 85680
353.019 86020
353.032 86360
353.045 86700
353.057 87040
353.07 87380
353.095 87720
353.108 88060
353.12 88400
353.133 88740
353.145 89080
353.164 89420
353.177 89760
353.202 90100
353.215 90440
353.227 90780
353.24 91120
353.253 91460
353.265 91800
353.278 92140
353.303 92480
353.316 92820
353.328 93160
353.341 93500
353.353 93840
353.372 94180
353.385 94520
353.404 94860
353.416 95200
353.429 95540
353.442 95880
353.454 96220
353.467 96560
353.479 96900
353.505 97240
353.517 97580
353.536 97920
353.549 98260
353.561 98600
353.574 98940
353.587 99280
353.599 99620
353.612 99960
353.624 100300
353.637 100640
353.65 100980
353.662 101320
353.675 101660
353.688 102000
353.7 102340
353.713 102680
353.725 103020
353.738 103360
353.751 103700
353.763 104040
353.776 104380
353.788 104720
353.801 105060
353.826 105400
353.839 105740
353.851 106080
353.864 106420
353.877 106760
353.889 107100
353.902 107440
353.914 107780
353.927 108120
353.94 108460
353.952 108800
353.965 109140
353.978 109480
353.99 109820
354.003 110160
354.015 110500
354.028 110840
354.041 111180
354.053 111520
354.066 111860
354.078 112200
354.091 112540
354.104 112880
354.122 113220
354.135 113560
354.148 113900
354.16 114240
354.179 114580
354.192 114920
354.204 115260
354.217 115600
354.23 115940
354.242 116280
354.255 116620
354.267 116960
354.28 117300
354.293 117640
354.305 117980
354.318 118320
354.331 118660
354.343 119000
354.356 119340
354.368 119680
354.381 120020
354.394 120360
354.406 120700
354.419 121040
354.431 121380
354.444 121720
354.457 122060
354.469 122400
354.482 122740
354.494 123080
354.507 123420
354.52 123760
354.532 124100
354.545 124440
354.557 124780
354.57 125120
354.583 125460
354.595 125800
354.608 126140
354.621 126480
354.633 126820
354.646 127160
354.658 127500
354.677 89080
358.035 340
358.189 1360
358.989 2380
359.008 4080
359.528 5100
359.547 6120
359.566 7140
359.585 8160
360.042 10200
360.08 11900
360.112 12920
360.131 13940
360.15 14960
360.168 15980
360.187 17000
360.569 18020
360.588 19720
360.619 20740
360.638 21760
360.657 22780
360.676 23800
360.695 25840
360.733 27880
360.771 28900
360.79 29920
360.809 30940
360.827 31960
360.846 32980
360.865 34680
361.096 35700
361.115 37740
361.152 38760
361.171 39780
361.19 40800
361.209 41820
361.228 42840
361.247 43860
361.266 44880
361.285 45900
361.304 46920
361.323 47940
361.342 48960
361.36 49980
361.379 51000
361.398 52020
361.417 53040
361.436 54060
361.455 55080
361.474 56100
361.493 57120
361.512 58140
361.531 59840
361.562 60860
361.581 61880
361.6 62900
361.726 63240
361.852 63580
361.966 63920
362.117 64260
362.23 64600
362.363 64940
362.495 65280
362.609 65620
362.741 65960
362.798 45900
365.727 340
366.965 680
367.479 1020
367.485 1360
367.993 1700
367.999 2040
368.005 2380
368.012 2720
368.507 3060
368.513 3400
368.519 3740
368.526 4080
368.532 4420
368.538 4760
368.545 5100
368.551 5440
369.021 5780
369.027 6120
369.033 6460
369.04 6800
369.046 7140
369.052 7480
369.059 7820
369.065 8160
369.071 8500
369.077 8840
369.084 9180
369.09 9520
369.096 9860
369.103 10200
369.109 10540
369.115 10880
369.535 11220
369.541 11560
369.547 11900
369.554 12240
369.56 12580
369.566 12920
369.573 13260
369.579 13600
369.585 13940
369.591 14280
369.598 14620
369.604 14960
369.61 15300
369.617 15640
369.623 15980
369.629 16320
369.636 16660
369.642 17000
369.648 17340
369.655 17680
369.661 18020
369.667 18360
369.673 18700
369.68 19040
369.686 19380
369.692 19720
369.699 20060
369.705 20400
369.711 20740
369.718 21080
369.724 21420
369.73 21760
370.049 22100
370.055 22440
370.061 22780
370.068 23120
370.074 23460
370.08 23800
370.087 24140
370.093 24480
370.099 24820
370.105 25160
370.112 25500
370.118 25840
370.124 26180
370.131 26520
370.137 26860
370.143 27200
370.15 27540
370.156 27880
370.162 28220
370.169 28560
370.175 28900
370.181 29240
370.187 29580
370.194 29920
370.2 30260
370.206 30600
370.213 30940
370.219 31280
370.225 31620
370.232 31960
370.332 32300
370.569 22440
371.761 22780
371.773 23120
371.786 23460
371.798 23800
371.811 24140
371.824 24480
371.836 24820
371.849 25160
371.861 25500
371.874 25840
371.899 26180
371.937 26520
371.975 26860
372.013 27200
372.05 27540
372.101 27880
372.164 28220
372.265 28560
372.378 28900
372.504 29240
372.63 29580
372.782 29920
372.914 30260
373.059 30600
373.261 30940
373.513 31280
373.885 31620
374.351 31960
375.417 32300
376.028 32640
376.476 32980
376.659 33320
376.923 33660
377.157 34000
377.346 34340
377.51 34680
377.655 35020
377.775 35360
377.894 35700
378.001 36040
378.109 36380
378.203 36720
378.323 37060
378.418 37400
378.506 37740
378.581 38080
378.67 38420
378.752 38760
378.808 39100
378.865 39440
378.916 39780
378.979 40120
379.029 40460
379.105 40800
379.155 41140
379.218 41480
379.256 41820
379.306 42160
379.363 42500
379.414 42840
379.47 43180
379.521 43520
379.584 43860
379.628 44200
379.678 44540
379.729 44880
379.779 45220
379.823 45560
379.874 45900
379.912 46240
379.956 46580
380 46920
380.038 47260
380.082 47600
380.132 47940
380.157 48280
380.195 48620
380.239 48960
380.284 49300
380.321 49640
380.359 49980
380.378 50320
380.416 50660
380.447 51000
380.46 51340
380.498 51680
380.529 52020
380.561 52360
380.599 52700
380.63 53040
380.668 53380
380.718 53720
380.75 54060
380.794 54400
380.826 54740
380.87 55080
380.927 55420
380.971 55760
381.015 56100
381.046 56440
381.09 56780
381.116 57120
381.141 57460
381.179 57800
381.217 58140
381.248 58480
381.267 58820
381.311 59160
381.343 59500
381.368 59840
381.406 60180
381.437 60520
381.469 60860
381.5 61200
381.525 61540
381.563 61880
381.595 62220
381.62 62560
381.651 62900
381.677 63240
381.715 63580
381.746 63920
381.765 64260
381.796 64600
381.822 64940
381.86 65280
381.885 65620
381.91 65960
381.941 66300
381.967 66640
381.992 66980
382.011 67320
382.036 67660
382.055 68000
382.068 68340
382.093 68680
382.105 69020
382.124 69360
382.143 69700
382.156 70040
382.181 70380
382.194 70720
382.206 71060
382.231 71400
382.244 71740
382.269 72080
382.288 72420
382.301 72760
382.326 73100
382.339 73440
382.364 73780
382.389 74120
382.402 74460
382.414 74800
382.446 75140
382.458 75480
382.49 75820
382.503 76160
382.515 76500
382.534 76840
382.559 77180
382.572 77520
382.584 77860
382.597 78200
382.622 78540
382.635 78880
382.648 79220
382.66 79560
382.685 79900
382.698 80240
382.717 80580
382.736 80920
382.748 81260
382.761 81600
382.78 81940
382.793 82280
382.805 82620
382.83 82960
382.843 83300
382.856 83640
382.887 83980
382.906 84320
382.919 84660
382.931 85000
382.95 85340
382.963 85680
382.982 86020
382.994 86360
383.007 86700
383.019 87040
383.032 87380
383.045 87720
383.07 88060
383.082 88400
383.095 88740
383.108 89080
383.12 89420
383.133 89760
383.152 90100
383.164 90440
383.183 90780
383.196 91120
383.209 91460
383.221 91800
383.253 92140
383.265 92480
383.278 92820
383.291 93160
383.303 93500
383.322 93840
383.335 94180
383.347 94520
383.36 94860
383.372 95200
383.391 95540
383.41 95880
383.423 96220
383.436 96560
383.448 96900
383.467 97240
383.48 97580
383.492 97920
383.505 98260
383.517 98600
383.53 98940
383.543 99280
383.555 99620
383.568 99960
383.581 100300
383.593 100640
383.606 100980
383.618 101320
383.631 101660
383.644 102000
383.656 102340
383.669 102680
383.681 103020
383.694 103360
383.707 103700
383.719 104040
383.744 104380
383.757 104720
383.77 105060
383.782 105400
383.795 105740
383.807 106080
383.82 106420
383.833 106760
383.845 107100
383.858 107440
383.87 107780
383.883 108120
383.896 108460
383.908 108800
383.921 109140
383.934 109480
383.946 109820
383.959 110160
383.971 110500
383.984 110840
383.997 111180
384.009 111520
384.022 111860
384.041 112200
384.053 112540
384.066 112880
384.079 113220
384.091 113560
384.104 113900
384.123 114240
384.135 114580
384.148 114920
384.16 115260
384.173 115600
384.186 115940
384.198 116280
384.211 116620
384.224 116960
384.236 117300
384.249 117640
384.261 117980
384.274 118320
384.287 118660
384.299 119000
384.318 82960
387.639 340
387.918 2380
388.636 4080
388.668 6120
389.176 7140
389.194 13600
389.715 14620
389.734 16660
389.772 18700
389.809 19720
389.828 22100
389.872 23800
389.904 24820
389.923 25840
389.942 28220
390.248 30260
390.286 32300
390.323 33320
390.342 34340
390.361 37060
390.412 38080
390.431 39100
390.449 40120
390.468 42160
390.506 43180
390.525 44200
390.544 45220
390.563 48280
390.62 49300
390.639 50320
390.657 51340
390.676 53040
390.708 54060
390.727 55080
390.746 56100
390.765 57120
390.784 58140
390.916 58480
391.048 58820
391.174 59160
391.288 59500
391.42 59840
391.546 60180
391.672 60520
391.805 60860
391.899 42500
394.697 340
394.818 680
396.003 1020
396.01 1360
396.517 1700
396.524 2040
396.53 2380
396.536 2720
397.031 3060
397.038 3400
397.044 3740
397.05 4080
397.056 4420
397.063 4760
397.069 5100
397.075 5440
397.545 5780
397.552 6120
397.558 6460
397.564 6800
397.57 7140
397.577 7480
397.583 7820
397.589 8160
397.596 8500
397.602 8840
397.608 9180
397.615 9520
397.621 9860
397.627 10200
397.634 10540
397.64 10880
398.059 11220
398.066 11560
398.072 11900
398.078 12240
398.084 12580
398.091 12920
398.097 13260
398.103 13600
398.11 13940
398.116 14280
398.122 14620
398.129 14960
398.135 15300
398.141 15640
398.148 15980
398.154 16320
398.16 16660
398.166 17000
398.173 17340
398.179 17680
398.185 18020
398.192 18360
398.198 18700
398.204 19040
398.211 19380
398.217 19720
398.223 20060
398.229 20400
398.236 20740
398.242 21080
398.248 21420
398.255 21760
398.573 22100
398.58 22440
398.586 22780
398.592 23120
398.599 23460
398.605 23800
398.611 24140
398.617 24480
398.624 24820
398.63 25160
398.636 25500
398.643 25840
398.649 26180
398.655 26520
398.662 26860
398.668 27200
398.674 27540
398.68 27880
398.687 28220
398.693 28560
398.699 28900
398.706 29240
398.712 29580
398.769 29920
398.781 30260
399.466 21080
