0.0 0
0.290402 3400
0.583891 3740
0.590195 4420
0.596499 5100
0.602803 5780
0.609107 6460
0.812259 6800
0.880101 7480
0.886405 8160
0.892709 8840
0.899013 9520
0.905317 10200
0.911621 10880
0.917925 11560
0.924229 12240
0.930533 12920
1.10847 13600
1.17631 14280
1.18261 14960
1.18892 15640
1.19522 16320
1.20153 17000
1.20783 17680
1.21413 18360
1.22044 19040
1.22674 19720
1.23305 20400
1.23935 21080
1.24565 21760
1.25196 22440
1.25826 23120
1.26457 23800
1.27087 24480
1.27717 25160
1.28348 25840
1.40468 26520
1.41098 27200
1.47252 27880
1.47882 28560
1.48513 29240
1.49143 29920
1.49774 30600
1.50404 31280
1.51034 31960
1.51665 32640
1.52295 33320
1.52926 34000
1.53556 34680
1.54186 35360
1.54817 36040
1.55447 36720
1.56078 37400
1.56708 38080
1.57338 38760
1.57969 39440
1.58599 40120
1.5923 40800
1.5986 41480
1.6049 42160
1.61121 42840
1.61751 43520
1.62382 44200
1.63012 44880
1.63642 45560
1.64273 46240
1.64903 46920
1.65534 47600
1.66164 48280
1.66794 48960
1.67425 49640
1.68055 50320
1.68686 51000
1.69316 51680
1.70089 52360
1.70719 53040
1.7135 53720
1.7198 54400
1.76873 55080
1.77503 55760
1.78134 56440
1.78764 57120
1.79395 57800
1.80025 58480
1.80655 59160
1.81286 59840
1.81916 60520
1.82547 61200
1.83177 61880
1.83807 62560
1.84438 63240
1.85699 64600
1.86329 65280
1.86959 65960
1.8759 66640
1.8822 67320
1.88851 68000
1.89481 68680
1.90111 69360
1.90742 70040
1.91372 70720
1.92003 71400
1.92633 72080
1.93263 72760
1.93894 73440
1.94524 74120
1.95155 74800
1.95785 75480
1.96415 76160
1.97046 76840
1.97676 77520
1.98307 78200
1.98937 78880
1.99567 79560
2.00198 80240
2.00828 80920
2.01459 81600
2.02089 82280
2.02719 82960
2.0335 83640
2.0398 84320
2.04611 85000
2.05241 85680
2.05871 86360
2.06502 87040
2.07132 87720
2.07763 88400
2.08393 89080
2.09023 89760
2.09654 90440
2.10284 91120
2.10915 91800
2.11545 92480
2.12175 93160
2.12806 93840
2.13436 94520
2.14067 95200
2.14697 95880
2.15327 96560
2.15958 97240
2.16588 97920
2.17219 98600
2.17849 99280
2.18479 99960
2.1911 100640
2.1974 101320
2.20371 102000
2.21001 102680
2.21631 103360
2.22262 104040
2.22892 104720
2.23523 105400
2.24153 106080
2.24783 106760
2.25414 107440
2.26044 108120
2.26675 108800
2.27305 109480
2.27935 110160
2.28566 110840
2.29196 111520
2.29827 112200
2.30457 112880
2.31087 113560
2.31718 114240
2.32348 114920
2.32979 115600
2.33609 116280
2.34239 116960
2.3487 117640
2.355 118320
2.36131 119000
2.36761 119680
2.37391 120360
2.38022 121040
2.38652 121720
2.39283 122400
2.39913 123080
2.40543 123760
2.41174 124440
2.41804 125120
2.42435 125800
2.43065 126480
2.43695 127160
2.44326 127840
2.44956 128520
2.45587 129200
2.46217 129880
2.46847 130560
2.47478 131240
2.48108 131920
2.48739 132600
2.49369 133280
2.49999 133960
2.5063 134640
2.5126 135320
2.51891 136000
2.52521 136680
2.53151 137360
2.53782 138040
2.54412 138720
2.55043 139400
2.55673 140080
2.56303 140760
2.56934 141440
2.57564 142120
2.58195 142800
2.58825 143480
2.59455 144160
2.60086 144840
2.60716 145520
2.61347 146200
2.61977 146880
2.62607 147560
2.63238 148240
2.63868 148920
2.64499 149600
2.65129 150280
2.65759 150960
2.6639 151640
2.6702 152320
2.67651 153000
2.68281 153680
2.68911 154360
2.69542 155040
2.70172 155720
2.70803 156400
2.71433 157080
2.72063 157760
2.72694 158440
2.73324 159120
2.73955 159800
2.74585 160480
2.75215 161160
2.75846 161840
2.76476 162520
2.77107 163200
2.77737 163880
2.78367 164560
2.78998 165240
2.79628 165920
2.80259 166600
2.80889 167280
2.81519 167960
2.8215 168640
2.8278 169320
2.83411 170000
2.84041 170680
2.84671 171360
2.85302 172040
2.85932 172720
2.86563 173400
2.87193 174080
2.87823 174760
2.88454 175440
2.89084 176120
2.89715 176800
2.90345 177480
2.90975 178160
2.91606 178840
2.92236 179520
2.92867 180200
2.93497 180880
2.94127 181560
2.94758 182240
2.95388 182920
2.96019 183600
2.96649 184280
2.97279 184960
2.9791 185640
2.9854 186320
2.99171 187000
2.99801 187680
3.00431 188360
3.01062 189040
3.01692 189720
3.02323 190400
3.02953 191080
3.03583 191760
3.04214 192440
3.04844 192780
3.0579 134640
4.94991 340
5.0279 680
5.32096 1700
5.61401 2040
5.61717 3060
5.62662 3400
5.90707 4420
5.91653 4760
5.91968 5780
5.92914 6120
5.93229 7140
6.20328 7480
6.20643 8500
6.21589 8840
6.21904 9860
6.2285 10200
6.23165 11220
6.2411 11560
6.24426 12580
6.25371 12920
6.25686 13940
6.26632 14280
6.49634 15300
6.50579 15640
6.50895 16660
6.5184 17000
6.52155 18020
6.53101 18360
6.53416 19380
6.54362 19720
6.54677 20740
6.55623 21080
6.55938 22100
6.56883 22440
6.57199 23460
6.58144 23800
6.58459 24820
6.59405 25160
6.5972 26180
6.60666 26520
6.60981 27540
6.61927 27880
6.62242 28900
6.79255 29240
6.7957 30260
6.80516 30600
6.80831 31620
6.81776 31960
6.82092 32980
6.83037 33320
6.83352 34340
6.84298 34680
6.84613 35700
6.85559 36040
6.85874 37060
6.8682 37400
6.87135 38420
6.8808 38760
6.88396 39780
6.89341 40120
6.89656 41140
6.90602 41480
6.90917 42500
6.91863 42840
6.92178 43860
6.93124 44200
6.93439 45220
6.94384 45560
6.947 46580
6.95645 46920
6.9596 47940
6.96906 48280
6.97221 49300
6.98167 49640
6.98482 50660
6.99428 51000
6.99743 52020
7.00688 52360
7.01004 53380
7.01949 53720
7.02264 54740
7.0321 55080
7.03525 56100
7.04471 56440
7.04786 57460
7.05732 57800
7.08561 58820
7.09506 59160
7.09821 60180
7.10767 60520
7.11082 61540
7.12028 61880
7.12343 62900
7.13289 63240
7.13604 64260
7.14549 64600
7.14865 65620
7.1581 65960
7.16125 66980
7.17071 67320
7.17386 68340
7.18332 68680
7.18647 69700
7.19593 70040
7.19908 71060
7.20853 71400
7.21169 72420
7.22114 72760
7.22429 73780
7.23375 74120
7.2369 75140
7.24636 75480
7.24951 76500
7.25897 76840
7.26212 77860
7.27157 78200
7.27473 79220
7.28418 79560
7.28733 80580
7.29679 80920
7.29994 81940
7.3094 82280
7.31255 83300
7.32201 83640
7.32516 84660
7.33461 85000
7.33777 86020
7.34722 86360
7.35037 87380
7.35983 87720
7.36298 88740
7.37244 89080
7.37559 90100
7.38505 90440
7.3882 91460
7.39765 91800
7.40081 92820
7.41026 93160
7.41341 94180
7.47645 94520
7.53949 94860
7.60253 95200
7.66557 95540
7.72861 95880
7.79165 96220
7.85469 96560
7.91773 96900
7.98077 97240
8.04381 97580
8.10685 97920
8.16989 98260
8.23293 98600
8.29597 98940
8.31804 69020
10.1974 340
10.4299 680
10.8207 1020
10.8239 1360
11.1138 1700
11.1169 2040
11.1201 2380
11.1232 2720
11.4068 3060
11.41 3400
11.4131 3740
11.4163 4080
11.4194 4420
11.4226 4760
11.4258 5100
11.4289 5440
11.6999 5780
11.7031 6120
11.7062 6460
11.7094 6800
11.7125 7140
11.7157 7480
11.7188 7820
11.722 8160
11.7251 8500
11.7283 8840
11.7314 9180
11.7346 9520
11.7377 9860
11.7409 10200
11.744 10540
11.7472 10880
11.993 11220
11.9961 11560
11.9993 11900
12.0024 12240
12.0056 12580
12.0087 12920
12.0119 13260
12.015 13600
12.0182 13940
12.0213 14280
12.0245 14620
12.0276 14960
12.0308 15300
12.0339 15640
12.0371 15980
12.0402 16320
12.0434 16660
12.0465 17000
12.0497 17340
12.0528 17680
12.056 18020
12.0591 18360
12.0623 18700
12.0655 19040
12.0686 19380
12.0718 19720
12.0749 20060
12.0781 20400
12.0812 20740
12.0844 21080
12.0875 21420
12.0907 21760
12.286 22100
12.2892 22440
12.2923 22780
12.2955 23120
12.2986 23460
12.3018 23800
12.3049 24140
12.3081 24480
12.3112 24820
12.3144 25160
12.3175 25500
12.3207 25840
12.3238 26180
12.327 26520
12.3301 26860
12.3333 27200
12.3364 27540
12.3396 27880
12.3428 28220
12.3459 28560
12.3491 28900
12.3522 29240
12.3554 29580
12.3585 29920
12.3617 30260
12.3648 30600
12.368 30940
12.3711 31280
12.3743 31620
12.3774 31960
12.3806 32300
12.3837 32640
12.3869 32980
12.39 33320
12.3932 33660
12.3963 34000
12.3995 34340
12.4026 34680
12.4058 35020
12.4089 35360
12.4121 35700
12.4152 36040
12.4184 36380
12.4216 36720
12.4247 37060
12.4279 37400
12.431 37740
12.4342 38080
12.4373 38420
12.4405 38760
12.4436 39100
12.4468 39440
12.4499 39780
12.4531 40120
12.4562 40460
12.4594 40800
12.4625 41140
12.4657 41480
12.4688 41820
12.472 42160
12.4751 42500
12.4783 42840
12.4814 43180
12.4846 43520
12.5791 43860
12.5822 44200
12.5854 44540
12.5885 44880
12.5917 45220
12.5948 45560
12.598 45900
12.6011 46240
12.6043 46580
12.6074 46920
12.6106 47260
12.6137 47600
12.6169 47940
12.62 48280
12.6799 48620
12.743 48960
12.806 49300
12.8691 49640
12.9321 49980
12.9951 50320
13.0582 50660
13.0897 35360
14.553 340
14.7004 2720
15.3056 3060
15.3087 3400
15.3119 3740
15.315 4080
15.3182 4420
15.3213 4760
15.3245 5100
15.3276 5440
15.5986 5780
15.6018 6120
15.6049 6460
15.6081 6800
15.6112 7140
15.6238 4760
15.9957 5100
16.1847 5440
16.191 5780
16.2036 6120
16.2509 6460
16.4841 6800
16.5976 7140
19.1216 7480
19.4304 7820
19.7014 8160
19.9945 8500
20.0449 8840
20.2875 9180
20.3222 9520
20.5806 9860
20.5869 10200
20.6468 10540
20.8736 10880
20.88 11220
21.4755 11560
21.5638 11900
21.7591 12240
21.7686 12580
21.7843 12920
22.0522 13260
22.0585 13600
22.09 13940
22.1562 14280
22.3484 14620
22.3673 14960
22.3925 15300
22.4366 15640
22.4808 15980
22.6509 16320
22.6698 16660
22.695 17000
22.7266 17340
22.7581 17680
22.9377 18020
22.944 18360
22.9629 18700
22.9881 19040
23.0133 19380
23.0385 19720
23.07 20060
23.0953 20400
23.2465 14280
23.5395 14620
23.5994 14960
23.6057 15300
23.612 15640
23.6183 15980
23.694 16320
23.8988 16660
23.9744 17000
24.1193 17340
24.2265 17680
24.3085 18020
24.4944 18360
24.5826 18700
24.7937 19040
24.882 19380
25.0931 19720
25.3924 20060
25.695 20400
27.4312 14280
27.7243 14620
27.7842 14960
27.7905 15300
27.7968 15640
27.8031 15980
27.8094 16320
27.8787 16660
28.0174 17000
28.0772 17340
28.1655 17680
28.3104 18020
28.3924 18360
28.5404 18700
28.6665 19040
28.8366 19380
29.0793 19720
29.3787 20060
29.6749 20400
30.5541 14280
30.8471 14620
30.9668 14960
31.0204 15300
31.0267 15640
31.033 15980
31.0393 16320
31.0456 16660
31.0898 17000
31.2599 17340
31.3166 17680
31.449 18020
31.6664 18360
31.8492 18700
31.9658 19040
32.1517 19380
32.4416 19720
32.5708 20060
32.8733 20400
34.5151 14280
34.8081 14620
34.9058 14960
34.9121 15300
34.9184 15640
34.9247 15980
34.931 16320
34.9626 16660
35.0949 17000
35.1989 17340
35.2493 17680
35.3879 18020
35.4951 18360
35.6054 18700
35.7881 19040
35.9772 19380
36.2734 19720
36.5728 20060
36.8753 20400
39.3395 14280
39.6326 14620
39.6925 14960
39.6988 15300
39.7051 15640
39.7114 15980
39.7177 16320
39.8153 16660
39.9162 17000
39.9855 17340
40.0738 17680
40.2092 18020
40.3006 18360
40.5054 18700
40.5748 19040
40.8016 19380
40.9372 19720
41.1861 20060
41.5391 20400
41.7691 14280
42.0621 14620
42.122 14960
42.1283 15300
42.1346 15640
42.1409 15980
42.1472 16320
42.2732 16660
42.3363 17000
42.4151 17340
42.6293 17680
42.7302 18020
42.8625 18360
43.0138 18700
43.1745 19040
43.3668 19380
43.6125 19720
43.9119 20060
44.2144 20400
46.7006 20740
46.7731 14280
47.0662 14620
47.1765 14960
47.1828 15300
47.1891 15640
47.1954 15980
47.2143 16320
47.2206 16660
47.2899 17000
47.4696 17340
47.4759 17680
47.583 18020
47.7658 18360
47.7973 18700
47.9422 19040
48.0714 19380
48.2416 19720
48.3929 13600
48.6859 13940
48.7458 14280
48.7521 14620
48.7584 14960
48.7647 15300
48.771 15640
48.9412 15980
48.9475 16320
49.0389 16660
49.2374 17000
49.354 17340
49.5304 17680
49.6313 18020
49.8235 18360
49.9842 18700
50.2426 19040
50.46 19380
50.7562 19720
53.3685 20060
53.6647 20400
53.9578 20740
54.1028 21080
54.2729 21420
54.4148 21760
54.5502 22100
54.6637 22440
54.8464 22780
54.8716 23120
54.9694 23460
55.0576 23800
55.1426 24140
55.253 24480
55.4389 24820
55.5082 25160
55.5712 25500
55.6343 25840
55.754 26180
55.8107 26520
55.8737 26860
55.9305 27200
56.0502 19040
56.3432 19380
56.422 19720
56.4283 20060
56.4346 20400
56.441 20740
56.4473 21080
56.504 21420
56.6174 21760
56.7529 22100
56.816 22440
56.9104 22780
57.0428 23120
57.0996 23460
57.1752 23800
57.3296 24140
57.4052 24480
57.5029 24820
57.6447 25160
57.7456 25500
57.9315 25840
58.0512 26180
58.256 26520
58.5302 26860
58.8264 27200
61.048 19040
61.3411 19380
61.4639 19720
61.4702 20060
61.4765 20400
61.4828 20740
61.4891 21080
61.4954 21420
61.5017 21760
61.5459 22100
61.6152 22440
61.757 22780
61.7696 23120
61.8578 23460
61.9461 23800
62.0532 24140
62.1414 24480
62.2486 24820
62.3683 25160
62.507 25500
62.57 17680
62.8662 18020
63.0048 18360
63.0111 18700
63.0175 19040
63.0238 19380
63.0301 19720
63.0364 20060
63.112 20400
63.3042 20740
63.3672 21080
63.4303 21420
63.6067 21760
63.6698 22100
63.7391 22440
63.9061 22780
63.9754 23120
64.0826 23460
64.2779 23800
64.3536 24140
64.5395 24480
64.7695 24820
64.9586 25160
65.2611 25500
67.7883 25840
67.9994 18020
68.2925 18360
68.3681 18700
68.3744 19040
68.3807 19380
68.3871 19720
68.3934 20060
68.3997 20400
68.4375 20740
68.5131 21080
68.5855 21420
68.6707 21760
68.7526 22100
68.803 15300
69.0992 15640
69.2599 15980
69.2662 16320
69.2725 16660
69.2788 17000
69.2851 17340
69.2914 17680
69.2977 18020
69.386 18360
69.5561 18700
69.5687 19040
69.6696 19380
69.8523 19720
69.9595 20060
70.1706 20400
70.4385 20740
70.533 21080
70.7725 21420
71.0687 21760
71.3681 22100
73.2052 15300
73.4983 15640
73.5645 15980
73.5708 16320
73.5771 16660
73.6747 17000
73.681 17340
73.6873 17680
73.6999 18020
73.7819 18360
73.8733 18700
73.9678 19040
74.0686 19380
74.1758 19720
74.2923 20060
74.4499 20400
74.5696 20740
74.8658 21080
75.1652 21420
75.4614 21760
75.7608 22100
76.3311 15300
76.6242 15640
76.6904 15980
76.6967 16320
76.703 16660
76.7093 17000
76.7156 17340
76.7471 17680
76.8228 18020
77.037 18360
77.119 18700
77.3049 19040
77.3931 19380
77.579 19720
77.6673 20060
77.8658 20400
77.9414 20740
78.0863 21080
78.3038 21420
78.5433 21760
78.8426 22100
81.3888 22440
81.7259 22780
81.978 23120
82.1954 23460
82.3341 23800
82.4916 24140
82.6146 24480
82.728 24820
82.8572 25160
82.9392 25500
83.0337 25840
83.1503 26180
83.207 26520
83.3016 26860
83.4843 27200
83.5725 27540
83.6482 27880
83.7584 28220
83.8215 28560
83.8908 28900
83.9539 29240
84.0483 29580
84.0988 29920
84.1555 30260
84.2059 30600
84.2627 30940
84.3382 31280
84.3824 31620
84.4328 31960
84.4769 32300
84.5274 32640
84.5778 32980
84.625 33320
84.6628 33660
84.707 34000
84.7511 34340
84.7952 34680
84.8393 35020
84.8772 35360
84.915 35700
84.9591 36040
84.9969 36380
85.0411 36720
85.0789 37060
85.1167 37400
85.1545 37740
85.1924 38080
85.2302 38420
85.268 38760
85.2995 39100
85.331 39440
85.3689 39780
85.4004 40120
85.4382 40460
85.4697 40800
85.5013 41140
85.5328 41480
85.5706 41820
85.6021 42160
85.6336 42500
85.6652 42840
85.6967 43180
85.7282 43520
85.7597 43860
85.7912 44200
85.8228 44540
85.8543 44880
85.8858 45220
85.911 45560
85.9362 45900
85.9678 46240
85.993 46580
86.0245 46920
86.0497 47260
86.0812 47600
86.1064 47940
86.138 48280
86.1632 48620
86.1884 48960
86.2136 49300
86.2451 49640
86.2703 49980
86.2956 50320
86.3208 50660
86.346 51000
86.3712 51340
86.3964 51680
86.4216 52020
86.4469 52360
86.4721 52700
86.4973 53040
86.5225 53380
86.5477 53720
86.5729 54060
86.5982 54400
86.6171 54740
86.6423 55080
86.6675 55420
86.6927 55760
86.7116 56100
86.7368 56440
86.7558 56780
86.781 57120
86.7999 57460
86.8251 57800
86.844 58140
86.8692 58480
86.8881 58820
86.9134 59160
86.9323 59500
86.9575 59840
86.9764 60180
87.0016 60520
87.0205 60860
87.0457 61200
87.0646 61540
87.0899 61880
87.1088 62220
87.134 62560
87.1529 62900
87.1781 63240
87.197 63580
87.2096 63920
87.2286 64260
87.2538 64600
87.2727 64940
87.2916 65280
87.3105 65620
87.3294 65960
87.3483 66300
87.3672 66640
87.3862 66980
87.4051 67320
87.424 67660
87.4429 68000
87.4618 68340
87.4807 68680
87.4996 69020
87.5185 69360
87.5374 69700
87.5564 70040
87.5753 70380
87.5942 70720
87.6131 71060
87.632 71400
87.6509 71740
87.6698 72080
87.6887 72420
87.7077 72760
87.7266 73100
87.7455 73440
87.7644 73780
87.7833 74120
87.8022 74460
87.8211 74800
87.84 75140
87.859 75480
87.8716 75820
87.8905 76160
87.9094 76500
87.9283 76840
87.9409 77180
87.9535 77520
87.9724 77860
87.9913 78200
88.0039 78540
88.0229 78880
88.0355 79220
88.0544 79560
88.067 79900
88.0859 80240
88.0985 80580
88.1174 80920
88.13 81260
88.1489 81600
88.1615 81940
88.1805 82280
88.1931 82620
88.212 82960
88.2246 83300
88.2435 83640
88.2561 83980
88.275 84320
88.2876 84660
88.3065 85000
88.3191 85340
88.3381 85680
88.3507 86020
88.3696 86360
88.3822 86700
88.4011 87040
88.4137 87380
88.4326 87720
88.4452 88060
88.4641 88400
88.4767 88740
88.4957 89080
88.5083 89420
88.5209 62560
89.3467 62900
89.353 63240
89.3593 63580
89.3656 63920
89.3719 64260
89.3782 64600
89.3845 64940
89.3908 65280
89.3971 65620
89.4034 65960
89.4097 66300
89.5043 66640
89.561 66980
89.6304 67320
89.6871 67660
89.7502 68000
89.8006 68340
89.851 68680
89.9014 69020
89.9519 69360
89.996 69700
90.0464 70040
90.0906 70380
90.1347 70720
90.1788 71060
90.223 71400
90.2671 71740
90.3175 72080
90.3553 72420
90.3806 50660
91.0456 51000
91.0519 51340
91.0582 51680
91.0645 52020
91.0708 52360
91.0771 52700
91.0834 53040
91.0898 53380
91.0961 53720
91.1276 54060
91.2158 54400
91.2852 54740
91.3545 55080
91.405 55420
91.4617 55760
91.5184 56100
91.5752 56440
91.6256 56780
91.676 57120
91.7265 57460
91.7769 57800
91.8273 58140
91.8714 58480
91.9219 58820
91.966 59160
92.0164 59500
92.0606 59840
92.111 60180
92.1614 60520
92.2119 60860
92.2686 61200
92.319 61540
92.3695 61880
92.4262 62220
92.4829 62560
92.5397 62900
92.5712 43860
93.1512 44200
93.1575 44540
93.1638 44880
93.1701 45220
93.1764 45560
93.1827 45900
93.189 46240
93.1953 46580
93.2205 46920
93.2898 47260
93.3718 47600
93.4348 47940
93.4979 48280
93.5609 48620
93.6177 48960
93.6744 49300
93.7311 49640
93.7879 49980
93.832 50320
93.8824 50660
93.9329 51000
93.9833 51340
94.0337 51680
94.0842 52020
94.1346 52360
94.1913 52700
94.2481 53040
94.3048 53380
94.3552 53720
94.4183 54060
94.475 54400
94.538 54740
94.6011 55080
94.6641 55420
94.7272 55760
94.7902 56100
94.8595 56440
94.9289 56780
94.9982 57120
95.0739 57460
95.1495 57800
95.2252 58140
95.3134 58480
95.4017 58820
95.4899 59160
95.5845 59500
95.6917 59840
95.8051 60180
95.9123 60520
96.051 60860
96.1897 61200
96.341 61540
96.5238 61880
96.7129 62220
96.9966 62560
97.5766 62900
99.411 63240
99.7578 63580
100.01 63920
100.205 64260
100.514 64600
100.647 64940
100.729 45220
101.324 45560
101.331 45900
101.337 46240
101.343 46580
101.35 46920
101.356 47260
101.362 47600
101.368 47940
101.375 48280
101.387 48620
101.457 48960
101.545 49300
101.621 49640
101.684 49980
101.753 50320
101.81 50660
101.866 51000
101.923 51340
101.974 51680
102.024 52020
102.074 52360
102.131 52700
102.182 53040
102.238 53380
102.289 53720
102.346 54060
102.396 54400
102.453 54740
102.503 55080
102.56 55420
102.617 55760
102.673 56100
102.73 56440
102.793 56780
102.85 57120
102.919 57460
102.982 57800
103.052 58140
103.115 58480
103.184 58820
103.26 59160
103.335 59500
103.411 59840
103.493 60180
103.569 60520
103.663 60860
103.751 61200
103.846 61540
103.959 61880
104.073 62220
104.186 62560
104.325 62900
104.445 63240
104.59 63580
104.785 63920
104.981 64260
105.277 64600
105.876 64940
106.582 45220
107.181 45560
107.187 45900
107.193 46240
107.2 46580
107.206 46920
107.212 47260
107.219 47600
107.225 47940
107.231 48280
107.237 48620
107.244 48960
107.282 49300
107.376 49640
107.471 49980
107.546 50320
107.622 50660
107.679 51000
107.742 51340
107.792 51680
107.849 52020
107.912 52360
107.969 52700
108.019 53040
108.07 53380
108.126 53720
108.177 54060
108.233 54400
108.284 54740
108.341 55080
108.397 55420
108.46 55760
108.517 56100
108.574 56440
108.637 56780
108.7 57120
108.763 57460
108.832 57800
108.895 58140
108.965 58480
109.034 58820
109.103 59160
109.179 59500
109.261 59840
109.337 60180
109.425 60520
109.507 60860
109.601 61200
109.696 61540
109.809 61880
109.923 62220
110.036 62560
110.181 62900
110.295 63240
110.44 63580
110.635 63920
110.831 64260
111.127 64600
111.726 64940
113.497 65280
113.579 45560
114.594 45900
114.601 46240
114.607 46580
114.613 46920
114.619 47260
114.626 47600
114.632 47940
114.638 48280
114.645 48620
114.651 48960
114.657 49300
114.664 49640
114.758 49980
114.872 50320
114.954 50660
115.023 51000
115.092 51340
115.155 51680
115.206 52020
115.269 52360
115.325 52700
115.382 53040
115.433 53380
115.489 53720
115.54 54060
115.597 54400
115.647 54740
115.704 55080
115.76 55420
115.817 55760
115.874 56100
115.931 56440
115.994 56780
116.057 57120
116.12 57460
116.189 57800
116.252 58140
116.322 58480
116.385 58820
116.454 59160
116.53 59500
116.605 59840
116.687 60180
116.763 60520
116.845 60860
116.933 61200
117.028 61540
117.122 61880
117.236 62220
117.33 62560
117.444 62900
117.589 63240
117.734 63580
117.879 63920
118.074 64260
118.276 64600
118.572 64940
118.723 45220
119.322 45560
119.329 45900
119.335 46240
119.341 46580
119.347 46920
119.354 47260
119.36 47600
119.366 47940
119.373 48280
119.398 48620
119.492 48960
119.568 49300
119.637 49640
119.7 49980
119.763 50320
119.814 50660
119.871 51000
119.927 51340
119.972 51680
120.022 52020
120.072 52360
120.129 52700
120.18 53040
120.236 53380
120.287 53720
120.343 54060
120.394 54400
120.451 54740
120.501 55080
120.558 55420
120.615 55760
120.671 56100
120.728 56440
120.791 56780
120.848 57120
120.917 57460
120.98 57800
121.05 58140
121.113 58480
121.182 58820
121.258 59160
121.333 59500
121.409 59840
121.491 60180
121.566 60520
121.661 60860
121.749 61200
121.844 61540
121.957 61880
122.071 62220
122.184 62560
122.323 62900
122.443 63240
122.588 63580
122.783 63920
122.979 64260
123.275 64600
123.874 64940
125.267 45220
125.863 45560
125.869 45900
125.875 46240
125.882 46580
125.888 46920
125.894 47260
125.9 47600
125.907 47940
125.913 48280
125.919 48620
125.926 48960
125.932 49300
125.963 49640
126.071 49980
126.172 50320
126.26 50660
126.323 51000
126.392 51340
126.455 51680
126.518 52020
126.575 52360
126.638 52700
126.695 53040
126.751 53380
126.802 53720
126.859 54060
126.909 54400
126.966 54740
127.023 55080
127.079 55420
127.136 55760
127.199 56100
127.256 56440
127.319 56780
127.382 57120
127.451 57460
127.514 57800
127.584 58140
127.647 58480
127.716 58820
127.792 59160
127.867 59500
127.943 59840
128.025 60180
128.107 60520
128.195 60860
128.283 61200
128.378 61540
128.491 61880
128.605 62220
128.718 62560
128.863 62900
128.977 63240
129.122 63580
129.317 63920
129.513 64260
129.809 64600
130.408 64940
130.66 45220
131.259 45560
131.265 45900
131.271 46240
131.278 46580
131.284 46920
131.29 47260
131.297 47600
131.303 47940
131.309 48280
131.316 48620
131.416 48960
131.505 49300
131.568 49640
131.631 49980
131.7 50320
131.744 50660
131.801 51000
131.858 51340
131.908 51680
131.959 52020
132.015 52360
132.066 52700
132.122 53040
132.173 53380
132.23 53720
132.28 54060
132.337 54400
132.387 54740
132.444 55080
132.501 55420
132.557 55760
132.614 56100
132.671 56440
132.728 56780
132.791 57120
132.854 57460
132.923 57800
132.986 58140
133.055 58480
133.119 58820
133.194 59160
133.27 59500
133.352 59840
133.427 60180
133.509 60520
133.598 60860
133.692 61200
133.787 61540
133.9 61880
133.976 43180
134.543 43520
134.55 43860
134.556 44200
134.562 44540
134.568 44880
134.575 45220
134.581 45560
134.587 45900
134.594 46240
134.682 46580
134.77 46920
134.827 47260
134.89 47600
134.947 47940
135.01 48280
135.066 48620
135.117 48960
135.174 49300
135.23 49640
135.287 49980
135.338 50320
135.388 50660
135.445 51000
135.495 51340
135.546 51680
135.609 52020
135.659 52360
135.716 52700
135.779 53040
135.836 53380
135.899 53720
135.955 54060
136.018 54400
136.081 54740
136.144 55080
136.214 55420
136.289 55760
136.359 56100
136.434 56440
136.504 56780
136.586 57120
136.668 57460
136.756 57800
136.844 58140
136.92 40460
138.196 40800
138.203 41140
138.209 41480
138.215 41820
138.222 42160
138.228 42500
138.234 42840
138.241 43180
138.247 43520
138.253 43860
138.367 44200
138.43 44540
138.512 44880
138.581 45220
138.65 45560
138.713 45900
138.77 46240
138.833 46580
138.89 46920
138.947 47260
139.003 47600
139.054 47940
139.11 48280
139.167 48620
139.224 48960
139.274 49300
139.337 49640
139.4 49980
139.47 50320
139.533 50660
139.602 51000
139.665 51340
139.735 51680
139.798 52020
139.867 52360
139.943 52700
140.025 53040
140.107 53380
140.188 53720
140.27 54060
140.365 54400
140.466 54740
140.567 55080
140.668 55420
140.794 55760
140.926 56100
141.052 56440
141.229 56780
141.399 57120
141.613 57460
141.84 57800
142.376 58140
142.452 40460
142.987 40800
142.994 41140
143 41480
143.006 41820
143.013 42160
143.019 42500
143.025 42840
143.032 43180
143.076 43520
143.158 43860
143.233 44200
143.303 44540
143.366 44880
143.416 45220
143.473 45560
143.536 45900
143.593 46240
143.637 46580
143.693 46920
143.744 47260
143.801 47600
143.851 47940
143.908 48280
143.958 48620
144.015 48960
144.078 49300
144.135 49640
144.198 49980
144.261 50320
144.33 50660
144.393 51000
144.463 51340
144.526 51680
144.595 52020
144.658 52360
144.74 52700
144.809 53040
144.891 53380
144.973 53720
145.055 54060
145.15 54400
145.251 54740
145.351 55080
145.452 55420
145.578 55760
145.711 56100
145.837 56440
146.013 56780
146.184 57120
146.404 57460
146.625 57800
147.161 58140
148.8 40460
149.332 40800
149.339 41140
149.345 41480
149.351 41820
149.358 42160
149.364 42500
149.37 42840
149.377 43180
149.383 43520
149.389 43860
149.395 44200
149.427 44540
149.465 44880
149.566 45220
149.673 45560
149.755 45900
149.805 31960
150.228 32300
150.234 32640
150.24 32980
150.246 33320
150.253 33660
150.259 34000
150.265 34340
150.303 34680
150.398 35020
150.461 35360
150.543 35700
150.593 36040
150.656 36380
150.719 36720
150.789 37060
150.852 37400
150.921 37740
150.99 38080
151.047 38420
151.116 38760
151.186 39100
151.261 39440
151.331 39780
151.406 40120
151.476 40460
151.551 40800
151.627 41140
151.703 41480
151.791 41820
151.873 42160
151.967 42500
152.068 42840
152.163 43180
152.295 43520
152.396 43860
152.529 44200
152.667 44540
152.869 44880
153.077 45220
153.285 45560
153.707 45900
154.117 31960
154.536 32300
154.543 32640
154.549 32980
154.555 33320
154.562 33660
154.568 34000
154.574 34340
154.58 34680
154.612 35020
154.662 35360
154.751 35700
154.852 36040
154.902 36380
154.984 36720
155.066 37060
155.123 37400
155.186 37740
155.255 38080
155.324 38420
155.394 38760
155.463 39100
155.539 39440
155.608 39780
155.684 40120
155.753 27880
156.119 28220
156.163 28560
156.169 28900
156.175 29240
156.182 29580
156.188 29920
156.194 30260
156.238 30600
156.305 30940
156.393 31280
156.475 31620
156.55 31960
156.62 32300
156.683 32640
156.752 32980
156.815 33320
156.884 33660
156.941 34000
157.023 34340
157.099 34680
157.181 35020
157.256 35360
157.338 35700
157.42 36040
157.502 36380
157.59 36720
157.698 37060
157.811 37400
157.925 37740
158.044 38080
158.158 38420
158.334 38760
158.517 39100
158.694 39440
158.952 39780
159.248 40120
161.663 40460
162.016 40800
162.123 28560
162.495 28900
162.533 29240
162.539 29580
162.545 29920
162.552 30260
162.558 30600
162.564 30940
162.57 31280
162.577 31620
162.615 31960
162.665 32300
162.715 32640
162.766 32980
162.826 33320
162.882 33660
163.002 34000
163.059 34340
163.191 34680
163.261 35020
163.355 35360
163.462 35700
163.57 36040
163.664 36380
163.759 36720
163.847 37060
163.96 37400
164.074 37740
164.194 38080
164.307 38420
164.427 38760
164.547 39100
164.723 39440
164.849 39780
165.032 40120
165.328 40460
165.593 40800
168.039 41140
168.392 41480
168.638 41820
168.84 42160
169.004 42500
169.149 42840
169.281 43180
169.401 43520
169.508 43860
169.609 44200
169.792 44540
169.924 44880
170.063 45220
170.176 45560
170.271 45900
170.365 46240
170.441 46580
170.529 46920
170.599 47260
170.674 47600
170.744 47940
170.807 48280
170.87 48620
170.933 48960
170.989 49300
171.046 49640
171.103 49980
171.16 50320
171.21 50660
171.26 51000
171.311 51340
171.361 51680
171.405 52020
171.456 52360
171.5 52700
171.544 53040
171.588 53380
171.632 53720
171.677 54060
171.721 54400
171.758 54740
171.803 55080
171.84 55420
171.878 55760
171.916 56100
171.954 56440
171.992 56780
172.03 57120
172.067 57460
172.105 57800
172.143 58140
172.175 58480
172.206 58820
172.244 59160
172.275 59500
172.307 59840
172.338 60180
172.376 60520
172.408 60860
172.439 61200
172.452 42500
173.016 42840
173.022 43180
173.029 43520
173.035 43860
173.041 44200
173.048 44540
173.054 44880
173.06 45220
173.092 45560
173.167 45900
173.243 46240
173.306 46580
173.369 46920
173.426 47260
173.489 47600
173.533 47940
173.59 48280
173.64 48620
173.697 48960
173.754 49300
173.81 49640
173.861 49980
173.911 50320
173.968 50660
174.018 51000
174.075 51340
174.132 51680
174.189 52020
174.252 52360
174.308 52700
174.372 53040
174.428 53380
174.491 53720
174.548 54060
174.611 54400
174.68 54740
174.75 55080
174.825 55420
174.895 55760
174.97 56100
175.052 56440
175.141 56780
175.223 57120
175.311 57460
175.418 57800
175.506 58140
175.613 58480
175.733 58820
175.859 59160
175.992 59500
176.174 59840
176.313 60180
176.338 41820
176.893 42160
176.899 42500
176.906 42840
176.912 43180
176.918 43520
176.925 43860
176.931 44200
176.937 44540
176.975 44880
177.051 45220
177.12 45560
177.189 45900
177.246 46240
177.309 46580
177.366 46920
177.423 47260
177.473 47600
177.53 47940
177.58 48280
177.637 48620
177.687 48960
177.744 49300
177.801 49640
177.858 49980
177.914 50320
177.971 50660
178.028 51000
178.085 51340
178.141 51680
178.204 52020
178.261 52360
178.324 52700
178.381 53040
178.45 53380
178.52 53720
178.589 54060
178.658 54400
178.728 54740
178.803 55080
178.885 55420
178.973 55760
179.055 56100
179.144 56440
179.244 56780
179.352 57120
179.453 57460
179.579 57800
179.692 58140
179.824 58480
180.001 58820
180.184 59160
180.373 59500
180.638 59840
181.192 60180
182.869 41820
183.421 42160
183.427 42500
183.434 42840
183.446 43180
183.452 43520
183.459 43860
183.465 44200
183.471 44540
183.478 44880
183.484 45220
183.49 45560
183.503 45900
183.541 46240
183.616 46580
183.692 46920
183.787 47260
183.875 47600
183.95 47940
184.02 48280
184.089 48620
184.146 48960
184.209 49300
184.272 49640
184.335 49980
184.398 50320
184.455 50660
184.511 51000
184.568 51340
184.638 51680
184.694 52020
184.757 52360
184.82 36380
185.299 36720
185.306 37060
185.312 37400
185.318 37740
185.325 38080
185.331 38420
185.337 38760
185.344 39100
185.426 39440
185.508 39780
185.571 40120
185.64 40460
185.69 40800
185.753 41140
185.816 41480
185.879 41820
185.936 42160
185.987 42500
186.043 42840
186.1 43180
186.163 43520
186.22 43860
186.277 44200
186.34 44540
186.409 44880
186.478 45220
186.548 45560
186.617 45900
186.686 46240
186.756 46580
186.825 46920
186.894 47260
186.983 47600
187.058 47940
187.147 48280
187.235 48620
187.323 48960
187.437 49300
187.525 49640
187.638 49980
187.752 50320
187.903 50660
188.061 51000
188.218 51340
188.451 51680
188.697 36040
189.173 36380
189.18 36720
189.186 37060
189.192 37400
189.199 37740
189.205 38080
189.211 38420
189.217 38760
189.262 39100
189.331 39440
189.419 39780
189.495 40120
189.564 40460
189.627 40800
189.69 41140
189.753 41480
189.816 41820
189.879 42160
189.942 42500
189.993 42840
190.062 43180
190.119 43520
190.176 43860
190.239 44200
190.308 44540
190.371 44880
190.44 45220
190.51 45560
190.579 45900
190.648 46240
190.724 46580
190.806 46920
190.888 47260
190.976 47600
191.064 47940
191.153 48280
191.26 48620
191.373 48960
191.487 49300
191.6 49640
191.752 49980
191.903 50320
192.061 50660
192.294 51000
192.527 51340
193.006 51680
195.099 52020
195.452 52360
195.698 52700
195.9 53040
196.064 53380
196.209 53720
196.423 54060
196.669 54400
196.763 54740
196.839 38080
197.687 38420
197.693 38760
197.699 39100
197.706 39440
197.712 39780
197.718 40120
197.725 40460
197.731 40800
197.8 41140
197.87 41480
197.945 41820
198.008 42160
198.071 42500
198.134 42840
198.191 43180
198.248 43520
198.305 43860
198.361 44200
198.418 44540
198.45 30940
198.859 31280
198.872 31620
198.878 31960
198.885 32300
198.891 32640
198.897 32980
198.903 33320
198.954 33660
199.036 34000
199.111 34340
199.187 34680
199.244 35020
199.307 35360
199.37 35700
199.433 36040
199.502 36380
199.565 36720
199.635 37060
199.698 37400
199.767 37740
199.836 38080
199.906 38420
199.975 38760
200.044 39100
200.12 39440
200.189 39780
200.284 40120
200.353 40460
200.448 40800
200.542 41140
200.637 41480
200.744 41820
200.858 42160
200.99 42500
201.116 42840
201.248 43180
201.45 43520
201.652 43860
201.854 44200
202.232 30940
202.638 31280
202.651 31620
202.657 31960
202.664 32300
202.67 32640
202.676 32980
202.683 33320
202.689 33660
202.733 34000
202.783 34340
202.884 34680
202.979 35020
203.048 35360
203.13 35700
203.206 36040
203.262 36380
203.332 36720
203.395 37060
203.464 37400
203.533 37740
203.603 38080
203.678 38420
203.754 38760
203.83 39100
203.918 39440
204.006 39780
204.101 40120
204.189 40460
204.284 40800
204.296 28560
204.671 28900
204.706 29240
204.712 29580
204.719 29920
204.725 30260
204.731 30600
204.744 30940
204.838 31280
204.889 31620
204.958 31960
205.056 32300
205.112 32640
205.176 32980
205.239 33320
205.295 33660
205.371 34000
205.434 34340
205.51 34680
205.579 35020
205.655 35360
205.743 24480
206.064 24820
206.14 25160
206.146 25500
206.153 25840
206.159 26180
206.165 26520
206.171 26860
206.203 27200
206.285 27540
206.433 27880
206.477 28220
206.54 28560
206.603 28900
206.673 29240
206.777 29580
206.846 29920
206.915 30260
206.985 30600
207.079 30940
207.155 31280
207.243 31620
207.35 31960
207.451 32300
207.545 32640
207.649 32980
207.725 22780
208.024 23120
208.116 23460
208.122 23800
208.128 24140
208.135 24480
208.141 24820
208.147 25160
208.204 25500
208.267 25840
208.412 26180
208.456 26520
208.525 26860
208.601 27200
208.708 27540
208.765 27880
208.841 28220
208.916 28560
209.023 28900
209.112 29240
209.2 20400
209.499 20740
209.609 21080
209.616 21420
209.622 21760
209.628 22100
209.635 22440
209.641 22780
209.704 23120
209.903 23460
209.934 23800
210.003 24140
210.079 24480
210.218 24820
210.293 25160
210.369 25500
210.514 25840
210.571 26180
210.653 26520
210.794 26860
210.905 27200
211.005 27540
211.179 27880
211.305 28220
211.516 28560
211.777 28900
212.074 29240
212.297 20400
212.59 20740
212.676 21080
212.682 21420
212.688 21760
212.694 22100
212.701 22440
212.707 22780
212.764 23120
212.846 23460
212.969 23800
213.044 24140
213.126 16660
213.422 17000
213.571 17340
213.577 17680
213.583 18020
213.589 18360
213.596 18700
213.602 19040
213.659 19380
213.867 19720
213.917 20060
214.005 20400
214.16 20740
214.217 21080
214.311 21420
214.487 21760
214.588 22100
214.781 22440
214.856 22780
215.048 23120
215.225 23460
215.461 23800
215.761 24140
218.288 24480
218.644 24820
218.89 25160
219.151 25500
219.252 25840
219.447 26180
219.529 26520
219.649 26860
219.756 27200
219.857 27540
219.952 27880
220.037 28220
220.125 28560
220.207 28900
220.377 29240
220.49 29580
220.56 29920
220.676 30260
220.733 30600
220.796 30940
220.866 31280
220.954 31620
221.004 31960
221.055 32300
221.111 32640
221.174 32980
221.237 33320
221.288 33660
221.338 34000
221.389 34340
221.439 34680
221.496 35020
221.534 35360
221.571 35700
221.622 36040
221.666 36380
221.716 36720
221.761 37060
221.798 37400
221.836 37740
221.88 38080
221.924 38420
221.969 38760
222 39100
222.038 39440
222.076 39780
222.114 40120
222.158 40460
222.189 40800
222.221 41140
222.259 41480
222.296 41820
222.334 42160
222.366 42500
222.404 42840
222.435 43180
222.473 43520
222.498 43860
222.53 44200
222.561 44540
222.593 44880
222.63 45220
222.656 45560
222.687 45900
222.719 46240
222.75 46580
222.782 46920
222.807 47260
222.845 32980
223.277 33320
223.283 33660
223.289 34000
223.296 34340
223.302 34680
223.308 35020
223.314 35360
223.365 35700
223.447 36040
223.529 36380
223.579 36720
223.642 37060
223.712 37400
223.781 37740
223.844 38080
223.901 38420
223.957 38760
224.02 39100
224.077 39440
224.14 39780
224.21 40120
224.273 40460
224.348 40800
224.424 41140
224.5 41480
224.575 41820
224.651 42160
224.727 42500
224.802 42840
224.884 43180
224.979 43520
225.08 43860
225.18 44200
225.281 44540
225.382 44880
225.521 45220
225.66 45560
225.798 45900
225.994 46240
226.158 46580
226.372 46920
226.807 47260
228.875 32980
229.31 33320
229.316 33660
229.322 34000
229.328 34340
229.335 34680
229.341 35020
229.347 35360
229.354 35700
229.36 36040
229.379 36380
229.423 36720
229.473 37060
229.518 37400
229.562 37740
229.663 38080
229.763 38420
229.858 38760
229.946 39100
230.035 39440
230.11 39780
230.18 40120
230.249 40460
230.324 40800
230.4 41140
230.476 41480
230.551 41820
230.627 42160
230.715 42500
230.797 42840
230.898 43180
230.993 43520
231.094 43860
231.194 44200
231.295 44540
231.415 44880
231.535 45220
231.674 45560
231.812 45900
232.027 46240
232.172 46580
232.386 46920
232.821 47260
235.09 47600
235.443 47940
235.689 48280
235.891 48620
236.055 48960
236.2 49300
236.332 49640
236.446 49980
236.66 50320
236.843 50660
236.95 51000
237.082 51340
237.183 51680
237.29 52020
237.372 52360
237.467 52700
237.549 53040
237.631 53380
237.7 53720
237.77 54060
237.839 54400
237.902 54740
237.965 55080
238.028 55420
238.041 38760
238.907 39100
238.914 39440
238.92 39780
238.926 40120
238.933 40460
238.939 40800
238.945 41140
238.952 41480
238.964 41820
239.059 42160
239.141 42500
239.216 42840
239.279 43180
239.349 43520
239.412 43860
239.462 44200
239.519 44540
239.576 44880
239.632 45220
239.689 45560
239.752 45900
239.809 46240
239.872 46580
239.929 46920
239.992 47260
240.048 47600
240.111 47940
240.174 48280
240.238 48620
240.307 48960
240.376 49300
240.452 49640
240.528 49980
240.603 50320
240.679 50660
240.761 51000
240.849 51340
240.944 51680
241.038 52020
241.133 52360
241.252 52700
241.372 53040
241.498 53380
241.624 53720
241.782 54060
241.952 54400
242.204 38080
242.706 38420
242.712 38760
242.718 39100
242.724 39440
242.731 39780
242.737 40120
242.743 40460
242.75 40800
242.756 41140
242.838 41480
242.932 41820
243.008 42160
243.084 42500
243.134 42840
243.204 43180
243.267 43520
243.323 43860
243.38 44200
243.437 44540
243.494 44880
243.55 45220
243.613 45560
243.67 45900
243.733 46240
243.79 46580
243.834 32300
245.145 32640
245.151 32980
245.158 33320
245.164 33660
245.17 34000
245.177 34340
245.183 34680
245.189 35020
245.196 35360
245.284 35700
245.391 36040
245.473 36380
245.549 36720
245.605 37060
245.675 37400
245.744 37740
245.813 38080
245.883 38420
245.946 38760
246.009 39100
246.078 39440
246.141 39780
246.21 40120
246.286 40460
246.355 40800
246.431 41140
246.507 41480
246.582 41820
246.658 42160
246.746 42500
246.835 42840
246.929 43180
247.03 43520
247.131 43860
247.251 44200
247.364 44540
247.503 44880
247.642 45220
247.85 45560
247.938 31620
248.357 31960
248.363 32300
248.37 32640
248.376 32980
248.382 33320
248.389 33660
248.395 34000
248.436 34340
248.499 34680
248.581 35020
248.656 35360
248.726 35700
248.789 36040
248.852 36380
248.921 36720
248.984 37060
249.054 37400
249.123 37740
249.18 38080
249.249 38420
249.318 38760
249.388 39100
249.457 39440
249.533 39780
249.602 40120
249.627 27880
249.996 28220
250.037 28560
250.043 28900
250.049 29240
250.056 29580
250.062 29920
250.068 30260
250.125 30600
250.213 30940
250.27 21420
250.585 21760
250.689 22100
250.695 22440
250.702 22780
250.708 23120
250.714 23460
250.721 23800
250.79 24140
250.859 24480
250.992 24820
251.061 25160
251.137 25500
251.282 25840
251.319 26180
251.395 26520
251.464 26860
251.594 27200
251.663 27540
251.751 27880
251.88 28220
251.969 28560
252.095 28900
252.227 29240
252.359 29580
252.526 29920
252.703 30260
252.964 30600
253.264 30940
255.772 31280
256.122 31620
256.374 31960
256.566 32300
256.736 32640
256.888 22780
257.187 23120
257.275 23460
257.282 23800
257.288 24140
257.294 24480
257.3 24820
257.307 25160
257.313 25500
257.319 25840
257.382 26180
257.445 26520
257.571 26860
257.578 27200
257.647 27540
257.716 27880
257.792 28220
257.874 28560
258.044 28900
258.095 20060
258.394 20400
258.507 20740
258.514 21080
258.52 21420
258.526 21760
258.533 22100
258.539 22440
258.564 22780
258.633 23120
258.804 23460
258.86 23800
258.936 24140
259.012 24480
259.163 24820
259.238 25160
259.314 25500
259.465 25840
259.541 26180
259.689 26520
259.802 26860
259.884 27200
260.064 27540
260.19 27880
260.411 28220
260.663 28560
260.962 28900
263.508 29240
263.833 29580
264.097 29920
264.274 30260
264.441 30600
264.586 30940
264.715 31280
264.835 31620
264.942 31960
265.046 32300
265.141 32640
265.229 32980
265.311 33320
265.323 23120
265.629 23460
265.714 23800
265.72 24140
265.727 24480
265.733 24820
265.739 25160
265.746 25500
265.752 25840
265.809 26180
265.878 26520
266.039 26860
266.121 27200
266.203 27540
266.316 27880
266.379 28220
266.448 28560
266.53 28900
266.641 29240
266.729 29580
266.798 29920
266.915 30260
267.009 30600
267.104 30940
267.23 31280
267.362 31620
267.517 31960
267.662 32300
267.841 32640
268.119 32980
268.421 33320
270.911 33660
271.264 34000
271.51 34340
271.706 34680
271.876 35020
272.021 35360
272.147 35700
272.267 36040
272.349 25160
272.676 25500
272.746 25840
272.752 26180
272.758 26520
272.765 26860
272.771 27200
272.777 27540
272.783 27880
272.79 28220
272.834 28560
272.891 28900
272.947 29240
273.039 29580
273.064 20400
273.36 20740
273.445 21080
273.452 21420
273.458 21760
273.464 22100
273.47 22440
273.477 22780
273.515 23120
273.634 23460
273.782 23800
273.858 24140
273.93 24480
274.063 24820
274.123 25160
274.198 25500
274.328 25840
274.403 26180
274.479 26520
274.621 26860
274.703 27200
274.816 27540
274.961 27880
275.093 28220
275.26 28560
275.431 28900
275.698 29240
275.998 29580
276.65 20400
276.943 20740
277.053 21080
277.06 21420
277.072 14960
277.665 15300
277.721 15640
277.728 15980
277.734 16320
277.743 16660
277.75 17000
277.8 17340
277.936 17680
278.014 18020
278.071 18360
278.229 18700
278.311 19040
278.525 19380
278.673 19720
278.84 20060
278.985 20400
279.284 20740
279.492 21080
279.792 21420
280.967 14960
281.26 15300
281.323 15640
281.329 15980
281.336 16320
281.342 16660
281.348 17000
281.399 17340
281.481 17680
281.616 18020
281.667 18360
281.767 18700
281.988 19040
282.146 19380
282.287 19720
282.499 20060
282.65 20400
282.877 20740
283.097 21080
283.236 14620
283.529 14960
283.62 15300
283.677 15640
283.683 15980
283.69 16320
283.696 16660
283.753 17000
283.917 17340
283.989 17680
284.071 18020
284.263 18360
284.345 18700
284.556 19040
284.619 19380
284.708 19720
284.919 20060
285.146 20400
285.316 20740
285.615 21080
288.215 21420
288.568 21760
288.817 22100
289.012 22440
289.176 22780
289.324 23120
289.453 23460
289.573 23800
289.68 24140
289.781 24480
289.879 24820
289.964 25160
290.049 25500
290.169 25840
290.288 26180
290.455 26520
290.506 26860
290.531 18700
290.827 19040
290.903 19380
290.909 19720
290.915 20060
290.922 20400
290.928 20740
291.045 21080
291.101 21420
291.237 21760
291.338 22100
291.407 22440
291.524 22780
291.587 23120
291.691 23460
291.813 23800
291.889 24140
291.987 24480
292.125 24820
292.248 25160
292.415 25500
292.548 25840
292.737 26180
293.014 26520
293.313 26860
293.852 18700
294.145 19040
294.224 19380
294.23 19720
294.237 20060
294.243 20400
294.249 20740
294.256 21080
294.281 21420
294.442 21760
294.527 22100
294.627 22440
294.817 22780
294.861 23120
294.943 23460
295.113 23800
295.169 24140
295.277 24480
295.444 24820
295.544 25160
295.727 25500
295.847 25840
296.055 26180
296.326 26520
296.6 18360
297.186 18700
297.265 19040
297.271 19380
297.278 19720
297.284 20060
297.29 20400
297.297 20740
297.315 21080
297.467 21420
297.615 21760
297.703 22100
297.851 22440
297.902 22780
297.984 23120
298.144 23460
298.214 23800
298.314 24140
298.485 24480
298.585 24820
298.771 25160
298.885 25500
299.096 25840
299.37 26180
299.666 26520
301.213 18360
301.507 18700
301.585 19040
301.592 19380
301.598 19720
301.604 20060
301.611 20400
301.617 20740
301.68 21080
301.711 21420
301.781 21760
301.878 22100
301.935 22440
302.023 22780
302.175 23120
302.307 23460
302.468 23800
302.584 24140
302.698 24480
302.887 24820
303 25160
303.183 25500
303.416 25840
303.646 26180
303.942 26520
306.488 26860
306.841 27200
307.084 27540
307.276 19040
307.569 19380
307.661 19720
307.667 20060
307.673 20400
307.68 20740
307.686 21080
307.692 21420
307.699 21760
307.724 14960
308.036 15300
308.118 15640
308.124 15980
308.13 16320
308.137 16660
308.143 17000
308.156 17340
308.25 17680
308.319 18020
308.411 18360
308.543 18700
308.606 19040
308.71 19380
308.839 19720
309 20060
309.132 20400
309.296 20740
309.469 21080
309.718 21420
310.071 21760
312.325 14960
312.618 15300
312.728 15640
312.734 15980
312.74 16320
312.747 16660
312.753 17000
312.759 17340
312.841 17680
312.901 18020
313.021 18360
313.084 18700
313.188 19040
313.314 19380
313.427 19720
313.61 20060
313.686 20400
313.906 20740
314.048 21080
314.297 21420
314.653 21760
316.427 14960
316.72 15300
316.878 15640
316.884 15980
316.89 16320
316.897 16660
316.903 17000
316.909 17340
316.922 17680
317.004 18020
317.171 18360
317.19 18700
317.291 19040
317.464 19380
317.514 19720
317.609 13600
317.905 13940
318.082 14280
318.088 14620
318.094 14960
318.101 15300
318.107 15640
318.113 15980
318.151 16320
318.375 16660
318.381 17000
318.394 11900
318.693 12240
318.737 12580
318.743 12920
318.75 13260
318.756 13600
318.964 13940
318.97 14280
319.033 14620
319.266 14960
319.553 15300
319.591 15640
319.849 15980
319.966 16320
320.272 16660
320.574 17000
323.105 17340
323.467 17680
323.706 18020
323.99 18360
324.066 18700
324.283 19040
324.349 19380
324.463 19720
324.576 20060
324.671 20400
324.765 20740
324.872 21080
324.939 21420
325.165 21760
325.172 22100
325.241 22440
325.348 22780
325.49 23120
325.553 23460
325.61 23800
325.66 24140
325.777 24480
325.821 24820
325.871 25160
325.915 25500
325.966 25840
326.07 26180
326.108 26520
326.145 26860
326.19 27200
326.227 27540
326.272 27880
326.36 28220
326.398 28560
326.435 28900
326.473 29240
326.511 29580
326.549 29920
326.587 30260
326.656 30600
326.694 30940
326.725 31280
326.763 31620
326.795 31960
326.832 32300
326.864 32640
326.902 32980
326.949 33320
326.981 33660
327.018 34000
327.05 34340
327.088 34680
327.119 35020
327.151 35360
327.176 35700
327.207 36040
327.239 36380
327.271 36720
327.302 37060
327.334 37400
327.365 37740
327.397 38080
327.428 38420
327.46 38760
327.491 39100
327.523 39440
327.548 39780
327.579 40120
327.605 40460
327.636 40800
327.668 41140
327.693 41480
327.718 41820
327.75 42160
327.775 42500
327.806 42840
327.832 43180
327.857 43520
327.888 43860
327.914 44200
327.939 44540
327.964 44880
327.989 45220
328.014 45560
328.04 45900
328.065 46240
328.09 46580
328.115 46920
328.14 47260
328.166 47600
328.191 47940
328.216 48280
328.241 48620
328.267 48960
328.292 49300
328.317 49640
328.342 49980
328.367 50320
328.386 50660
328.412 51000
328.43 51340
328.456 51680
328.481 52020
328.5 52360
328.519 52700
328.544 53040
328.563 53380
328.588 53720
328.607 54060
328.632 54400
328.651 54740
328.676 55080
328.702 55420
328.72 55760
328.739 56100
328.765 56440
328.783 56780
328.809 57120
328.828 57460
328.847 57800
328.872 58140
328.891 58480
328.91 58820
328.928 59160
328.947 59500
328.973 59840
328.992 60180
329.004 60520
329.023 60860
329.042 61200
329.061 61540
329.08 61880
329.099 62220
329.118 62560
329.137 62900
329.155 63240
329.174 63580
329.193 63920
329.212 64260
329.231 64600
329.25 64940
329.269 65280
329.288 65620
329.307 65960
329.326 66300
329.345 66640
329.363 66980
329.382 67320
329.401 67660
329.42 68000
329.439 68340
329.458 68680
329.477 69020
329.496 69360
329.515 69700
329.534 70040
329.553 70380
329.571 70720
329.59 71060
329.603 71400
329.622 71740
329.641 72080
329.66 72420
329.672 72760
329.691 73100
329.704 73440
329.723 73780
329.735 74120
329.754 74460
329.767 74800
329.786 75140
329.798 75480
329.817 75820
329.843 53040
331.025 53380
331.034 37060
331.519 37400
331.529 37740
331.535 38080
331.541 38420
331.548 38760
331.554 39100
331.573 39440
331.642 39780
331.718 40120
331.762 40460
331.825 40800
331.891 41140
331.948 41480
331.999 41820
332.055 42160
332.106 42500
332.162 42840
332.219 43180
332.276 43520
332.333 43860
332.389 44200
332.446 44540
332.503 44880
332.56 45220
332.616 45560
332.679 45900
332.736 46240
332.805 46580
332.875 46920
332.95 47260
333.02 47600
333.095 47940
333.165 48280
333.24 48620
333.316 34000
333.764 34340
333.77 34680
333.776 35020
333.783 35360
333.789 35700
333.795 36040
333.801 36380
333.827 36720
333.915 37060
333.978 37400
334.054 37740
334.117 38080
334.186 38420
334.255 38760
334.312 39100
334.369 39440
334.426 39780
334.482 40120
334.539 40460
334.602 40800
334.671 41140
334.734 41480
334.804 41820
334.867 42160
334.942 42500
335.018 42840
335.1 43180
335.176 43520
335.258 43860
335.333 44200
335.415 44540
335.51 44880
335.604 45220
335.705 45560
335.812 45900
335.913 46240
336.058 46580
336.197 46920
336.342 47260
336.512 32980
336.947 33320
336.953 33660
336.96 34000
336.966 34340
336.972 34680
336.979 35020
336.985 35360
336.991 35700
337.067 36040
337.155 36380
337.231 36720
337.3 37060
337.363 37400
337.433 37740
337.502 38080
337.571 38420
337.628 38760
337.685 39100
337.748 39440
337.817 39780
337.874 40120
337.949 40460
338.006 40800
338.082 41140
338.158 41480
338.233 41820
338.309 42160
338.384 42500
338.466 42840
338.548 43180
338.643 43520
338.744 43860
338.845 44200
338.946 44540
339.053 44880
339.185 45220
339.324 45560
339.462 45900
339.664 46240
339.815 46580
340.024 32300
340.452 32640
340.458 32980
340.465 33320
340.471 33660
340.477 34000
340.484 34340
340.49 34680
340.496 35020
340.566 35360
340.622 35700
340.704 36040
340.786 36380
340.856 36720
340.919 37060
340.988 37400
341.057 37740
341.127 38080
341.196 38420
341.253 38760
341.31 39100
341.379 39440
341.455 39780
341.467 27540
341.833 27880
341.877 28220
341.883 28560
341.889 28900
341.896 29240
341.902 29580
341.908 29920
341.959 30260
342.047 30600
342.116 30940
342.217 31280
342.274 31620
342.337 31960
342.4 32300
342.466 32640
342.529 32980
342.586 33320
342.662 33660
342.737 34000
342.819 34340
342.895 34680
342.977 35020
343.052 35360
343.134 35700
343.229 24820
343.554 25160
343.626 25500
343.632 25840
343.639 26180
343.645 26520
343.651 26860
343.657 27200
343.702 27540
343.79 27880
343.922 28220
343.979 28560
344.042 28900
344.111 29240
344.174 29580
344.281 29920
344.351 30260
344.42 30600
344.511 30940
344.581 31280
344.65 31620
344.745 31960
344.833 32300
344.934 32640
345.035 32980
345.135 33320
345.249 33660
345.388 34000
345.545 34340
345.703 34680
345.867 35020
346.188 35360
346.516 35700
346.948 24820
347.562 25160
347.635 25500
347.641 25840
347.647 26180
347.654 26520
347.66 26860
347.666 27200
347.673 27540
347.679 27880
347.717 28220
347.837 28560
347.956 28900
348.044 29240
348.133 29580
348.234 29920
348.309 30260
348.385 30600
348.467 30940
348.558 31280
348.653 31620
348.728 31960
348.832 32300
348.933 32640
349.034 32980
349.135 33320
349.255 33660
349.387 34000
349.545 34340
349.702 34680
349.866 35020
350.188 35360
350.515 35700
352.936 36040
353.289 36380
353.535 36720
353.73 37060
353.901 37400
354.046 37740
354.172 38080
354.292 38420
354.399 38760
354.5 39100
354.594 39440
354.695 39780
354.878 40120
355.004 40460
355.124 40800
355.218 41140
355.313 41480
355.388 41820
355.464 42160
355.54 42500
355.603 42840
355.672 43180
355.735 43520
355.798 43860
355.849 44200
355.905 44540
355.962 44880
356.019 45220
356.063 45560
356.113 45900
356.164 46240
356.221 46580
356.258 46920
356.309 47260
356.353 47600
356.403 47940
356.441 48280
356.485 48620
356.529 48960
356.555 34000
357.002 34340
357.009 34680
357.015 35020
357.021 35360
357.027 35700
357.034 36040
357.04 36380
357.09 36720
357.172 37060
357.242 37400
357.311 37740
357.38 38080
357.431 38420
357.481 38760
357.538 39100
357.601 39440
357.658 39780
357.721 40120
357.778 40460
357.841 40800
357.904 41140
357.967 41480
358.03 41820
358.093 42160
358.156 42500
358.232 42840
358.295 43180
358.377 43520
358.452 43860
358.534 44200
358.616 44540
358.698 44880
358.786 45220
358.881 45560
358.988 45900
359.089 46240
359.196 46580
359.341 46920
359.486 47260
359.631 47600
359.789 47940
359.997 48280
360.217 48620
360.671 48960
362.859 49300
363.212 49640
363.458 49980
363.653 50320
363.823 50660
363.968 51000
364.094 51340
364.227 35700
364.699 36040
364.706 36380
364.712 36720
364.718 37060
364.725 37400
364.731 37740
364.737 38080
364.744 38420
364.75 38760
364.844 39100
364.933 39440
365.008 39780
365.078 40120
365.147 40460
365.197 40800
365.26 41140
365.324 41480
365.387 41820
365.45 42160
365.513 42500
365.576 42840
365.639 43180
365.708 43520
365.771 43860
365.84 44200
365.903 44540
365.973 44880
366.042 45220
366.112 45560
366.181 45900
366.25 46240
366.332 46580
366.42 46920
366.502 47260
366.591 47600
366.679 47940
366.786 48280
366.9 48620
367.007 48960
367.12 49300
367.271 49640
367.423 49980
367.58 50320
367.814 50660
368.047 51000
368.52 51340
368.608 35700
369.081 36040
369.087 36380
369.093 36720
369.1 37060
369.106 37400
369.112 37740
369.119 38080
369.131 38420
369.207 38760
369.295 39100
369.352 39440
369.421 39780
369.484 40120
369.541 40460
369.604 40800
369.667 41140
369.73 41480
369.793 41820
369.843 42160
369.907 42500
369.963 42840
370.026 43180
370.083 43520
370.152 43860
370.215 44200
370.285 44540
370.348 44880
370.417 45220
370.486 45560
370.556 45900
370.631 46240
370.713 46580
370.795 46920
370.884 47260
370.966 47600
371.054 47940
371.167 48280
371.274 48620
371.388 48960
371.501 49300
371.653 49640
371.804 49980
371.899 34680
372.356 35020
372.362 35360
372.368 35700
372.375 36040
372.381 36380
372.387 36720
372.393 37060
372.406 37400
372.475 37740
372.557 38080
372.627 38420
372.696 38760
372.765 39100
372.828 39440
372.885 39780
372.948 40120
373.005 40460
373.068 40800
373.131 41140
373.194 41480
373.257 41820
373.32 42160
373.383 42500
373.446 42840
373.509 43180
373.579 43520
373.642 43860
373.711 44200
373.78 44540
373.856 44880
373.938 45220
374.02 45560
374.102 45900
374.19 46240
374.291 46580
374.379 46920
374.486 47260
374.594 47600
374.739 47940
374.852 48280
375.003 48620
375.18 48960
375.375 49300
375.602 49640
376.062 49980
378.25 50320
378.603 50660
378.849 51000
379.044 51340
379.208 51680
379.359 52020
379.485 52360
379.712 52700
379.857 53040
380.021 53380
380.16 53720
380.267 54060
380.381 54400
380.469 54740
380.57 55080
380.652 55420
380.74 55760
380.809 56100
380.885 56440
380.954 56780
381.017 57120
381.087 57460
381.15 57800
381.206 58140
381.269 58480
381.326 58820
381.383 59160
381.433 59500
381.49 59840
381.534 60180
381.585 60520
381.635 60860
381.679 61200
381.723 61540
381.774 61880
381.818 62220
381.862 62560
381.906 62900
381.95 63240
381.994 63580
382.032 63920
382.076 64260
382.114 64600
382.152 64940
382.19 65280
382.228 65620
382.266 65960
382.303 66300
382.341 66640
382.373 66980
382.411 67320
382.442 67660
382.48 68000
382.511 68340
382.549 68680
382.581 69020
382.612 69360
382.644 69700
382.675 70040
382.707 70380
382.738 70720
382.77 71060
382.801 71400
382.833 71740
382.864 72080
382.896 72420
382.927 72760
382.953 73100
382.984 73440
383.009 73780
383.041 74120
383.066 74460
383.098 74800
383.123 75140
383.154 75480
383.18 75820
383.211 76160
383.23 76500
383.262 76840
383.287 77180
383.312 77520
383.337 77860
383.362 78200
383.388 78540
383.413 78880
383.438 79220
383.463 79560
383.488 79900
383.514 80240
383.539 80580
383.564 80920
383.589 81260
383.615 81600
383.64 81940
383.665 82280
383.69 82620
383.715 82960
383.734 83300
383.76 83640
383.778 83980
383.804 84320
383.823 84660
383.848 85000
383.867 85340
383.892 85680
383.911 86020
383.936 86360
383.955 86700
383.98 87040
383.999 87380
384.024 87720
384.043 88060
384.068 88400
384.087 88740
384.113 89080
384.132 89420
384.157 89760
384.176 90100
384.195 90440
384.22 90780
384.239 91120
384.258 91460
384.276 91800
384.295 92140
384.314 92480
384.333 92820
384.352 93160
384.371 93500
384.39 93840
384.409 94180
384.428 94520
384.447 94860
384.466 95200
384.485 95540
384.503 95880
384.522 96220
384.541 96560
384.56 96900
384.579 97240
384.598 97580
384.617 97920
384.636 98260
384.655 98600
384.674 98940
384.693 99280
384.711 99620
384.737 69700
386.626 340
386.855 2720
387.246 5100
387.268 7480
387.558 9860
387.58 12240
387.602 14620
387.624 17000
387.87 19380
387.892 36380
388.194 25160
388.866 25500
388.878 25840
388.897 26180
388.91 26520
388.929 26860
388.948 27200
388.973 27540
388.998 27880
389.023 28220
389.048 28560
389.08 28900
389.13 29240
389.193 29580
389.256 29920
389.326 30260
389.401 30600
389.471 30940
389.537 31280
389.616 31620
389.701 31960
389.792 32300
389.881 32640
389.978 32980
390.089 33320
390.189 33660
390.293 34000
390.438 34340
390.587 34680
390.725 35020
390.908 35360
391.103 35700
391.4 36040
391.996 36380
393.783 36720
394.136 37060
394.388 37400
394.583 37740
394.895 38080
395.1 38420
395.321 38760
395.482 39100
395.62 39440
395.727 39780
395.847 40120
395.945 40460
396.055 40800
396.134 41140
396.229 41480
396.304 41820
396.38 42160
396.452 42500
396.525 42840
396.601 43180
396.66 43520
396.73 43860
396.793 44200
396.846 44540
396.913 44880
396.963 45220
397.023 45560
397.086 45900
397.136 46240
397.187 46580
397.228 46920
397.281 47260
397.332 47600
397.385 47940
397.426 48280
397.467 48620
397.515 48960
397.559 49300
397.597 49640
397.647 49980
397.685 50320
397.732 50660
397.773 51000
397.811 51340
397.849 51680
397.893 52020
397.931 52360
397.965 52700
398 53040
398.041 53380
398.082 53720
398.12 54060
398.158 54400
398.189 54740
398.23 55080
398.265 55420
398.296 55760
398.334 56100
398.359 56440
398.385 56780
398.426 57120
398.457 57460
398.489 57800
398.523 58140
398.558 58480
398.589 58820
398.621 59160
398.643 59500
398.671 59840
398.697 60180
398.719 60520
398.738 60860
398.757 61200
398.782 61540
398.813 61880
398.842 62220
398.87 62560
398.889 62900
398.908 63240
398.927 63580
398.955 63920
398.987 64260
399.006 64600
399.024 64940
399.043 65280
399.062 65620
399.081 65960
399.103 66300
399.144 66640
399.166 66980
399.185 67320
399.214 67660
399.239 68000
399.267 68340
399.296 68680
399.324 69020
399.346 69360
399.368 69700
399.387 70040
399.406 70380
399.425 70720
399.444 71060
399.463 71400
399.482 71740
399.504 72080
399.522 72420
399.554 72760
399.579 73100
399.598 73440
399.617 73780
399.636 74120
399.655 74460
399.674 74800
399.693 75140
399.712 75480
399.731 75820
399.749 76160
399.768 76500
399.787 76840
399.806 77180
399.831 77520
399.857 77860
399.876 78200
399.894 78540
399.916 78880
399.935 79220
399.961 79560
399.98 79900
400.005 80240
400.024 80580
400.043 80920
400.055 81260
400.068 81600
400.087 81940
