0.0 0
0.0429086 3400
0.0919933 3740
0.104601 4420
0.117209 5100
0.129817 5780
0.142425 6460
0.155033 7140
0.167641 7820
0.180249 8500
0.192857 9180
0.205465 9860
0.218073 10540
0.230681 11220
0.243289 11900
0.255897 12580
0.268505 13260
0.281113 13940
0.293721 14620
0.306329 15300
0.318937 15980
0.331545 16660
0.344153 17340
0.356761 18020
0.369369 18700
0.381977 19380
0.394585 20060
0.407193 20740
0.419801 21420
0.432409 22100
0.445017 22780
0.457625 23460
0.470233 24140
0.482841 24820
0.495449 25500
0.508057 26180
0.520665 26860
0.533273 27540
0.545881 28220
0.558489 28900
0.571097 29580
0.583705 30260
0.596313 30940
0.608921 31620
0.621529 32300
0.634137 32980
0.646745 33660
0.659353 34340
0.671961 35020
0.684569 35700
0.697177 36380
0.709785 37060
0.722393 37740
0.735001 38420
0.747609 39100
0.760217 39780
0.772825 40460
0.785433 41140
0.798041 41820
0.823257 43180
0.835865 43860
0.848473 44540
0.861081 45220
0.873689 45900
0.886297 46580
0.898905 47260
0.911513 47940
0.924121 48620
0.936729 49300
0.949337 49980
0.961945 50660
0.974553 51340
0.987161 52020
0.999769 52700
1.01238 53380
1.02499 54060
1.03759 54740
1.0502 55420
1.06281 56100
1.07542 56780
1.08803 57460
1.10063 58140
1.11324 58820
1.12585 59500
1.13846 60180
1.15107 60860
1.16367 61540
1.17628 62220
1.18889 62900
1.2015 63580
1.21411 64260
1.22671 64940
1.23932 65620
1.25193 66300
1.26454 66980
1.27715 67660
1.28975 68340
1.30236 69020
1.31497 69700
1.32758 70380
1.34019 71060
1.35279 71740
1.3654 72420
1.37801 73100
1.39062 73780
1.40323 74460
1.41583 75140
1.42844 75820
1.44105 76500
1.45366 77180
1.46627 77520
1.48518 54060
3.19753 340
3.33225 680
3.50246 1700
3.55068 2040
3.55698 3060
3.57589 3400
3.5989 5100
3.63042 5440
3.63672 5780
3.64303 6120
3.64933 7140
3.66824 7480
3.67455 8500
3.69346 8840
3.69976 9860
3.71867 10200
3.72498 11220
3.74389 11560
3.75019 12580
3.76911 12920
3.77541 13940
3.79432 14280
3.80063 14960
3.81323 15300
3.81954 15640
3.82584 16660
3.84475 17000
3.85106 18020
3.86997 18360
3.87627 19380
3.89519 19720
3.90149 20740
3.9204 21080
3.92671 22100
3.94562 22440
3.95192 23460
3.97083 23800
3.97714 24820
3.99605 25160
4.00235 26180
4.02127 26520
4.02757 27540
4.04648 27880
4.05279 28900
4.0717 29240
4.078 30260
4.09691 30600
4.10322 31620
4.12213 31960
4.12843 32980
4.14735 33320
4.15365 34340
4.17256 34680
4.17887 35700
4.19778 36040
4.20408 37060
4.22299 37400
4.2293 38420
4.35538 38760
4.48146 39100
4.60754 39440
4.73362 39780
4.8597 40120
4.91013 40460
5.61618 40800
5.6644 41140
5.71262 28560
6.76084 340
6.77347 680
6.82169 1020
6.828 1360
6.86991 1700
6.87622 2040
6.88252 2380
6.88883 2720
6.91814 3060
6.92444 3400
6.93074 3740
6.93705 4080
6.94335 4420
6.94966 4760
6.95596 5100
6.96226 5440
6.96857 5780
6.97487 6120
6.98118 6460
6.98748 6800
6.99378 7140
7.00009 7480
7.00639 7820
7.0127 8160
7.019 8500
7.0253 8840
7.03161 9180
7.03791 9520
7.04422 9860
7.05052 10200
7.05682 10540
7.06313 10880
7.06943 11220
7.07574 11560
7.08204 11900
7.08834 12240
7.09465 12580
7.10095 12920
7.10726 13260
7.11356 13600
7.11986 13940
7.12617 14280
7.13247 14620
7.13878 14960
7.14508 15300
7.15138 15640
7.15769 15980
7.16399 16320
7.1703 16660
7.1766 17000
7.1829 17340
7.18921 17680
7.19551 18020
7.20182 18360
7.20812 18700
7.21442 19040
7.22073 19380
7.22703 19720
7.23334 20060
7.23964 20400
7.24594 20740
7.25225 21080
7.25855 21420
7.26486 21760
7.27116 22100
7.27746 22440
7.40354 22780
7.4855 15640
7.95199 15980
7.9709 10880
8.47522 11220
8.49414 7820
8.9165 8160
8.93542 5440
9.30735 5780
9.32626 3740
9.66038 4080
9.67929 2720
9.98818 3060
10.0071 2040
10.3034 2380
10.3286 2720
10.3979 3060
12.9385 3400
13.2978 3740
13.531 4080
13.7328 4420
13.8967 4760
14.0417 5100
14.1803 5440
14.3001 5780
14.4073 6120
14.4955 6460
14.5964 6800
14.6784 7140
14.7729 7480
14.8486 7820
14.9242 8160
14.9999 8500
15.0629 8840
15.1322 9180
15.2079 9520
15.2583 9860
15.3214 10200
15.3844 10540
15.4411 10880
15.542 11220
15.5924 11560
15.6933 11900
15.7753 12240
15.8761 12580
15.9455 12920
16.0148 13260
16.0526 13600
16.122 13940
16.185 14280
16.2291 14620
16.2922 14960
16.3363 15300
16.3994 15640
16.4498 15980
16.4876 16320
16.5317 16660
16.5759 17000
16.6263 17340
16.6704 17680
16.7146 18020
16.7461 18360
16.7902 18700
16.8343 19040
16.8658 19380
16.91 19720
16.9478 20060
16.9919 20400
17.0171 20740
17.0613 21080
17.0991 21420
17.1369 21760
17.1747 22100
17.2315 22440
17.2756 22780
17.3134 23120
17.3323 23460
17.3828 23800
17.4143 24140
17.4584 24480
17.5026 24820
17.5404 25160
17.5845 25500
17.616 25840
17.6602 26180
17.698 26520
17.7295 26860
17.761 27200
17.7862 27540
17.8114 27880
17.8367 28220
17.8493 28560
17.8871 28900
17.9123 29240
17.9375 29580
17.969 29920
17.9817 30260
18.0132 30600
18.0384 30940
18.0636 31280
18.0888 31620
18.114 31960
18.1519 32300
18.1771 32640
18.2023 32980
18.2275 33320
18.2527 33660
18.2653 34000
18.3095 34340
18.341 34680
18.3536 35020
18.3788 35360
18.3914 35700
18.4166 36040
18.4418 36380
18.4671 36720
18.4923 37060
18.5175 37400
18.5301 37740
18.5553 38080
18.5805 38420
18.6058 38760
18.6184 39100
18.6436 39440
18.6688 39780
18.694 40120
18.7066 40460
18.7318 40800
18.757 41140
18.7823 41480
18.7949 41820
18.8201 42160
18.8327 42500
18.8579 42840
18.8831 43180
18.8957 43520
18.921 43860
18.9336 44200
18.9651 44540
18.9777 44880
19.0029 45220
19.0155 45560
19.0407 45900
19.0533 46240
19.0786 46580
19.1038 46920
19.1164 47260
19.129 47600
19.1542 47940
19.1668 48280
19.192 48620
19.2046 48960
19.2298 49300
19.2425 49640
19.2677 49980
19.2803 50320
19.3118 35020
21.0242 340
21.348 2040
21.4867 3740
21.5182 4760
21.5475 6460
21.579 8160
21.6105 9860
21.6421 10880
21.661 12580
21.6925 13600
21.7114 15300
21.7429 17000
21.7745 18020
21.7934 19720
21.8249 20740
21.8438 23460
21.8942 25160
22.0266 25500
22.1464 25840
22.2788 26180
22.3166 18020
23.7894 340
24.1069 680
24.3591 1020
24.3654 1360
24.4073 1700
24.4136 2040
24.4199 2380
24.4262 2720
24.4555 3060
24.4618 3400
24.4681 3740
24.4744 4080
24.4807 4420
24.4871 4760
24.4934 5100
24.4997 5440
24.506 5780
24.5123 6120
24.5186 6460
24.5249 6800
24.5312 7140
24.5375 7480
24.5438 7820
24.5501 8160
24.5564 8500
24.5627 8840
24.569 9180
24.5753 9520
24.5816 9860
24.5879 10200
24.5942 10540
24.6005 10880
24.6068 11220
24.6131 11560
24.6194 11900
24.6257 12240
24.632 12580
24.6762 8500
25.1364 8840
25.149 9180
25.1868 9520
25.2246 9860
25.2624 10200
25.3696 10540
25.4957 10880
25.5966 11220
25.7857 11560
25.9748 11900
26.1954 12240
26.5674 12580
28.9062 12920
29.2592 13260
29.5176 13600
29.7131 13940
29.877 14280
30.022 14620
30.148 14960
30.2678 15300
30.4759 15640
30.6587 15980
30.7532 16320
30.8982 16660
31.018 17000
31.1126 17340
31.226 17680
31.3017 18020
31.4025 18360
31.4971 18700
31.5791 19040
31.6673 19380
31.7619 19720
31.8438 20060
31.9132 20400
31.9951 20740
32.0329 21080
32.0771 21420
32.1212 21760
32.1716 22100
32.2284 22440
32.3103 22780
32.3481 23120
32.3923 23460
32.4616 23800
32.512 24140
32.5499 24480
32.5877 24820
32.6255 25160
32.6633 25500
32.7012 25840
32.7579 26180
32.8146 26520
32.8525 26860
32.8903 27200
32.9281 27540
32.9911 27880
33.0164 28220
33.0542 28560
33.0794 28900
33.1172 29240
33.1551 29580
33.1929 29920
33.2181 30260
33.2559 30600
33.3 30940
33.3442 31280
33.3694 31620
33.4072 31960
33.4324 32300
33.4703 32640
33.4955 32980
33.5333 33320
33.5711 33660
33.5963 34000
33.6342 34340
33.6594 34680
33.6972 35020
33.7224 35360
33.7602 35700
33.7855 36040
33.8233 36380
33.8485 36720
33.8863 37060
33.9115 37400
33.9494 37740
33.9746 38080
33.9998 38420
34.0124 38760
34.0376 39100
34.0754 39440
34.1007 39780
34.1259 40120
34.1385 40460
34.1637 40800
34.2015 41140
34.2267 41480
34.2393 41820
34.2646 42160
34.2898 42500
34.315 42840
34.3402 43180
34.3654 43520
34.3906 43860
34.4159 44200
34.4411 44540
34.4663 44880
34.4915 45220
34.5167 45560
34.5419 45900
34.5671 46240
34.5924 46580
34.6176 46920
34.6428 47260
34.668 47600
34.6932 47940
34.7184 48280
34.75 33660
36.456 340
36.7799 2040
36.9185 3060
36.9375 4760
36.9794 7140
37.0235 8840
37.055 9860
37.0739 11560
37.1055 13260
37.137 14960
37.1685 16660
37.2 18360
37.2315 20060
37.2631 21760
37.2946 23460
37.4207 23800
37.5467 24140
37.6917 16660
39.1267 340
39.5388 680
39.7153 1020
39.7216 1360
39.7635 1700
39.7698 2040
39.7761 2380
39.7824 2720
39.8117 3060
39.8181 3400
39.8244 3740
39.8307 4080
39.837 4420
39.8433 4760
39.8496 5100
39.8559 5440
39.8622 5780
39.8685 6120
39.8748 6460
39.8811 6800
39.8874 7140
39.8937 7480
39.9 7820
39.9063 8160
39.9126 8500
39.9189 8840
39.9252 9180
39.9504 6120
40.2845 6460
40.2972 6800
40.3098 7140
40.3224 7480
40.3602 7820
40.4863 8160
40.7069 8500
40.9023 8840
41.1986 9180
43.7707 9520
44.1174 9860
44.3632 10200
44.5713 10540
44.7415 10880
44.8802 11220
45.0125 11560
45.1323 11900
45.2332 12240
45.3404 12580
45.4286 12920
45.5232 13260
45.9014 13600
46.0212 13940
46.1221 14280
46.2733 14620
46.3994 14960
46.4877 15300
46.5759 15640
46.639 15980
46.7272 16320
46.8029 16660
46.8785 17000
46.9542 17340
47.0046 17680
47.0677 18020
47.1307 18360
47.1937 18700
47.2442 19040
47.3072 19380
47.3576 19720
47.4081 20060
47.4585 20400
47.5089 20740
47.5594 21080
47.5972 21420
47.635 21760
47.6854 22100
47.7359 22440
47.7737 22780
47.8241 23120
47.862 23460
47.8998 23800
47.9502 24140
47.988 24480
48.0259 24820
48.0637 25160
48.1015 25500
48.1393 25840
48.1772 26180
48.215 26520
48.2528 26860
48.2906 27200
48.3285 27540
48.3663 27880
48.4041 28220
48.4293 28560
48.4671 28900
48.505 29240
48.5302 29580
48.568 29920
48.5932 30260
48.631 30600
48.6563 30940
48.6941 31280
48.7193 31620
48.7571 31960
48.7823 32300
48.8202 32640
48.8454 32980
48.8832 33320
48.9084 33660
48.9462 34000
48.9715 34340
49.0093 34680
49.0345 35020
49.0723 35360
49.0975 35700
49.1228 36040
49.148 36380
49.1732 36720
49.1984 37060
49.2236 37400
49.2614 37740
49.2741 38080
49.2993 38420
49.3245 38760
49.3497 39100
49.3749 39440
49.4001 39780
49.4253 40120
49.4506 40460
49.4758 40800
49.501 41140
49.5262 41480
49.5514 41820
49.5766 42160
49.6019 42500
49.6271 42840
49.6523 43180
49.6775 43520
49.7027 43860
49.7279 44200
49.7532 44540
49.7784 44880
49.8036 45220
49.8288 45560
49.854 45900
49.8792 46240
49.9045 46580
49.9297 46920
49.9549 47260
49.9801 47600
50.0053 47940
50.0305 48280
50.0621 33660
51.7681 340
52.1109 2040
52.2369 3740
52.2685 5440
52.3104 7140
52.3419 8840
52.3734 10540
52.4049 12240
52.4364 13940
52.468 15640
52.4995 17340
52.531 19040
52.5625 20740
52.594 22440
52.6256 24140
52.7516 24480
52.8777 24820
53.0227 17340
54.4703 340
54.8761 680
55.0652 1020
55.0715 1360
55.1134 1700
55.1197 2040
55.126 2380
55.1323 2720
55.1617 3060
55.168 3400
55.1743 3740
55.1806 4080
55.1869 4420
55.1932 4760
55.1995 5100
55.2058 5440
55.2121 5780
55.2184 6120
55.2247 6460
55.231 6800
55.2373 7140
55.2436 7480
55.2499 7820
55.2562 8160
55.2625 8500
55.2688 8840
55.2751 9180
55.2814 9520
55.2877 9860
55.294 10200
55.3003 10540
55.3256 7140
55.7101 7480
55.7227 7820
55.7353 8160
55.7479 8500
55.7858 8840
55.9055 9180
56.0631 9520
56.2333 9860
56.5233 10200
56.87 10540
59.2971 10880
59.6564 11220
59.896 11560
60.0914 11900
60.2616 12240
60.4066 12580
60.5453 12920
60.6587 13260
60.9487 13600
61.0748 13940
61.2576 14280
61.453 14620
61.598 14960
61.7115 15300
61.8313 15640
61.9322 15980
61.9952 16320
62.0582 16660
62.1339 17000
62.2095 17340
62.2852 17680
62.3608 18020
62.4113 18360
62.4743 18700
62.5373 19040
62.6004 19380
62.6508 19720
62.7138 20060
62.7643 20400
62.8147 20740
62.8651 21080
62.9156 21420
62.9786 21760
63.0164 22100
63.0669 22440
63.1173 22780
63.1677 23120
63.2056 23460
63.2434 23800
63.2938 24140
63.3316 24480
63.3821 24820
63.4199 25160
63.4703 25500
63.4955 25840
63.5334 26180
63.5838 26520
63.6216 26860
63.6594 27200
63.6973 27540
63.7351 27880
63.7729 28220
63.8107 28560
63.8486 28900
63.8864 29240
63.9242 29580
63.9494 29920
63.9873 30260
64.0125 30600
64.0503 30940
64.0881 31280
64.1133 31620
64.1512 31960
64.1764 32300
64.2142 32640
64.2394 32980
64.2772 33320
64.3025 33660
64.3403 34000
64.3655 34340
64.4033 34680
64.4285 35020
64.4664 35360
64.4916 35700
64.5294 36040
64.5546 36380
64.5924 36720
64.6177 37060
64.6303 37400
64.6681 37740
64.6933 38080
64.7185 38420
64.7437 38760
64.769 39100
64.7942 39440
64.8194 39780
64.8446 40120
64.8698 40460
64.895 40800
64.9202 41140
64.9455 41480
64.9707 41820
64.9959 42160
65.0211 42500
65.0463 42840
65.0715 43180
65.0968 43520
65.122 43860
65.1598 30600
66.8595 340
67.259 2040
67.3473 3740
67.3788 5440
67.4207 7140
67.4522 8840
67.4838 10540
67.5153 12240
67.5468 13940
67.5783 15640
67.6098 17340
67.6414 19040
67.6729 20740
67.7044 22440
67.7548 15640
69.1583 340
69.6271 680
69.7658 1020
69.7721 1360
69.814 1700
69.8203 2040
69.8266 2380
69.8329 2720
69.8623 3060
69.8686 3400
69.8749 3740
69.8812 4080
69.8875 4420
69.8938 4760
69.9001 5100
69.9064 5440
69.9127 5780
69.9379 3740
70.1459 4080
70.1712 4420
70.2153 4760
70.3035 5100
70.4674 5440
70.6376 5780
73.3421 6120
73.6888 6460
73.9283 6800
74.1364 7140
74.294 7480
74.4453 7820
74.565 8160
74.6974 8500
75.1828 8840
75.3467 9180
75.4602 9520
75.5611 9860
75.6367 10200
75.725 10540
75.8006 10880
75.8637 11220
75.9393 11560
76.0024 11900
76.0654 12240
76.1284 12580
76.1915 12920
76.2545 13260
76.368 13600
76.4688 13940
76.5193 14280
76.5949 14620
76.6706 14960
76.721 15300
76.7967 15640
76.8471 15980
76.8975 16320
76.948 16660
77.011 17000
77.0488 17340
77.0992 17680
77.1497 18020
77.2001 18360
77.2379 18700
77.2884 19040
77.3388 19380
77.3766 19720
77.4397 13600
77.799 13940
77.8116 14280
77.8494 14620
77.9251 14960
78.0007 15300
78.1394 15640
78.2655 15980
78.3664 16320
78.4798 16660
78.5807 17000
78.732 17340
78.8328 17680
78.9968 18020
79.1607 18360
79.3372 18700
79.3876 12920
79.728 13260
79.7406 13600
79.7784 13940
79.8667 14280
79.9424 14620
80.0558 14960
80.1945 15300
80.3332 15640
80.4593 15980
80.5728 16320
80.724 16660
80.8753 17000
81.0266 17340
81.1905 17680
81.3544 18020
81.6823 18360
82.0227 18700
83.9265 12920
84.2606 13260
84.2732 13600
84.2858 13940
84.311 14280
84.3993 14620
84.4749 14960
84.5632 15300
84.664 15640
84.7649 15980
84.8784 16320
84.9919 16660
85.1179 17000
85.3449 17340
85.6349 17680
85.8366 18020
86.1644 18360
86.5048 18700
87.1352 12920
87.4756 13260
87.4882 13600
87.5008 13940
87.5261 14280
87.6143 14620
87.753 14960
87.8917 15300
88.0304 15640
88.1817 15980
88.3204 16320
88.4717 16660
88.623 17000
88.7869 17340
88.9382 17680
89.1021 18020
89.4425 18360
89.6064 18700
90.4889 12920
90.8231 13260
90.8357 13600
90.8483 13940
90.8735 14280
90.9617 14620
91.0374 14960
91.1383 15300
91.3274 15640
91.4408 15980
91.5669 16320
91.7182 16660
91.8695 17000
92.0208 17340
92.1973 17680
92.4369 18020
92.6764 18360
93.0168 18700
94.7315 12920
95.0656 13260
95.0783 13600
95.0909 13940
95.1161 14280
95.2043 14620
95.28 14960
95.3682 15300
95.4691 15640
95.57 15980
95.6834 16320
95.7969 16660
96.0239 17000
96.2382 17340
96.4399 17680
96.6669 18020
97.0073 18360
97.3477 18700
99.7432 19040
100.096 19380
100.348 19720
100.55 20060
100.714 20400
100.853 20740
100.991 21080
101.105 21420
101.218 21760
101.319 22100
101.496 22440
101.584 22780
101.71 23120
101.849 23460
101.962 23800
102.063 24140
102.151 24480
102.24 24820
102.315 25160
102.391 25500
102.467 25840
102.517 26180
102.593 26520
102.656 26860
102.706 27200
102.769 27540
102.832 27880
102.883 28220
102.933 28560
102.996 28900
103.034 29240
103.084 29580
103.135 29920
103.185 30260
103.236 30600
103.286 30940
103.324 31280
103.374 31620
103.412 31960
103.463 32300
103.5 32640
103.551 32980
103.589 33320
103.626 33660
103.664 34000
103.702 34340
103.74 34680
103.778 35020
103.816 35360
103.853 35700
103.891 36040
103.929 36380
103.967 36720
104.005 37060
104.043 37400
104.08 37740
104.118 38080
104.143 38420
104.181 38760
104.219 39100
104.244 39440
104.269 39780
104.307 40120
104.333 40460
104.37 40800
104.396 41140
104.446 41480
104.459 41820
104.496 42160
104.522 42500
104.559 42840
104.585 43180
104.623 43520
104.648 43860
104.686 44200
104.711 44540
104.736 44880
104.774 45220
104.799 45560
104.812 45900
104.849 46240
104.875 46580
104.9 46920
104.919 32640
106.631 340
107.012 2720
107.113 4420
107.144 6800
107.188 8500
107.22 11560
107.276 12580
107.295 14960
107.34 16660
107.371 19040
107.415 20740
107.447 23120
107.598 23460
107.724 23800
107.819 16660
109.247 340
109.672 680
109.836 1020
109.842 1360
109.884 1700
109.89 2040
109.897 2380
109.903 2720
109.932 3060
109.939 3400
109.945 3740
109.951 4080
109.958 4420
109.964 4760
109.97 5100
109.976 5440
109.983 5780
109.989 6120
110.989 340
111.037 27200
111.104 19040
112.596 340
112.926 680
113.178 1020
113.185 1360
113.227 1700
113.233 2040
113.239 2380
113.246 2720
113.275 3060
113.281 3400
113.288 3740
113.294 4080
113.3 4420
113.306 4760
113.313 5100
113.319 5440
113.325 5780
113.332 6120
113.338 6460
113.344 6800
113.351 7140
113.357 7480
113.363 7820
113.369 8160
113.376 8500
113.382 8840
113.388 9180
113.395 9520
113.401 9860
113.407 10200
113.414 10540
113.42 10880
113.426 11220
113.433 11560
113.439 11900
113.445 12240
113.451 12580
113.458 12920
113.464 13260
113.527 9180
114.012 9520
114.025 9860
114.038 10200
114.05 10540
114.088 10880
114.151 11220
114.284 11560
114.473 11900
114.605 12240
114.813 12580
115.065 12920
115.437 13260
117.776 13600
118.129 13940
118.375 14280
118.577 14620
118.747 14960
118.885 15300
119.024 15640
119.238 15980
119.339 16320
119.528 16660
119.623 17000
119.768 17340
119.888 17680
120.001 18020
120.102 18360
120.165 18700
120.266 19040
120.354 19380
120.436 19720
120.512 20060
120.581 20400
120.657 20740
120.714 21080
120.783 21420
120.865 21760
120.941 22100
121.004 22440
121.067 22780
121.13 23120
121.186 23460
121.224 23800
121.268 24140
121.306 24480
121.35 24820
121.388 25160
121.439 25500
121.476 25840
121.533 26180
121.577 26520
121.647 26860
121.691 27200
121.729 27540
121.766 27880
121.804 28220
121.842 28560
121.874 28900
121.911 29240
121.949 29580
121.987 29920
122.012 30260
122.05 30600
122.088 30940
122.132 31280
122.17 31620
122.208 31960
122.245 32300
122.271 32640
122.309 32980
122.334 33320
122.372 33660
122.397 34000
122.435 34340
122.46 34680
122.498 35020
122.523 35360
122.561 35700
122.586 36040
122.624 36380
122.649 36720
122.687 37060
122.712 37400
122.737 37740
122.762 38080
122.8 38420
122.825 38760
122.851 39100
122.876 39440
122.901 39780
122.926 40120
122.952 40460
122.977 40800
123.015 41140
123.027 41480
123.052 41820
123.078 42160
123.103 42500
123.128 42840
123.153 43180
123.204 29920
124.903 340
125.303 2040
125.391 3740
125.423 5440
125.465 7140
125.496 9520
125.54 10540
125.559 12240
125.591 13940
125.622 15640
125.654 17340
125.685 19040
125.717 79220
126.089 55420
127.801 340
127.929 680
128.106 1020
128.112 1360
128.154 1700
128.161 2040
128.167 2380
128.173 2720
128.202 3060
128.209 3400
128.215 3740
128.221 4080
128.228 4420
128.234 4760
128.24 5100
128.247 5440
128.253 5780
128.259 6120
128.265 6460
128.272 6800
128.278 7140
128.284 7480
128.291 7820
128.297 8160
128.303 8500
128.31 8840
128.316 9180
128.322 9520
128.329 9860
128.335 10200
128.341 10540
128.347 10880
128.354 11220
128.36 11560
128.366 11900
128.373 12240
128.379 12580
128.385 12920
128.392 13260
128.398 13600
128.404 13940
128.41 14280
128.417 14620
128.423 14960
128.429 15300
128.436 15640
128.442 15980
128.448 16320
128.455 16660
128.461 17000
128.467 17340
128.474 17680
128.48 18020
128.486 18360
128.492 18700
128.499 19040
128.505 19380
128.511 19720
128.518 20060
128.524 20400
128.53 20740
128.537 21080
128.543 21420
128.549 21760
128.555 22100
128.562 22440
128.568 22780
128.574 23120
128.581 23460
128.587 23800
128.593 24140
128.6 24480
128.606 24820
128.612 25160
128.619 25500
128.625 25840
128.631 26180
128.637 26520
128.644 26860
128.65 27200
128.656 27540
128.663 27880
128.669 28220
128.675 28560
128.682 28900
128.688 29240
128.694 29580
128.7 29920
128.707 30260
128.713 30600
128.719 30940
128.726 31280
128.732 31620
128.738 31960
128.745 32300
128.751 32640
128.757 32980
128.764 33320
128.77 33660
128.776 34000
128.782 34340
128.789 34680
128.795 35020
128.801 35360
128.808 35700
128.814 36040
128.82 36380
128.827 36720
128.833 37060
128.839 37400
128.845 37740
128.852 38080
128.858 38420
128.864 38760
128.972 39100
129.098 39440
129.217 39780
129.577 40120
130.577 340
130.873 680
130.928 1360
130.982 2040
130.995 2720
131.037 3400
131.049 4080
131.062 4760
131.075 5440
131.091 6120
131.104 6800
131.116 7480
131.129 8160
131.142 8840
131.154 9520
131.167 10200
131.18 10880
131.192 11560
131.205 12240
131.217 12920
131.23 13600
131.243 14280
131.255 14960
131.268 15640
131.28 16320
131.293 17000
131.306 17680
131.318 18360
131.331 19040
131.343 19720
131.356 20400
131.369 21080
131.381 21760
131.394 22440
131.406 23120
131.419 23800
131.432 24480
131.444 25160
131.457 25840
131.47 26520
131.482 27200
131.495 27880
131.507 28220
131.52 28560
131.646 28900
131.772 29240
131.898 29580
132.024 29920
132.15 30260
132.276 30600
132.402 30940
132.529 31280
132.655 31620
132.781 31960
132.907 32300
133.033 32640
133.159 32980
133.285 33320
133.411 33660
133.537 34000
133.663 34340
133.789 34680
133.915 35020
134.042 35360
134.168 35700
134.294 36040
134.42 36380
134.546 36720
134.672 37060
134.798 37400
134.924 37740
135.05 38080
135.176 38420
135.302 38760
135.428 39100
135.554 39440
135.681 39780
135.807 40120
135.933 40460
136.04 28220
137.746 340
138.202 7480
138.253 14620
138.385 21760
138.517 22100
138.94 15300
140.085 340
140.276 680
140.453 1020
140.459 1360
140.501 1700
140.507 2040
140.514 2380
140.52 2720
140.549 3060
140.555 3400
140.562 3740
140.568 4080
140.574 4420
140.6 3060
140.757 3400
140.77 3740
140.782 4080
140.839 4420
143.556 4760
143.915 5100
144.161 5440
144.357 5780
145.12 6120
145.271 6460
145.397 6800
145.523 7140
145.624 7480
145.725 7820
145.826 8160
145.914 8500
145.989 8840
146.078 9180
146.153 9520
146.229 9860
146.292 10200
146.355 10540
146.431 10880
146.494 11220
146.544 11560
146.607 11900
146.658 12240
146.721 12580
146.771 12920
146.822 13260
146.872 13600
146.922 13940
146.973 14280
147.023 14620
147.074 14960
147.112 15300
147.2 15640
147.238 15980
147.326 16320
147.402 16660
147.452 17000
147.528 17340
147.578 17680
147.629 18020
147.679 18360
147.742 18700
147.767 19040
147.818 19380
147.868 19720
147.906 20060
147.956 20400
147.994 20740
148.032 21080
148.07 21420
148.108 21760
148.145 22100
148.183 22440
148.221 22780
148.259 23120
148.297 23460
148.335 23800
148.372 24140
148.398 24480
148.435 24820
148.473 25160
148.498 25500
148.536 25840
148.562 26180
148.599 26520
148.625 26860
148.662 27200
148.688 27540
148.725 27880
148.751 28220
148.788 28560
148.814 28900
148.852 29240
148.877 29580
148.915 29920
148.94 30260
148.978 30600
149.003 30940
149.028 31280
149.066 31620
149.078 31960
149.104 32300
149.141 32640
149.167 32980
149.192 33320
149.205 33660
149.242 34000
149.268 34340
149.293 34680
149.305 35020
149.331 35360
149.356 35700
149.381 36040
149.406 36380
149.431 36720
149.457 37060
149.482 37400
149.507 37740
149.532 38080
149.558 38420
149.583 38760
149.608 39100
149.633 39440
149.658 39780
149.684 40120
149.709 40460
149.734 40800
149.759 41140
149.785 41480
149.81 41820
149.835 42160
149.86 42500
149.885 42840
149.911 43180
149.936 43520
149.961 43860
149.986 44200
150.011 44540
150.037 44880
150.049 45220
150.074 45560
150.1 45900
150.112 46240
150.138 46580
150.15 46920
150.175 47260
150.188 47600
150.213 47940
150.238 48280
150.251 48620
150.264 48960
150.289 49300
150.32 34340
152.026 340
152.35 2040
152.489 3740
152.52 5440
152.562 7140
152.594 8840
152.625 10540
152.657 12240
152.688 13940
152.72 15640
152.751 17340
152.783 19040
152.815 20740
152.846 22440
152.878 24140
152.991 24480
153.142 24820
153.243 25160
153.294 17340
154.748 340
155.128 680
155.336 1020
155.342 1360
155.384 1700
155.391 2040
155.397 2380
155.403 2720
155.433 3060
155.439 3400
155.445 3740
155.451 4080
155.458 4420
155.464 4760
155.47 5100
155.477 5440
155.483 5780
155.489 6120
155.496 6460
155.502 6800
155.508 7140
155.515 7480
155.521 7820
155.527 8160
155.533 8500
155.54 8840
155.546 9180
155.552 9520
155.559 9860
155.565 10200
155.571 10540
155.578 10880
155.584 11220
155.59 63240
155.817 44200
157.044 340
157.406 680
157.454 1020
157.46 1360
157.502 1700
157.508 2040
157.515 2380
157.521 2720
157.55 3060
157.557 3400
157.563 3740
157.569 4080
157.576 4420
157.582 4760
157.588 5100
157.594 5440
157.601 5780
157.607 6120
157.613 6460
157.62 6800
157.626 7140
157.632 7480
157.639 7820
157.645 8160
157.651 8500
157.658 8840
157.664 9180
157.67 9520
157.676 9860
157.683 10200
157.689 10540
157.695 10880
157.702 11220
157.708 11560
157.714 11900
157.721 12240
157.727 12580
157.733 12920
157.739 13260
157.746 13600
157.752 13940
157.758 14280
157.765 14620
157.771 14960
157.777 15300
157.784 15640
157.79 15980
157.796 16320
157.803 16660
157.809 17000
157.815 17340
157.821 17680
157.828 18020
157.834 18360
157.84 18700
157.847 19040
157.853 19380
157.859 19720
157.866 20060
157.872 20400
157.878 20740
157.884 21080
157.891 21420
157.897 21760
157.903 22100
157.91 22440
157.916 22780
157.922 23120
157.929 23460
157.935 23800
157.941 24140
157.948 24480
157.954 24820
157.96 25160
157.966 25500
157.973 25840
157.979 26180
157.985 26520
157.992 26860
157.998 27200
158.004 27540
158.011 27880
158.017 28220
158.023 28560
158.029 28900
158.036 29240
158.042 29580
158.048 29920
158.055 30260
158.061 30600
158.067 30940
158.149 31280
158.364 31620
158.389 31960
158.868 22100
160.076 340
160.217 680
160.469 1020
160.475 1360
160.517 1700
160.524 2040
160.53 2380
160.536 2720
160.566 3060
160.572 3400
160.578 3740
160.584 4080
160.591 4420
160.597 4760
160.603 5100
160.61 5440
160.616 5780
160.622 6120
160.629 6460
160.635 6800
160.641 7140
160.648 7480
160.654 7820
160.66 8160
160.666 8500
160.673 8840
160.679 9180
160.685 9520
160.692 9860
160.698 10200
160.704 10540
160.711 10880
160.717 11220
160.723 11560
160.729 11900
160.736 12240
160.742 12580
160.748 12920
160.755 13260
160.78 9180
161.265 9520
161.278 9860
161.291 10200
161.303 10540
161.316 10880
161.328 11220
161.354 11560
161.511 11900
161.725 12240
161.965 12580
162.312 12920
162.747 13260
165.029 13600
165.388 13940
165.634 14280
165.836 14620
166 14960
166.145 15300
166.277 15640
166.498 15980
166.598 16320
166.788 16660
166.895 17000
167.021 17340
167.147 17680
167.26 18020
167.361 18360
167.431 18700
167.468 12920
168.067 13260
168.093 13600
168.13 13940
168.156 14280
168.206 14620
168.256 14960
168.294 15300
168.37 15640
168.433 15980
168.528 16320
168.673 16660
168.862 17000
169.051 17340
169.234 17680
169.517 18020
169.795 18360
170.299 18700
172.549 19040
172.676 13260
173.016 13600
173.029 13940
173.041 14280
173.054 14620
173.066 14960
173.117 15300
173.23 15640
173.331 15980
173.432 16320
173.545 16660
173.659 17000
173.684 11900
173.993 12240
174.006 12580
174.018 12920
174.031 13260
174.069 13600
174.195 13940
174.296 14280
174.523 14620
174.649 14960
174.8 15300
174.964 15640
175.115 15980
175.405 16320
175.569 16660
175.872 17000
178.469 17340
178.822 17680
179.074 18020
179.276 18360
179.44 18700
179.578 19040
179.717 19380
179.831 19720
179.944 20060
180.045 20400
180.133 20740
180.221 21080
180.385 21420
180.461 21760
180.612 22100
180.726 22440
180.827 22780
180.915 23120
180.991 23460
181.079 23800
181.142 24140
181.217 24480
181.281 24820
181.344 25160
181.407 25500
181.47 25840
181.52 26180
181.57 26520
181.634 26860
181.684 27200
181.722 27540
181.785 27880
181.835 28220
181.886 28560
181.936 28900
181.974 29240
182.024 29580
182.062 29920
182.113 30260
182.15 30600
182.201 30940
182.239 31280
182.289 31620
182.327 31960
182.365 32300
182.403 32640
182.44 32980
182.478 33320
182.516 33660
182.554 34000
182.592 34340
182.63 34680
182.667 35020
182.705 35360
182.743 35700
182.781 36040
182.819 36380
182.844 36720
182.882 37060
182.92 37400
182.945 37740
182.983 38080
183.008 38420
183.046 38760
183.071 39100
183.109 39440
183.134 39780
183.172 40120
183.197 40460
183.235 40800
183.26 41140
183.298 41480
183.323 41820
183.361 42160
183.386 42500
183.424 42840
183.449 43180
183.474 43520
183.5 43860
183.525 44200
183.563 44540
183.575 44880
183.6 45220
183.626 45560
183.651 45900
183.676 46240
183.701 46580
183.726 46920
183.752 47260
183.783 32980
185.489 340
185.851 2720
185.964 4420
185.996 6800
186.04 8500
186.072 10880
186.116 12580
186.147 14960
186.191 16660
186.223 19040
186.267 20740
186.298 22440
186.33 24140
186.456 24480
186.582 24820
186.696 17340
188.143 340
188.536 680
188.732 1020
188.738 1360
188.78 1700
188.786 2040
188.793 2380
188.799 2720
188.828 3060
188.835 3400
188.841 3740
188.847 4080
188.853 4420
188.86 4760
188.866 5100
188.872 5440
188.879 5780
188.885 6120
188.891 6460
188.898 6800
188.904 7140
188.91 7480
188.917 7820
188.923 8160
188.929 8500
188.935 8840
188.942 9180
188.948 9520
188.954 9860
188.961 10200
188.967 10540
188.992 7140
189.377 7480
189.389 7820
189.402 8160
189.427 8500
189.478 8840
189.635 9180
189.78 9520
189.938 9860
190.247 10200
190.423 10540
192.957 10880
193.323 11220
193.569 11560
193.657 7820
194.048 8160
194.061 8500
194.073 8840
194.086 9180
194.098 9520
194.111 9860
194.124 10200
194.212 10540
194.407 10880
194.653 11220
195.013 11560
198.221 11900
198.574 12240
198.814 12580
199.016 12920
199.179 13260
199.331 13600
199.457 13940
199.57 14280
199.684 14620
199.785 14960
199.873 15300
199.961 15640
200.049 15980
200.125 16320
200.201 16660
200.276 17000
200.352 17340
200.415 17680
200.478 18020
200.541 18360
200.617 18700
200.768 19040
200.844 19380
200.932 19720
201.02 20060
201.096 20400
201.172 20740
201.222 21080
201.285 21420
201.335 21760
201.398 22100
201.449 22440
201.499 22780
201.55 23120
201.6 23460
201.651 23800
201.688 24140
201.739 24480
201.789 24820
201.827 25160
201.865 25500
201.915 25840
201.953 26180
201.991 26520
202.041 26860
202.079 27200
202.117 27540
202.155 27880
202.193 28220
202.231 28560
202.268 28900
202.306 29240
202.344 29580
202.382 29920
202.42 30260
202.445 30600
202.483 30940
202.521 31280
202.558 31620
202.584 31960
202.621 32300
202.647 32640
202.684 32980
202.71 33320
202.748 33660
202.773 34000
202.811 34340
202.836 34680
202.874 35020
202.899 35360
202.937 35700
202.962 36040
203 36380
203.025 36720
203.063 37060
203.088 37400
203.126 37740
203.151 38080
203.176 38420
203.201 38760
203.227 39100
203.264 39440
203.277 39780
203.302 40120
203.327 40460
203.353 40800
203.378 41140
203.403 41480
203.428 41820
203.454 42160
203.479 42500
203.504 42840
203.529 43180
203.554 43520
203.58 43860
203.605 44200
203.63 44540
203.655 44880
203.681 45220
203.706 45560
203.731 45900
203.756 46240
203.781 46580
203.807 46920
203.832 47260
203.857 47600
203.882 47940
203.907 48280
203.939 33660
205.645 340
205.988 2040
206.114 3740
206.145 5440
206.187 7140
206.219 8840
206.25 10540
206.282 12240
206.313 13940
206.345 15640
206.376 17340
206.408 19040
206.439 20740
206.471 22440
206.502 24140
206.629 24480
206.755 24820
206.9 17340
208.347 340
208.753 680
208.942 1020
208.948 1360
208.99 1700
208.997 2040
209.003 2380
209.009 2720
209.039 3060
209.045 3400
209.051 3740
209.057 4080
209.064 4420
209.07 4760
209.076 5100
209.083 5440
209.089 5780
209.095 6120
209.102 6460
209.108 6800
209.114 7140
209.121 7480
209.127 7820
209.133 8160
209.139 8500
209.146 8840
209.152 9180
209.158 9520
209.165 9860
209.171 10200
209.177 10540
209.202 7140
209.587 7480
209.6 7820
209.612 8160
209.625 8500
209.663 8840
209.782 9180
209.94 9520
210.11 9860
210.4 10200
210.741 10540
213.168 10880
213.527 11220
213.767 11560
213.975 11900
214.139 12240
214.29 12580
214.416 12920
214.529 13260
214.637 13600
214.813 13940
215.008 14280
215.103 14620
215.235 14960
215.33 15300
215.431 15640
215.519 15980
215.626 16320
215.746 16660
215.859 17000
215.941 17340
216.042 17680
216.093 18020
216.162 18360
216.225 18700
216.282 19040
216.351 19380
216.427 19720
216.49 20060
216.54 20400
216.603 20740
216.641 21080
216.692 21420
216.755 21760
216.805 22100
216.868 22440
216.906 22780
216.956 23120
217.007 23460
217.045 23800
217.095 24140
217.12 16660
217.562 17000
217.574 17340
217.587 17680
217.599 18020
217.612 18360
217.625 18700
217.776 19040
217.814 13260
218.154 13600
218.167 13940
218.179 14280
218.192 14620
218.28 14960
218.381 15300
218.469 15640
218.621 15980
218.658 10880
218.948 11220
218.961 11560
218.974 11900
219.049 12240
219.163 12580
219.264 12920
219.377 13260
219.491 13600
219.617 13940
219.768 14280
219.932 14620
220.083 14960
220.361 15300
220.638 15640
220.928 15980
223.45 16320
223.803 16660
224.042 17000
224.244 17340
224.408 17680
224.559 18020
224.685 18360
224.786 12580
225.12 12920
225.133 13260
225.145 13600
225.158 13940
225.208 14280
225.297 14620
225.385 14960
225.473 15300
225.574 15640
225.687 15980
225.801 16320
225.94 16660
226.217 17000
226.444 17340
226.696 17680
226.86 18020
227.2 18360
229.382 12580
229.709 12920
229.722 13260
229.735 13600
229.747 13940
229.798 14280
229.886 14620
229.974 14960
230.062 15300
230.163 15640
230.277 15980
230.39 16320
230.529 16660
230.668 17000
230.831 17340
231.033 17680
231.285 18020
231.638 18360
234.349 18700
234.702 19040
234.942 19380
235.143 19720
235.307 20060
235.459 20400
235.585 20740
235.711 21080
235.812 21420
235.913 21760
236.013 22100
236.102 22440
236.291 22780
236.429 23120
236.543 23460
236.644 23800
236.732 24140
236.82 24480
236.909 24820
236.972 25160
237.047 25500
237.11 25840
237.173 26180
237.236 26520
237.299 26860
237.35 27200
237.413 27540
237.476 27880
237.526 28220
237.589 28560
237.627 28900
237.678 29240
237.728 29580
237.779 29920
237.829 30260
237.879 30600
237.917 30940
237.968 31280
238.005 31620
238.056 31960
238.094 32300
238.144 32640
238.182 32980
238.22 33320
238.258 33660
238.308 34000
238.333 34340
238.371 34680
238.409 35020
238.447 35360
238.485 35700
238.522 36040
238.56 36380
238.598 36720
238.636 37060
238.674 37400
238.711 37740
238.737 38080
238.775 38420
238.8 38760
238.838 39100
238.863 39440
238.901 39780
238.926 40120
238.964 40460
238.989 40800
239.027 41140
239.052 41480
239.09 41820
239.115 42160
239.153 42500
239.178 42840
239.216 43180
239.241 43520
239.279 43860
239.304 44200
239.342 44540
239.367 44880
239.392 45220
239.418 45560
239.443 45900
239.468 46240
239.493 46580
239.518 46920
239.537 32640
241.25 340
241.63 2040
241.731 4420
241.779 6120
241.811 8500
241.855 10200
241.887 12580
241.931 14280
241.962 16660
242.006 18360
242.038 20740
242.082 22440
242.113 24820
242.265 25160
242.391 25500
242.441 17680
243.901 340
244.282 680
244.49 1020
244.496 1360
244.538 1700
244.545 2040
244.551 2380
244.557 2720
244.586 3060
244.593 3400
244.599 3740
244.605 4080
244.612 4420
244.618 4760
244.624 5100
244.631 5440
244.637 5780
244.643 6120
244.65 6460
244.656 6800
244.662 7140
244.668 7480
244.675 7820
244.681 8160
244.687 8500
244.694 8840
244.7 9180
244.706 9520
244.713 9860
244.719 10200
244.725 10540
244.731 10880
244.738 11220
244.744 11560
244.75 11900
244.776 8160
245.211 8500
245.236 8840
245.274 9180
245.311 9520
245.374 9860
245.475 10200
245.589 10540
245.765 10880
245.954 11220
246.175 11560
246.522 11900
248.886 12240
249.239 12580
249.491 12920
249.68 13260
249.857 13600
249.995 13940
250.128 14280
250.241 14620
250.449 14960
250.55 15300
250.727 15640
250.834 15980
250.998 16320
251.168 16660
251.3 17000
251.407 17340
251.489 17680
251.571 18020
251.641 18360
251.742 18700
251.817 19040
251.88 19380
251.95 19720
252.013 20060
252.069 20400
252.12 20740
252.17 21080
252.233 21420
252.284 21760
252.334 22100
252.397 22440
252.448 22780
252.498 23120
252.548 23460
252.599 23800
252.637 24140
252.675 24480
252.725 24820
252.775 25160
252.826 25500
252.864 25840
252.914 26180
252.952 26520
252.99 26860
253.04 27200
253.078 27540
253.103 27880
253.141 28220
253.179 28560
253.217 28900
253.254 29240
253.292 29580
253.33 29920
253.368 30260
253.406 30600
253.444 30940
253.481 31280
253.519 31620
253.544 31960
253.582 32300
253.608 32640
253.645 32980
253.671 33320
253.708 33660
253.734 34000
253.771 34340
253.797 34680
253.834 35020
253.86 35360
253.898 35700
253.923 36040
253.961 36380
253.986 36720
254.024 37060
254.049 37400
254.087 37740
254.112 38080
254.15 38420
254.175 38760
254.187 39100
254.225 39440
254.251 39780
254.276 40120
254.301 40460
254.326 40800
254.351 41140
254.377 41480
254.402 41820
254.427 42160
254.452 42500
254.477 42840
254.503 43180
254.528 43520
254.553 43860
254.578 44200
254.604 44540
254.629 44880
254.654 45220
254.679 45560
254.704 45900
254.73 46240
254.755 46580
254.78 46920
254.805 47260
254.83 47600
254.856 47940
254.881 48280
254.912 33660
256.618 340
256.961 2040
257.087 3740
257.119 5440
257.161 7140
257.192 8840
257.224 10540
257.255 12240
257.287 13940
257.318 15640
257.35 17340
257.381 19040
257.413 20740
257.444 22440
257.476 24140
257.602 24480
257.728 24820
257.873 17340
259.321 340
259.726 680
259.916 1020
259.922 1360
259.964 1700
259.97 2040
259.976 2380
259.983 2720
260.012 3060
260.018 3400
260.025 3740
260.031 4080
260.037 4420
260.044 4760
260.05 5100
260.056 5440
260.062 5780
260.069 6120
260.075 6460
260.081 6800
260.088 7140
260.094 7480
260.1 7820
260.107 8160
260.113 8500
260.119 8840
260.126 9180
260.132 9520
260.138 9860
260.144 10200
260.151 10540
260.176 7140
260.561 7480
260.573 7820
260.586 8160
260.598 8500
260.636 8840
260.743 9180
260.895 9520
261.084 9860
261.374 10200
261.714 10540
264.141 10880
264.501 11220
264.74 11560
264.948 11900
265.112 12240
265.257 12580
265.389 12920
265.503 13260
265.61 13600
265.774 13940
265.982 14280
266.14 14620
266.285 14960
266.442 15300
266.587 15640
266.669 15980
266.738 16320
266.839 16660
266.921 17000
266.997 17340
267.079 17680
267.167 18020
267.23 18360
267.281 18700
267.344 19040
267.407 19380
267.47 19720
267.52 20060
267.583 20400
267.646 20740
267.684 21080
267.734 21420
267.785 21760
267.848 22100
267.886 22440
267.936 22780
267.987 23120
268.024 23460
268.075 23800
268.113 24140
268.163 24480
268.201 24820
268.251 25160
268.289 25500
268.327 25840
268.365 26180
268.403 26520
268.453 26860
268.478 27200
268.516 27540
268.554 27880
268.592 28220
268.63 28560
268.667 28900
268.705 29240
268.743 29580
268.781 29920
268.806 30260
268.844 30600
268.882 30940
268.92 31280
268.945 31620
268.97 31960
269.008 32300
269.033 32640
269.071 32980
269.096 33320
269.134 33660
269.159 34000
269.197 34340
269.222 34680
269.26 35020
269.285 35360
269.323 35700
269.348 36040
269.386 36380
269.411 36720
269.449 37060
269.462 37400
269.5 37740
269.525 38080
269.55 38420
269.575 38760
269.6 39100
269.626 39440
269.651 39780
269.676 40120
269.701 40460
269.727 40800
269.752 41140
269.777 41480
269.802 41820
269.827 42160
269.853 42500
269.878 42840
269.903 43180
269.928 43520
269.953 43860
269.979 44200
270.004 44540
270.029 44880
270.054 45220
270.08 45560
270.105 45900
270.13 46240
270.155 46580
270.18 46920
270.206 47260
270.231 47600
270.256 47940
270.281 48280
270.313 33660
272.019 340
272.362 2040
272.488 3740
272.519 5440
272.561 7140
272.593 8840
272.624 10540
272.656 12240
272.687 13940
272.719 15640
272.75 17340
272.782 19040
272.813 20740
272.845 22440
272.876 24140
273.002 24480
273.128 24820
273.273 17340
274.721 340
275.127 680
275.316 1020
275.322 1360
275.364 1700
275.37 2040
275.377 2380
275.383 2720
275.412 3060
275.419 3400
275.425 3740
275.431 4080
275.438 4420
275.444 4760
275.45 5100
275.457 5440
275.463 5780
275.469 6120
275.475 6460
275.482 6800
275.488 7140
275.494 7480
275.501 7820
275.507 8160
275.513 8500
275.52 8840
275.526 9180
275.532 9520
275.538 9860
275.545 10200
275.551 10540
275.576 7140
275.961 7480
275.973 7820
275.986 8160
275.999 8500
276.036 8840
276.144 9180
276.295 9520
276.484 9860
276.774 10200
277.114 10540
279.542 10880
279.901 11220
280.279 11560
280.664 11900
280.922 12240
281.111 12580
281.25 12920
281.376 13260
281.489 13600
281.59 13940
281.679 14280
281.767 14620
281.792 10200
282.057 10540
282.082 7140
282.271 7480
282.284 7820
282.296 8160
282.448 8500
282.586 8840
282.725 9180
282.889 9520
283.091 9860
283.343 10200
283.696 10540
286.407 10880
286.545 7480
286.734 7820
286.747 8160
286.797 8500
286.911 8840
287.05 9180
287.188 9520
287.352 9860
287.554 10200
287.806 10540
288.159 10880
290.87 11220
291.223 11560
291.475 11900
291.664 12240
291.828 12580
291.979 12920
292.105 13260
292.231 13600
292.332 13940
292.433 14280
292.534 14620
292.622 14960
292.648 10200
292.919 10540
292.931 10880
292.944 11220
293.019 11560
293.12 11900
293.221 12240
293.335 12580
293.448 12920
293.574 13260
293.726 13600
293.889 13940
294.091 14280
294.331 14620
294.684 14960
295.982 10200
296.253 10540
296.266 10880
296.279 11220
296.354 11560
296.455 11900
296.556 12240
296.669 12580
296.783 12920
296.909 13260
297.06 13600
297.224 13940
297.426 14280
297.666 14620
298.019 14960
300.742 15300
301.082 15640
301.334 15980
301.536 16320
301.7 16660
301.839 17000
301.977 17340
302.091 17680
302.204 18020
302.305 18360
302.394 18700
302.482 19040
302.57 19380
302.646 19720
302.721 20060
302.797 20400
302.873 20740
302.936 21080
302.999 21420
303.062 21760
303.125 22100
303.175 22440
303.238 22780
303.289 23120
303.352 23460
303.402 23800
303.453 24140
303.591 24480
303.705 24820
303.793 25160
303.869 25500
303.944 25840
303.995 26180
304.058 26520
304.108 26860
304.159 27200
304.209 27540
304.272 27880
304.31 28220
304.36 28560
304.411 28900
304.449 29240
304.499 29580
304.537 29920
304.587 30260
304.625 30600
304.663 30940
304.713 31280
304.751 31620
304.789 31960
304.827 32300
304.865 32640
304.903 32980
304.94 33320
304.978 33660
305.016 34000
305.054 34340
305.079 34680
305.117 35020
305.155 35360
305.18 35700
305.205 36040
305.243 36380
305.268 36720
305.306 37060
305.331 37400
305.369 37740
305.394 38080
305.432 38420
305.457 38760
305.495 39100
305.52 39440
305.558 39780
305.583 40120
305.621 40460
305.646 40800
305.684 41140
305.709 41480
305.735 41820
305.76 42160
305.785 42500
305.81 29580
307.516 340
307.941 2720
308.01 4420
308.042 6800
308.086 8500
308.118 10880
308.162 12580
308.193 14280
308.225 15980
308.256 17680
308.288 27880
308.496 19380
310 340
310.305 680
310.576 1020
310.582 1360
310.624 1700
310.631 2040
310.637 2380
310.643 2720
310.673 3060
310.679 3400
310.685 3740
310.691 4080
310.698 4420
310.704 4760
310.71 5100
310.717 5440
310.723 5780
310.729 6120
310.736 6460
310.742 6800
310.748 7140
310.755 7480
310.761 7820
310.767 8160
310.773 8500
310.78 8840
310.786 9180
310.792 9520
310.799 9860
310.805 10200
310.811 10540
310.818 10880
310.824 11220
310.83 11560
310.836 11900
310.843 12240
310.849 12580
310.855 12920
310.862 13260
310.931 13600
311.196 9520
311.687 9860
311.706 10200
311.719 10540
311.732 10880
311.744 11220
311.757 11560
311.769 11900
311.845 12240
312.009 12580
312.299 12920
312.734 13260
313.175 13600
315.514 13940
315.873 14280
316.126 14620
316.315 14960
316.485 15300
316.624 15640
316.819 15980
317.071 16320
317.178 16660
317.374 17000
317.55 17340
317.657 17680
317.758 18020
317.853 18360
317.954 18700
318.067 19040
318.13 19380
318.193 19720
318.294 20060
318.357 20400
318.42 20740
318.483 21080
318.546 21420
318.609 21760
318.685 22100
318.748 22440
318.798 22780
318.849 23120
318.899 23460
318.95 23800
319 24140
319.051 24480
319.088 24820
319.139 25160
319.189 25500
319.24 25840
319.278 26180
319.328 26520
319.366 26860
319.416 27200
319.454 27540
319.504 27880
319.542 28220
319.567 28560
319.618 28900
319.656 29240
319.694 29580
319.731 29920
319.769 30260
319.807 30600
319.845 30940
319.883 31280
319.921 31620
319.958 31960
319.996 32300
320.021 32640
320.059 32980
320.097 33320
320.135 33660
320.16 34000
320.185 34340
320.223 34680
320.248 35020
320.286 35360
320.311 35700
320.349 36040
320.374 36380
320.412 36720
320.437 37060
320.475 37400
320.5 37740
320.538 38080
320.564 38420
320.601 38760
320.627 39100
320.664 39440
320.69 39780
320.727 40120
320.753 40460
320.765 40800
320.803 41140
320.828 41480
320.854 41820
320.866 42160
320.891 42500
320.929 42840
320.954 43180
320.967 43520
320.992 43860
321.017 44200
321.043 44540
321.068 44880
321.093 45220
321.118 45560
321.143 45900
321.169 46240
321.194 46580
321.219 46920
321.244 47260
321.27 47600
321.295 47940
321.339 33320
323.045 340
323.388 2720
323.514 4420
323.545 5440
323.564 7820
323.608 9520
323.64 11220
323.671 12240
323.69 13940
323.722 16320
323.766 18020
323.797 19040
323.816 20740
323.848 22440
323.879 24140
324.006 24480
324.132 24820
324.245 17340
325.693 340
326.098 680
326.288 1020
326.294 1360
326.336 1700
326.342 2040
326.348 2380
326.355 2720
326.384 3060
326.39 3400
326.397 3740
326.403 4080
326.409 4420
326.416 4760
326.422 5100
326.428 5440
326.434 5780
326.441 6120
326.447 6460
326.453 6800
326.46 7140
326.466 7480
326.472 7820
326.479 8160
326.485 8500
326.491 8840
326.497 9180
326.504 9520
326.51 9860
326.516 10200
326.523 10540
326.529 62900
326.743 43860
327.958 340
327.96 680
328.326 1020
328.332 1360
328.374 1700
328.38 2040
328.386 2380
328.393 2720
328.422 3060
328.428 3400
328.435 3740
328.441 4080
328.447 4420
328.454 4760
328.46 5100
328.466 5440
328.473 5780
328.479 6120
328.485 6460
328.491 6800
328.498 7140
328.504 7480
328.51 7820
328.517 8160
328.523 8500
328.529 8840
328.536 9180
328.542 9520
328.548 9860
328.554 10200
328.561 10540
328.567 10880
328.573 11220
328.58 11560
328.586 11900
328.592 12240
328.599 12580
328.605 12920
328.611 13260
328.617 13600
328.624 13940
328.63 14280
328.636 14620
328.643 14960
328.649 15300
328.655 15640
328.662 15980
328.668 16320
328.674 16660
328.681 17000
328.687 17340
328.693 17680
328.699 18020
328.706 18360
328.712 18700
328.718 19040
328.725 19380
328.731 19720
328.737 20060
328.744 20400
328.75 20740
328.756 21080
328.762 21420
328.769 21760
328.775 22100
328.781 22440
328.788 22780
328.794 23120
328.8 23460
328.807 23800
328.813 24140
328.819 24480
328.826 24820
328.832 25160
328.838 25500
328.844 25840
328.851 26180
328.857 26520
328.863 26860
328.87 27200
328.876 27540
328.882 27880
328.889 28220
328.895 28560
328.901 28900
328.907 29240
328.914 29580
328.92 29920
328.926 30260
328.933 30600
328.977 30940
329.008 31280
329.229 31620
329.254 22100
330.765 340
331.032 680
331.322 1020
331.328 1360
331.37 1700
331.376 2040
331.383 2380
331.389 2720
331.418 3060
331.425 3400
331.431 3740
331.437 4080
331.444 4420
331.45 4760
331.456 5100
331.462 5440
331.469 5780
331.475 6120
331.481 6460
331.488 6800
331.494 7140
331.5 7480
331.507 7820
331.513 8160
331.519 8500
331.526 8840
331.532 9180
331.538 9520
331.544 9860
331.551 10200
331.557 10540
331.563 10880
331.57 11220
331.576 11560
331.582 11900
331.589 12240
331.595 12580
331.601 12920
331.607 13260
331.614 13600
331.62 13940
331.626 14280
331.633 14620
331.639 14960
331.645 15300
331.771 10540
332.604 10880
332.616 11220
332.629 11560
332.641 11900
332.654 12240
332.667 12580
332.679 12920
332.692 13260
332.856 13600
333.02 13940
333.221 14280
333.461 14620
333.732 14960
334.217 15300
336.531 15640
336.897 15980
337.13 16320
337.325 16660
337.495 17000
337.647 17340
337.893 17680
338.044 18020
338.233 18360
338.372 18700
338.523 19040
338.624 19380
338.737 19720
338.819 20060
338.92 20400
339.002 20740
339.09 21080
339.179 21420
339.248 21760
339.33 22100
339.406 22440
339.475 22780
339.544 23120
339.614 23460
339.664 23800
339.721 24140
339.79 24480
339.815 24820
339.891 25160
339.91 17340
340.521 17680
340.559 18020
340.584 18360
340.622 18700
340.66 19040
340.71 19380
340.761 19720
340.811 20060
340.887 20400
340.975 20740
341.114 21080
341.246 21420
341.322 21760
341.423 22100
341.498 22440
341.65 22780
341.776 23120
341.915 23460
342.066 23800
342.223 24140
342.438 24480
342.665 24820
343.131 25160
345.287 25500
345.64 25840
345.88 26180
346.081 26520
346.182 18360
346.661 18700
346.674 19040
346.687 19380
346.699 19720
346.712 20060
346.724 20400
346.737 20740
346.75 21080
346.775 21420
346.876 21760
347.052 22100
347.216 22440
347.317 22780
347.431 23120
347.569 23460
347.708 23800
347.859 24140
347.998 24480
348.149 24820
348.3 25160
348.527 25500
348.691 25840
348.931 26180
349.41 26520
351.591 26860
351.944 27200
352.196 27540
352.398 27880
352.562 28220
352.663 19720
353.18 20060
353.192 20400
353.205 20740
353.218 21080
353.23 21420
353.243 21760
353.255 22100
353.268 22440
353.394 22780
353.545 23120
353.646 23460
353.785 23800
353.898 24140
353.999 24480
354.113 24820
354.226 25160
354.34 25500
354.491 25840
354.617 26180
354.768 26520
354.932 26860
355.096 27200
355.348 27540
355.6 27880
356.117 28220
357.429 19720
357.939 20060
357.952 20400
357.964 20740
357.977 21080
357.99 21420
358.002 21760
358.015 22100
358.028 22440
358.078 22780
358.179 23120
358.381 23460
358.469 23800
358.608 24140
358.746 24480
358.86 24820
358.973 25160
359.099 25500
359.213 25840
359.377 26180
359.528 26520
359.692 26860
359.856 27200
360.108 27540
360.36 27880
360.877 28220
362.932 28560
363.285 28900
363.525 29240
363.726 29580
363.89 29920
364.117 30260
364.395 30600
364.495 30940
364.672 31280
364.773 31620
364.912 31960
365 32300
365.113 32640
365.214 32980
365.315 33320
365.391 33660
365.479 34000
365.542 34340
365.618 34680
365.693 35020
365.756 35360
365.819 35700
365.882 36040
365.945 36380
366.008 36720
366.059 37060
366.122 37400
366.172 37740
366.235 38080
366.286 38420
366.336 38760
366.387 39100
366.437 39440
366.488 39780
366.538 40120
366.576 40460
366.614 40800
366.664 41140
366.702 41480
366.752 41820
366.79 42160
366.841 42500
366.878 42840
366.916 43180
366.967 43520
367.004 43860
367.03 44200
367.074 30940
368.78 340
369.179 3400
369.268 5780
369.312 8160
369.356 11220
369.413 13600
369.457 16660
369.513 19040
369.558 22100
369.703 22440
369.854 15640
371.257 340
371.726 680
371.865 1020
371.871 1360
371.913 1700
371.919 2040
371.926 2380
371.932 2720
371.961 3060
371.968 3400
371.974 3740
371.98 4080
371.986 4420
371.993 4760
371.999 5100
372.005 5440
372.012 5780
372.037 3740
372.245 4080
372.258 4420
372.27 4760
372.295 5100
372.39 5440
372.661 5780
374.603 3740
374.811 4080
374.823 4420
374.836 4760
374.848 5100
374.861 5440
375.22 5780
377.925 6120
378.284 6460
378.536 6800
378.725 7140
378.889 7480
379.047 7820
379.173 8160
379.287 8500
379.406 8840
379.904 9180
380.081 9520
380.182 9860
380.283 10200
380.371 10540
380.446 10880
380.522 11220
380.585 11560
380.661 11900
380.724 12240
380.781 12580
380.799 8500
381.02 8840
381.033 9180
381.045 9520
381.134 9860
381.247 10200
381.373 10540
381.499 10880
381.651 11220
381.814 11560
382.004 11900
382.256 12240
382.609 12580
385.319 12920
385.672 13260
385.925 13600
386.126 13940
386.29 14280
386.429 14620
386.568 14960
386.681 15300
386.795 15640
386.895 15980
386.984 16320
387.072 16660
387.16 17000
387.236 17340
387.311 17680
387.387 18020
387.463 18360
387.526 18700
387.589 19040
387.652 19380
387.765 19720
387.879 20060
387.929 20400
388.043 20740
388.118 21080
388.194 21420
388.27 21760
388.32 22100
388.383 22440
388.446 22780
388.497 23120
388.56 23460
388.61 23800
388.661 24140
388.711 24480
388.761 24820
388.812 25160
388.862 25500
388.9 25840
388.938 26180
388.988 26520
389.026 26860
389.077 27200
389.114 27540
389.165 27880
389.19 28220
389.228 28560
389.278 28900
389.304 29240
389.341 29580
389.379 29920
389.417 30260
389.455 30600
389.493 30940
389.531 31280
389.568 31620
389.606 31960
389.644 32300
389.669 32640
389.707 32980
389.745 33320
389.77 33660
389.808 34000
389.833 34340
389.871 34680
389.896 35020
389.934 35360
389.959 35700
389.997 36040
390.022 36380
390.06 36720
390.085 37060
390.123 37400
390.148 37740
390.186 38080
390.211 38420
390.249 38760
390.262 39100
390.3 39440
390.325 39780
390.35 40120
390.375 40460
390.4 40800
390.426 41140
390.451 41480
390.476 41820
390.501 42160
390.527 42500
390.552 42840
390.577 43180
390.602 43520
390.627 43860
390.653 44200
390.678 44540
390.703 44880
390.728 45220
390.753 45560
390.779 45900
390.804 46240
390.829 46580
390.854 46920
390.88 47260
390.905 47600
390.93 47940
390.955 48280
390.987 33660
392.693 340
393.023 2040
393.149 3740
393.181 5440
393.222 7140
393.254 8840
393.285 10540
393.317 12240
393.349 13940
393.38 15640
393.412 17340
393.443 19040
393.475 20740
393.506 22440
393.538 24140
393.664 24480
393.79 24820
393.935 17340
395.382 340
395.794 680
395.977 1020
395.984 1360
396.026 1700
396.032 2040
396.038 2380
396.044 2720
396.074 3060
396.08 3400
396.086 3740
396.093 4080
396.099 4420
396.105 4760
396.112 5100
396.118 5440
396.124 5780
396.13 6120
396.137 6460
396.143 6800
396.149 7140
396.156 7480
396.162 7820
396.168 8160
396.175 8500
396.181 8840
396.187 9180
396.194 9520
396.2 9860
396.206 10200
396.212 10540
396.238 7140
396.622 7480
396.635 7820
396.647 8160
396.66 8500
396.698 8840
396.805 6120
397.158 6460
397.171 6800
397.183 7140
397.221 7480
397.284 7820
397.423 8160
397.688 8500
397.965 8840
