0.0 0
0.0429086 3400
0.0919933 3740
0.104601 4420
0.117209 5100
0.129817 5780
0.142425 6460
0.155033 7140
0.167641 7820
0.180249 8500
0.192857 9180
0.205465 9860
0.218073 10540
0.230681 11220
0.243289 11900
0.255897 12580
0.268505 13260
0.281113 13940
0.293721 14620
0.306329 15300
0.318937 15980
0.331545 16660
0.344153 17340
0.356761 18020
0.369369 18700
0.381977 19380
0.394585 20060
0.407193 20740
0.419801 21420
0.432409 22100
0.445017 22780
0.457625 23460
0.470233 24140
0.482841 24820
0.495449 25500
0.508057 26180
0.520665 26860
0.533273 27540
0.545881 28220
0.558489 28900
0.571097 29580
0.583705 30260
0.596313 30940
0.608921 31620
0.621529 32300
0.634137 32980
0.646745 33660
0.659353 34340
0.671961 35020
0.684569 35700
0.697177 36380
0.709785 37060
0.722393 37740
0.735001 38420
0.747609 39100
0.760217 39780
0.772825 40460
0.785433 41140
0.798041 41820
0.810649 42500
0.823257 43180
0.835865 43860
0.848473 44540
0.861081 45220
0.873689 45900
0.886297 46580
0.898905 47260
0.911513 47940
0.924121 48620
0.936729 49300
0.949337 49980
0.961945 50660
0.974553 51340
0.987161 52020
0.999769 52700
1.01238 53380
1.02499 54060
1.03759 54740
1.0502 55420
1.06281 56100
1.07542 56780
1.08803 57460
1.10063 58140
1.11324 58820
1.12585 59500
1.13846 60180
1.15107 60860
1.16367 61540
1.17628 62220
1.18889 62900
1.2015 63580
1.21411 64260
1.22671 64940
1.23932 65620
1.25193 66300
1.26454 66980
1.27715 67660
1.28975 68340
1.30236 69020
1.31497 69700
1.32758 70380
1.34019 71060
1.35279 71740
1.3654 72420
1.37801 73100
1.39062 73780
1.40323 74460
1.41583 75140
1.42844 75820
1.44105 76500
1.45366 77180
1.46627 77520
1.48518 54060
3.19753 340
3.37007 680
3.51507 1700
3.56329 2040
3.56959 3060
3.5885 3400
3.61151 4420
3.63042 4760
3.63672 5780
3.65563 6120
3.66194 7140
3.68085 7480
3.68715 8500
3.70607 8840
3.71237 9860
3.73128 10200
3.73759 11220
3.7565 11560
3.7628 12580
3.78171 12920
3.78802 13940
3.80693 14280
3.81323 15300
3.83215 15640
3.83845 16660
3.85736 17000
3.86367 18020
3.88258 18360
3.88888 19380
3.90779 19720
3.9141 20740
3.93301 21080
3.93931 22100
3.95823 22440
3.96453 23460
3.98344 23800
3.98975 24820
4.00866 25160
4.01496 26180
4.03387 26520
4.04018 27540
4.05909 27880
4.06539 28900
4.08431 29240
4.09061 30260
4.10952 30600
4.11583 31620
4.13474 31960
4.14104 32980
4.15995 33320
4.16626 34340
4.18517 34680
4.19147 35700
4.21039 36040
4.21669 37060
4.2356 37400
4.24191 38420
4.36799 38760
4.49407 39100
4.62015 39440
4.74623 39780
4.87231 40120
4.94165 27880
6.62879 340
7.11653 680
7.16475 1020
7.17106 1360
7.21297 1700
7.21928 2040
7.22558 2380
7.23188 2720
7.26119 3060
7.2675 3400
7.2738 3740
7.2801 4080
7.28641 4420
7.29271 4760
7.29902 5100
7.30532 5440
7.31162 5780
7.31793 6120
7.32423 6460
7.33054 6800
7.33684 7140
7.34314 7480
7.34945 7820
7.35575 8160
7.36206 8500
7.36836 8840
7.37466 9180
7.38097 9520
7.38727 9860
7.39358 10200
7.39988 10540
7.40618 10880
7.41249 11220
7.41879 11560
7.4251 11900
7.4314 12240
7.4377 12580
7.44401 12920
7.45031 13260
7.45662 13600
7.46292 13940
7.46922 14280
7.47553 14620
7.48183 14960
7.48814 15300
7.49444 15640
7.50074 15980
7.50705 16320
7.51335 16660
7.51966 17000
7.52596 17340
7.53226 17680
7.53857 18020
7.54487 18360
7.55118 18700
7.55748 19040
7.56378 19380
7.65834 19720
7.78442 20060
7.9105 20400
7.94202 14280
9.30766 340
9.83953 680
9.92778 1020
9.93409 1360
9.97601 1700
10.0242 1020
10.081 1360
10.1418 1700
13.0836 2040
13.4589 2380
13.7064 2720
13.9014 3060
14.0568 3400
14.2081 3740
14.3342 4080
14.4603 4420
14.5612 4760
14.662 5100
14.7629 5440
14.8511 5780
14.9268 6120
15.015 6460
15.0907 6800
15.1663 7140
15.2294 7480
15.2924 7820
15.3681 8160
15.4311 8500
15.4815 8840
15.5446 9180
15.595 9520
15.6581 9860
15.7085 10200
15.7589 10540
15.8093 10880
15.8598 11220
15.9102 11560
15.9606 11900
16.0111 12240
16.0489 12580
16.0993 12920
16.2254 13260
16.2632 13600
16.3389 13940
16.3893 14280
16.4524 14620
16.5028 14960
16.5532 15300
16.6037 15640
16.6415 15980
16.6793 16320
16.7297 16660
16.7802 17000
16.818 17340
16.8684 17680
16.9062 18020
16.9315 18360
16.9693 18700
17.0071 19040
17.0575 19380
17.0828 19720
17.1206 20060
17.1584 20400
17.1962 20740
17.2341 21080
17.2719 21420
17.3097 21760
17.3349 22100
17.3727 22440
17.4106 22780
17.4358 23120
17.461 23460
17.4988 23800
17.524 24140
17.5619 24480
17.5871 24820
17.6249 25160
17.6501 25500
17.6879 25840
17.7132 26180
17.751 26520
17.7762 26860
17.814 27200
17.8392 27540
17.8771 27880
17.9023 28220
17.9401 28560
17.9527 28900
17.9905 29240
18.0157 29580
18.041 29920
18.0662 30260
18.0914 30600
18.1166 30940
18.1418 31280
18.167 31620
18.1923 31960
18.2175 32300
18.2427 32640
18.2679 32980
18.2931 33320
18.3183 33660
18.3436 34000
18.3688 34340
18.394 34680
18.4192 35020
18.4444 35360
18.4696 35700
18.4949 36040
18.5201 36380
18.5453 36720
18.5705 37060
18.5957 37400
18.6209 37740
18.6461 38080
18.6714 38420
18.6966 38760
18.7218 39100
18.747 39440
18.7722 39780
18.7974 40120
18.8227 40460
18.8479 40800
18.8731 41140
18.8983 41480
18.9235 41820
18.9361 42160
18.9613 42500
18.9866 42840
18.9992 43180
19.0118 43520
19.037 43860
19.0622 44200
19.0748 44540
19.1 44880
19.1253 45220
19.1379 45560
19.1505 45900
19.1757 46240
19.2009 46580
19.2135 46920
19.2261 47260
19.2513 47600
19.2765 47940
19.2892 48280
19.3018 48620
19.327 48960
19.3522 49300
19.3648 49640
19.3774 49980
19.4026 50320
19.4341 35020
21.1402 340
21.4451 2040
21.5964 3740
21.6279 5440
21.6699 7140
21.7014 8840
21.7329 10540
21.7644 11560
21.7833 13260
21.8148 14960
21.8464 15980
21.8653 17000
21.8842 18700
21.9157 20400
21.9472 21420
21.9661 23120
21.9977 24820
22.13 25160
22.2498 25500
22.3696 25840
22.42 18020
23.8865 340
24.2545 680
24.4751 1020
24.4814 1360
24.5234 1700
24.5297 2040
24.536 2380
24.5423 2720
24.5716 3060
24.5779 3400
24.5842 3740
24.5905 4080
24.5968 4420
24.6031 4760
24.6094 5100
24.6157 5440
24.622 5780
24.6283 6120
24.6346 6460
24.6409 6800
24.6472 7140
24.6535 7480
24.6598 7820
24.6661 8160
24.6724 8500
24.6787 8840
24.6851 9180
24.6914 9520
24.6977 9860
24.704 10200
24.7103 10540
24.7166 10880
24.7229 11220
24.7292 11560
24.7355 11900
24.7418 12240
24.7481 12580
24.7733 8500
25.2461 8840
25.2713 9180
25.2965 9520
25.3344 9860
25.3722 10200
25.492 10540
25.5928 10880
25.7063 11220
25.8828 11560
26.0845 11900
26.2926 12240
26.6771 12580
29.0033 12920
29.3563 13260
29.6148 13600
29.8102 13940
29.9615 14280
30.1191 14620
30.2452 14960
30.3902 15300
30.6234 15640
30.7873 15980
30.9197 16320
31.0269 16660
31.1467 17000
31.2475 17340
31.3358 17680
31.4555 18020
31.569 18360
31.6447 18700
31.7266 19040
31.8212 19380
31.8716 19720
31.941 20060
32.0229 20400
32.0859 20740
32.1364 21080
32.1868 21420
32.2372 21760
32.3066 22100
32.357 22440
32.4327 22780
32.4894 23120
32.5398 23460
32.5903 23800
32.6407 24140
32.6785 24480
32.729 24820
32.7794 25160
32.8172 25500
32.8676 25840
32.9181 26180
32.9559 26520
32.9937 26860
33.0442 27200
33.082 27540
33.1072 27880
33.145 28220
33.1828 28560
33.2333 28900
33.2585 29240
33.2963 29580
33.3341 29920
33.372 30260
33.4098 30600
33.4476 30940
33.4854 31280
33.5233 31620
33.5611 31960
33.5863 32300
33.6241 32640
33.6619 32980
33.6872 33320
33.7124 33660
33.7502 34000
33.7754 34340
33.8132 34680
33.8385 35020
33.8763 35360
33.9015 35700
33.9393 36040
33.9645 36380
34.0024 36720
34.0276 37060
34.0654 37400
34.0906 37740
34.1284 38080
34.1537 38420
34.1915 38760
34.2167 39100
34.2419 39440
34.2671 39780
34.305 40120
34.3176 40460
34.3428 40800
34.3806 41140
34.4058 41480
34.4184 41820
34.4436 42160
34.4689 42500
34.4941 42840
34.5193 43180
34.5445 43520
34.5697 43860
34.5949 44200
34.6202 44540
34.6454 44880
34.6706 45220
34.6958 45560
34.721 45900
34.7462 46240
34.7715 46580
34.7967 46920
34.8219 47260
34.8471 47600
34.8723 47940
34.8975 48280
34.9291 33660
36.6351 340
36.9779 2720
37.1039 3740
37.1228 5440
37.1544 7820
37.1985 9520
37.23 10540
37.2489 12240
37.2804 13940
37.312 15640
37.3435 17340
37.375 19040
37.4065 20740
37.438 22440
37.4696 24140
37.5956 24480
37.7217 24820
37.8667 17340
39.3143 340
39.7201 680
39.9092 1020
39.9155 1360
39.9574 1700
39.9637 2040
39.97 2380
39.9763 2720
40.0057 3060
40.012 3400
40.0183 3740
40.0246 4080
40.0309 4420
40.0372 4760
40.0435 5100
40.0498 5440
40.0561 5780
40.0624 6120
40.0687 6460
40.075 6800
40.0813 7140
40.0876 7480
40.0939 7820
40.1002 8160
40.1065 8500
40.1128 8840
40.1191 9180
40.1254 9520
40.1317 9860
40.138 10200
40.1443 10540
40.1696 7140
40.5541 7480
40.5667 7820
40.5793 8160
40.5919 8500
40.6297 8840
40.7495 9180
40.9071 9520
41.0647 9860
41.3673 10200
41.7077 10540
44.1348 10880
44.4941 11220
44.8723 11560
45.2569 11900
45.5343 12240
45.7108 12580
45.8369 12920
45.9629 13260
46.0638 13600
46.1647 13940
46.2655 14280
46.3538 14620
46.442 14960
46.5933 15300
46.669 15640
46.7951 15980
46.8959 16320
46.9968 16660
47.0472 17000
47.1229 17340
47.1985 17680
47.2616 18020
47.3246 18360
47.3876 18700
47.4507 19040
47.5137 19380
47.5641 19720
47.6272 20060
47.6776 20400
47.7281 20740
47.7785 21080
47.8289 21420
47.892 21760
47.9298 22100
47.9802 22440
48.0306 22780
48.0685 23120
48.1189 23460
48.1567 23800
48.2072 24140
48.245 24480
48.2954 24820
48.3332 25160
48.3711 25500
48.4089 25840
48.4467 26180
48.4971 26520
48.535 26860
48.5602 27200
48.598 27540
48.6358 27880
48.6737 28220
48.7115 28560
48.7493 28900
48.7871 29240
48.8249 29580
48.8628 29920
48.888 30260
48.9258 30600
48.9636 30940
48.9889 31280
49.0141 31620
49.0519 31960
49.0771 32300
49.1149 32640
49.1401 32980
49.178 33320
49.2032 33660
49.241 34000
49.2662 34340
49.3041 34680
49.3293 35020
49.3671 35360
49.3923 35700
49.4301 36040
49.4553 36380
49.4932 36720
49.5184 37060
49.5436 37400
49.5688 37740
49.6066 38080
49.6319 38420
49.6445 38760
49.6697 39100
49.7075 39440
49.7327 39780
49.7453 40120
49.7705 40460
49.7958 40800
49.821 41140
49.8462 41480
49.8714 41820
49.8966 42160
49.9218 42500
49.9471 42840
49.9723 43180
49.9975 43520
50.0227 43860
50.0479 44200
50.0731 44540
50.0984 44880
50.1236 45220
50.1488 45560
50.174 45900
50.1992 46240
50.2244 46580
50.2497 46920
50.2749 47260
50.3001 47600
50.3253 47940
50.3505 48280
50.382 33660
52.0881 340
52.4308 1360
52.5569 3060
52.6051 4760
52.6367 6460
52.6682 8160
52.6997 9860
52.7312 11560
52.7627 13260
52.7943 14960
52.8258 16660
52.8573 18360
52.8888 20060
52.9203 21760
52.9519 23460
53.0779 23800
53.204 24140
53.349 16660
54.784 340
55.2024 680
55.3789 1020
55.3852 1360
55.4271 1700
55.4334 2040
55.4397 2380
55.446 2720
55.4753 3060
55.4816 3400
55.4879 3740
55.4943 4080
55.5006 4420
55.5069 4760
55.5132 5100
55.5195 5440
55.5258 5780
55.5321 6120
55.5384 6460
55.5447 6800
55.551 7140
55.5573 7480
55.5636 7820
55.5699 8160
55.5762 8500
55.5825 8840
55.5888 9180
55.614 6120
55.9481 6460
55.9607 6800
55.9734 7140
55.986 7480
56.0238 7820
56.1499 8160
56.3705 8500
56.5659 8840
56.8622 9180
59.4343 9520
59.781 9860
60.0394 10200
60.2349 10540
60.3988 10880
60.5438 11220
60.6761 11560
60.7959 11900
60.8968 12240
61.0418 12580
61.3255 12920
61.4515 13260
61.5713 13600
61.7604 13940
61.8739 14280
62.0252 14620
62.1135 14960
62.2017 15300
62.29 15640
62.3656 15980
62.4287 16320
62.5043 16660
62.5673 17000
62.6304 17340
62.6934 17680
62.7565 18020
62.8069 18360
62.8573 18700
62.9204 19040
62.9708 19380
63.0212 19720
63.0717 20060
63.1221 20400
63.1725 20740
63.223 21080
63.2608 21420
63.3112 21760
63.3616 22100
63.3995 22440
63.4373 22780
63.4877 23120
63.5255 23460
63.5634 23800
63.6138 24140
63.6516 24480
63.6895 24820
63.7273 25160
63.7651 25500
63.8029 25840
63.8407 26180
63.8786 26520
63.9164 26860
63.9542 27200
63.992 27540
64.0299 27880
64.0677 28220
64.0929 28560
64.1307 28900
64.1686 29240
64.1938 29580
64.2316 29920
64.2568 30260
64.2946 30600
64.3199 30940
64.3577 31280
64.3829 31620
64.4207 31960
64.4459 32300
64.4838 32640
64.509 32980
64.5468 33320
64.572 33660
64.6098 34000
64.6351 34340
64.6729 34680
64.6981 35020
64.7359 35360
64.7611 35700
64.7863 36040
64.8116 36380
64.8368 36720
64.862 37060
64.8872 37400
64.925 37740
64.9503 38080
64.9629 38420
64.9881 38760
65.0133 39100
65.0385 39440
65.0637 39780
65.0889 40120
65.1142 40460
65.1394 40800
65.1646 41140
65.1898 41480
65.215 41820
65.2402 42160
65.2655 42500
65.2907 42840
65.3159 43180
65.3411 43520
65.3663 43860
65.3915 44200
65.4167 44540
65.442 44880
65.4672 45220
65.4924 45560
65.5176 45900
65.5428 46240
65.568 46580
65.5933 46920
65.6185 47260
65.6437 47600
65.6689 47940
65.6941 48280
65.7256 33660
67.4317 340
67.7744 2040
67.9005 3740
67.932 5440
67.974 7140
68.0055 8840
68.037 10540
68.0685 12240
68.1 13940
68.1316 15640
68.1631 17340
68.1946 19040
68.2261 20740
68.2576 22440
68.2892 24140
68.4152 24480
68.5413 24820
68.6863 17340
70.1339 340
70.5397 680
70.7288 1020
70.7351 1360
70.777 1700
70.7833 2040
70.7896 2380
70.7959 2720
70.8252 3060
70.8316 3400
70.8379 3740
70.8442 4080
70.8505 4420
70.8568 4760
70.8631 5100
70.8694 5440
70.8757 5780
70.882 6120
70.8883 6460
70.8946 6800
70.9009 7140
70.9072 7480
70.9135 7820
70.9198 8160
70.9261 8500
70.9324 8840
70.9387 9180
70.945 9520
70.9513 9860
70.9576 10200
70.9639 10540
70.9892 7140
71.3737 7480
71.3863 7820
71.3989 8160
71.4115 8500
71.4493 8840
71.5691 9180
71.7267 9520
71.8969 9860
72.1869 10200
72.5273 10540
74.9544 10880
75.3137 11220
75.5659 11560
75.7613 11900
75.9252 12240
76.0765 12580
76.2026 12920
76.316 13260
76.4232 13600
76.5997 13940
76.7951 14280
76.8897 14620
77.0221 14960
77.1166 15300
77.2364 15640
77.3058 15980
77.4129 16320
77.5327 16660
77.6462 17000
77.7344 17340
77.8227 17680
77.8794 18020
77.9488 18360
78.0181 18700
78.0812 19040
78.1505 19380
78.2135 19720
78.2829 20060
78.3333 20400
78.3837 20740
78.4279 21080
78.4783 21420
78.5413 21760
78.5918 22100
78.6485 22440
78.6989 22780
78.7494 23120
78.7872 23460
78.8376 23800
78.8755 24140
78.9259 24480
78.9637 24820
79.0141 25160
79.052 25500
79.0772 25840
79.115 26180
79.1654 26520
79.2033 26860
79.2411 27200
79.2789 27540
79.3167 27880
79.3546 28220
79.3924 28560
79.4302 28900
79.468 29240
79.5059 29580
79.5437 29920
79.5689 30260
79.5941 30600
79.6319 30940
79.6698 31280
79.695 31620
79.7328 31960
79.758 32300
79.7958 32640
79.8211 32980
79.8589 33320
79.8841 33660
79.9219 34000
79.9471 34340
79.985 34680
80.0102 35020
80.048 35360
80.0732 35700
80.111 36040
80.1363 36380
80.1741 36720
80.1993 37060
80.2245 37400
80.2497 37740
80.2749 38080
80.3002 38420
80.3254 38760
80.3506 39100
80.3884 39440
80.401 39780
80.4262 40120
80.4515 40460
80.4767 40800
80.5019 41140
80.5271 41480
80.5523 41820
80.5775 42160
80.6028 42500
80.628 42840
80.6532 43180
80.6784 43520
80.7036 43860
80.7288 44200
80.754 44540
80.7793 44880
80.8045 45220
80.8297 45560
80.8549 45900
80.8801 46240
80.9053 46580
80.9306 46920
80.9558 47260
80.981 47600
81.0062 47940
81.0314 48280
81.0629 33660
82.769 340
83.1117 2040
83.2378 3740
83.2693 5440
83.3113 7140
83.3428 8840
83.3743 10540
83.4058 12240
83.4373 13940
83.4689 15640
83.5004 17340
83.5319 19040
83.5634 20740
83.5949 22440
83.6265 24140
83.7525 24480
83.8786 24820
84.0236 17340
85.4712 340
85.877 680
86.0661 1020
86.0724 1360
86.1143 1700
86.1206 2040
86.1269 2380
86.1332 2720
86.1625 3060
86.1689 3400
86.1752 3740
86.1815 4080
86.1878 4420
86.1941 4760
86.2004 5100
86.2067 5440
86.213 5780
86.2193 6120
86.2256 6460
86.2319 6800
86.2382 7140
86.2445 7480
86.2508 7820
86.2571 8160
86.2634 8500
86.2697 8840
86.276 9180
86.2823 9520
86.2886 9860
86.2949 10200
86.3012 10540
86.3265 7140
86.711 7480
86.7236 7820
86.7362 8160
86.7488 8500
86.7866 8840
86.9064 9180
87.064 9520
87.2342 9860
87.5242 10200
87.8646 10540
90.2917 10880
90.651 11220
90.9032 11560
91.0986 11900
91.2625 12240
91.4138 12580
91.5399 12920
91.6533 13260
91.7605 13600
91.937 13940
92.1324 14280
92.227 14620
92.3594 14960
92.4539 15300
92.5548 15640
92.6431 15980
92.7502 16320
92.87 16660
92.9835 17000
93.0654 17340
93.16 17680
93.2167 18020
93.2861 18360
93.3554 18700
93.4185 19040
93.4878 19380
93.5634 19720
93.6328 20060
93.6832 20400
93.7337 20740
93.7778 21080
93.8282 21420
93.866 21760
93.9165 22100
93.9669 22440
94.0236 22780
94.0741 23120
94.1119 23460
94.1497 23800
94.2001 24140
94.238 24480
94.2884 24820
94.3262 25160
94.3767 25500
94.4145 25840
94.4397 26180
94.4901 26520
94.528 26860
94.5658 27200
94.6036 27540
94.6414 27880
94.6793 28220
94.7171 28560
94.7549 28900
94.7927 29240
94.8305 29580
94.8684 29920
94.8936 30260
94.9188 30600
94.9566 30940
94.9945 31280
95.0197 31620
95.0575 31960
95.0827 32300
95.1205 32640
95.1457 32980
95.1836 33320
95.2088 33660
95.2466 34000
95.2718 34340
95.3097 34680
95.3349 35020
95.3727 35360
95.3979 35700
95.4357 36040
95.4609 36380
95.4988 36720
95.524 37060
95.5492 37400
95.5744 37740
95.6122 38080
95.6375 38420
95.6501 38760
95.6753 39100
95.7131 39440
95.7383 39780
95.7509 40120
95.7761 40460
95.8014 40800
95.8266 41140
95.8518 41480
95.877 41820
95.9022 42160
95.9274 42500
95.9527 42840
95.9779 43180
96.0031 43520
96.0283 43860
96.0535 44200
96.0787 44540
96.104 44880
96.1292 45220
96.1544 45560
96.1796 45900
96.2048 46240
96.23 46580
96.2553 46920
96.2805 47260
96.3057 47600
96.3309 47940
96.3561 48280
96.3876 33660
98.0937 340
98.4364 1360
98.5625 3060
98.6107 4760
98.6423 6460
98.6738 8160
98.7053 9860
98.7368 11560
98.7683 13260
98.7999 14960
98.8314 16660
98.8629 18360
98.8944 20060
98.9259 21760
98.9575 23460
99.0835 23800
99.2096 24140
99.3546 16660
100.79 340
101.208 680
101.384 1020
101.391 1360
101.433 1700
101.439 2040
101.445 2380
101.452 2720
101.481 3060
101.487 3400
101.494 3740
101.5 4080
101.506 4420
101.512 4760
101.519 5100
101.525 5440
101.531 5780
101.538 6120
101.544 6460
101.55 6800
101.557 7140
101.563 7480
101.569 7820
101.575 8160
101.582 8500
101.588 8840
101.594 9180
101.62 6120
101.954 6460
101.966 6800
101.979 7140
101.992 7480
102.029 7820
102.155 8160
102.376 8500
102.572 8840
102.868 9180
105.44 9520
105.787 9860
106.045 10200
106.24 10540
106.404 10880
106.549 11220
106.682 11560
106.802 11900
106.902 12240
107.047 12580
107.331 12920
107.457 13260
107.577 13600
107.766 13940
107.879 14280
108.031 14620
108.119 14960
108.207 15300
108.296 15640
108.371 15980
108.434 16320
108.51 16660
108.573 17000
108.636 17340
108.699 17680
108.762 18020
108.812 18360
108.863 18700
108.926 19040
108.976 19380
109.027 19720
109.077 20060
109.128 20400
109.178 20740
109.229 21080
109.266 21420
109.317 21760
109.367 22100
109.405 22440
109.443 22780
109.493 23120
109.531 23460
109.569 23800
109.619 24140
109.657 24480
109.695 24820
109.733 25160
109.771 25500
109.809 25840
109.846 26180
109.884 26520
109.922 26860
109.96 27200
109.998 27540
110.035 27880
110.073 28220
110.099 28560
110.136 28900
110.174 29240
110.199 29580
110.237 29920
110.262 30260
110.3 30600
110.325 30940
110.363 31280
110.388 31620
110.426 31960
110.452 32300
110.489 32640
110.515 32980
110.552 33320
110.578 33660
110.615 34000
110.641 34340
110.678 34680
110.704 35020
110.742 35360
110.767 35700
110.792 36040
110.817 36380
110.842 36720
110.868 37060
110.893 37400
110.931 37740
110.956 38080
110.968 38420
110.994 38760
111.019 39100
111.044 39440
111.069 39780
111.095 40120
111.12 40460
111.145 40800
111.17 41140
111.195 41480
111.221 41820
111.246 42160
111.271 42500
111.296 42840
111.321 43180
111.347 43520
111.372 43860
111.397 44200
111.422 44540
111.448 44880
111.473 45220
111.498 45560
111.523 45900
111.548 46240
111.574 46580
111.599 46920
111.624 47260
111.649 47600
111.675 47940
111.7 48280
111.731 33660
113.437 340
113.78 2040
113.906 3740
113.938 5440
113.98 7140
114.011 8840
114.043 10540
114.074 12240
114.106 13940
114.137 15640
114.169 17340
114.2 19040
114.232 20740
114.263 22440
114.295 24140
114.421 24480
114.547 24820
114.692 17340
116.139 340
116.545 680
116.734 1020
116.741 1360
116.783 1700
116.789 2040
116.795 2380
116.802 2720
116.831 3060
116.837 3400
116.843 3740
116.85 4080
116.856 4420
116.862 4760
116.869 5100
116.875 5440
116.881 5780
116.888 6120
116.894 6460
116.9 6800
116.906 7140
116.913 7480
116.919 7820
116.925 8160
116.932 8500
116.938 8840
116.944 9180
116.951 9520
116.957 9860
116.963 10200
116.97 10540
116.995 7140
117.379 7480
117.392 7820
117.405 8160
117.417 8500
117.455 8840
117.575 9180
117.732 9520
117.903 9860
118.193 10200
118.533 10540
120.96 10880
121.319 11220
121.571 11560
121.767 11900
121.931 12240
122.082 12580
122.208 12920
122.322 13260
122.429 13600
122.605 13940
122.801 14280
122.895 14620
123.028 14960
123.122 15300
123.242 15640
123.311 15980
123.419 16320
123.538 16660
123.652 17000
123.74 17340
123.828 17680
123.885 18020
123.954 18360
124.024 18700
124.087 19040
124.156 19380
124.219 19720
124.288 20060
124.339 20400
124.389 20740
124.433 21080
124.484 21420
124.547 21760
124.597 22100
124.654 22440
124.705 22780
124.755 23120
124.793 23460
124.843 23800
124.881 24140
124.931 24480
124.969 24820
125.02 25160
125.058 25500
125.083 25840
125.121 26180
125.171 26520
125.209 26860
125.247 27200
125.285 27540
125.322 27880
125.36 28220
125.398 28560
125.436 28900
125.474 29240
125.511 29580
125.549 29920
125.574 30260
125.6 30600
125.638 30940
125.675 31280
125.701 31620
125.738 31960
125.764 32300
125.801 32640
125.827 32980
125.864 33320
125.89 33660
125.928 34000
125.953 34340
125.991 34680
126.016 35020
126.054 35360
126.079 35700
126.117 36040
126.142 36380
126.18 36720
126.205 37060
126.23 37400
126.255 37740
126.281 38080
126.306 38420
126.331 38760
126.356 39100
126.394 39440
126.407 39780
126.432 40120
126.457 40460
126.482 40800
126.507 41140
126.533 41480
126.558 41820
126.583 42160
126.608 42500
126.634 42840
126.659 43180
126.684 43520
126.709 43860
126.734 44200
126.76 44540
126.785 44880
126.81 45220
126.835 45560
126.861 45900
126.886 46240
126.911 46580
126.936 46920
126.961 47260
126.987 47600
127.012 47940
127.037 48280
127.069 33660
128.775 340
129.117 2040
129.243 3740
129.275 5440
129.317 7140
129.348 8840
129.38 10540
129.411 12240
129.443 13940
129.474 15640
129.506 17340
129.538 19040
129.569 20740
129.601 22440
129.632 24140
129.758 24480
129.884 24820
130.029 17340
131.477 340
131.883 680
132.072 1020
132.078 1360
132.12 1700
132.126 2040
132.133 2380
132.139 2720
132.168 3060
132.174 3400
132.181 3740
132.187 4080
132.193 4420
132.2 4760
132.206 5100
132.212 5440
132.219 5780
132.225 6120
132.231 6460
132.237 6800
132.244 7140
132.25 7480
132.256 7820
132.263 8160
132.269 8500
132.275 8840
132.282 9180
132.288 9520
132.294 9860
132.301 10200
132.307 10540
132.332 7140
132.717 7480
132.729 7820
132.742 8160
132.754 8500
132.792 8840
132.912 9180
133.07 9520
133.24 9860
133.53 10200
133.87 10540
136.297 10880
136.657 11220
136.896 11560
137.104 11900
137.268 12240
137.419 12580
137.545 12920
137.659 13260
137.766 13600
137.943 13940
138.138 14280
138.233 14620
138.365 14960
138.46 15300
138.56 15640
138.649 15980
138.756 16320
138.876 16660
138.989 17000
139.071 17340
139.159 17680
139.222 18020
139.292 18360
139.361 18700
139.424 19040
139.493 19380
139.569 19720
139.619 20060
139.67 20400
139.72 20740
139.777 21080
139.828 21420
139.878 21760
139.941 22100
139.979 22440
140.029 22780
140.08 23120
140.13 23460
140.168 23800
140.218 24140
140.256 24480
140.307 24820
140.344 25160
140.395 25500
140.433 25840
140.458 26180
140.508 26520
140.546 26860
140.584 27200
140.622 27540
140.66 27880
140.697 28220
140.735 28560
140.773 28900
140.811 29240
140.849 29580
140.887 29920
140.912 30260
140.937 30600
140.975 30940
141.013 31280
141.038 31620
141.076 31960
141.101 32300
141.139 32640
141.164 32980
141.202 33320
141.227 33660
141.265 34000
141.29 34340
141.328 34680
141.353 35020
141.391 35360
141.416 35700
141.454 36040
141.479 36380
141.517 36720
141.542 37060
141.567 37400
141.593 37740
141.63 38080
141.656 38420
141.668 38760
141.693 39100
141.731 39440
141.757 39780
141.769 40120
141.794 40460
141.82 40800
141.845 41140
141.87 41480
141.895 41820
141.92 42160
141.946 42500
141.971 42840
141.996 43180
142.021 43520
142.047 43860
142.072 44200
142.097 44540
142.122 44880
142.147 45220
142.173 45560
142.198 45900
142.223 46240
142.248 46580
142.273 46920
142.299 47260
142.324 47600
142.349 47940
142.374 48280
142.406 33660
144.112 340
144.455 1360
144.581 3060
144.629 4760
144.66 6460
144.692 8160
144.724 9860
144.755 11560
144.787 13260
144.818 14960
144.85 16660
144.881 18360
144.913 20060
144.944 21760
144.976 23460
145.102 23800
145.228 24140
145.373 16660
146.808 340
147.226 680
147.403 1020
147.409 1360
147.451 1700
147.457 2040
147.464 2380
147.47 2720
147.499 3060
147.505 3400
147.512 3740
147.518 4080
147.524 4420
147.531 4760
147.537 5100
147.543 5440
147.55 5780
147.556 6120
147.562 6460
147.568 6800
147.575 7140
147.581 7480
147.587 7820
147.594 8160
147.6 8500
147.606 8840
147.613 9180
147.638 6120
147.972 6460
147.985 6800
147.997 7140
148.01 7480
148.048 7820
148.174 8160
148.394 8500
148.59 8840
148.886 9180
151.458 9520
151.805 9860
152.063 10200
152.259 10540
152.423 10880
152.568 11220
152.7 11560
152.82 11900
152.921 12240
153.066 12580
153.349 12920
153.475 13260
153.595 13600
153.784 13940
153.898 14280
154.049 14620
154.137 14960
154.226 15300
154.314 15640
154.389 15980
154.452 16320
154.528 16660
154.591 17000
154.654 17340
154.717 17680
154.78 18020
154.831 18360
154.881 18700
154.944 19040
154.995 19380
155.045 19720
155.095 20060
155.146 20400
155.196 20740
155.247 21080
155.285 21420
155.335 21760
155.385 22100
155.423 22440
155.461 22780
155.512 23120
155.549 23460
155.587 23800
155.638 24140
155.675 24480
155.713 24820
155.751 25160
155.789 25500
155.827 25840
155.865 26180
155.902 26520
155.94 26860
155.978 27200
156.016 27540
156.054 27880
156.092 28220
156.117 28560
156.155 28900
156.192 29240
156.218 29580
156.255 29920
156.281 30260
156.318 30600
156.344 30940
156.381 31280
156.407 31620
156.445 31960
156.47 32300
156.508 32640
156.533 32980
156.571 33320
156.596 33660
156.634 34000
156.659 34340
156.697 34680
156.722 35020
156.76 35360
156.785 35700
156.81 36040
156.835 36380
156.861 36720
156.886 37060
156.911 37400
156.949 37740
156.974 38080
156.987 38420
157.012 38760
157.037 39100
157.062 39440
157.088 39780
157.113 40120
157.138 40460
157.163 40800
157.188 41140
157.214 41480
157.239 41820
157.264 42160
157.289 42500
157.314 42840
157.34 43180
157.365 43520
157.39 43860
157.415 44200
157.441 44540
157.466 44880
157.491 45220
157.516 45560
157.541 45900
157.567 46240
157.592 46580
157.617 46920
157.642 47260
157.668 47600
157.693 47940
157.718 48280
157.749 33660
159.456 340
159.798 2040
159.924 3740
159.956 5440
159.998 7140
160.029 8840
160.061 10540
160.092 12240
160.124 13940
160.155 15640
160.187 17340
160.218 19040
160.25 20740
160.281 22440
160.313 24140
160.439 24480
160.565 24820
160.71 17340
162.158 340
162.563 680
162.753 1020
162.759 1360
162.801 1700
162.807 2040
162.813 2380
162.82 2720
162.849 3060
162.855 3400
162.862 3740
162.868 4080
162.874 4420
162.881 4760
162.887 5100
162.893 5440
162.899 5780
162.906 6120
162.912 6460
162.918 6800
162.925 7140
162.931 7480
162.937 7820
162.944 8160
162.95 8500
162.956 8840
162.963 9180
162.969 9520
162.975 9860
162.981 10200
162.988 10540
163.013 7140
163.398 7480
163.41 7820
163.423 8160
163.435 8500
163.473 8840
163.593 9180
163.751 9520
163.921 9860
164.211 10200
164.551 10540
166.978 10880
167.338 11220
167.59 11560
167.785 11900
167.949 12240
168.1 12580
168.226 12920
168.34 13260
168.447 13600
168.624 13940
168.819 14280
168.914 14620
169.046 14960
169.14 15300
169.26 15640
169.33 15980
169.437 16320
169.557 16660
169.67 17000
169.758 17340
169.846 17680
169.903 18020
169.973 18360
170.042 18700
170.105 19040
170.174 19380
170.237 19720
170.307 20060
170.357 20400
170.408 20740
170.452 21080
170.502 21420
170.565 21760
170.616 22100
170.672 22440
170.723 22780
170.773 23120
170.811 23460
170.861 23800
170.899 24140
170.95 24480
170.988 24820
171.038 25160
171.076 25500
171.101 25840
171.139 26180
171.189 26520
171.227 26860
171.265 27200
171.303 27540
171.341 27880
171.378 28220
171.416 28560
171.454 28900
171.492 29240
171.53 29580
171.567 29920
171.593 30260
171.618 30600
171.656 30940
171.694 31280
171.719 31620
171.757 31960
171.782 32300
171.82 32640
171.845 32980
171.883 33320
171.908 33660
171.946 34000
171.971 34340
172.009 34680
172.034 35020
172.072 35360
172.097 35700
172.135 36040
172.16 36380
172.198 36720
172.223 37060
172.248 37400
172.274 37740
172.299 38080
172.324 38420
172.349 38760
172.374 39100
172.412 39440
172.425 39780
172.45 40120
172.475 40460
172.5 40800
172.526 41140
172.551 41480
172.576 41820
172.601 42160
172.627 42500
172.652 42840
172.677 43180
172.702 43520
172.727 43860
172.753 44200
172.778 44540
172.803 44880
172.828 45220
172.854 45560
172.879 45900
172.904 46240
172.929 46580
172.954 46920
172.98 47260
173.005 47600
173.03 47940
173.055 48280
173.087 33660
174.793 340
175.136 2040
175.262 3740
175.293 5440
175.335 7140
175.367 8840
175.398 10540
175.43 12240
175.461 13940
175.493 15640
175.524 17340
175.556 19040
175.587 20740
175.619 22440
175.65 24140
175.776 24480
175.902 24820
176.047 17340
177.495 340
177.901 680
178.09 1020
178.096 1360
178.138 1700
178.144 2040
178.151 2380
178.157 2720
178.186 3060
178.193 3400
178.199 3740
178.205 4080
178.212 4420
178.218 4760
178.224 5100
178.23 5440
178.237 5780
178.243 6120
178.249 6460
178.256 6800
178.262 7140
178.268 7480
178.275 7820
178.281 8160
178.287 8500
178.294 8840
178.3 9180
178.306 9520
178.312 9860
178.319 10200
178.325 10540
178.35 7140
178.735 7480
178.747 7820
178.76 8160
178.773 8500
178.81 8840
178.93 9180
179.088 9520
179.258 9860
179.548 10200
179.888 10540
182.315 10880
182.675 11220
182.927 11560
183.122 11900
183.286 12240
183.438 12580
183.564 12920
183.677 13260
183.784 13600
183.961 13940
184.156 14280
184.251 14620
184.383 14960
184.478 15300
184.579 15640
184.667 15980
184.774 16320
184.894 16660
185.007 17000
185.089 17340
185.184 17680
185.241 18020
185.31 18360
185.379 18700
185.442 19040
185.512 19380
185.587 19720
185.657 20060
185.707 20400
185.757 20740
185.802 21080
185.852 21420
185.89 21760
185.94 22100
185.991 22440
186.047 22780
186.098 23120
186.136 23460
186.174 23800
186.224 24140
186.262 24480
186.312 24820
186.35 25160
186.4 25500
186.438 25840
186.464 26180
186.514 26520
186.552 26860
186.59 27200
186.627 27540
186.665 27880
186.703 28220
186.741 28560
186.779 28900
186.817 29240
186.854 29580
186.892 29920
186.917 30260
186.943 30600
186.98 30940
187.018 31280
187.043 31620
187.081 31960
187.107 32300
187.144 32640
187.17 32980
187.207 33320
187.233 33660
187.27 34000
187.296 34340
187.333 34680
187.359 35020
187.397 35360
187.422 35700
187.46 36040
187.485 36380
187.523 36720
187.548 37060
187.573 37400
187.598 37740
187.636 38080
187.661 38420
187.674 38760
187.699 39100
187.737 39440
187.75 39780
187.775 40120
187.8 40460
187.825 40800
187.85 41140
187.876 41480
187.901 41820
187.926 42160
187.951 42500
187.976 42840
188.002 43180
188.027 43520
188.052 43860
188.077 44200
188.103 44540
188.128 44880
188.153 45220
188.178 45560
188.203 45900
188.229 46240
188.254 46580
188.279 46920
188.304 47260
188.329 47600
188.355 47940
188.38 48280
188.411 33660
190.117 340
190.46 2040
190.586 3740
190.618 5440
190.66 7140
190.691 8840
190.723 10540
190.754 12240
190.786 13940
190.817 15640
190.849 17340
190.88 19040
190.912 20740
190.943 22440
190.975 24140
191.101 24480
191.227 24820
191.372 17340
192.82 340
193.225 680
193.415 1020
193.421 1360
193.463 1700
193.469 2040
193.475 2380
193.482 2720
193.511 3060
193.517 3400
193.524 3740
193.53 4080
193.536 4420
193.543 4760
193.549 5100
193.555 5440
193.561 5780
193.568 6120
193.574 6460
193.58 6800
193.587 7140
193.593 7480
193.599 7820
193.606 8160
193.612 8500
193.618 8840
193.625 9180
193.631 9520
193.637 9860
193.643 10200
193.65 10540
193.675 7140
194.06 7480
194.072 7820
194.085 8160
194.097 8500
194.135 8840
194.255 9180
194.413 9520
194.583 9860
194.873 10200
195.213 10540
197.64 10880
198 11220
198.252 11560
198.447 11900
198.611 12240
198.762 12580
198.888 12920
199.002 13260
199.109 13600
199.286 13940
199.481 14280
199.576 14620
199.708 14960
199.802 15300
199.922 15640
199.992 15980
200.099 16320
200.219 16660
200.332 17000
200.42 17340
200.508 17680
200.565 18020
200.635 18360
200.704 18700
200.767 19040
200.836 19380
200.899 19720
200.969 20060
201.019 20400
201.07 20740
201.114 21080
201.164 21420
201.227 21760
201.278 22100
201.334 22440
201.385 22780
201.435 23120
201.473 23460
201.523 23800
201.561 24140
201.612 24480
201.65 24820
201.7 25160
201.738 25500
201.763 25840
201.801 26180
201.851 26520
201.889 26860
201.927 27200
201.965 27540
202.003 27880
202.04 28220
202.078 28560
202.116 28900
202.154 29240
202.192 29580
202.229 29920
202.255 30260
202.28 30600
202.318 30940
202.356 31280
202.381 31620
202.419 31960
202.444 32300
202.482 32640
202.507 32980
202.545 33320
202.57 33660
202.608 34000
202.633 34340
202.671 34680
202.696 35020
202.734 35360
202.759 35700
202.797 36040
202.822 36380
202.86 36720
202.885 37060
202.91 37400
202.936 37740
202.961 38080
202.986 38420
203.011 38760
203.036 39100
203.074 39440
203.087 39780
203.112 40120
203.137 40460
203.162 40800
203.188 41140
203.213 41480
203.238 41820
203.263 42160
203.289 42500
203.314 42840
203.339 43180
203.364 43520
203.389 43860
203.415 44200
203.44 44540
203.465 44880
203.49 45220
203.516 45560
203.541 45900
203.566 46240
203.591 46580
203.616 46920
203.642 47260
203.667 47600
203.692 47940
203.717 48280
203.749 33660
205.455 340
205.798 2040
205.924 3740
205.955 5440
205.997 7140
206.029 8840
206.06 10540
206.092 12240
206.123 13940
206.155 15640
206.186 17340
206.218 19040
206.249 20740
206.281 22440
206.312 24140
206.438 24480
206.564 24820
206.709 17340
208.157 340
208.563 680
208.752 1020
208.758 1360
208.8 1700
208.806 2040
208.813 2380
208.819 2720
208.848 3060
208.855 3400
208.861 3740
208.867 4080
208.874 4420
208.88 4760
208.886 5100
208.892 5440
208.899 5780
208.905 6120
208.911 6460
208.918 6800
208.924 7140
208.93 7480
208.937 7820
208.943 8160
208.949 8500
208.956 8840
208.962 9180
208.968 9520
208.974 9860
208.981 10200
208.987 10540
209.012 7140
209.397 7480
209.409 7820
209.422 8160
209.435 8500
209.472 8840
209.592 9180
209.75 9520
209.92 9860
210.21 10200
210.55 10540
212.977 10880
213.337 11220
213.589 11560
213.784 11900
213.948 12240
214.1 12580
214.226 12920
214.339 13260
214.446 13600
214.623 13940
214.818 14280
214.913 14620
215.045 14960
215.14 15300
215.241 15640
215.329 15980
215.436 16320
215.556 16660
215.669 17000
215.751 17340
215.846 17680
215.903 18020
215.972 18360
216.041 18700
216.104 19040
216.174 19380
216.249 19720
216.319 20060
216.369 20400
216.419 20740
216.464 21080
216.514 21420
216.552 21760
216.602 22100
216.653 22440
216.709 22780
216.76 23120
216.798 23460
216.836 23800
216.886 24140
216.924 24480
216.974 24820
217.012 25160
217.062 25500
217.1 25840
217.126 26180
217.176 26520
217.214 26860
217.252 27200
217.289 27540
217.327 27880
217.365 28220
217.403 28560
217.441 28900
217.479 29240
217.516 29580
217.554 29920
217.579 30260
217.605 30600
217.642 30940
217.68 31280
217.705 31620
217.743 31960
217.769 32300
217.806 32640
217.832 32980
217.869 33320
217.895 33660
217.932 34000
217.958 34340
217.995 34680
218.021 35020
218.059 35360
218.084 35700
218.122 36040
218.147 36380
218.185 36720
218.21 37060
218.235 37400
218.26 37740
218.298 38080
218.323 38420
218.336 38760
218.361 39100
218.399 39440
218.412 39780
218.437 40120
218.462 40460
218.487 40800
218.512 41140
218.538 41480
218.563 41820
218.588 42160
218.613 42500
218.638 42840
218.664 43180
218.689 43520
218.714 43860
218.739 44200
218.765 44540
218.79 44880
218.815 45220
218.84 45560
218.865 45900
218.891 46240
218.916 46580
218.941 46920
218.966 47260
218.991 47600
219.017 47940
219.042 48280
219.073 33660
220.779 340
221.122 2040
221.248 3740
221.28 5440
221.322 7140
221.353 8840
221.385 10540
221.416 12240
221.448 13940
221.479 15640
221.511 17340
221.542 19040
221.574 20740
221.605 22440
221.637 24140
221.763 24480
221.889 24820
222.034 17340
223.482 340
223.887 680
224.077 1020
224.083 1360
224.125 1700
224.131 2040
224.137 2380
224.144 2720
224.173 3060
224.179 3400
224.186 3740
224.192 4080
224.198 4420
224.205 4760
224.211 5100
224.217 5440
224.223 5780
224.23 6120
224.236 6460
224.242 6800
224.249 7140
224.255 7480
224.261 7820
224.268 8160
224.274 8500
224.28 8840
224.287 9180
224.293 9520
224.299 9860
224.305 10200
224.312 10540
224.337 7140
224.721 7480
224.734 7820
224.747 8160
224.759 8500
224.797 8840
224.917 9180
225.075 9520
225.245 9860
225.535 10200
225.875 10540
228.302 10880
228.661 11220
228.914 11560
229.109 11900
229.273 12240
229.424 12580
229.55 12920
229.664 13260
229.771 13600
229.948 13940
230.143 14280
230.237 14620
230.37 14960
230.464 15300
230.584 15640
230.654 15980
230.761 16320
230.881 16660
230.994 17000
231.082 17340
231.17 17680
231.227 18020
231.297 18360
231.366 18700
231.429 19040
231.498 19380
231.561 19720
231.631 20060
231.681 20400
231.732 20740
231.776 21080
231.826 21420
231.889 21760
231.94 22100
231.996 22440
232.047 22780
232.097 23120
232.135 23460
232.185 23800
232.223 24140
232.274 24480
232.312 24820
232.362 25160
232.4 25500
232.425 25840
232.463 26180
232.513 26520
232.551 26860
232.589 27200
232.627 27540
232.665 27880
232.702 28220
232.74 28560
232.778 28900
232.816 29240
232.854 29580
232.891 29920
232.917 30260
232.942 30600
232.98 30940
233.018 31280
233.043 31620
233.081 31960
233.106 32300
233.144 32640
233.169 32980
233.207 33320
233.232 33660
233.27 34000
233.295 34340
233.333 34680
233.358 35020
233.396 35360
233.421 35700
233.459 36040
233.484 36380
233.522 36720
233.547 37060
233.572 37400
233.598 37740
233.623 38080
233.648 38420
233.673 38760
233.698 39100
233.736 39440
233.749 39780
233.774 40120
233.799 40460
233.824 40800
233.85 41140
233.875 41480
233.9 41820
233.925 42160
233.951 42500
233.976 42840
234.001 43180
234.026 43520
234.051 43860
234.077 44200
234.102 44540
234.127 44880
234.152 45220
234.177 45560
234.203 45900
234.228 46240
234.253 46580
234.278 46920
234.304 47260
234.329 47600
234.354 47940
234.379 48280
234.411 33660
236.117 340
236.46 2040
236.586 3740
236.617 5440
236.659 7140
236.691 8840
236.722 10540
236.754 12240
236.785 13940
236.817 15640
236.848 17340
236.88 19040
236.911 20740
236.943 22440
236.974 24140
237.1 24480
237.226 24820
237.371 17340
238.819 340
239.225 680
239.414 1020
239.42 1360
239.462 1700
239.468 2040
239.475 2380
239.481 2720
239.51 3060
239.517 3400
239.523 3740
239.529 4080
239.536 4420
239.542 4760
239.548 5100
239.554 5440
239.561 5780
239.567 6120
239.573 6460
239.58 6800
239.586 7140
239.592 7480
239.599 7820
239.605 8160
239.611 8500
239.618 8840
239.624 9180
239.63 9520
239.636 9860
239.643 10200
239.649 10540
239.674 7140
240.059 7480
240.071 7820
240.084 8160
240.097 8500
240.134 8840
240.254 9180
240.412 9520
240.582 9860
240.872 10200
241.212 10540
243.639 10880
243.999 11220
244.251 11560
244.446 11900
244.61 12240
244.762 12580
244.888 12920
245.001 13260
245.108 13600
245.285 13940
245.48 14280
245.575 14620
245.707 14960
245.802 15300
245.903 15640
245.991 15980
246.098 16320
246.218 16660
246.331 17000
246.413 17340
246.508 17680
246.565 18020
246.634 18360
246.703 18700
246.766 19040
246.836 19380
246.911 19720
246.981 20060
247.031 20400
247.081 20740
247.126 21080
247.176 21420
247.214 21760
247.264 22100
247.315 22440
247.371 22780
247.422 23120
247.46 23460
247.498 23800
247.548 24140
247.586 24480
247.636 24820
247.674 25160
247.724 25500
247.762 25840
247.788 26180
247.838 26520
247.876 26860
247.914 27200
247.951 27540
247.989 27880
248.027 28220
248.065 28560
248.103 28900
248.141 29240
248.178 29580
248.216 29920
248.241 30260
248.267 30600
248.304 30940
248.342 31280
248.367 31620
248.405 31960
248.431 32300
248.468 32640
248.494 32980
248.531 33320
248.557 33660
248.594 34000
248.62 34340
248.657 34680
248.683 35020
248.72 35360
248.746 35700
248.784 36040
248.809 36380
248.847 36720
248.872 37060
248.897 37400
248.922 37740
248.96 38080
248.985 38420
248.998 38760
249.023 39100
249.061 39440
249.074 39780
249.099 40120
249.124 40460
249.149 40800
249.174 41140
249.2 41480
249.225 41820
249.25 42160
249.275 42500
249.3 42840
249.326 43180
249.351 43520
249.376 43860
249.401 44200
249.427 44540
249.452 44880
249.477 45220
249.502 45560
249.527 45900
249.553 46240
249.578 46580
249.603 46920
249.628 47260
249.653 47600
249.679 47940
249.704 48280
249.735 33660
251.441 340
251.784 2040
251.91 3740
251.942 5440
251.984 7140
252.015 8840
252.047 10540
252.078 12240
252.11 13940
252.141 15640
252.173 17340
252.204 19040
252.236 20740
252.267 22440
252.299 24140
252.425 24480
252.551 24820
252.696 17340
254.144 340
254.549 680
254.739 1020
254.745 1360
254.787 1700
254.793 2040
254.799 2380
254.806 2720
254.835 3060
254.841 3400
254.848 3740
254.854 4080
254.86 4420
254.867 4760
254.873 5100
254.879 5440
254.885 5780
254.892 6120
254.898 6460
254.904 6800
254.911 7140
254.917 7480
254.923 7820
254.93 8160
254.936 8500
254.942 8840
254.949 9180
254.955 9520
254.961 9860
254.967 10200
254.974 10540
254.999 7140
255.383 7480
255.396 7820
255.409 8160
255.421 8500
255.459 8840
255.579 9180
255.737 9520
255.907 9860
256.197 10200
256.537 10540
258.964 10880
259.323 11220
259.576 11560
259.771 11900
259.935 12240
260.086 12580
260.212 12920
260.326 13260
260.433 13600
260.61 13940
260.805 14280
260.899 14620
261.032 14960
261.126 15300
261.246 15640
261.316 15980
261.423 16320
261.543 16660
261.656 17000
261.744 17340
261.832 17680
261.889 18020
261.959 18360
262.028 18700
262.091 19040
262.16 19380
262.223 19720
262.293 20060
262.343 20400
262.394 20740
262.438 21080
262.488 21420
262.551 21760
262.602 22100
262.658 22440
262.709 22780
262.759 23120
262.797 23460
262.847 23800
262.885 24140
262.936 24480
262.974 24820
263.024 25160
263.062 25500
263.087 25840
263.125 26180
263.175 26520
263.213 26860
263.251 27200
263.289 27540
263.327 27880
263.364 28220
263.402 28560
263.44 28900
263.478 29240
263.516 29580
263.553 29920
263.579 30260
263.604 30600
263.642 30940
263.68 31280
263.705 31620
263.743 31960
263.768 32300
263.806 32640
263.831 32980
263.869 33320
263.894 33660
263.932 34000
263.957 34340
263.995 34680
264.02 35020
264.058 35360
264.083 35700
264.121 36040
264.146 36380
264.184 36720
264.209 37060
264.234 37400
264.26 37740
264.285 38080
264.31 38420
264.335 38760
264.36 39100
264.398 39440
264.411 39780
264.436 40120
264.461 40460
264.486 40800
264.512 41140
264.537 41480
264.562 41820
264.587 42160
264.613 42500
264.638 42840
264.663 43180
264.688 43520
264.713 43860
264.739 44200
264.764 44540
264.789 44880
264.814 45220
264.839 45560
264.865 45900
264.89 46240
264.915 46580
264.94 46920
264.966 47260
264.991 47600
265.016 47940
265.041 48280
265.073 33660
266.779 340
267.122 2040
267.248 3740
267.279 5440
267.321 7140
267.353 8840
267.384 10540
267.416 12240
267.447 13940
267.479 15640
267.51 17340
267.542 19040
267.573 20740
267.605 22440
267.636 24140
267.762 24480
267.888 24820
268.033 17340
269.481 340
269.887 680
270.076 1020
270.082 1360
270.124 1700
270.13 2040
270.137 2380
270.143 2720
270.172 3060
270.179 3400
270.185 3740
270.191 4080
270.198 4420
270.204 4760
270.21 5100
270.216 5440
270.223 5780
270.229 6120
270.235 6460
270.242 6800
270.248 7140
270.254 7480
270.261 7820
270.267 8160
270.273 8500
270.28 8840
270.286 9180
270.292 9520
270.298 9860
270.305 10200
270.311 10540
270.336 7140
270.721 7480
270.733 7820
270.746 8160
270.759 8500
270.796 8840
270.916 9180
271.074 9520
271.244 9860
271.534 10200
271.874 10540
274.301 10880
274.661 11220
274.913 11560
275.108 11900
275.272 12240
275.424 12580
275.55 12920
275.663 13260
275.77 13600
275.947 13940
276.142 14280
276.237 14620
276.369 14960
276.464 15300
276.565 15640
276.653 15980
276.76 16320
276.88 16660
276.993 17000
277.075 17340
277.17 17680
277.227 18020
277.296 18360
277.365 18700
277.428 19040
277.498 19380
277.573 19720
277.643 20060
277.693 20400
277.743 20740
277.788 21080
277.838 21420
277.876 21760
277.926 22100
277.977 22440
278.033 22780
278.084 23120
278.122 23460
278.16 23800
278.21 24140
278.248 24480
278.298 24820
278.336 25160
278.386 25500
278.424 25840
278.45 26180
278.5 26520
278.538 26860
278.576 27200
278.613 27540
278.651 27880
278.689 28220
278.727 28560
278.765 28900
278.803 29240
278.84 29580
278.878 29920
278.903 30260
278.929 30600
278.966 30940
279.004 31280
279.029 31620
279.067 31960
279.093 32300
279.13 32640
279.156 32980
279.193 33320
279.219 33660
279.256 34000
279.282 34340
279.319 34680
279.345 35020
279.382 35360
279.408 35700
279.446 36040
279.471 36380
279.509 36720
279.534 37060
279.559 37400
279.584 37740
279.622 38080
279.647 38420
279.66 38760
279.685 39100
279.723 39440
279.736 39780
279.761 40120
279.786 40460
279.811 40800
279.836 41140
279.862 41480
279.887 41820
279.912 42160
279.937 42500
279.962 42840
279.988 43180
280.013 43520
280.038 43860
280.063 44200
280.089 44540
280.114 44880
280.139 45220
280.164 45560
280.189 45900
280.215 46240
280.24 46580
280.265 46920
280.29 47260
280.315 47600
280.341 47940
280.366 48280
280.397 33660
282.103 340
282.446 2040
282.572 3740
282.604 5440
282.646 7140
282.677 8840
282.709 10540
282.74 12240
282.772 13940
282.803 15640
282.835 17340
282.866 19040
282.898 20740
282.929 22440
282.961 24140
283.087 24480
283.213 24820
283.358 17340
284.806 340
285.211 680
285.401 1020
285.407 1360
285.449 1700
285.455 2040
285.461 2380
285.468 2720
285.497 3060
285.503 3400
285.51 3740
285.516 4080
285.522 4420
285.529 4760
285.535 5100
285.541 5440
285.547 5780
285.554 6120
285.56 6460
285.566 6800
285.573 7140
285.579 7480
285.585 7820
285.592 8160
285.598 8500
285.604 8840
285.611 9180
285.617 9520
285.623 9860
285.629 10200
285.636 10540
285.661 7140
286.045 7480
286.058 7820
286.071 8160
286.083 8500
286.121 8840
286.241 9180
286.399 9520
286.569 9860
286.859 10200
287.199 10540
287.407 7140
287.792 7480
287.804 7820
287.817 8160
287.83 8500
287.867 8840
287.943 9180
288.069 9520
288.29 9860
288.618 10200
288.945 10540
291.372 10880
291.725 11220
291.978 11560
292.179 11900
292.337 12240
292.488 12580
292.621 12920
292.734 13260
292.848 13600
292.986 13940
293.201 14280
293.434 14620
293.579 14960
293.699 15300
293.837 15640
293.919 15980
293.995 16320
294.077 16660
294.152 17000
294.241 17340
294.316 17680
294.392 18020
294.468 18360
294.531 18700
294.606 19040
294.669 19380
294.72 19720
294.77 20060
294.833 20400
294.884 20740
294.934 21080
294.985 21420
295.035 21760
295.085 22100
295.136 22440
295.186 22780
295.237 23120
295.275 23460
295.325 23800
295.363 24140
295.413 24480
295.451 24820
295.501 25160
295.539 25500
295.565 25840
295.602 26180
295.653 26520
295.691 26860
295.716 27200
295.754 27540
295.791 27880
295.829 28220
295.867 28560
295.905 28900
295.943 29240
295.981 29580
296.018 29920
296.056 30260
296.081 30600
296.119 30940
296.157 31280
296.182 31620
296.208 31960
296.245 32300
296.271 32640
296.308 32980
296.334 33320
296.371 33660
296.397 34000
296.434 34340
296.46 34680
296.498 35020
296.523 35360
296.561 35700
296.586 36040
296.624 36380
296.649 36720
296.687 37060
296.699 37400
296.737 37740
296.762 38080
296.788 38420
296.813 38760
296.838 39100
296.863 39440
296.888 39780
296.914 40120
296.939 40460
296.964 40800
296.989 41140
297.014 41480
297.04 41820
297.065 42160
297.09 42500
297.115 42840
297.141 43180
297.166 43520
297.191 43860
297.216 44200
297.241 44540
297.267 44880
297.292 45220
297.317 45560
297.342 45900
297.367 46240
297.393 46580
297.418 46920
297.443 47260
297.468 47600
297.494 47940
297.519 48280
297.55 33660
299.256 340
299.599 2040
299.725 3740
299.757 5440
299.799 7140
299.83 8840
299.862 10540
299.893 12240
299.925 13940
299.956 15640
299.988 17340
300.019 19040
300.051 20740
300.082 22440
300.114 24140
300.24 24480
300.366 24820
300.511 17340
301.959 340
302.364 680
302.553 1020
302.56 1360
302.602 1700
302.608 2040
302.614 2380
302.621 2720
302.65 3060
302.656 3400
302.663 3740
302.669 4080
302.675 4420
302.681 4760
302.688 5100
302.694 5440
302.7 5780
302.707 6120
302.713 6460
302.719 6800
302.726 7140
302.732 7480
302.738 7820
302.744 8160
302.751 8500
302.757 8840
302.763 9180
302.77 9520
302.776 9860
302.782 10200
302.789 10540
302.814 7140
303.198 7480
303.211 7820
303.224 8160
303.236 8500
303.274 8840
303.381 9180
303.532 9520
303.722 9860
304.012 10200
304.352 10540
306.779 10880
307.138 11220
307.391 11560
307.586 11900
307.75 12240
307.895 12580
308.027 12920
308.141 13260
308.248 13600
308.412 13940
308.62 14280
308.777 14620
308.922 14960
309.08 15300
309.212 15640
309.307 15980
309.376 16320
309.477 16660
309.572 17000
309.647 17340
309.723 17680
309.799 18020
309.855 18360
309.918 18700
309.981 19040
310.044 19380
310.108 19720
310.158 20060
310.221 20400
310.271 20740
310.322 21080
310.372 21420
310.423 21760
310.473 22100
310.524 22440
310.574 22780
310.624 23120
310.662 23460
310.713 23800
310.751 24140
310.801 24480
310.839 24820
310.889 25160
310.927 25500
310.952 25840
310.99 26180
311.041 26520
311.078 26860
311.116 27200
311.154 27540
311.192 27880
311.23 28220
311.267 28560
311.305 28900
311.343 29240
311.381 29580
311.419 29920
311.444 30260
311.469 30600
311.507 30940
311.545 31280
311.57 31620
311.608 31960
311.633 32300
311.671 32640
311.696 32980
311.734 33320
311.759 33660
311.797 34000
311.822 34340
311.86 34680
311.885 35020
311.923 35360
311.948 35700
311.986 36040
312.011 36380
312.049 36720
312.074 37060
312.1 37400
312.125 37740
312.15 38080
312.175 38420
312.2 38760
312.226 39100
312.263 39440
312.276 39780
312.301 40120
312.327 40460
312.352 40800
312.377 41140
312.402 41480
312.427 41820
312.453 42160
312.478 42500
312.503 42840
312.528 43180
312.553 43520
312.579 43860
312.604 44200
312.629 44540
312.654 44880
312.68 45220
312.705 45560
312.73 45900
312.755 46240
312.78 46580
312.806 46920
312.831 47260
312.856 47600
312.881 47940
312.907 48280
312.938 33660
314.644 340
314.987 2040
315.113 3740
315.144 5440
315.186 7140
315.218 8840
315.249 10540
315.281 12240
315.312 13940
315.344 15640
315.375 17340
315.407 19040
315.439 20740
315.47 22440
315.502 24140
315.628 24480
315.754 24820
315.899 17340
317.346 340
317.752 680
317.941 1020
317.947 1360
317.989 1700
317.996 2040
318.002 2380
318.008 2720
318.038 3060
318.044 3400
318.05 3740
318.057 4080
318.063 4420
318.069 4760
318.075 5100
318.082 5440
318.088 5780
318.094 6120
318.101 6460
318.107 6800
318.113 7140
318.12 7480
318.126 7820
318.132 8160
318.138 8500
318.145 8840
318.151 9180
318.157 9520
318.164 9860
318.17 10200
318.176 10540
318.202 7140
318.586 7480
318.599 7820
318.611 8160
318.624 8500
318.662 8840
318.782 9180
318.939 9520
319.109 9860
319.399 10200
319.74 10540
322.167 10880
322.526 11220
322.778 11560
322.974 11900
323.138 12240
323.289 12580
323.415 12920
323.528 13260
323.636 13600
323.812 13940
324.008 14280
324.102 14620
324.234 14960
324.329 15300
324.43 15640
324.518 15980
324.625 16320
324.745 16660
324.859 17000
324.941 17340
325.035 17680
325.092 18020
325.161 18360
325.23 18700
325.294 19040
325.363 19380
325.439 19720
325.508 20060
325.558 20400
325.609 20740
325.653 21080
325.703 21420
325.741 21760
325.792 22100
325.842 22440
325.899 22780
325.949 23120
325.987 23460
326.025 23800
326.075 24140
326.113 24480
326.163 24820
326.201 25160
326.252 25500
326.29 25840
326.315 26180
326.365 26520
326.403 26860
326.441 27200
326.479 27540
326.517 27880
326.554 28220
326.592 28560
326.63 28900
326.668 29240
326.706 29580
326.743 29920
326.769 30260
326.794 30600
326.832 30940
326.87 31280
326.895 31620
326.933 31960
326.958 32300
326.996 32640
327.021 32980
327.059 33320
327.084 33660
327.122 34000
327.147 34340
327.185 34680
327.21 35020
327.248 35360
327.273 35700
327.311 36040
327.336 36380
327.374 36720
327.399 37060
327.424 37400
327.45 37740
327.487 38080
327.513 38420
327.525 38760
327.55 39100
327.588 39440
327.613 39780
327.626 40120
327.651 40460
327.676 40800
327.702 41140
327.727 41480
327.752 41820
327.777 42160
327.803 42500
327.828 42840
327.853 43180
327.878 43520
327.903 43860
327.929 44200
327.954 44540
327.979 44880
328.004 45220
328.029 45560
328.055 45900
328.08 46240
328.105 46580
328.13 46920
328.156 47260
328.181 47600
328.206 47940
328.231 48280
328.263 33660
329.969 340
330.312 1360
330.438 3060
330.486 4760
330.517 6460
330.549 8160
330.58 9860
330.612 11560
330.643 13260
330.675 14960
330.706 16660
330.738 18360
330.769 20060
330.801 21760
330.833 23460
330.959 23800
331.085 24140
331.23 16660
332.665 340
333.083 680
333.26 1020
333.266 1360
333.308 1700
333.314 2040
333.32 2380
333.327 2720
333.356 3060
333.362 3400
333.369 3740
333.375 4080
333.381 4420
333.388 4760
333.394 5100
333.4 5440
333.406 5780
333.413 6120
333.419 6460
333.425 6800
333.432 7140
333.438 7480
333.444 7820
333.451 8160
333.457 8500
333.463 8840
333.469 9180
333.495 6120
333.829 6460
333.841 6800
333.854 7140
333.867 7480
333.904 7820
334.031 8160
334.251 8500
334.447 8840
334.743 9180
337.315 9520
337.662 9860
337.92 10200
338.116 10540
338.279 10880
338.424 11220
338.557 11560
338.677 11900
338.777 12240
338.922 12580
339.206 12920
339.332 13260
339.452 13600
339.641 13940
339.755 14280
339.906 14620
339.994 14960
340.082 15300
340.171 15640
340.246 15980
340.309 16320
340.385 16660
340.448 17000
340.511 17340
340.574 17680
340.637 18020
340.688 18360
340.738 18700
340.801 19040
340.851 19380
340.902 19720
340.952 20060
341.003 20400
341.053 20740
341.104 21080
341.141 21420
341.192 21760
341.242 22100
341.28 22440
341.318 22780
341.368 23120
341.406 23460
341.444 23800
341.494 24140
341.532 24480
341.57 24820
341.608 25160
341.646 25500
341.684 25840
341.721 26180
341.759 26520
341.797 26860
341.835 27200
341.873 27540
341.911 27880
341.948 28220
341.974 28560
342.011 28900
342.049 29240
342.074 29580
342.112 29920
342.137 30260
342.175 30600
342.201 30940
342.238 31280
342.264 31620
342.301 31960
342.327 32300
342.364 32640
342.39 32980
342.427 33320
342.453 33660
342.491 34000
342.516 34340
342.554 34680
342.579 35020
342.617 35360
342.642 35700
342.667 36040
342.692 36380
342.717 36720
342.743 37060
342.768 37400
342.806 37740
342.831 38080
342.844 38420
342.869 38760
342.894 39100
342.919 39440
342.944 39780
342.97 40120
342.995 40460
343.02 40800
343.045 41140
343.07 41480
343.096 41820
343.121 42160
343.146 42500
343.171 42840
343.197 43180
343.222 43520
343.247 43860
343.272 44200
343.297 44540
343.323 44880
343.348 45220
343.373 45560
343.398 45900
343.424 46240
343.449 46580
343.474 46920
343.499 47260
343.524 47600
343.55 47940
343.575 48280
343.606 33660
345.312 340
345.655 2040
345.781 3740
345.813 5440
345.855 7140
345.886 8840
345.918 10540
345.949 12240
345.981 13940
346.012 15640
346.044 17340
346.075 19040
346.107 20740
346.138 22440
346.17 24140
346.296 24480
346.422 24820
346.567 17340
348.015 340
348.42 680
348.609 1020
348.616 1360
348.658 1700
348.664 2040
348.67 2380
348.677 2720
348.706 3060
348.712 3400
348.719 3740
348.725 4080
348.731 4420
348.737 4760
348.744 5100
348.75 5440
348.756 5780
348.763 6120
348.769 6460
348.775 6800
348.782 7140
348.788 7480
348.794 7820
348.8 8160
348.807 8500
348.813 8840
348.819 9180
348.826 9520
348.832 9860
348.838 10200
348.845 10540
348.87 7140
349.254 7480
349.267 7820
349.28 8160
349.292 8500
349.33 8840
349.45 9180
349.607 9520
349.778 9860
350.068 10200
350.408 10540
352.835 10880
353.194 11220
353.447 11560
353.642 11900
353.806 12240
353.957 12580
354.083 12920
354.197 13260
354.304 13600
354.48 13940
354.676 14280
354.77 14620
354.903 14960
354.997 15300
355.117 15640
355.186 15980
355.294 16320
355.413 16660
355.527 17000
355.615 17340
355.703 17680
355.76 18020
355.829 18360
355.899 18700
355.962 19040
356.031 19380
356.094 19720
356.164 20060
356.214 20400
356.264 20740
356.309 21080
356.359 21420
356.422 21760
356.472 22100
356.529 22440
356.58 22780
356.63 23120
356.668 23460
356.718 23800
356.756 24140
356.807 24480
356.844 24820
356.895 25160
356.933 25500
356.958 25840
356.996 26180
357.046 26520
357.084 26860
357.122 27200
357.16 27540
357.197 27880
357.248 28220
357.273 28560
357.311 28900
357.349 29240
357.387 29580
357.424 29920
357.45 30260
357.475 30600
357.513 30940
357.55 31280
357.576 31620
357.613 31960
357.639 32300
357.677 32640
357.702 32980
357.74 33320
357.765 33660
357.803 34000
357.828 34340
357.866 34680
357.891 35020
357.929 35360
357.954 35700
357.992 36040
358.017 36380
358.055 36720
358.08 37060
358.105 37400
358.13 37740
358.156 38080
358.181 38420
358.206 38760
358.231 39100
358.269 39440
358.282 39780
358.307 40120
358.332 40460
358.357 40800
358.383 41140
358.408 41480
358.433 41820
358.458 42160
358.483 42500
358.509 42840
358.534 43180
358.559 43520
358.584 43860
358.61 44200
358.635 44540
358.66 44880
358.685 45220
358.71 45560
358.736 45900
358.761 46240
358.786 46580
358.811 46920
358.836 47260
358.862 47600
358.887 47940
358.912 48280
358.944 33660
360.65 340
360.992 2040
361.119 3740
361.15 5440
361.192 7140
361.223 8840
361.255 10540
361.287 12240
361.318 13940
361.35 15640
361.381 17340
361.413 19040
361.444 20740
361.476 22440
361.507 24140
361.633 24480
361.759 24820
361.904 17340
363.352 340
363.758 680
363.947 1020
363.953 1360
363.995 1700
364.001 2040
364.008 2380
364.014 2720
364.043 3060
364.05 3400
364.056 3740
364.062 4080
364.068 4420
364.075 4760
364.081 5100
364.087 5440
364.094 5780
364.1 6120
364.106 6460
364.113 6800
364.119 7140
364.125 7480
364.131 7820
364.138 8160
364.144 8500
364.15 8840
364.157 9180
364.163 9520
364.169 9860
364.176 10200
364.182 10540
364.207 7140
364.592 7480
364.604 7820
364.617 8160
364.63 8500
364.667 8840
364.787 9180
364.945 9520
365.115 9860
365.405 10200
365.745 10540
368.172 10880
368.532 11220
368.784 11560
368.979 11900
369.143 12240
369.294 12580
369.421 12920
369.534 13260
369.641 13600
369.818 13940
370.013 14280
370.108 14620
370.24 14960
370.335 15300
370.435 15640
370.524 15980
370.631 16320
370.751 16660
370.864 17000
370.946 17340
371.041 17680
371.097 18020
371.167 18360
371.236 18700
371.299 19040
371.368 19380
371.444 19720
371.513 20060
371.564 20400
371.614 20740
371.658 21080
371.709 21420
371.747 21760
371.797 22100
371.848 22440
371.904 22780
371.955 23120
371.993 23460
372.03 23800
372.081 24140
372.119 24480
372.169 24820
372.207 25160
372.257 25500
372.295 25840
372.32 26180
372.371 26520
372.409 26860
372.446 27200
372.484 27540
372.522 27880
372.56 28220
372.598 28560
372.636 28900
372.673 29240
372.711 29580
372.749 29920
372.774 30260
372.799 30600
372.837 30940
372.875 31280
372.9 31620
372.938 31960
372.963 32300
373.001 32640
373.026 32980
373.064 33320
373.089 33660
373.127 34000
373.153 34340
373.19 34680
373.216 35020
373.253 35360
373.279 35700
373.316 36040
373.342 36380
373.379 36720
373.405 37060
373.43 37400
373.455 37740
373.493 38080
373.518 38420
373.531 38760
373.556 39100
373.594 39440
373.619 39780
373.632 40120
373.657 40460
373.682 40800
373.707 41140
373.732 41480
373.758 41820
373.783 42160
373.808 42500
373.833 42840
373.859 43180
373.884 43520
373.909 43860
373.934 44200
373.959 44540
373.985 44880
374.01 45220
374.035 45560
374.06 45900
374.086 46240
374.111 46580
374.136 46920
374.161 47260
374.186 47600
374.212 47940
374.237 48280
374.268 33660
375.974 340
376.317 1360
376.443 3060
376.491 4760
376.523 6460
376.554 8160
376.586 9860
376.618 11560
376.649 13260
376.681 14960
376.712 16660
376.744 18360
376.775 20060
376.807 21760
376.838 23460
376.964 23800
377.09 24140
377.235 16660
378.67 340
379.089 680
379.265 1020
379.271 1360
379.313 1700
379.32 2040
379.326 2380
379.332 2720
379.362 3060
379.368 3400
379.374 3740
379.381 4080
379.387 4420
379.393 4760
379.399 5100
379.406 5440
379.412 5780
379.418 6120
379.425 6460
379.431 6800
379.437 7140
379.444 7480
379.45 7820
379.456 8160
379.462 8500
379.469 8840
379.475 9180
379.5 6120
379.834 6460
379.847 6800
379.86 7140
379.872 7480
379.91 7820
380.036 8160
380.257 8500
380.452 8840
380.749 9180
383.321 9520
383.667 9860
383.926 10200
384.121 10540
384.285 10880
384.43 11220
384.562 11560
384.682 11900
384.783 12240
384.928 12580
385.212 12920
385.338 13260
385.458 13600
385.647 13940
385.76 14280
385.911 14620
386 14960
386.088 15300
386.176 15640
386.252 15980
386.315 16320
386.391 16660
386.454 17000
386.517 17340
386.58 17680
386.643 18020
386.693 18360
386.744 18700
386.807 19040
386.857 19380
386.908 19720
386.958 20060
387.008 20400
387.059 20740
387.109 21080
387.147 21420
387.197 21760
387.248 22100
387.286 22440
387.324 22780
387.374 23120
387.412 23460
387.45 23800
387.5 24140
387.538 24480
387.576 24820
387.614 25160
387.651 25500
387.689 25840
387.727 26180
387.765 26520
387.803 26860
387.841 27200
387.878 27540
387.916 27880
387.954 28220
387.979 28560
388.017 28900
388.055 29240
388.08 29580
388.118 29920
388.143 30260
388.181 30600
388.206 30940
388.244 31280
388.269 31620
388.307 31960
388.332 32300
388.37 32640
388.395 32980
388.433 33320
388.458 33660
388.496 34000
388.521 34340
388.559 34680
388.584 35020
388.622 35360
388.647 35700
388.673 36040
388.698 36380
388.723 36720
388.748 37060
388.773 37400
388.811 37740
388.837 38080
388.849 38420
388.874 38760
388.9 39100
388.925 39440
388.95 39780
388.975 40120
389 40460
389.026 40800
389.051 41140
389.076 41480
389.101 41820
389.127 42160
389.152 42500
389.177 42840
389.202 43180
389.227 43520
389.253 43860
389.278 44200
389.303 44540
389.328 44880
389.353 45220
389.379 45560
389.404 45900
389.429 46240
389.454 46580
389.48 46920
389.505 47260
389.53 47600
389.555 47940
389.58 48280
389.612 33660
391.318 340
391.661 2040
391.787 3740
391.818 5440
391.86 7140
391.892 8840
391.923 10540
391.955 12240
391.986 13940
392.018 15640
392.049 17340
392.081 19040
392.112 20740
392.144 22440
392.175 24140
392.302 24480
392.428 24820
392.573 17340
394.02 340
394.426 680
394.615 1020
394.621 1360
394.663 1700
394.67 2040
394.676 2380
394.682 2720
394.712 3060
394.718 3400
394.724 3740
394.73 4080
394.737 4420
394.743 4760
394.749 5100
394.756 5440
394.762 5780
394.768 6120
394.775 6460
394.781 6800
394.787 7140
394.793 7480
394.8 7820
394.806 8160
394.812 8500
394.819 8840
394.825 9180
394.831 9520
394.838 9860
394.844 10200
394.85 10540
394.875 7140
395.26 7480
395.273 7820
395.285 8160
395.298 8500
395.336 8840
395.455 9180
395.613 9520
395.783 9860
396.073 10200
396.414 10540
398.841 10880
399.2 11220
399.452 11560
399.648 11900
399.811 12240
399.963 12580
400.089 12920
