0.99792	1000
1.68656	1000
1.77088	1000
2.45952	1000
2.54384	1000
2.62816	1000
2.71248	1000
3.23248	1000
3.3168	1000
3.40112	1000
3.48544	1000
3.56976	1000
3.65408	1000
3.7384	1000
3.82272	1000
4.00544	1000
4.08976	1000
4.17408	1000
4.2584	1000
4.34272	1000
4.42704	1000
4.51136	1000
4.59568	1000
4.68	1000
4.76432	1000
4.84864	1000
4.93296	1000
5.01728	1000
5.1016	1000
5.18592	1000
5.27024	1000
8.22144	34000
8.30576	1000
8.39008	1000
8.4744	1000
8.55872	1000
8.64304	1000
8.72736	1000
8.81168	1000
8.896	1000
8.98032	1000
9.06464	1000
9.14896	1000
9.23328	1000
9.3176	1000
9.40192	1000
10.751	1000
10.8354	1000
10.9197	1000
11.004	1000
11.0883	1000
11.1726	1000
11.257	1000
11.3413	1000
11.4256	1000
11.5099	1000
11.5942	1000
11.6786	1000
11.7629	1000
11.8472	1000
11.9315	1000
12.0158	1000
12.1002	1000
12.1845	1000
12.2688	1000
12.3531	1000
12.4374	1000
12.5218	1000
12.6061	1000
12.6904	1000
12.7747	1000
12.859	1000
12.9434	1000
13.0277	1000
13.112	1000
13.1963	1000
13.2806	1000
13.365	1000
13.4493	1000
13.5336	1000
13.6179	1000
13.7022	1000
13.7866	1000
13.9552	1000
17.2437	15000
18.2555	1000
18.4242	1000
18.5085	1000
18.5928	1000
18.6771	1000
18.7614	1000
18.8458	1000
18.9301	1000
19.0144	1000
19.183	1000
19.3517	1000
19.5203	1000
19.6046	1000
20.5322	6000
21.3754	2000
22.2186	16000
22.3029	1000
22.3872	1000
22.4715	1000
22.5558	1000
22.6402	1000
22.7245	1000
22.8088	1000
22.8931	1000
22.9774	1000
23.0618	1000
23.2304	1000
23.3147	1000
23.4834	1000
23.5677	1000
23.7363	1000
23.905	1000
24.0736	1000
24.2422	1000
24.3266	1000
24.4952	1000
24.5795	1000
24.7482	1000
24.8325	1000
25.0011	1000
25.1698	1000
25.3384	1000
25.507	1000
25.5914	1000
25.6757	1000
25.8443	1000
25.9286	1000
26.0973	1000
26.1816	1000
26.2659	1000
26.4346	1000
26.5189	1000
26.6875	1000
26.7718	1000
26.9405	1000
27.0248	1000
27.1934	1000
27.2778	1000
27.3621	1000
27.5307	1000
27.615	1000
27.6994	1000
27.868	1000
27.9523	1000
28.121	1000
28.2053	1000
28.2896	1000
28.3739	1000
28.4582	1000
30.9035	2000
32.2526	41000
32.337	1000
32.4213	1000
32.5056	1000
32.5899	1000
32.6742	1000
32.7586	1000
32.8429	1000
32.9272	1000
33.0115	1000
33.0958	1000
33.1802	1000
33.2645	1000
33.3488	1000
33.4331	1000
33.5174	1000
33.6018	1000
33.6861	1000
33.7704	1000
33.8547	1000
33.939	1000
34.0234	1000
34.1077	1000
34.192	1000
34.2763	1000
34.3606	1000
36.8059	3000
38.155	40000
38.2394	1000
40.1787	1000
41.2749	33000
41.3592	1000
41.4435	1000
41.5278	1000
41.6122	1000
41.6965	1000
41.7808	1000
41.8651	1000
41.9494	1000
42.0338	1000
42.1181	1000
42.2024	1000
42.2867	1000
42.371	1000
42.4554	1000
42.5397	1000
42.624	1000
42.7083	1000
42.7926	1000
42.877	1000
42.9613	1000
43.0456	1000
43.1299	1000
43.2142	1000
43.2986	1000
43.3829	1000
43.4672	1000
43.5515	1000
43.6358	1000
43.7202	1000
43.8045	1000
43.8888	1000
43.9731	1000
44.0574	1000
44.1418	1000
44.2261	1000
44.3104	1000
44.3947	1000
44.479	1000
44.5634	1000
44.6477	1000
44.732	1000
44.8163	1000
44.9006	1000
44.985	1000
45.0693	1000
45.1536	1000
45.2379	1000
45.3222	1000
45.4066	1000
45.4909	1000
45.5752	1000
45.6595	1000
45.7438	1000
45.8282	1000
45.9125	1000
45.9968	1000
46.0811	1000
46.1654	1000
46.2498	1000
46.3341	1000
46.4184	1000
46.5027	1000
46.587	1000
46.6714	1000
46.7557	1000
46.84	1000
46.9243	1000
47.0086	1000
47.093	1000
47.1773	1000
47.2616	1000
47.3459	1000
47.4302	1000
47.5146	1000
47.5989	1000
47.6832	1000
47.7675	1000
47.8518	1000
47.9362	1000
48.0205	1000
48.1048	1000
48.1891	1000
48.2734	1000
48.3578	1000
48.4421	1000
48.5264	1000
48.6107	1000
48.695	1000
48.7794	1000
48.8637	1000
48.948	1000
49.0323	1000
53.0797	28000
55.019	2000
55.1877	2000
55.3563	36000
57.8859	1000
57.9702	1000
58.0546	1000
58.1389	1000
58.2232	1000
58.3075	1000
58.3918	1000
58.4762	1000
58.5605	1000
58.6448	1000
58.7291	1000
58.8134	1000
58.8978	1000
58.9821	1000
59.0664	1000
59.1507	1000
59.235	1000
63.5354	41000
63.6197	1000
63.704	1000
63.7883	1000
63.8726	1000
63.957	1000
64.0413	1000
64.1256	1000
64.2099	1000
64.2942	1000
64.3786	1000
64.4629	1000
64.5472	1000
64.6315	1000
64.7158	1000
64.8002	1000
64.8845	1000
64.9688	1000
65.0531	1000
65.1374	1000
65.2218	1000
65.3061	1000
65.3904	1000
65.4747	1000
65.559	1000
65.6434	1000
67.92	1000
68.0043	1000
68.0886	1000
68.173	1000
68.2573	1000
68.3416	1000
68.4259	1000
68.5102	1000
68.5946	1000
68.6789	1000
68.7632	1000
68.8475	1000
68.9318	1000
69.0162	1000
69.1005	1000
69.1848	1000
69.2691	1000
69.3534	1000
69.4378	1000
69.5221	1000
69.6064	1000
69.6907	1000
69.775	1000
69.8594	1000
69.9437	1000
70.028	1000
70.1123	1000
70.1966	1000
70.281	1000
70.3653	1000
75.2558	19000
76.5206	21000
81.6642	35000
82.3528	6000
82.8587	1000
82.943	1000
83.0274	1000
83.1117	1000
83.196	1000
83.2803	1000
83.3646	1000
83.449	1000
83.5333	1000
83.6176	1000
83.7019	1000
83.7862	1000
83.8706	1000
83.9549	1000
84.0392	1000
84.1235	1000
84.2078	1000
84.2922	1000
84.3765	1000
84.4608	1000
84.5451	1000
84.6294	1000
84.7138	1000
84.7981	1000
84.8824	1000
84.9667	1000
85.051	1000
85.1354	1000
85.2197	1000
85.304	1000
85.3883	1000
85.4726	1000
85.557	1000
85.6413	1000
85.7256	1000
85.8099	1000
85.8942	1000
85.9786	1000
86.7374	1000
90.1102	27000
90.1946	1000
90.2789	1000
90.3632	1000
90.4475	1000
90.5318	1000
90.6162	1000
90.7005	1000
90.7848	1000
90.8691	1000
90.9534	1000
91.0378	1000
91.1221	1000
91.2064	1000
91.2907	1000
91.375	1000
91.4594	1000
95.0851	12000
98.0363	54000
99.1325	1000
99.2168	1000
99.3011	1000
99.3854	1000
99.4698	1000
99.5541	1000
99.6384	1000
99.7227	1000
99.807	1000
101.578	2000
103.096	12000
104.445	32000
105.541	1000
105.625	1000
105.709	1000
105.794	1000
105.878	1000
105.962	1000
106.047	1000
106.131	1000
106.215	1000
106.3	1000
106.384	1000
106.468	1000
106.553	1000
106.637	1000
106.721	1000
106.89	1000
106.974	1000
108.829	13000
108.914	1000
108.998	1000
109.082	1000
109.167	1000
109.335	1000
109.42	1000
109.504	1000
109.588	1000
109.672	1000
109.757	1000
109.841	1000
109.925	1000
110.01	1000
110.094	1000
110.178	1000
110.263	1000
110.347	1000
110.431	1000
110.6	1000
110.769	1000
110.937	1000
113.13	7000
114.9	14000
116.671	30000
118.357	22000
118.442	1000
120.381	6000
121.899	3000
123.417	4000
124.934	23000
125.623	14000
126.804	27000
128.912	1000
128.996	1000
129.08	1000
129.164	1000
129.249	1000
129.333	1000
129.417	1000
129.502	1000
129.586	1000
129.67	1000
129.755	1000
129.839	1000
129.923	1000
130.008	1000
130.092	1000
130.176	1000
130.261	1000
130.345	1000
133.718	4000
135.826	10000
139.98	39000
140.669	1000
141.557	1000
141.642	1000
142.33	1000
142.415	1000
142.499	1000
142.583	1000
143.103	1000
143.188	1000
143.272	1000
143.356	1000
143.441	1000
143.525	1000
143.609	1000
143.694	1000
143.876	1000
143.961	1000
144.045	1000
144.129	1000
144.214	1000
144.298	1000
144.382	1000
144.467	1000
144.551	1000
144.635	1000
144.72	1000
144.804	1000
144.888	1000
144.972	1000
145.057	1000
145.141	1000
145.225	1000
145.31	1000
146.996	9000
147.839	13000
148.683	15000
148.767	1000
148.851	1000
148.936	1000
149.02	1000
149.188	1000
149.273	1000
149.357	1000
149.526	1000
149.694	1000
149.779	1000
149.863	1000
149.947	1000
150.032	1000
150.116	1000
150.2	1000
150.285	1000
150.369	1000
150.453	1000
150.538	1000
150.622	1000
150.706	1000
150.791	1000
150.875	1000
150.959	1000
151.044	1000
151.128	1000
151.212	1000
151.296	1000
151.381	1000
151.465	1000
151.549	1000
151.634	1000
151.718	1000
151.802	1000
151.887	1000
151.971	1000
152.055	1000
152.14	1000
152.224	1000
153.742	11000
154.43	11000
156.538	14000
156.623	1000
156.707	1000
156.791	1000
156.876	1000
156.96	1000
159.082	17000
159.166	1000
159.251	1000
159.335	1000
160.024	1000
161.794	8000
162.638	19000
163.396	1000
163.481	1000
164.661	3000
165.842	21000
166.577	1000
166.868	1000
167.181	1000
167.549	1000
167.634	1000
167.841	1000
168.154	1000
168.238	1000
168.322	1000
168.491	1000
168.575	1000
168.66	1000
168.828	1000
168.913	1000
168.997	1000
169.166	1000
169.25	1000
169.419	1000
169.503	1000
169.672	1000
169.756	1000
169.925	1000
170.009	1000
170.177	1000
170.262	1000
170.43	1000
170.515	1000
170.599	1000
170.683	1000
172.454	20000
172.538	1000
172.623	1000
172.707	1000
172.791	1000
174.309	15000
175.068	10000
175.152	1000
175.237	1000
175.321	1000
175.405	1000
175.49	1000
175.574	1000
175.658	1000
177.176	17000
177.26	1000
177.345	1000
177.429	1000
177.513	1000
177.598	1000
177.682	1000
177.766	1000
177.851	1000
177.935	1000
178.019	1000
178.104	1000
178.188	1000
178.272	1000
178.357	1000
178.441	1000
178.525	1000
178.609	1000
178.694	1000
178.778	1000
178.862	1000
178.947	1000
179.031	1000
179.115	1000
179.2	1000
179.284	1000
179.368	1000
179.453	1000
179.537	1000
179.621	1000
179.706	1000
179.79	1000
179.874	1000
179.959	1000
180.043	1000
180.127	1000
180.212	1000
180.296	1000
180.38	1000
180.465	1000
180.549	1000
180.633	1000
180.717	1000
180.802	1000
180.886	1000
180.97	1000
181.055	1000
181.139	1000
181.223	1000
181.308	1000
181.392	1000
181.476	1000
181.561	1000
181.645	1000
181.729	1000
181.814	1000
181.898	1000
181.982	1000
182.067	1000
182.151	1000
182.235	1000
182.32	1000
182.404	1000
182.488	1000
182.573	1000
182.657	1000
182.741	1000
182.825	1000
182.91	1000
182.994	1000
183.078	1000
183.163	1000
183.247	1000
183.331	1000
183.416	1000
183.5	1000
183.584	1000
183.669	1000
183.753	1000
183.837	1000
183.922	1000
184.006	1000
184.09	1000
184.175	1000
184.259	1000
184.343	1000
184.428	1000
184.512	1000
184.596	1000
184.681	1000
184.765	1000
184.849	1000
184.933	1000
185.018	1000
185.102	1000
185.186	1000
185.271	1000
185.355	1000
185.439	1000
185.524	1000
185.608	1000
185.692	1000
185.777	1000
185.861	1000
185.945	1000
186.03	1000
186.114	1000
186.198	1000
186.283	1000
186.367	1000
186.451	1000
186.536	1000
186.62	1000
186.704	1000
186.789	1000
186.873	1000
186.957	1000
187.041	1000
187.126	1000
187.21	1000
187.294	1000
187.379	1000
187.463	1000
187.547	1000
187.632	1000
187.716	1000
187.8	1000
187.885	1000
187.969	1000
188.053	1000
188.138	1000
188.222	1000
188.306	1000
188.391	1000
188.475	1000
188.559	1000
188.644	1000
194.124	19000
197.076	2000
197.244	20000
198.931	23000
200.87	33000
203.653	1000
203.737	1000
203.821	1000
209.133	19000
213.855	14000
215.036	23000
216.975	55000
219.926	3000
220.179	1000
220.264	1000
220.348	1000
220.432	1000
220.517	1000
220.601	1000
220.685	1000
220.769	1000
220.854	1000
220.938	1000
221.022	1000
221.107	1000
221.191	1000
221.275	1000
221.36	1000
221.444	1000
221.528	1000
221.613	1000
221.697	1000
221.781	1000
221.866	1000
221.95	1000
222.034	1000
222.119	1000
222.203	1000
222.287	1000
222.372	1000
222.456	1000
222.54	1000
222.625	1000
222.709	1000
222.793	1000
222.877	1000
222.962	1000
223.046	1000
223.13	1000
223.215	1000
223.299	1000
223.468	1000
223.552	1000
223.636	1000
223.721	1000
223.805	1000
223.889	1000
223.974	1000
229.201	2000
232.406	49000
235.61	45000
238.898	77000
238.983	1000
239.067	1000
239.151	1000
239.236	1000
239.404	1000
239.489	1000
239.573	1000
239.657	1000
239.741	1000
239.826	1000
239.91	1000
243.199	36000
243.283	1000
243.367	1000
243.452	1000
243.536	1000
243.62	1000
243.705	1000
243.789	1000
243.873	1000
243.957	1000
244.042	1000
244.126	1000
246.993	21000
248.679	30000
248.764	1000
248.848	1000
248.932	1000
249.017	1000
249.101	1000
249.185	1000
249.27	1000
249.354	1000
249.438	1000
249.523	1000
249.607	1000
249.691	1000
249.776	1000
249.86	1000
249.944	1000
250.029	1000
250.113	1000
250.197	1000
250.281	1000
250.366	1000
250.45	1000
250.534	1000
250.619	1000
250.703	1000
250.787	1000
253.654	33000
253.739	1000
253.823	1000
253.907	1000
253.992	1000
254.076	1000
254.16	1000
254.245	1000
254.329	1000
254.413	1000
254.497	1000
254.582	1000
254.666	1000
254.75	1000
254.835	1000
257.533	19000
259.219	30000
260.906	1000
260.99	1000
261.074	1000
261.159	1000
261.243	1000
261.327	1000
261.412	1000
261.496	1000
261.58	1000
261.665	1000
264.363	26000
264.447	1000
264.532	1000
266.64	17000
268.073	4000
268.41	1000
268.495	1000
268.579	1000
268.663	1000
268.748	1000
268.832	1000
268.916	1000
269.001	1000
269.085	1000
269.169	1000
269.253	1000
269.338	1000
269.422	1000
269.506	1000
269.591	1000
269.675	1000
269.759	1000
269.844	1000
269.928	1000
270.012	1000
270.097	1000
270.181	1000
270.265	1000
270.35	1000
270.434	1000
270.518	1000
270.603	1000
270.687	1000
270.771	1000
270.856	1000
270.94	1000
271.614	1000
271.783	1000
271.867	1000
272.036	1000
272.12	1000
272.289	1000
272.373	1000
272.542	1000
272.626	1000
272.795	1000
272.879	1000
273.048	1000
273.132	1000
273.301	1000
273.385	1000
273.554	1000
273.638	1000
273.807	1000
273.891	1000
273.975	1000
274.06	1000
274.144	1000
274.228	1000
274.65	1000
274.734	1000
274.903	1000
274.987	1000
275.156	1000
275.24	1000
275.409	1000
275.493	1000
275.662	1000
275.746	1000
277.938	5000
279.541	10000
280.229	17000
281.578	1000
281.663	1000
281.747	1000
281.831	1000
281.916	1000
282	1000
284.108	21000
284.192	1000
284.277	1000
284.361	1000
284.445	1000
284.529	1000
284.614	1000
284.698	1000
284.782	1000
284.867	1000
284.951	1000
285.035	1000
285.12	1000
285.204	1000
285.288	1000
287.818	22000
287.902	1000
287.987	1000
288.071	1000
288.24	1000
288.324	1000
288.408	1000
288.493	1000
288.577	1000
288.661	1000
288.745	1000
288.83	1000
288.914	1000
288.998	1000
289.083	1000
289.167	1000
289.251	1000
289.336	1000
289.42	1000
289.504	1000
289.589	1000
289.673	1000
289.757	1000
289.842	1000
290.01	1000
290.179	1000
290.348	1000
290.432	1000
290.601	1000
290.685	1000
290.853	1000
290.938	1000
291.106	1000
291.191	1000
291.359	1000
291.444	1000
291.612	1000
291.781	1000
291.95	1000
292.118	1000
292.287	1000
292.456	1000
292.54	1000
292.709	1000
292.793	1000
292.961	1000
293.13	1000
293.214	1000
293.299	1000
293.467	1000
293.552	1000
293.636	1000
293.805	1000
293.889	1000
293.973	1000
294.142	1000
294.226	1000
294.311	1000
294.479	1000
294.564	1000
294.648	1000
294.817	1000
294.901	1000
295.069	1000
295.154	1000
295.322	1000
295.407	1000
295.575	1000
295.66	1000
295.828	1000
295.913	1000
296.081	1000
296.166	1000
296.25	1000
296.419	1000
296.503	1000
296.587	1000
296.756	1000
296.84	1000
297.009	1000
297.093	1000
297.262	1000
297.346	1000
297.515	1000
297.599	1000
297.768	1000
297.852	1000
297.936	1000
298.021	1000
298.105	1000
298.189	1000
303.164	11000
306.284	5000
309.32	60000
312.186	5000
312.608	42000
316.149	1000
316.234	27000
318.51	10000
319.354	1000
319.438	1000
319.522	1000
319.607	1000
319.691	1000
319.775	1000
325.256	10000
329.388	4000
330.076	6000
330.765	75000
331.693	16000
333.042	1000
333.126	1000
333.21	1000
333.295	1000
333.379	1000
333.463	1000
333.548	1000
345.184	40000
345.872	8000
346.547	17000
347.98	8000
348.655	59000
352.955	1000
353.04	1000
353.124	1000
353.208	1000
353.293	1000
353.377	1000
353.461	1000
353.545	1000
353.63	1000
353.714	1000
353.798	1000
353.883	1000
353.967	1000
354.051	1000
354.136	1000
354.22	1000
354.304	1000
354.389	1000
354.473	1000
354.557	1000
354.642	1000
354.726	1000
354.81	1000
354.895	1000
354.979	1000
355.063	1000
355.148	1000
355.232	1000
355.316	1000
355.401	1000
355.485	1000
355.569	1000
355.653	1000
355.738	1000
355.822	1000
355.906	1000
355.991	1000
356.075	1000
356.159	1000
356.244	1000
356.328	1000
356.412	1000
356.497	1000
356.581	1000
356.665	1000
356.75	1000
356.834	1000
356.918	1000
357.003	1000
357.087	1000
357.171	1000
357.256	1000
357.34	1000
357.509	1000
357.593	1000
357.677	1000
357.761	1000
357.846	1000
357.93	1000
358.014	1000
358.099	1000
358.183	1000
358.267	1000
358.352	1000
358.436	1000
358.52	1000
358.605	1000
358.689	1000
358.773	1000
358.858	1000
358.942	1000
359.026	1000
359.111	1000
359.195	1000
359.279	1000
359.364	1000
359.448	1000
359.532	1000
359.617	1000
359.701	1000
359.785	1000
359.869	1000
359.954	1000
360.038	1000
360.122	1000
368.639	58000
368.723	1000
368.807	1000
368.892	1000
373.782	46000
377.661	6000
378.083	1000
383.226	1000
386.852	2000
387.948	2000
388.117	30000
388.974	49000
391.925	11000
392.853	21000
394.623	1000
394.708	1000
394.792	1000
394.876	1000
394.961	1000
395.045	1000
395.129	1000
395.214	1000
395.298	1000
395.382	1000
395.467	1000
395.551	1000
395.635	1000
395.72	1000
395.804	1000
395.888	1000
395.973	1000
396.057	1000
396.141	1000
396.225	1000
396.31	1000
396.394	1000
396.478	1000
396.563	1000
396.647	1000
396.731	1000
396.816	1000
396.9	1000
396.984	1000
397.069	1000
397.153	1000
397.237	1000
397.322	1000
397.406	1000
397.49	1000
397.575	1000
397.659	1000
397.743	1000
397.828	1000
397.996	1000
398.081	1000
398.165	1000
398.249	1000
398.333	1000
398.418	1000
398.586	1000
398.755	1000
398.924	1000
399.092	1000
403.477	8000
406.934	25000
410.391	74000
412.331	3000
412.584	22000
414.439	1000
414.523	1000
414.607	1000
414.692	1000
414.776	1000
414.86	1000
414.945	1000
415.029	1000
415.113	1000
415.197	1000
415.282	1000
415.366	1000
415.45	1000
415.535	1000
415.619	1000
415.703	1000
415.788	1000
415.872	1000
415.956	1000
416.041	1000
416.125	1000
416.209	1000
416.294	1000
416.378	1000
416.462	1000
416.547	1000
416.631	1000
416.715	1000
416.8	1000
416.884	1000
416.968	1000
417.053	1000
417.137	1000
417.221	1000
417.305	1000
417.39	1000
417.474	1000
417.558	1000
417.643	1000
417.727	1000
417.811	1000
417.896	1000
417.98	1000
418.064	1000
418.149	1000
424.557	52000
424.641	1000
424.726	1000
424.81	1000
424.894	1000
424.979	1000
425.063	1000
425.147	1000
425.232	1000
425.316	1000
426.918	8000
427.593	1000
427.677	1000
427.761	1000
427.845	1000
427.93	1000
428.014	1000
428.098	1000
428.183	1000
428.267	1000
428.351	1000
428.436	1000
428.52	1000
428.604	1000
428.689	1000
428.773	1000
428.857	1000
428.942	1000
429.026	1000
429.11	1000
429.195	1000
429.279	1000
429.363	1000
429.448	1000
429.532	1000
429.616	1000
429.701	1000
429.785	1000
429.869	1000
429.953	1000
430.038	1000
430.122	1000
430.206	1000
430.291	1000
430.375	1000
430.459	1000
430.544	1000
430.628	1000
430.712	1000
430.797	1000
430.881	1000
430.965	1000
431.05	1000
431.134	1000
431.218	1000
431.303	1000
431.387	1000
431.471	1000
431.556	1000
431.64	1000
431.724	1000
431.809	1000
431.893	1000
431.977	1000
432.061	1000
432.146	1000
432.23	1000
432.314	1000
432.399	1000
432.483	1000
432.567	1000
433.664	1000
433.748	1000
433.917	1000
434.001	1000
434.169	1000
434.254	1000
434.422	1000
434.507	1000
434.675	1000
434.76	1000
434.928	1000
435.013	1000
435.181	1000
435.266	1000
435.434	1000
435.519	1000
435.687	1000
435.772	1000
435.94	1000
436.025	1000
436.193	1000
436.277	1000
436.446	1000
436.53	1000
436.699	1000
436.783	1000
436.952	1000
437.036	1000
437.205	1000
437.289	1000
437.458	1000
437.542	1000
437.711	1000
437.795	1000
437.964	1000
438.048	1000
438.217	1000
438.301	1000
438.385	1000
438.47	1000
438.554	1000
443.445	4000
444.133	8000
444.822	14000
445.918	13000
449.46	29000
449.544	1000
449.628	1000
449.713	1000
449.797	1000
449.881	1000
449.965	1000
450.05	1000
450.134	1000
450.218	1000
450.303	1000
450.387	1000
450.471	1000
450.556	1000
450.64	1000
450.724	1000
450.809	1000
450.893	1000
450.977	1000
451.062	1000
451.146	1000
451.23	1000
451.315	1000
451.399	1000
451.483	1000
451.568	1000
451.652	1000
451.736	1000
451.821	1000
451.989	1000
452.073	1000
452.242	1000
452.326	1000
452.495	1000
456.205	6000
458.819	24000
461.433	2000
464.131	31000
464.82	36000
471.209	33000
471.898	1000
472.786	1000
472.871	1000
473.559	1000
473.644	1000
473.728	1000
473.812	1000
474.332	1000
474.417	1000
474.501	1000
474.585	1000
474.67	1000
474.754	1000
474.838	1000
474.923	1000
475.105	1000
475.19	1000
475.274	1000
475.358	1000
475.443	1000
475.527	1000
475.611	1000
475.696	1000
475.78	1000
475.864	1000
475.949	1000
478.394	28000
478.478	1000
478.562	1000
478.647	1000
478.731	1000
478.815	1000
478.9	1000
478.984	1000
479.068	1000
479.153	1000
479.237	1000
479.321	1000
479.406	1000
479.49	1000
479.574	1000
479.659	1000
479.743	1000
479.827	1000
479.912	1000
479.996	1000
480.08	1000
480.165	1000
480.249	1000
480.333	1000
480.418	1000
482.863	25000
484.212	17000
485.645	1000
485.73	1000
485.814	1000
485.898	1000
485.983	1000
486.067	1000
486.151	1000
486.236	1000
486.32	1000
486.404	1000
486.489	1000
486.573	1000
486.657	1000
486.742	1000
486.826	1000
486.91	1000
486.994	1000
487.079	1000
487.163	1000
487.247	1000
487.332	1000
487.416	1000
487.5	1000
487.585	1000
487.669	1000
487.753	1000
487.838	1000
487.922	1000
488.091	1000
488.175	1000
488.259	1000
488.344	1000
488.428	1000
488.512	1000
488.681	1000
488.85	1000
489.018	1000
489.187	1000
489.355	1000
489.524	1000
491.885	7000
492.475	1000
492.56	1000
492.644	1000
492.728	1000
492.813	1000
492.897	1000
492.981	1000
493.066	1000
493.909	1000
493.993	1000
494.077	1000
494.162	1000
494.246	1000
494.33	1000
494.415	1000
494.499	1000
494.583	1000
494.668	1000
494.752	1000
494.836	1000
494.921	1000
495.005	1000
495.174	1000
495.258	1000
495.426	1000
495.595	1000
495.764	1000
495.932	1000
496.101	1000
496.27	1000
496.438	1000
496.523	1000
496.607	1000
496.776	1000
496.86	1000
496.944	1000
497.113	1000
497.197	1000
497.366	1000
497.45	1000
497.619	1000
497.787	1000
497.956	1000
498.125	1000
498.293	1000
498.462	1000
498.546	1000
498.631	1000
498.715	1000
498.799	1000
498.884	1000
498.968	1000
499.052	1000
499.137	1000
499.221	1000
499.39	1000
499.474	1000
499.642	1000
499.727	1000
499.895	1000
499.98	1000
500.148	1000
500.233	1000
500.401	1000
500.486	1000
500.57	1000
500.654	1000
500.739	1000
500.823	1000
500.907	1000
500.992	1000
501.076	1000
501.16	1000
501.245	1000
501.329	1000
501.413	1000
501.498	1000
501.582	1000
501.666	1000
501.75	1000
501.835	1000
501.919	1000
502.003	1000
502.088	1000
502.172	1000
502.256	1000
502.341	1000
502.425	1000
502.509	1000
502.594	1000
502.678	1000
502.762	1000
502.847	1000
502.931	1000
503.015	1000
503.1	1000
503.184	1000
503.268	1000
503.353	1000
503.437	1000
503.521	1000
503.606	1000
503.69	1000
503.774	1000
503.858	1000
503.943	1000
504.027	1000
504.111	1000
504.196	1000
504.28	1000
504.364	1000
504.449	1000
504.533	1000
504.617	1000
504.702	1000
504.786	1000
504.87	1000
504.955	1000
505.039	1000
505.123	1000
505.208	1000
505.292	1000
505.376	1000
505.461	1000
505.545	1000
505.629	1000
505.714	1000
505.798	1000
505.882	1000
505.966	1000
506.051	1000
506.135	1000
506.219	1000
506.304	1000
506.388	1000
506.472	1000
506.557	1000
506.641	1000
506.725	1000
506.81	1000
506.894	1000
506.978	1000
507.063	1000
507.147	1000
507.231	1000
507.316	1000
507.4	1000
507.484	1000
507.569	1000
507.653	1000
507.737	1000
507.822	1000
507.906	1000
507.99	1000
508.074	1000
508.159	1000
508.243	1000
508.327	1000
508.412	1000
508.496	1000
508.58	1000
508.665	1000
508.749	1000
508.833	1000
508.918	1000
509.002	1000
509.086	1000
509.171	1000
509.255	1000
509.339	1000
509.424	1000
509.508	1000
509.592	1000
509.677	1000
509.761	1000
509.845	1000
509.93	1000
510.014	1000
517.434	37000
521.144	5000
521.566	11000
522.493	76000
526.203	1000
526.288	1000
526.372	1000
526.456	1000
526.541	1000
526.625	1000
526.709	1000
526.794	1000
526.878	1000
526.962	1000
527.046	1000
527.131	1000
527.215	1000
527.299	1000
527.384	1000
527.468	1000
527.552	1000
527.637	1000
527.721	1000
527.805	1000
527.89	1000
533.961	12000
538.514	73000
539.61	11000
540.538	16000
541.887	1000
541.971	1000
542.055	1000
542.14	1000
542.224	1000
542.308	1000
542.393	1000
542.477	1000
542.561	1000
542.646	1000
542.73	1000
542.814	1000
542.899	1000
542.983	1000
543.067	1000
543.152	1000
543.236	1000
543.32	1000
543.405	1000
543.489	1000
543.573	1000
543.658	1000
543.742	1000
543.826	1000
543.91	1000
543.995	1000
544.079	1000
544.163	1000
544.248	1000
544.332	1000
544.416	1000
544.501	1000
544.585	1000
544.669	1000
544.754	1000
544.838	1000
544.922	1000
545.007	1000
545.091	1000
545.175	1000
545.26	1000
545.344	1000
545.428	1000
552.342	5000
554.788	1000
554.872	3000
555.125	9000
556.067	68000
557.669	1000
557.753	1000
557.837	1000
557.922	1000
558.006	1000
558.09	1000
558.175	1000
558.259	1000
558.343	1000
558.428	1000
558.512	1000
558.596	1000
558.681	1000
558.765	1000
558.849	1000
558.934	1000
559.018	1000
559.102	1000
559.186	1000
559.271	1000
559.355	1000
559.524	1000
559.608	1000
559.692	1000
559.777	1000
559.861	1000
559.945	1000
560.03	1000
560.114	1000
560.198	1000
560.283	1000
560.451	1000
560.62	1000
560.789	1000
560.957	1000
561.126	1000
561.294	1000
561.463	1000
561.632	1000
561.8	1000
561.969	1000
562.138	1000
562.222	1000
562.391	1000
562.475	1000
562.644	1000
562.728	1000
562.897	1000
562.981	1000
563.15	1000
563.234	1000
563.402	1000
563.487	1000
563.571	1000
563.74	1000
563.824	1000
563.993	1000
564.077	1000
564.246	1000
564.33	1000
564.499	1000
564.583	1000
564.752	1000
564.836	1000
565.005	1000
565.089	1000
565.258	1000
565.342	1000
565.51	1000
565.595	1000
565.763	1000
565.848	1000
566.016	1000
566.101	1000
566.269	1000
566.354	1000
566.438	1000
566.607	1000
566.691	1000
566.775	1000
566.944	1000
567.028	1000
567.113	1000
567.281	1000
567.366	1000
567.534	1000
567.618	1000
567.703	1000
567.871	1000
567.956	1000
568.124	1000
568.209	1000
568.377	1000
568.462	1000
568.546	1000
568.715	1000
568.799	1000
568.883	1000
569.052	1000
569.136	1000
569.221	1000
569.389	1000
569.474	1000
569.558	1000
569.726	1000
569.811	1000
569.895	1000
570.064	1000
570.148	1000
570.232	1000
570.317	1000
570.401	1000
570.485	1000
570.57	1000
570.654	1000
570.738	1000
570.823	1000
570.907	1000
570.991	1000
571.076	1000
571.16	1000
571.244	1000
571.329	1000
571.413	1000
571.497	1000
571.582	1000
571.666	1000
571.75	1000
571.834	1000
571.919	1000
572.003	1000
572.087	1000
572.172	1000
572.256	1000
572.34	1000
572.425	1000
572.509	1000
572.593	1000
572.678	1000
572.762	1000
572.846	1000
572.931	1000
573.015	1000
573.099	1000
573.184	1000
573.268	1000
573.352	1000
573.437	1000
573.521	1000
573.605	1000
573.69	1000
573.774	1000
573.858	1000
573.942	1000
574.027	1000
574.111	1000
574.195	1000
574.28	1000
574.364	1000
574.448	1000
574.533	1000
574.617	1000
574.701	1000
574.786	1000
574.87	1000
583.049	10000
586.253	18000
587.181	104000
589.626	1000
589.71	1000
589.795	1000
589.879	1000
589.963	1000
590.048	1000
594.095	5000
597.805	9000
599.491	8000
600.166	2000
600.335	25000
601.937	14000
603.117	42000
604.888	1000
604.972	1000
605.057	1000
605.141	1000
605.225	1000
605.31	1000
605.394	1000
605.478	1000
605.562	1000
605.647	1000
605.731	1000
605.815	1000
605.9	1000
605.984	1000
606.068	1000
606.153	1000
606.237	1000
606.321	1000
606.406	1000
606.49	1000
606.574	1000
606.659	1000
606.743	1000
606.912	1000
606.996	1000
607.08	1000
607.165	1000
607.249	1000
607.333	1000
607.418	1000
607.502	1000
607.586	1000
607.67	1000
607.839	1000
608.008	1000
608.176	1000
611.718	25000
611.802	1000
611.886	1000
611.971	1000
612.055	1000
612.224	1000
612.308	1000
612.392	1000
612.477	1000
612.561	1000
612.645	1000
612.73	1000
612.814	1000
612.898	1000
612.983	1000
613.067	1000
613.151	1000
613.236	1000
613.32	1000
613.404	1000
613.489	1000
613.573	1000
613.657	1000
613.742	1000
613.826	1000
613.91	1000
613.994	1000
614.079	1000
614.163	1000
614.247	1000
614.332	1000
614.416	1000
614.5	1000
614.585	1000
614.753	1000
614.922	1000
615.091	1000
615.175	1000
619.56	12000
623.101	24000
626.558	19000
629.003	22000
630.69	19000
632.292	22000
634.147	22000
636.002	1000
636.086	1000
636.171	1000
636.255	1000
636.339	1000
636.424	1000
636.508	1000
636.592	1000
636.677	1000
636.761	1000
636.845	1000
636.93	1000
637.014	1000
637.098	1000
637.182	1000
637.267	1000
637.351	1000
637.435	1000
637.52	1000
637.604	1000
637.688	1000
637.773	1000
637.857	1000
637.941	1000
638.026	1000
638.11	1000
638.194	1000
638.279	1000
638.363	1000
641.904	41000
641.989	1000
642.073	1000
642.157	1000
642.242	1000
642.326	1000
642.41	1000
642.495	1000
642.579	1000
642.663	1000
642.748	1000
642.832	1000
642.916	1000
643.001	1000
643.085	1000
643.169	1000
643.254	1000
643.338	1000
643.422	1000
643.506	1000
643.591	1000
643.675	1000
643.759	1000
643.844	1000
643.928	1000
644.012	1000
644.097	1000
644.181	1000
644.265	1000
644.35	1000
644.434	1000
644.518	1000
644.603	1000
644.687	1000
644.771	1000
644.856	1000
644.94	1000
645.024	1000
645.109	1000
645.193	1000
645.277	1000
645.362	1000
645.446	1000
645.53	1000
645.614	1000
645.699	1000
645.783	1000
649.746	28000
651.854	5000
652.276	23000
654.215	13000
655.311	1000
655.396	1000
655.48	1000
655.564	1000
655.649	1000
655.733	1000
655.817	1000
655.902	1000
655.986	1000
656.07	1000
656.154	1000
656.239	1000
656.323	1000
656.407	1000
656.492	1000
656.576	1000
656.66	1000
656.745	1000
656.829	1000
656.913	1000
656.998	1000
657.082	1000
657.166	1000
657.251	1000
657.335	1000
657.419	1000
657.504	1000
657.588	1000
657.672	1000
657.757	1000
657.841	1000
657.925	1000
658.01	1000
658.262	1000
658.431	1000
658.6	1000
658.768	1000
658.937	1000
659.106	1000
659.274	1000
662.647	30000
662.731	1000
665.092	2000
666.779	8000
668.465	24000
670.236	41000
671.669	1000
673.187	35000
674.705	21000
674.789	1000
674.874	1000
674.958	1000
676.476	14000
676.56	1000
676.644	1000
676.729	1000
676.813	1000
676.897	1000
676.982	1000
677.066	1000
677.15	1000
677.234	1000
677.319	1000
677.403	1000
677.487	1000
677.572	1000
677.656	1000
677.74	1000
677.825	1000
677.993	1000
678.078	1000
678.246	1000
678.331	1000
678.499	1000
678.584	1000
678.752	1000
678.837	1000
679.005	1000
679.174	1000
679.342	1000
679.427	1000
679.595	1000
679.764	1000
679.848	1000
679.933	1000
680.101	1000
680.186	1000
680.27	1000
683.221	22000
685.414	10000
687.606	41000
687.69	1000
687.774	1000
687.859	1000
687.943	1000
688.112	1000
688.196	1000
688.28	1000
688.365	1000
688.449	1000
688.533	1000
688.618	1000
688.702	1000
688.786	1000
688.871	1000
688.955	1000
689.039	1000
689.124	1000
689.208	1000
689.292	1000
689.377	1000
689.461	1000
689.63	1000
689.798	1000
689.967	1000
690.051	1000
690.22	1000
690.304	1000
690.473	1000
690.557	1000
690.726	1000
690.81	1000
690.979	1000
691.063	1000
691.232	1000
691.316	1000
691.485	1000
691.653	1000
691.738	1000
691.822	1000
691.906	1000
691.99	1000
692.075	1000
692.159	1000
692.243	1000
692.328	1000
692.412	1000
692.496	1000
692.581	1000
692.665	1000
692.749	1000
692.834	1000
692.918	1000
693.002	1000
693.087	1000
693.171	1000
693.255	1000
693.34	1000
693.424	1000
693.508	1000
693.593	1000
693.761	1000
693.846	1000
693.93	1000
694.014	1000
694.098	1000
694.183	1000
694.267	1000
694.351	1000
694.436	1000
694.52	1000
694.604	1000
694.689	1000
694.773	1000
694.857	1000
694.942	1000
695.026	1000
695.11	1000
699.158	14000
701.097	31000
702.362	13000
703.458	10000
704.301	1000
704.386	1000
704.47	1000
704.554	1000
704.638	1000
704.723	1000
704.807	1000
704.891	1000
704.976	1000
705.06	1000
705.144	1000
705.229	1000
705.313	1000
705.397	1000
705.482	1000
705.566	1000
705.65	1000
705.735	1000
705.819	1000
705.903	1000
705.988	1000
706.072	1000
706.156	1000
706.241	1000
706.325	1000
706.409	1000
706.494	1000
706.578	1000
706.662	1000
706.746	1000
706.831	1000
706.915	1000
706.999	1000
707.084	1000
707.168	1000
707.252	1000
707.337	1000
707.421	1000
707.505	1000
707.59	1000
707.674	1000
707.758	1000
707.843	1000
707.927	1000
708.011	1000
708.096	1000
708.18	1000
708.264	1000
712.733	24000
713.576	1000
713.759	1000
713.843	1000
714.616	7000
714.701	1000
714.785	1000
714.869	1000
714.954	1000
715.122	1000
715.207	1000
715.291	1000
715.46	1000
715.628	1000
715.797	1000
715.881	1000
715.966	1000
716.134	1000
716.218	1000
716.387	1000
716.556	1000
716.724	1000
716.809	1000
716.977	1000
717.146	1000
717.23	1000
717.399	1000
717.483	1000
717.652	1000
717.736	1000
717.905	1000
718.074	1000
719.76	14000
719.844	1000
719.929	1000
720.013	1000
720.097	1000
720.266	1000
720.35	1000
720.434	1000
720.519	1000
720.603	1000
720.687	1000
720.772	1000
722.458	13000
722.542	1000
722.627	1000
722.711	1000
722.88	1000
724.398	7000
725.662	20000
725.747	1000
725.831	1000
727.18	4000
728.361	22000
728.445	1000
728.529	1000
728.614	1000
728.698	1000
728.782	1000
728.866	1000
728.951	1000
729.035	1000
730.553	13000
730.637	1000
730.722	1000
730.806	1000
730.974	1000
731.059	1000
731.143	1000
731.227	1000
731.312	1000
731.396	1000
731.48	1000
733.167	13000
733.251	1000
733.335	1000
733.42	1000
733.588	1000
733.673	1000
733.757	1000
733.841	1000
733.926	1000
734.01	1000
734.094	1000
734.179	1000
735.865	13000
735.949	1000
736.034	1000
736.118	1000
736.287	1000
736.371	1000
737.889	6000
739.238	22000
739.322	1000
739.406	1000
739.491	1000
739.575	1000
739.659	1000
739.744	1000
739.828	1000
739.912	1000
739.997	1000
740.081	1000
740.165	1000
740.25	1000
741.936	2000
743.37	5000
744.803	17000
746.321	37000
746.405	1000
746.489	1000
746.574	1000
746.658	1000
746.827	1000
746.911	1000
746.995	1000
747.08	1000
747.164	1000
747.248	1000
747.333	1000
747.417	1000
747.501	1000
747.586	1000
747.67	1000
747.754	1000
747.838	1000
748.007	1000
748.176	1000
748.344	1000
748.429	1000
748.513	1000
748.682	1000
748.766	1000
748.935	1000
749.103	1000
749.272	1000
749.356	1000
749.525	1000
749.694	1000
749.778	1000
749.946	1000
750.031	1000
750.199	1000
750.284	1000
750.452	1000
750.537	1000
750.705	1000
750.79	1000
750.958	1000
751.043	1000
751.211	1000
751.296	1000
751.38	1000
751.549	1000
751.633	1000
751.802	1000
751.886	1000
752.054	1000
752.139	1000
752.223	1000
752.392	1000
752.476	1000
752.645	1000
752.729	1000
752.813	1000
752.982	1000
753.066	1000
753.151	1000
753.319	1000
753.404	1000
757.451	9000
759.896	1000
759.981	25000
760.908	9000
761.667	15000
762.932	1000
763.016	1000
763.1	1000
763.185	1000
763.269	1000
763.353	1000
763.438	1000
763.522	1000
763.606	1000
763.691	1000
763.775	1000
763.859	1000
763.944	1000
764.028	1000
764.112	1000
764.197	1000
764.281	1000
764.365	1000
767.485	25000
769.509	1000
773.415	23000
774.104	3000
776.549	4000
777.898	37000
777.983	1000
778.067	1000
778.151	1000
778.236	1000
778.32	1000
778.404	1000
778.489	1000
778.573	1000
778.657	1000
778.742	1000
780.934	17000
782.199	21000
782.283	1000
782.367	1000
782.452	1000
784.307	6000
785.234	24000
785.319	1000
785.403	1000
785.487	1000
785.572	1000
785.656	1000
785.74	1000
785.825	1000
785.909	1000
785.993	1000
786.078	1000
786.162	1000
786.246	1000
786.33	1000
786.415	1000
786.499	1000
786.583	1000
786.668	1000
786.752	1000
786.836	1000
786.921	1000
787.005	1000
787.089	1000
787.174	1000
787.258	1000
787.342	1000
787.427	1000
787.511	1000
787.595	1000
789.366	16000
790.294	14000
790.378	1000
790.462	1000
790.546	1000
790.631	1000
790.715	1000
792.317	18000
792.402	1000
792.486	1000
792.57	1000
792.654	1000
792.739	1000
792.823	1000
794.341	17000
794.425	1000
794.51	1000
794.594	1000
795.943	15000
796.041	1000
796.126	1000
796.21	1000
796.294	1000
796.379	1000
796.463	1000
797.812	5000
798.501	17000
798.585	1000
798.669	1000
798.754	1000
798.838	1000
798.922	1000
799.007	1000
799.091	1000
799.175	1000
799.26	1000
799.344	1000
799.428	1000
799.513	1000
799.597	1000
799.681	1000
799.766	1000
799.85	1000
799.934	1000
800.018	1000
800.103	1000
800.187	1000
800.271	1000
800.356	1000
800.44	1000
800.524	1000
800.609	1000
800.693	1000
800.777	1000
800.862	1000
800.946	1000
801.03	1000
801.115	1000
801.199	1000
801.283	1000
801.368	1000
801.452	1000
801.536	1000
801.621	1000
801.705	1000
801.789	1000
801.874	1000
801.958	1000
802.042	1000
802.126	1000
802.211	1000
802.295	1000
802.379	1000
802.464	1000
802.548	1000
802.632	1000
802.717	1000
802.801	1000
802.885	1000
802.97	1000
803.054	1000
803.138	1000
803.223	1000
803.307	1000
803.391	1000
805.752	13000
806.595	22000
807.776	1000
807.86	1000
807.945	1000
808.029	1000
808.113	1000
808.198	1000
808.282	1000
808.366	1000
808.45	1000
808.535	1000
808.619	1000
808.703	1000
808.788	1000
808.872	1000
808.956	1000
809.041	1000
809.209	1000
809.294	1000
809.378	1000
809.462	1000
809.547	1000
809.715	1000
809.884	1000
810.053	1000
810.221	1000
810.39	1000
810.558	1000
810.727	1000
810.896	1000
810.98	1000
811.064	1000
811.233	1000
811.317	1000
811.486	1000
811.57	1000
811.739	1000
811.823	1000
811.992	1000
812.076	1000
812.161	1000
812.329	1000
812.498	1000
812.666	1000
812.835	1000
813.004	1000
813.172	1000
813.341	1000
813.51	1000
813.594	1000
816.545	23000
816.63	1000
816.714	1000
816.798	1000
816.882	1000
816.967	1000
817.051	1000
817.135	1000
817.22	1000
817.304	1000
817.388	1000
818.4	1000
818.485	1000
818.569	1000
818.653	1000
818.738	1000
818.822	1000
818.906	1000
818.99	1000
819.075	1000
819.159	1000
821.436	7000
822.532	25000
823.221	1000
823.305	1000
823.389	1000
823.474	1000
823.558	1000
823.642	1000
823.726	1000
823.811	1000
823.895	1000
823.979	1000
824.148	1000
825.329	8000
825.413	1000
825.497	1000
825.582	1000
825.666	1000
825.834	1000
825.919	1000
826.003	1000
826.087	1000
826.172	1000
826.256	1000
826.425	1000
826.593	1000
827.858	9000
827.942	1000
828.027	1000
828.111	1000
828.28	1000
828.364	1000
828.448	1000
828.533	1000
828.617	1000
828.701	1000
828.786	1000
830.135	9000
830.219	1000
830.303	1000
830.388	1000
830.556	1000
830.641	1000
830.725	1000
830.809	1000
830.894	1000
830.978	1000
831.062	1000
831.147	1000
831.315	1000
831.484	1000
831.653	1000
831.737	1000
831.906	1000
831.99	1000
832.158	1000
832.327	1000
832.411	1000
832.58	1000
832.664	1000
832.833	1000
833.002	1000
833.17	1000
833.255	1000
833.423	1000
833.508	1000
833.676	1000
833.845	1000
833.929	1000
834.098	1000
834.182	1000
834.266	1000
834.435	1000
834.519	1000
834.688	1000
834.857	1000
834.941	1000
835.11	1000
835.194	1000
835.278	1000
835.447	1000
835.616	1000
835.7	1000
835.784	1000
835.953	1000
836.037	1000
836.206	1000
836.29	1000
836.459	1000
836.543	1000
836.627	1000
839.41	14000
841.096	30000
841.181	1000
841.265	1000
841.349	1000
841.434	1000
841.518	1000
841.602	1000
841.687	1000
841.771	1000
841.855	1000
841.94	1000
842.024	1000
842.108	1000
842.193	1000
842.277	1000
842.361	1000
842.446	1000
842.53	1000
845.059	3000
846.577	38000
846.662	1000
846.746	1000
846.83	1000
846.914	1000
846.999	1000
847.083	1000
847.167	1000
847.252	1000
847.336	1000
847.42	1000
849.781	23000
849.866	1000
849.95	1000
850.034	1000
850.119	1000
850.203	1000
850.287	1000
850.372	1000
850.456	1000
850.54	1000
850.625	1000
850.709	1000
850.793	1000
850.878	1000
850.962	1000
851.046	1000
851.13	1000
851.215	1000
851.383	1000
851.468	1000
851.636	1000
851.721	1000
851.889	1000
851.974	1000
852.142	1000
852.227	1000
852.311	1000
852.395	1000
852.48	1000
852.564	1000
852.648	1000
852.733	1000
852.817	1000
852.901	1000
852.986	1000
853.07	1000
853.154	1000
853.238	1000
853.323	1000
853.407	1000
853.491	1000
853.576	1000
853.66	1000
853.744	1000
853.829	1000
853.913	1000
853.997	1000
854.082	1000
856.527	28000
856.611	1000
856.696	1000
856.78	1000
856.864	1000
856.949	1000
857.033	1000
857.117	1000
857.202	1000
857.286	1000
857.37	1000
857.454	1000
857.539	1000
857.623	1000
857.707	1000
857.792	1000
857.876	1000
857.96	1000
860.321	10000
861.586	17000
862.682	3000
863.526	10000
864.453	31000
864.537	1000
864.622	1000
864.706	1000
864.79	1000
864.875	1000
864.959	1000
865.043	1000
865.128	1000
865.212	1000
865.296	1000
865.381	1000
865.465	1000
867.236	2000
868.163	18000
869.512	24000
869.597	1000
869.681	1000
869.765	1000
869.85	1000
869.934	1000
870.018	1000
870.102	1000
870.187	1000
870.271	1000
870.355	1000
870.44	1000
870.524	1000
871.873	15000
871.958	1000
872.042	1000
872.126	1000
872.21	1000
872.295	1000
872.379	1000
872.463	1000
872.548	1000
872.632	1000
872.716	1000
872.801	1000
872.885	1000
872.969	1000
873.054	1000
873.138	1000
873.222	1000
873.307	1000
873.391	1000
873.475	1000
873.56	1000
873.644	1000
873.728	1000
873.813	1000
873.897	1000
875.246	8000
875.935	4000
876.623	16000
876.708	1000
876.792	1000
876.876	1000
876.961	1000
877.045	1000
877.129	1000
877.214	1000
877.298	1000
877.382	1000
877.466	1000
877.551	1000
877.635	1000
878.984	7000
879.673	7000
880.362	14000
880.446	1000
880.53	1000
880.614	1000
880.699	1000
880.783	1000
880.867	1000
880.952	1000
881.036	1000
881.12	1000
881.205	1000
881.289	1000
881.373	1000
881.458	1000
881.542	1000
881.626	1000
881.711	1000
881.795	1000
881.879	1000
881.964	1000
883.313	3000
884.001	13000
884.69	10000
885.379	5000
885.463	1000
885.547	1000
885.632	1000
885.716	1000
885.8	1000
885.885	1000
885.969	1000
886.152	1000
886.236	1000
886.32	1000
886.405	1000
886.489	1000
887.599	12000
887.852	1000
887.936	1000
888.035	1000
888.119	1000
888.203	1000
888.288	1000
888.372	1000
888.456	1000
888.625	1000
888.709	1000
888.794	1000
888.878	1000
888.962	1000
889.047	1000
889.131	1000
889.215	1000
889.3	1000
889.384	1000
889.468	1000
889.553	1000
889.637	1000
889.721	1000
890.817	12000
891	1000
891.084	1000
891.169	1000
891.253	1000
891.337	1000
891.422	1000
891.506	1000
891.59	1000
891.773	1000
891.857	1000
891.942	1000
892.026	1000
892.11	1000
892.195	1000
892.279	1000
892.363	1000
893.459	12000
893.642	1000
893.726	1000
893.811	1000
893.895	1000
893.979	1000
894.064	1000
894.148	1000
894.232	1000
894.415	1000
894.499	1000
894.584	1000
894.668	1000
894.752	1000
894.837	1000
894.921	1000
896.031	8000
896.72	3000
897.409	8000
897.493	1000
897.577	1000
897.662	1000
897.844	1000
897.929	1000
898.542	1000
898.626	1000
898.711	1000
899.807	10000
899.891	1000
899.975	1000
900.06	1000
900.144	1000
900.228	1000
900.313	1000
900.397	1000
900.481	1000
900.566	1000
900.65	1000
900.819	1000
900.903	1000
901.072	1000
901.156	1000
902.505	3000
903.194	14000
903.882	7000
904.571	3000
905.26	1000
905.948	15000
906.033	1000
906.117	1000
906.201	1000
906.285	1000
906.974	1000
907.058	1000
907.143	1000
907.227	1000
907.311	1000
907.396	1000
907.48	1000
907.564	1000
907.649	1000
907.733	1000
907.817	1000
907.902	1000
907.986	1000
908.07	1000
908.155	1000
908.239	1000
908.323	1000
908.408	1000
908.492	1000
908.998	1000
909.166	1000
909.335	1000
909.419	1000
909.588	1000
909.672	1000
909.841	1000
909.925	1000
910.094	1000
910.178	1000
910.263	1000
910.347	1000
910.431	1000
910.516	1000
910.937	1000
911.021	1000
911.19	1000
911.274	1000
911.443	1000
911.527	1000
911.696	1000
913.129	10000
913.214	1000
913.298	1000
913.382	1000
913.467	1000
913.551	1000
913.635	1000
913.72	1000
913.804	1000
913.888	1000
913.973	1000
914.985	1000
915.069	1000
915.153	1000
915.237	1000
915.322	1000
915.406	1000
915.49	1000
915.575	1000
915.659	1000
915.743	1000
915.828	1000
915.912	1000
915.996	1000
916.081	1000
916.165	1000
916.249	1000
916.334	1000
916.502	1000
918.357	12000
918.442	1000
918.526	1000
918.61	1000
918.695	1000
918.863	1000
918.948	1000
919.032	1000
919.116	1000
919.201	1000
919.285	1000
919.369	1000
919.453	1000
919.538	1000
919.622	1000
919.706	1000
919.791	1000
919.875	1000
921.477	1000
921.561	1000
921.646	1000
921.73	1000
921.814	1000
921.899	1000
921.983	1000
922.067	1000
924.428	5000
925.609	30000
926.297	1000
926.382	1000
926.466	1000
926.55	1000
926.635	1000
926.719	1000
926.803	1000
926.888	1000
927.056	1000
927.225	1000
927.394	1000
927.562	1000
927.731	1000
928.743	7000
928.827	1000
928.911	1000
928.996	1000
929.164	1000
929.249	1000
929.333	1000
929.417	1000
929.586	1000
929.755	1000
929.923	1000
930.935	6000
931.694	8000
931.778	1000
931.863	1000
931.947	1000
933.043	10000
933.127	1000
933.212	1000
933.296	1000
933.465	1000
933.549	1000
933.633	1000
933.718	1000
933.802	1000
933.971	1000
934.139	1000
934.308	1000
934.392	1000
934.561	1000
934.645	1000
934.814	1000
934.982	1000
935.151	1000
935.32	1000
935.488	1000
935.573	1000
935.741	1000
935.826	1000
935.994	1000
936.163	1000
936.332	1000
936.5	1000
936.669	1000
936.753	1000
936.837	1000
937.006	1000
937.09	1000
937.259	1000
937.343	1000
937.512	1000
937.596	1000
937.765	1000
937.934	1000
938.018	1000
938.187	1000
938.355	1000
938.44	1000
938.524	1000
940.463	6000
941.475	14000
942.487	16000
943.33	14000
944.258	10000
944.342	1000
944.426	1000
944.511	1000
944.595	1000
944.764	1000
945.691	8000
945.775	1000
945.86	1000
945.944	1000
946.028	1000
946.197	1000
946.281	1000
946.366	1000
946.534	1000
946.703	1000
946.787	1000
946.872	1000
946.956	1000
947.04	1000
947.125	1000
947.209	1000
947.293	1000
947.377	1000
947.476	1000
947.56	1000
947.645	1000
947.729	1000
947.813	1000
947.897	1000
947.982	1000
948.066	1000
948.165	1000
948.249	1000
948.333	1000
948.417	1000
948.502	1000
948.586	1000
949.795	3000
950.483	13000
950.568	1000
950.736	1000
950.821	1000
950.919	1000
951.088	1000
951.172	1000
951.256	1000
951.341	1000
951.425	1000
951.509	1000
951.594	1000
951.678	1000
951.762	1000
951.847	1000
951.931	1000
952.015	1000
952.1	1000
952.184	1000
952.268	1000
952.353	1000
953.449	12000
953.631	1000
953.716	1000
953.8	1000
953.884	1000
953.969	1000
954.053	1000
954.728	1000
954.812	1000
954.896	1000
954.981	1000
955.065	1000
955.149	1000
955.233	1000
955.318	1000
955.402	1000
955.486	1000
955.571	1000
957.089	3000
957.777	10000
958.466	1000
958.55	1000
958.634	1000
958.719	1000
958.803	1000
958.887	1000
959.492	1000
959.576	1000
959.66	1000
959.745	1000
959.927	1000
960.349	1000
960.518	1000
960.869	1000
960.953	1000
961.038	1000
961.206	1000
961.491	1000
961.575	1000
961.744	1000
961.912	1000
962.179	1000
962.348	1000
962.432	1000
962.601	1000
962.868	1000
962.952	1000
963.121	1000
963.289	1000
963.374	1000
964.386	8000
964.47	1000
965.482	9000
965.566	1000
965.65	1000
966.662	8000
967.337	1000
967.421	1000
967.505	1000
967.59	1000
967.674	1000
967.758	1000
967.843	1000
967.927	1000
968.011	1000
968.096	1000
968.18	1000
968.264	1000
968.433	1000
968.517	1000
968.686	1000
968.855	1000
969.023	1000
970.541	3000
971.469	16000
972.157	1000
972.241	1000
972.326	1000
972.41	1000
972.494	1000
972.579	1000
973.183	1000
973.267	1000
973.352	1000
974.24	3000
974.325	1000
974.409	1000
974.493	1000
974.645	1000
974.729	1000
975.013	1000
975.098	1000
975.266	1000
975.435	1000
975.702	1000
975.871	1000
975.955	1000
976.124	1000
976.391	1000
976.559	1000
976.728	1000
976.812	1000
977.079	1000
977.164	1000
977.332	1000
977.417	1000
977.585	1000
977.754	1000
977.838	1000
977.922	1000
978.091	1000
978.175	1000
978.26	1000
978.428	1000
978.513	1000
978.597	1000
978.766	1000
978.85	1000
979.019	1000
979.103	1000
979.272	1000
979.356	1000
979.44	1000
979.525	1000
979.609	1000
979.693	1000
979.777	1000
979.862	1000
979.946	1000
980.03	1000
980.115	1000
980.199	1000
980.283	1000
980.368	1000
980.452	1000
980.536	1000
980.621	1000
980.705	1000
980.789	1000
980.874	1000
980.958	1000
981.042	1000
981.127	1000
981.211	1000
981.295	1000
981.38	1000
981.464	1000
981.548	1000
981.633	1000
981.717	1000
981.801	1000
981.885	1000
981.97	1000
982.054	1000
982.138	1000
982.223	1000
982.307	1000
982.391	1000
982.476	1000
985.849	39000
985.933	1000
986.017	1000
986.101	1000
986.186	1000
986.27	1000
986.354	1000
986.439	1000
986.523	1000
986.607	1000
986.692	1000
986.776	1000
986.86	1000
986.945	1000
987.029	1000
987.113	1000
987.198	1000
987.282	1000
987.366	1000
987.451	1000
987.535	1000
987.619	1000
987.704	1000
987.788	1000
989.896	1000
989.98	1000
994.533	13000
997.738	33000
999.002	42000
