0.0 0
0.0630208 3400
0.129123 3740
0.135427 4080
0.141731 4420
0.148035 4760
0.154339 5100
0.195066 5440
0.20137 5780
0.207674 6120
0.213978 6460
0.220282 6800
0.226586 7140
0.23289 7480
0.261008 7820
0.267312 8160
0.273616 8500
0.27992 8840
0.286224 9180
0.292528 9520
0.298832 9860
0.305136 10200
0.31144 10540
0.317744 10880
0.324048 11220
0.330352 11560
0.336656 11900
0.34296 12240
0.349264 12580
0.355568 12920
0.361872 13260
0.368176 13600
0.37448 13940
0.380784 14280
0.387088 14620
0.393392 14960
0.399696 15300
0.406 15640
0.412304 15980
0.418608 16320
0.424912 16660
0.431216 17000
0.43752 17340
0.443824 17680
0.450128 18020
0.456432 18360
0.462736 18700
0.46904 19040
0.475344 19380
0.481648 19720
0.487952 20060
0.494256 20400
0.50056 20740
0.506864 21080
0.513168 21420
0.519472 21760
0.525776 22100
0.53208 22440
0.538384 22780
0.544688 23120
0.550992 23460
0.557296 23800
0.5636 24140
0.569904 24480
0.576208 24820
0.582512 25160
0.588816 25500
0.59512 25840
0.601424 26180
0.607728 26520
0.614032 26860
0.620336 27200
0.62664 27540
0.632944 27880
0.639248 28220
0.645552 28560
0.651856 28900
0.65816 29240
0.664464 29580
0.670768 29920
0.677072 30260
0.683376 30600
0.68968 30940
0.695984 31280
0.702288 31620
0.708592 31960
0.714896 32300
0.7212 32640
0.727504 32980
0.733808 33320
0.740112 33660
0.746416 34000
0.75272 34340
0.759024 34680
0.765328 35020
0.771632 35360
0.777936 35700
0.78424 36040
0.790544 36380
0.796848 36720
0.803152 37060
0.809456 37400
0.81576 37740
0.822064 38080
0.828368 38420
0.834672 38760
0.840976 39100
0.84728 39440
0.853584 39780
0.859888 40120
0.866192 40460
0.872496 40800
0.8788 41140
0.885104 41480
0.891408 41820
0.897712 42160
0.904016 42500
0.91032 42840
0.916624 43180
0.922928 43520
0.929232 43860
0.935536 44200
0.94184 44540
0.948144 44880
0.954448 45220
0.960752 45560
0.967056 45900
0.97336 46240
0.979664 46580
0.985968 46920
0.992272 47260
0.998576 47600
1.00488 47940
1.01118 48280
1.01749 48620
1.02379 48960
1.0301 49300
1.0364 49640
1.0427 49980
1.04901 50320
1.05531 50660
1.06162 51000
1.06792 51340
1.07422 51680
1.08053 52020
1.08683 52360
1.09314 52700
1.09944 53040
1.10574 53380
1.11205 53720
1.11835 54060
1.12466 54400
1.13096 54740
1.13726 55080
1.14357 55420
1.14987 55760
1.15618 56100
1.16248 56440
1.16878 56780
1.17509 57120
1.18139 57460
1.1877 57800
1.194 58140
1.2003 58480
1.20661 58820
1.21291 59160
1.21922 59500
1.22552 59840
1.23182 60180
1.23813 60520
1.24443 60860
1.25074 61200
1.25704 61540
1.26334 61880
1.26965 62220
1.27595 62560
1.28226 62900
1.28856 63240
1.29486 63580
1.30117 63920
1.30747 64260
1.31378 64600
1.32008 64940
1.32638 65280
1.33269 65620
1.33899 65960
1.3453 66300
1.3516 66640
1.3579 66980
1.36421 67320
1.37051 67660
1.37682 68000
1.38312 68340
1.38942 68680
1.39573 69020
1.40203 69360
1.40834 69700
1.41464 70040
1.42094 70380
1.42725 70720
1.43355 71060
1.43986 71400
1.44616 71740
1.45562 35700
2.89374 340
2.97173 680
3.03767 1020
3.10361 1360
3.16956 1700
3.17901 2040
3.2418 2380
3.25126 2720
3.30774 3060
3.3172 3400
3.32666 3740
3.37684 4080
3.38629 4420
3.39575 4760
3.40521 5100
3.44593 5440
3.45539 5780
3.46484 6120
3.4743 6460
3.48376 6800
3.51188 7140
3.52133 7480
3.53079 7820
3.54024 8160
3.5497 8500
3.55916 8840
3.56861 9180
3.58097 9520
3.59043 9860
3.59988 10200
3.60934 10540
3.61879 10880
3.62825 11220
3.63771 11560
3.64716 11900
3.65662 12240
3.66607 12580
3.67553 12920
3.68499 13260
3.69444 13600
3.7039 13940
3.71335 14280
3.72281 14620
3.73227 14960
3.74172 15300
3.75118 15640
3.76063 15980
3.77009 16320
3.77955 16660
3.789 17000
3.79846 17340
3.80791 17680
3.81737 17850
3.92454 8670
4.28071 9010
4.40364 9350
4.56755 9690
4.73775 10030
4.90796 10370
5.08447 10710
5.26414 11050
5.46271 11390
5.65499 11730
5.85987 12070
6.06475 12410
6.28223 12750
6.49342 13090
6.72036 13430
6.95676 13770
7.19001 14110
7.42641 14450
7.66596 14790
7.91497 15130
8.17028 15470
8.42559 15810
8.68091 16150
8.93307 16490
9.19783 16830
9.4626 17170
9.74313 17510
10.0237 17850
10.3073 18190
10.6099 18530
10.9094 18870
11.2183 19210
11.524 19550
11.8455 19890
12.1733 20230
12.5074 20570
12.8478 20910
13.1946 21250
13.5476 21590
13.9038 21930
14.2347 22270
14.4396 22610
14.6476 22950
14.862 23290
15.0763 23630
15.2906 23970
15.5113 24310
15.7382 24650
15.9652 24990
16.1921 25330
16.4254 25670
16.6649 26010
16.9045 26350
17.144 26690
17.3899 27030
17.642 27370
17.8942 27710
18.1464 28050
18.4048 28390
18.6696 28730
18.9344 29070
19.1991 29410
19.4702 29750
19.7476 30090
20.025 30430
20.3023 30770
20.586 31110
20.876 31450
21.166 31790
21.456 32130
21.7522 32470
22.0548 32810
22.3574 33150
22.66 33490
22.9689 33830
23.2841 34170
23.5993 34510
23.9145 34850
24.236 35190
24.5638 35530
24.8916 35870
25.2194 36210
25.5536 36550
25.894 36890
26.2344 37230
26.5748 37570
26.9215 37910
27.2746 38250
27.6276 38590
27.9806 38930
28.3399 39270
28.7056 39610
29.0712 39950
29.4368 40290
29.8088 40630
30.187 40970
30.5652 41310
30.9435 41650
31.328 41990
31.7189 42330
32.1097 42670
32.5006 43010
32.8977 43350
33.3012 43690
33.7046 44030
34.1081 44370
34.5178 44710
34.9339 45050
35.35 45390
35.766 45730
36.1884 46070
36.6171 46410
37.0458 46750
37.4744 47090
37.9094 47430
38.3507 47770
38.792 48110
39.2332 48450
39.2427 23970
40.1126 24310
40.1253 24650
40.3522 24990
40.5791 25330
40.8124 25670
41.0519 26010
41.2915 26350
41.531 26690
41.7769 27030
42.0291 27370
42.2812 27710
42.5334 28050
42.7918 28390
43.0566 28730
43.3214 29070
43.5862 29410
43.8572 29750
44.1346 30090
44.412 30430
44.6894 30770
44.973 31110
45.263 31450
45.553 31790
45.843 32130
46.1393 32470
46.4419 32810
46.7445 33150
47.047 33490
47.3559 33830
47.6711 34170
47.9863 34510
48.3015 34850
48.623 35190
48.9509 35530
49.2787 35870
49.6065 36210
49.9406 36550
50.281 36890
50.6214 37230
50.9618 37570
51.3086 37910
51.6616 38250
52.0146 38590
52.3676 38930
52.727 39270
53.0926 39610
53.4519 39950
53.8238 40290
54.1958 40630
54.5677 40970
54.946 41310
55.3305 41650
55.715 41990
56.0996 42330
56.4904 42670
56.8876 43010
57.2847 43350
57.6819 43690
58.0854 44030
58.4951 44370
58.9049 44710
59.3146 45050
59.7307 45390
60.1531 45730
60.5754 46070
60.9978 46410
61.4265 46750
61.8614 47090
62.2964 47430
62.7314 47770
63.1727 48110
63.6234 23800
64.279 24140
64.2853 24480
64.5123 24820
64.7392 25160
64.9725 25500
65.212 25840
65.4516 26180
65.6911 26520
65.937 26860
66.1891 27200
66.4413 27540
66.6935 27880
66.9519 28220
67.2167 28560
67.4815 28900
67.7462 29240
68.0173 29580
68.2947 29920
68.5721 30260
68.8494 30600
69.1331 30940
69.4231 31280
69.7131 31620
70.0031 31960
70.2994 32300
70.6019 32640
70.9045 32980
71.2071 33320
71.516 33660
71.8312 34000
72.1464 34340
72.4616 34680
72.7831 35020
73.1046 35360
73.4324 35700
73.7666 36040
74.1007 36380
74.4348 36720
74.7752 37060
75.1219 37400
75.4686 37740
75.8154 38080
76.1684 38420
76.5277 38760
76.887 39100
77.2464 39440
77.612 39780
77.9839 40120
78.3559 40460
78.7278 40800
79.106 41140
79.4906 41480
79.8751 41820
80.2597 42160
80.3542 20910
80.7388 21590
80.8901 21930
81.0918 22270
81.2935 22610
81.5016 22950
81.7159 23290
81.9239 23630
82.1446 23970
82.3652 24310
82.5858 24650
82.8128 24990
83.046 25330
83.2793 25670
83.5125 26010
83.7521 26350
83.9979 26690
84.2438 27030
84.4897 27370
84.7418 27710
85.0003 28050
85.2587 28390
85.5172 28730
85.782 29070
86.053 29410
86.3241 29750
86.5952 30090
86.8726 30430
87.1562 30770
87.4399 31110
87.7236 31450
88.0136 31790
88.3099 32130
88.6062 32470
88.9025 32810
89.205 33150
89.5139 33490
89.8228 33830
90.1317 34170
90.4469 34510
90.7684 34850
91.0899 35190
91.4114 35530
91.7393 35870
92.0734 36210
92.4075 36550
92.7416 36890
93.082 37230
93.4287 37570
93.7754 37910
94.1222 38250
94.4752 38590
94.8345 38930
95.1938 39270
95.5532 39610
95.9188 39950
96.2907 40290
96.6627 40630
97.0346 40970
97.4129 41310
97.7974 41650
98.1819 41990
98.5665 42330
98.9573 42670
99.3545 43010
99.7516 43350
100.149 43690
100.552 44030
100.962 44370
101.372 44710
101.782 45050
102.198 45390
102.62 45730
103.042 46070
103.465 46410
103.893 46750
104.328 47090
104.763 47430
105.198 47770
105.64 48110
106.09 23800
106.746 24140
106.752 24480
106.979 24820
107.206 25160
107.439 25500
107.679 25840
107.918 26180
108.158 26520
108.404 26860
108.656 27200
108.908 27540
109.16 27880
109.419 28220
109.677 28560
109.942 28900
110.213 29240
110.484 29580
110.755 29920
111.033 30260
111.316 30600
111.6 30940
111.884 31280
112.174 31620
112.47 31960
112.766 32300
113.063 32640
113.365 32980
113.674 33320
113.983 33660
114.292 34000
114.607 34340
114.929 34680
115.25 35020
115.572 35360
115.899 35700
116.233 36040
116.568 36380
116.902 36720
117.242 37060
117.589 37400
117.936 37740
118.282 38080
118.635 38420
118.995 38760
119.354 39100
119.713 39440
120.079 39780
120.451 40120
120.823 40460
121.195 40800
121.573 41140
121.8 20400
122.175 21080
122.257 21420
122.452 21760
122.654 22100
122.862 22440
123.07 22780
123.278 23120
123.493 23460
123.713 23800
123.934 24140
124.154 24480
124.381 24820
124.615 25160
124.848 25500
125.081 25840
125.321 26180
125.567 26520
125.812 26860
126.058 27200
126.31 27540
126.569 27880
126.827 28220
127.086 28560
127.351 28900
127.622 29240
127.893 29580
128.164 29920
128.441 30260
128.725 30600
129.002 30940
129.292 31280
129.582 31620
129.872 31960
130.168 32300
130.471 32640
130.774 32980
131.076 33320
131.385 33660
131.7 34000
132.016 34340
132.331 34680
132.652 35020
132.98 35360
133.308 35700
133.636 36040
133.97 36380
134.31 36720
134.651 37060
134.991 37400
135.338 37740
135.691 38080
136.044 38420
136.397 38760
136.756 39100
137.122 39440
137.487 39780
137.853 40120
138.225 40460
138.603 40800
138.981 41140
139.36 41480
139.744 41820
140.135 42160
140.526 42500
140.917 42840
141.314 43180
141.717 43520
142.121 43860
142.524 44200
142.934 44540
143.35 44880
143.766 45220
144.182 45560
144.605 45900
145.033 46240
145.462 46580
145.891 46920
146.326 47260
146.767 47600
147.208 47940
147.649 48280
147.659 23970
148.529 24310
148.541 24650
148.768 24990
148.995 25330
149.229 25670
149.468 26010
149.708 26350
149.947 26690
150.193 27030
150.445 27370
150.697 27710
150.95 28050
151.208 28390
151.473 28730
151.738 29070
152.002 29410
152.273 29750
152.551 30090
152.828 30430
153.106 30770
153.389 31110
153.679 31450
153.969 31790
154.259 32130
154.555 32470
154.858 32810
155.161 33150
155.463 33490
155.772 33830
156.087 34170
156.403 34510
156.718 34850
157.039 35190
157.367 35530
157.695 35870
158.023 36210
158.357 36550
158.697 36890
159.038 37230
159.378 37570
159.725 37910
160.078 38250
160.431 38590
160.784 38930
161.143 39270
161.509 39610
161.874 39950
162.24 40290
162.612 40630
162.99 40970
163.368 41310
163.747 41650
164.131 41990
164.522 42330
164.913 42670
165.304 43010
165.701 43350
166.104 43690
166.508 44030
166.911 44370
167.321 44710
167.737 45050
168.153 45390
168.569 45730
168.992 46070
169.42 46410
169.849 46750
170.278 47090
170.713 47430
171.154 47770
171.595 48110
172.036 48450
172.046 23970
172.916 24310
172.928 24650
173.155 24990
173.382 25330
173.616 25670
173.855 26010
174.095 26350
174.334 26690
174.58 27030
174.832 27370
175.084 27710
175.337 28050
175.595 28390
175.86 28730
176.125 29070
176.389 29410
176.66 29750
176.938 30090
177.215 30430
177.493 30770
177.776 31110
178.066 31450
178.356 31790
178.646 32130
178.942 32470
179.245 32810
179.548 33150
179.85 33490
180.159 33830
180.474 34170
180.79 34510
181.105 34850
181.426 35190
181.754 35530
182.082 35870
182.41 36210
182.744 36550
183.084 36890
183.425 37230
183.765 37570
184.112 37910
184.465 38250
184.818 38590
185.171 38930
185.53 39270
185.896 39610
186.261 39950
186.627 40290
186.999 40630
187.377 40970
187.755 41310
188.134 41650
188.518 41990
188.909 42330
189.3 42670
189.691 43010
190.088 43350
190.491 43690
190.889 44030
191.298 44370
191.708 44710
192.118 45050
192.534 45390
192.956 45730
193.379 46070
193.801 46410
194.23 46750
194.665 47090
195.1 47430
195.535 47770
195.976 48110
196.427 23800
197.082 24140
197.089 24480
197.315 24820
197.542 25160
197.776 25500
198.015 25840
198.255 26180
198.494 26520
198.74 26860
198.992 27200
199.245 27540
199.497 27880
199.755 28220
200.02 28560
200.285 28900
200.549 29240
200.821 29580
201.098 29920
201.375 30260
201.653 30600
201.936 30940
202.226 31280
202.516 31620
202.806 31960
203.103 32300
203.405 32640
203.708 32980
204.01 33320
204.319 33660
204.634 34000
204.95 34340
205.265 34680
205.586 35020
205.914 35360
206.236 35700
206.57 36040
206.904 36380
207.238 36720
207.578 37060
207.925 37400
208.272 37740
208.619 38080
208.972 38420
209.331 38760
209.69 39100
210.05 39440
210.415 39780
210.787 40120
211.159 40460
211.531 40800
211.909 41140
212.294 41480
212.678 41820
213.063 42160
213.454 42500
213.851 42840
214.248 43180
214.645 43520
214.74 21590
215.14 22270
215.291 22610
215.499 22950
215.714 23290
215.928 23630
216.142 23970
216.363 24310
216.59 24650
216.817 24990
217.044 25330
217.277 25670
217.517 26010
217.756 26350
217.996 26690
218.242 27030
218.494 27370
218.746 27710
218.998 28050
219.257 28390
219.521 28730
219.786 29070
220.051 29410
220.322 29750
220.599 30090
220.877 30430
221.154 30770
221.438 31110
221.728 31450
222.018 31790
222.308 32130
222.604 32470
222.907 32810
223.209 33150
223.512 33490
223.821 33830
224.136 34170
224.451 34510
224.766 34850
225.088 35190
225.416 35530
225.743 35870
226.071 36210
226.405 36550
226.746 36890
227.086 37230
227.427 37570
227.773 37910
228.12 38250
228.473 38590
228.832 38930
229.192 39270
229.551 39610
229.917 39950
230.289 40290
230.661 40630
231.032 40970
231.411 41310
231.795 41650
232.18 41990
232.564 42330
232.955 42670
233.352 43010
233.749 43350
234.147 43690
234.55 44030
234.96 44370
235.37 44710
235.779 45050
236.195 45390
236.618 45730
237.04 46070
237.463 46410
237.891 46750
238.326 47090
238.761 47430
239.196 47770
239.637 48110
240.088 23800
240.744 24140
240.75 24480
240.977 24820
241.204 25160
241.437 25500
241.677 25840
241.916 26180
242.156 26520
242.402 26860
242.654 27200
242.906 27540
243.158 27880
243.417 28220
243.681 28560
243.946 28900
244.211 29240
244.482 29580
244.759 29920
245.037 30260
245.314 30600
245.598 30940
245.888 31280
246.178 31620
246.468 31960
246.764 32300
247.067 32640
247.369 32980
247.672 33320
247.981 33660
248.296 34000
248.605 34340
248.926 34680
249.248 35020
249.569 35360
249.897 35700
250.231 36040
250.565 36380
250.899 36720
251.24 37060
251.587 37400
251.933 37740
252.28 38080
252.633 38420
252.992 38760
253.352 39100
253.711 39440
254.077 39780
254.449 40120
254.821 40460
255.193 40800
255.571 41140
255.955 41480
256.34 41820
256.724 42160
257.115 42500
257.512 42840
257.91 43180
258.307 43520
258.71 43860
259.12 44200
259.53 44540
259.939 44880
260.355 45220
260.778 45560
261.2 45900
261.623 46240
262.051 46580
262.486 46920
262.921 47260
263.356 47600
263.797 47940
264.248 23800
264.904 24140
264.91 24480
265.137 24820
265.364 25160
265.597 25500
265.837 25840
266.076 26180
266.316 26520
266.562 26860
266.814 27200
267.066 27540
267.318 27880
267.577 28220
267.841 28560
268.106 28900
268.371 29240
268.642 29580
268.919 29920
269.197 30260
269.474 30600
269.758 30940
270.048 31280
270.338 31620
270.628 31960
270.924 32300
271.227 32640
271.315 16150
271.611 16830
271.718 17170
271.876 17510
272.034 17850
272.198 18190
272.361 18530
272.532 18870
272.708 19210
272.885 19550
273.061 19890
273.244 20230
273.433 20570
273.622 20910
273.811 21250
274.007 21590
274.209 21930
274.41 22270
274.612 22610
274.82 22950
275.034 23290
275.249 23630
275.463 23970
275.684 24310
275.911 24650
276.138 24990
276.365 25330
276.598 25670
276.837 26010
277.077 26350
277.316 26690
277.562 27030
277.814 27370
278.067 27710
278.319 28050
278.577 28390
278.842 28730
279.107 29070
279.372 29410
279.643 29750
279.92 30090
280.197 30430
280.475 30770
280.758 31110
281.048 31450
281.338 31790
281.628 32130
281.925 32470
282.227 32810
282.53 33150
282.832 33490
283.141 33830
283.457 34170
283.772 34510
284.087 34850
284.408 35190
284.736 35530
285.064 35870
285.392 36210
285.726 36550
286.066 36890
286.407 37230
286.747 37570
287.094 37910
287.447 38250
287.8 38590
288.153 38930
288.512 39270
288.878 39610
289.244 39950
289.609 40290
289.981 40630
290.359 40970
290.738 41310
291.116 41650
291.5 41990
291.891 42330
292.282 42670
292.673 43010
293.07 43350
293.474 43690
293.877 44030
294.28 44370
294.69 44710
295.106 45050
295.522 45390
295.938 45730
296.361 46070
296.789 46410
297.218 46750
297.647 47090
298.082 47430
298.523 47770
298.964 48110
299.406 48450
299.415 23970
300.285 24310
300.298 24650
300.525 24990
300.752 25330
300.985 25670
301.224 26010
301.464 26350
301.703 26690
301.949 27030
302.201 27370
302.454 27710
302.706 28050
302.964 28390
303.229 28730
303.494 29070
303.759 29410
304.03 29750
304.307 30090
304.584 30430
304.862 30770
305.145 31110
305.435 31450
305.725 31790
306.015 32130
306.312 32470
306.614 32810
306.917 33150
307.219 33490
307.528 33830
307.844 34170
308.159 34510
308.474 34850
308.795 35190
309.123 35530
309.451 35870
309.779 36210
310.113 36550
310.453 36890
310.794 37230
311.134 37570
311.481 37910
311.834 38250
312.187 38590
312.54 38930
312.899 39270
313.259 39610
313.624 39950
313.996 40290
314.368 40630
314.74 40970
315.118 41310
315.503 41650
315.887 41990
316.272 42330
316.663 42670
317.06 43010
317.457 43350
317.854 43690
318.258 44030
318.667 44370
319.077 44710
319.487 45050
319.903 45390
320.325 45730
320.748 46070
321.17 46410
321.599 46750
322.034 47090
322.469 47430
322.904 47770
323.345 48110
323.796 23800
324.451 24140
324.458 24480
324.647 12070
324.867 12750
324.88 13090
325 13430
325.126 13770
325.252 14110
325.378 14450
325.51 14790
325.649 15130
325.788 15470
325.927 15810
326.072 16150
326.223 16490
326.374 16830
326.525 17170
326.683 17510
326.847 17850
327.011 18190
327.175 18530
327.345 18870
327.521 19210
327.698 19550
327.874 19890
328.057 20230
328.246 20570
328.436 20910
328.625 21250
328.82 21590
329.022 21930
329.224 22270
329.425 22610
329.633 22950
329.848 23290
330.062 23630
330.276 23970
330.497 24310
330.718 24650
330.945 24990
331.178 25330
331.411 25670
331.644 26010
331.884 26350
332.13 26690
332.376 27030
332.621 27370
332.874 27710
333.132 28050
333.39 28390
333.649 28730
333.914 29070
334.185 29410
334.456 29750
334.727 30090
335.004 30430
335.288 30770
335.572 31110
335.855 31450
336.145 31790
336.442 32130
336.738 32470
337.034 32810
337.337 33150
337.646 33490
337.955 33830
338.263 34170
338.579 34510
338.9 34850
339.222 35190
339.543 35530
339.871 35870
340.205 36210
340.539 36550
340.873 36890
341.214 37230
341.56 37570
341.907 37910
342.254 38250
342.607 38590
342.966 38930
343.326 39270
343.685 39610
344.051 39950
344.422 40290
344.794 40630
345.166 40970
345.545 41310
345.929 41650
346.314 41990
346.698 42330
347.089 42670
347.486 43010
347.883 43350
348.281 43690
348.684 44030
349.094 44370
349.504 44710
349.913 45050
350.329 45390
350.752 45730
351.174 46070
351.596 46410
352.025 46750
352.46 47090
352.895 47430
353.33 47770
353.771 48110
354.222 23800
354.878 24140
354.884 24480
355.111 24820
355.338 25160
355.571 25500
355.811 25840
356.05 26180
356.29 26520
356.536 26860
356.788 27200
357.04 27540
357.292 27880
357.551 28220
357.815 28560
358.08 28900
358.345 29240
358.616 29580
358.887 29920
359.164 30260
359.448 30600
359.732 30940
360.015 31280
360.305 31620
360.602 31960
360.898 32300
361.194 32640
361.497 32980
361.806 33320
362.115 33660
362.424 34000
362.739 34340
363.06 34680
363.382 35020
363.703 35360
364.031 35700
364.365 36040
364.699 36380
365.033 36720
365.374 37060
365.721 37400
366.067 37740
366.414 38080
366.767 38420
367.126 38760
367.486 39100
367.845 39440
368.211 39780
368.583 40120
368.955 40460
369.326 40800
369.705 41140
370.089 41480
370.474 41820
370.858 42160
371.249 42500
371.646 42840
372.043 43180
372.441 43520
372.844 43860
373.254 44200
373.664 44540
374.073 44880
374.489 45220
374.912 45560
375.334 45900
375.757 46240
376.185 46580
376.62 46920
377.055 47260
377.49 47600
377.931 47940
378.382 23800
379.038 24140
379.044 24480
379.271 24820
379.498 25160
379.731 25500
379.971 25840
380.21 26180
380.45 26520
380.696 26860
380.948 27200
381.2 27540
381.452 27880
381.711 28220
381.975 28560
382.24 28900
382.505 29240
382.776 29580
383.053 29920
383.331 30260
383.608 30600
383.892 30940
384.176 31280
384.465 31620
384.762 31960
385.058 32300
385.354 32640
385.657 32980
385.966 33320
386.275 33660
386.584 34000
386.899 34340
387.22 34680
387.542 35020
387.863 35360
388.191 35700
388.525 36040
388.859 36380
389.193 36720
389.534 37060
389.881 37400
390.227 37740
390.574 38080
390.927 38420
391.286 38760
391.646 39100
392.005 39440
392.371 39780
392.743 40120
393.115 40460
393.487 40800
393.865 41140
394.249 41480
394.634 41820
395.018 42160
395.409 42500
395.806 42840
396.204 43180
396.601 43520
397.004 43860
397.414 44200
397.824 44540
398.233 44880
398.649 45220
399.072 45560
399.494 45900
399.917 46240
400.345 46580
400.78 46920
401.215 47260
401.65 47600
402.091 47940
402.542 23800
403.198 24140
403.204 24480
403.431 24820
403.658 25160
403.891 25500
404.131 25840
404.37 26180
404.61 26520
404.856 26860
405.108 27200
405.36 27540
405.612 27880
405.871 28220
406.135 28560
406.4 28900
406.665 29240
406.936 29580
407.213 29920
407.491 30260
407.768 30600
408.052 30940
408.342 31280
408.632 31620
408.922 31960
409.218 32300
409.514 32640
409.817 32980
410.126 33320
410.435 33660
410.744 34000
411.059 34340
411.38 34680
411.702 35020
412.023 35360
412.351 35700
412.685 36040
413.019 36380
413.354 36720
413.694 37060
414.041 37400
414.387 37740
414.734 38080
415.087 38420
415.447 38760
415.806 39100
416.165 39440
416.531 39780
416.903 40120
417.275 40460
417.647 40800
418.025 41140
418.409 41480
418.794 41820
419.178 42160
419.569 42500
419.966 42840
420.364 43180
420.761 43520
421.164 43860
421.574 44200
421.984 44540
422.394 44880
422.81 45220
423.232 45560
423.654 45900
424.077 46240
424.505 46580
424.94 46920
425.375 47260
425.81 47600
426.252 47940
426.702 23800
427.358 24140
427.364 24480
427.591 24820
427.818 25160
428.051 25500
428.291 25840
428.53 26180
428.77 26520
429.016 26860
429.268 27200
429.52 27540
429.772 27880
430.031 28220
430.296 28560
430.56 28900
430.825 29240
431.096 29580
431.374 29920
431.651 30260
431.928 30600
432.212 30940
432.502 31280
432.792 31620
433.082 31960
433.378 32300
433.675 32640
433.977 32980
434.286 33320
434.595 33660
434.904 34000
435.219 34340
435.541 34680
435.862 35020
436.184 35360
436.511 35700
436.845 36040
437.18 36380
437.514 36720
437.854 37060
438.201 37400
438.548 37740
438.894 38080
439.247 38420
439.607 38760
439.966 39100
440.325 39440
440.691 39780
441.063 40120
441.435 40460
441.807 40800
442.185 41140
442.569 41480
442.954 41820
443.339 42160
443.729 42500
444.127 42840
444.524 43180
444.921 43520
445.324 43860
445.734 44200
446.144 44540
446.554 44880
446.97 45220
447.392 45560
447.814 45900
448.237 46240
448.665 46580
449.1 46920
449.535 47260
449.97 47600
450.412 47940
450.862 23800
451.518 24140
451.524 24480
451.751 24820
451.978 25160
452.211 25500
452.451 25840
452.691 26180
452.93 26520
453.176 26860
453.428 27200
453.68 27540
453.932 27880
454.191 28220
454.456 28560
454.72 28900
454.985 29240
455.256 29580
455.534 29920
455.811 30260
456.088 30600
456.372 30940
456.662 31280
456.952 31620
457.242 31960
457.538 32300
457.835 32640
458.137 32980
458.446 33320
458.755 33660
459.064 34000
459.379 34340
459.701 34680
460.022 35020
460.344 35360
460.671 35700
461.006 36040
461.34 36380
461.674 36720
462.014 37060
462.361 37400
462.708 37740
463.054 38080
463.407 38420
463.767 38760
464.126 39100
464.485 39440
464.851 39780
465.223 40120
465.595 40460
465.967 40800
466.345 41140
466.73 41480
467.114 41820
467.499 42160
467.889 42500
468.287 42840
468.684 43180
469.081 43520
469.484 43860
469.894 44200
470.304 44540
470.714 44880
471.13 45220
471.552 45560
471.974 45900
472.397 46240
472.826 46580
473.26 46920
473.695 47260
474.13 47600
474.572 47940
475.022 23800
475.678 24140
475.684 24480
475.911 24820
476.138 25160
476.372 25500
476.611 25840
476.851 26180
477.09 26520
477.336 26860
477.588 27200
477.84 27540
478.093 27880
478.351 28220
478.616 28560
478.881 28900
479.145 29240
479.416 29580
479.694 29920
479.971 30260
480.248 30600
480.532 30940
480.822 31280
481.112 31620
481.402 31960
481.698 32300
481.995 32640
482.297 32980
482.606 33320
482.915 33660
483.224 34000
483.539 34340
483.861 34680
484.182 35020
484.504 35360
484.831 35700
485.166 36040
485.5 36380
485.834 36720
486.174 37060
486.521 37400
486.868 37740
487.214 38080
487.567 38420
487.927 38760
488.286 39100
488.645 39440
489.011 39780
489.383 40120
489.755 40460
490.127 40800
490.505 41140
490.89 41480
491.274 41820
491.659 42160
492.05 42500
492.447 42840
492.844 43180
493.241 43520
493.644 43860
494.054 44200
494.464 44540
494.874 44880
495.29 45220
495.712 45560
496.135 45900
496.557 46240
496.986 46580
497.421 46920
497.856 47260
498.291 47600
498.732 47940
499.183 23800
499.838 24140
499.844 24480
500.071 24820
