0.0 0
0.100928 3400
0.204944 3740
0.211248 4080
0.217552 4420
0.223856 4760
0.23016 5100
0.308528 5440
0.314832 5780
0.321136 6120
0.32744 6460
0.333744 6800
0.340048 7140
0.346352 7480
0.412112 7820
0.418416 8160
0.42472 8500
0.431024 8840
0.437328 9180
0.443632 9520
0.449936 9860
0.45624 10200
0.462544 10540
0.468848 10880
0.475152 11220
0.518848 11560
0.525152 11900
0.531456 12240
0.53776 12580
0.544064 12920
0.550368 13260
0.556672 13600
0.562976 13940
0.56928 14280
0.575584 14620
0.581888 14960
0.588192 15300
0.594496 15640
0.6008 15980
0.607104 16320
0.613408 16660
0.622432 17000
0.628736 17340
0.63504 17680
0.641344 18020
0.647648 18360
0.653952 18700
0.660256 19040
0.66656 19380
0.672864 19720
0.679168 20060
0.685472 20400
0.691776 20740
0.69808 21080
0.704384 21420
0.710688 21760
0.716992 22100
0.723296 22440
0.7296 22780
0.735904 23120
0.742208 23460
0.748512 23800
0.754816 24140
0.76112 24480
0.767424 24820
0.773728 25160
0.780032 25500
0.786336 25840
0.79264 26180
0.798944 26520
0.805248 26860
0.811552 27200
0.817856 27540
0.82416 27880
0.830464 28220
0.836768 28560
0.843072 28900
0.849376 29240
0.85568 29580
0.861984 29920
0.868288 30260
0.874592 30600
0.880896 30940
0.8872 31280
0.893504 31620
0.899808 31960
0.906112 32300
0.912416 32640
0.91872 32980
0.925024 33320
0.931328 33660
0.937632 34000
0.943936 34340
0.95024 34680
0.956544 35020
0.962848 35360
0.969152 35700
0.975456 36040
0.98176 36380
0.988064 36720
0.994368 37060
1.00067 37400
1.00698 37740
1.01328 38080
1.01958 38420
1.02589 38760
1.03219 39100
1.0385 39440
1.0448 39780
1.0511 40120
1.05741 40460
1.06371 40800
1.07002 41140
1.07632 41480
1.08262 41820
1.08893 42160
1.09523 42500
1.10154 42840
1.10784 43180
1.11414 43520
1.12045 43860
1.12675 44200
1.13306 44540
1.13936 44880
1.14566 45220
1.15197 45560
1.15827 45900
1.16458 46240
1.17088 46580
1.17718 46920
1.18349 47260
1.18979 47600
1.1961 47940
1.2024 48280
1.2087 48620
1.21501 48960
1.22131 49300
1.22762 49640
1.23392 49980
1.24022 50320
1.24653 50660
1.25283 51000
1.25914 51340
1.26544 51680
1.27174 52020
1.27805 52360
1.28435 52700
1.29066 53040
1.29696 53380
1.30326 53720
1.30957 54060
1.31587 54400
1.32218 54740
1.32848 55080
1.33478 55420
1.34109 55760
1.34739 56100
1.3537 56440
1.36 56780
1.3663 57120
1.37261 57460
1.37891 57800
1.38522 58140
1.39152 58480
1.39782 58820
1.40413 59160
1.41043 59500
1.41674 59840
1.42304 60180
1.42934 60520
1.43565 60860
1.44195 61200
1.44826 61540
1.45456 61880
1.46086 62220
1.46717 62560
1.47347 62900
1.47978 63240
1.48608 63580
1.49238 63920
1.49869 64260
1.50499 64600
1.5113 64940
1.5176 65280
1.5239 65620
1.53021 65960
1.53651 66300
1.54282 66640
1.54912 66980
1.55542 67320
1.56173 67660
1.56803 68000
1.57434 68340
1.58064 68680
1.58694 69020
1.59325 69360
1.59955 69700
1.60586 70040
1.61216 70380
1.61846 70720
1.62477 71060
1.63107 71400
1.63738 71740
1.64368 72080
1.64998 72420
1.65629 72760
1.66259 73100
1.6689 73440
1.6752 73780
1.6815 74120
1.68781 74460
1.69411 74800
1.70042 75140
1.70672 75480
1.71302 75820
1.71933 76160
1.72563 76500
1.73194 76840
1.73824 77180
1.74454 77520
1.75085 77860
1.75715 78200
1.76346 78540
1.76976 78880
1.77606 79220
1.78237 79560
1.78867 79900
1.79498 80240
1.80128 80580
1.80758 80920
1.81389 81260
1.82019 81600
1.8265 81940
1.8328 82280
1.8391 82620
1.84541 82960
1.85171 83300
1.85802 83640
1.86747 41650
3.38125 340
3.47814 680
3.58173 1020
3.68531 1360
3.7889 1700
3.79835 2040
3.89878 2380
3.90824 2720
4.00237 3060
4.01182 3400
4.02128 3740
4.1091 4080
4.11856 4420
4.12802 4760
4.13747 5100
4.21584 5440
4.2253 5780
4.23475 6120
4.24421 6460
4.25366 6800
4.31942 7140
4.32888 7480
4.33834 7820
4.34779 8160
4.35725 8500
4.3667 8840
4.37616 9180
4.42616 9520
4.43562 9860
4.44507 10200
4.45453 10540
4.46398 10880
4.47344 11220
4.4829 11560
4.49235 11900
4.50181 12240
4.52974 12580
4.5392 12920
4.54866 13260
4.55811 13600
4.56757 13940
4.57702 14280
4.58648 14620
4.59594 14960
4.60539 15300
4.61485 15640
4.6243 15980
4.63376 16320
4.64322 16660
4.65267 17000
4.66213 17340
4.67158 17680
4.68104 18020
4.6905 18360
4.69995 18700
4.70941 19040
4.71886 19380
4.72832 19720
4.73778 20060
4.74723 20400
4.75669 20740
4.89853 10200
5.31144 10540
5.45013 10880
5.6487 11220
5.85358 11560
6.05846 11900
6.26965 12240
6.48714 12580
6.70462 12920
6.92842 13260
7.15536 13600
7.38861 13940
7.62186 14280
7.85826 14620
8.10411 14960
8.35627 15300
8.60528 15640
8.8669 15980
9.13797 16320
9.40589 16660
9.68011 17000
9.96064 17340
10.2475 17680
10.5532 18020
10.8527 18360
11.1616 18700
11.4736 19040
11.7951 19380
12.1229 19720
12.4539 20060
12.7943 20400
13.1379 20740
13.4814 21080
13.8344 21420
14.1906 21760
14.55 22100
14.9219 22440
15.2875 22780
15.6626 23120
16.0408 23460
16.4222 23800
16.8099 24140
17.2008 24480
17.5885 24820
17.9919 25160
18.408 25500
18.7736 25840
19.0132 26180
19.259 26520
19.5049 26860
19.7508 27200
20.0029 27540
20.2677 13600
20.5198 14620
20.6459 14960
20.7846 15300
20.9296 15640
21.0746 15980
21.2196 16320
21.3709 16660
21.5285 17000
21.6861 17340
21.8437 17680
22.0076 18020
22.1778 18360
22.348 18700
22.5182 19040
22.6947 19380
22.8775 19720
23.0604 20060
23.2432 20400
23.4323 20740
23.6277 21080
23.8231 21420
24.0186 21760
24.2203 22100
24.4283 22440
24.6364 22780
24.8444 23120
25.0587 23460
25.2794 23800
25.5 24140
25.7206 24480
25.9476 24820
26.1808 25160
26.4141 25500
26.6473 25840
26.8869 26180
27.1327 26520
27.3786 26860
27.6244 27200
27.8766 27540
28.1351 27880
28.3935 28220
28.652 28560
28.9168 28900
29.1878 29240
29.4589 29580
29.73 29920
30.0074 30260
30.291 30600
30.5747 30940
30.8584 31280
31.1484 31620
31.4447 31960
31.741 32300
32.0372 32640
32.3398 32980
32.6487 33320
32.9576 33660
33.2665 34000
33.5817 34340
33.8969 34680
34.2184 35020
34.5462 35360
34.874 35700
35.2019 36040
35.536 36380
35.8764 36720
36.2168 37060
36.5572 37400
36.9039 37740
37.257 38080
37.61 38420
37.963 38760
38.3223 39100
38.688 39440
39.0536 39780
39.4192 40120
39.7912 40460
40.1694 40800
40.5476 41140
40.9259 41480
41.3104 41820
41.7013 42160
42.0921 42500
42.483 42840
42.8801 43180
43.2836 43520
43.687 43860
44.0905 44200
44.5003 44540
44.9163 44880
45.3324 45220
45.7484 45560
46.1708 45900
46.5995 46240
47.0282 46580
47.4568 46920
47.8918 47260
48.3331 47600
48.7744 47940
49.2156 48280
49.6632 48620
50.1171 48960
50.571 49300
51.0249 49640
51.4851 49980
51.9516 50320
52.4181 50660
52.8846 51000
53.3574 51340
53.8365 51680
54.3156 52020
54.7947 52360
55.2801 52700
55.7718 53040
56.2635 53380
56.7552 53720
57.2532 54060
57.7576 54400
58.2619 54740
58.7662 55080
59.2768 55420
59.7938 55760
60.3107 56100
60.3201 27880
60.8339 28560
61.0924 28900
61.3572 29240
61.6282 29580
61.9056 29920
62.183 30260
62.4604 30600
62.744 30940
63.034 31280
63.324 31620
63.614 31960
63.9103 32300
64.2129 32640
64.5155 32980
64.818 33320
65.1269 33660
65.4421 34000
65.7573 34340
66.0725 34680
66.394 35020
66.7219 35360
67.0497 35700
67.3775 36040
67.7116 36380
68.052 36720
68.3924 37060
68.7328 37400
69.0796 37740
69.4326 38080
69.7856 38420
70.1386 38760
70.498 39100
70.8636 39440
71.2292 39780
71.5948 40120
71.9668 40460
72.345 40800
72.7233 41140
73.1015 41480
73.486 41820
73.6373 20740
74.0219 21420
74.1417 21760
74.3434 22100
74.5514 22440
74.709 11050
75.0175 12070
75.1022 12410
75.2156 12750
75.3354 13090
75.4552 13430
75.575 13770
75.701 14110
75.8334 14450
75.9658 14790
76.0982 15130
76.2369 15470
76.3819 15810
76.5269 16150
76.6719 16490
76.8232 16830
76.9808 17170
77.1384 17510
77.296 17850
77.4599 18190
77.6301 18530
77.8003 18870
77.9705 19210
78.147 19550
78.3298 19890
78.5126 20230
78.6954 20570
78.8846 20910
79.08 21250
79.2754 21590
79.4708 21930
79.6726 22270
79.8806 22610
80.0886 22950
80.2967 23290
80.511 23630
80.7316 11560
80.9428 12580
81.0563 12920
81.1761 13260
81.3021 13600
81.4282 13940
81.5543 14280
81.6867 14620
81.8254 14960
81.9641 15300
82.1028 15640
82.2477 15980
82.399 16320
82.5503 16660
82.7016 17000
82.8592 17340
83.0231 17680
83.187 18020
83.3509 18360
83.5212 18700
83.6977 19040
83.8742 19380
84.0507 19720
84.2335 20060
84.4226 20400
84.6117 20740
84.8009 21080
84.9963 21420
85.1917 21760
85.3934 22100
85.6015 22440
85.8095 22780
86.0175 23120
86.2319 23460
86.4525 23800
86.6732 24140
86.8938 24480
87.1207 24820
87.354 25160
87.5872 25500
87.8205 25840
88.06 26180
88.3059 26520
88.5517 26860
88.7976 27200
89.0498 27540
89.3082 27880
89.5667 28220
89.8252 28560
90.0899 28900
90.361 29240
90.6321 29580
90.9031 29920
91.1805 30260
91.4642 30600
91.7479 30940
92.0316 31280
92.3215 31620
92.6178 31960
92.9141 32300
93.2104 32640
93.513 32980
93.8219 33320
94.1308 33660
94.4397 34000
94.7234 16830
95.0354 17510
95.048 17850
95.2119 18190
95.3758 18530
95.546 18870
95.7225 19210
95.8991 19550
96.0756 19890
96.2584 20230
96.4475 20570
96.6366 20910
96.8257 21250
97.0212 21590
97.2229 21930
97.4246 22270
97.6264 22610
97.8344 22950
98.0487 23290
98.2631 23630
98.4774 23970
98.698 24310
98.925 24650
99.1519 24990
99.3789 25330
99.6121 25670
99.8517 26010
100.091 26350
100.331 26690
100.577 27030
100.829 27370
101.081 27710
101.333 28050
101.592 28390
101.856 28730
102.121 29070
102.386 29410
102.657 29750
102.934 30090
103.212 30430
103.489 30770
103.773 31110
104.063 31450
104.353 31790
104.643 32130
104.939 32470
105.242 32810
105.544 33150
105.569 16320
105.872 17000
106.011 17340
106.175 17680
106.338 18020
106.502 18360
106.673 18700
106.849 19040
107.026 19380
107.202 19720
107.385 20060
107.574 20400
107.763 20740
107.952 21080
108.148 21420
108.349 21760
108.551 22100
108.753 22440
108.961 22780
109.175 23120
109.39 23460
109.604 23800
109.825 24140
110.052 24480
110.278 24820
110.505 25160
110.739 25500
110.978 25840
111.218 26180
111.457 26520
111.703 26860
111.955 27200
112.208 27540
112.46 27880
112.718 28220
112.983 28560
113.248 28900
113.512 29240
113.784 29580
114.061 29920
114.338 30260
114.616 30600
114.899 30940
115.189 31280
115.479 31620
115.769 31960
116.066 32300
116.368 32640
116.671 32980
116.973 33320
117.282 33660
117.597 34000
117.913 34340
118.228 34680
118.549 35020
118.877 35360
119.205 35700
119.533 36040
119.867 36380
120.207 36720
120.548 37060
120.888 37400
121.235 37740
121.588 38080
121.941 38420
122.243 19040
122.596 19720
122.622 20060
122.805 20400
122.994 20740
123.189 21080
123.384 21420
123.58 21760
123.782 22100
123.99 22440
124.198 22780
124.406 23120
124.62 23460
124.841 23800
125.061 24140
125.282 24480
125.509 24820
125.742 25160
125.975 25500
126.209 25840
126.448 26180
126.694 26520
126.94 26860
127.186 27200
127.438 27540
127.696 27880
127.955 28220
128.213 28560
128.478 28900
128.749 29240
129.02 29580
129.291 29920
129.569 30260
129.852 30600
130.136 30940
130.42 31280
130.71 31620
131.006 31960
131.302 32300
131.599 32640
131.901 32980
132.21 33320
132.519 33660
132.828 34000
133.143 34340
133.465 34680
133.786 35020
134.108 35360
134.435 35700
134.77 36040
135.104 36380
135.438 36720
135.778 37060
136.119 37400
136.465 37740
136.818 38080
137.171 38420
137.524 38760
137.884 39100
138.249 39440
138.615 39780
138.981 40120
139.353 40460
139.731 40800
140.109 41140
140.487 41480
140.872 41820
141.263 42160
141.653 42500
142.044 42840
142.441 43180
142.845 43520
143.248 43860
143.652 44200
144.062 44540
144.478 44880
144.894 45220
145.31 45560
145.732 45900
146.161 46240
146.59 46580
147.018 46920
147.453 47260
147.894 47600
148.336 47940
148.777 48280
149.225 48620
149.678 48960
150.132 49300
150.586 49640
151.046 49980
151.513 50320
151.979 50660
152.446 51000
152.919 51340
153.398 51680
153.877 52020
154.356 52360
154.841 52700
155.333 53040
155.825 53380
156.317 53720
156.815 54060
157.319 54400
157.823 54740
158.328 55080
158.838 55420
159.355 55760
159.872 56100
159.882 27880
160.395 28560
160.654 28900
160.919 29240
161.19 29580
161.467 29920
161.744 30260
162.022 30600
162.305 30940
162.595 31280
162.885 31620
163.175 31960
163.472 32300
163.774 32640
164.077 32980
164.379 33320
164.688 33660
165.004 34000
165.319 34340
165.508 17000
165.823 17680
165.886 18020
166.056 18360
166.226 18700
166.397 19040
166.573 19380
166.756 19720
166.939 20060
167.122 20400
167.311 20740
167.506 21080
167.702 21420
167.897 21760
168.099 22100
168.307 22440
168.515 22780
168.723 23120
168.937 23460
169.152 23800
169.372 24140
169.599 24480
169.826 24820
170.053 25160
170.286 25500
170.526 25840
170.765 26180
171.005 26520
171.251 26860
171.503 27200
171.755 27540
172.007 27880
172.266 28220
172.53 28560
172.795 28900
173.06 29240
173.331 29580
173.608 29920
173.886 30260
174.163 30600
174.447 30940
174.737 31280
175.027 31620
175.317 31960
175.613 32300
175.916 32640
176.218 32980
176.521 33320
176.83 33660
177.145 34000
177.46 34340
177.775 34680
178.097 35020
178.425 35360
178.753 35700
179.08 36040
179.414 36380
179.755 36720
180.095 37060
180.436 37400
180.782 37740
181.135 38080
181.488 38420
181.841 38760
182.201 39100
182.566 39440
182.932 39780
183.298 40120
183.67 40460
184.048 40800
184.426 41140
184.804 41480
185.189 41820
185.58 42160
185.971 42500
186.361 42840
186.759 43180
187.162 43520
187.566 43860
187.969 44200
188.379 44540
188.795 44880
189.211 45220
189.627 45560
190.049 45900
190.478 46240
190.907 46580
191.335 46920
191.695 23290
192.126 23970
192.158 24310
192.385 24650
192.612 24990
192.839 25330
193.072 25670
193.312 26010
193.551 26350
193.791 26690
194.037 27030
194.289 27370
194.541 27710
194.793 28050
195.052 28390
195.316 28730
195.581 29070
195.846 29410
196.117 29750
196.394 30090
196.672 30430
196.949 30770
197.233 31110
197.523 31450
197.813 31790
198.103 32130
198.399 32470
198.702 32810
199.004 33150
199.307 33490
199.616 33830
199.931 34170
200.246 34510
200.561 34850
200.883 35190
201.211 35530
201.538 35870
201.866 36210
202.2 36550
202.541 36890
202.881 37230
203.222 37570
203.568 37910
203.921 38250
204.274 38590
204.627 38930
204.987 39270
205.352 39610
205.718 39950
206.084 40290
206.455 40630
206.834 40970
207.212 41310
207.59 41650
207.975 41990
208.366 42330
208.756 42670
209.147 43010
209.544 43350
209.948 43690
210.351 44030
210.755 44370
211.165 44710
211.581 45050
211.997 45390
212.413 45730
212.835 46070
212.93 22780
213.352 23460
213.522 23800
213.743 24140
213.964 24480
214.19 24820
214.424 25160
214.657 25500
214.89 25840
215.13 26180
215.376 26520
215.621 26860
215.867 27200
216.119 27540
216.372 27880
216.63 28220
216.895 28560
217.16 28900
217.424 29240
217.695 29580
217.973 29920
218.25 30260
218.528 30600
218.811 30940
219.101 31280
219.391 31620
219.681 31960
219.978 32300
220.28 32640
220.583 32980
220.885 33320
221.194 33660
221.509 34000
221.825 34340
222.14 34680
222.461 35020
222.789 35360
223.117 35700
223.445 36040
223.779 36380
224.119 36720
224.46 37060
224.8 37400
225.147 37740
225.5 38080
225.853 38420
226.206 38760
226.565 39100
226.931 39440
227.296 39780
227.542 19720
227.908 20400
227.971 20740
228.16 21080
228.356 21420
228.557 21760
228.759 22100
228.961 22440
229.169 22780
229.383 23120
229.597 23460
229.812 23800
230.032 24140
230.259 24480
230.486 24820
230.713 25160
230.946 25500
231.186 25840
231.419 26180
231.665 26520
231.911 26860
232.157 27200
232.409 27540
232.667 27880
232.926 28220
233.184 28560
233.449 28900
233.72 29240
233.991 29580
234.262 29920
234.54 30260
234.823 30600
235.107 30940
235.391 31280
235.681 31620
235.977 31960
236.273 32300
236.57 32640
236.872 32980
237.181 33320
237.49 33660
237.799 34000
238.114 34340
238.436 34680
238.757 35020
239.079 35360
239.406 35700
239.741 36040
240.075 36380
240.409 36720
240.749 37060
241.096 37400
241.443 37740
241.789 38080
242.142 38420
242.502 38760
242.861 39100
243.22 39440
243.586 39780
243.958 40120
244.33 40460
244.702 40800
245.08 41140
245.313 20400
245.692 21080
245.767 21420
245.963 21760
246.164 22100
246.372 22440
246.58 22780
246.788 23120
247.003 23460
247.223 23800
247.444 24140
247.665 24480
247.892 24820
248.125 25160
248.358 25500
248.591 25840
248.831 26180
249.077 26520
249.323 26860
249.569 27200
249.821 27540
250.079 27880
250.338 28220
250.596 28560
250.861 28900
251.132 29240
251.403 29580
251.674 29920
251.951 30260
252.235 30600
252.519 30940
252.802 31280
253.092 31620
253.389 31960
253.685 32300
253.981 32640
254.284 32980
254.593 33320
254.902 33660
255.211 34000
255.526 34340
255.847 34680
256.169 35020
256.49 35360
256.818 35700
257.152 36040
257.486 36380
257.657 18020
257.991 18700
258.073 19040
258.249 19380
258.432 19720
258.615 20060
258.798 20400
258.987 20740
259.182 21080
259.378 21420
259.573 21760
259.775 22100
259.983 22440
260.191 22780
260.399 23120
260.613 23460
260.834 23800
261.054 24140
261.275 24480
261.502 24820
261.735 25160
261.962 25500
262.202 25840
262.441 26180
262.681 26520
262.927 26860
263.179 27200
263.431 27540
263.683 27880
263.942 28220
264.206 28560
264.471 28900
264.736 29240
265.007 29580
265.284 29920
265.562 30260
265.839 30600
266.123 30940
266.413 31280
266.703 31620
266.955 15640
267.242 16320
267.261 16660
267.418 17000
267.576 17340
267.733 17680
267.897 18020
268.068 18360
268.238 18700
268.408 19040
268.585 19380
268.767 19720
268.95 20060
269.133 20400
269.322 20740
269.518 21080
269.713 21420
269.908 21760
270.11 22100
270.318 22440
270.526 22780
270.734 23120
270.949 23460
271.169 23800
271.39 24140
271.61 24480
271.837 24820
272.071 25160
272.304 25500
272.537 25840
272.777 26180
273.023 26520
273.262 26860
273.514 27200
273.766 27540
274.019 27880
274.277 28220
274.542 28560
274.807 28900
275.071 29240
275.342 29580
275.62 29920
275.897 30260
276.175 30600
276.458 30940
276.748 31280
277.038 31620
277.328 31960
277.624 32300
277.927 32640
278.23 32980
278.532 33320
278.841 33660
279.156 34000
279.472 34340
279.787 34680
280.108 35020
280.436 35360
280.764 35700
281.092 36040
281.426 36380
281.766 36720
282.107 37060
282.447 37400
282.794 37740
283.147 38080
283.5 38420
283.853 38760
284.212 39100
284.578 39440
284.943 39780
285.309 40120
285.681 40460
285.769 20060
286.138 20740
286.283 21080
286.478 21420
286.68 21760
286.882 22100
287.084 22440
287.292 22780
287.506 23120
287.72 23460
287.935 23800
288.155 24140
288.382 24480
288.609 24820
288.836 25160
288.975 12410
289.202 13090
289.246 13430
289.372 13770
289.498 14110
289.624 14450
289.757 14790
289.895 15130
290.034 15470
290.173 15810
290.318 16150
290.469 16490
290.62 16830
290.771 17170
290.929 17510
291.093 17850
291.257 18190
291.421 18530
291.591 18870
291.767 19210
291.944 19550
292.121 19890
292.303 20230
292.492 20570
292.682 20910
292.871 21250
293.066 21590
293.268 21930
293.47 22270
293.671 22610
293.879 22950
294.094 23290
294.308 23630
294.522 23970
294.743 24310
294.964 24650
295.191 24990
295.424 25330
295.657 25670
295.89 26010
296.13 26350
296.376 26690
296.622 27030
296.867 27370
297.12 27710
297.378 28050
297.637 28390
297.895 28730
298.16 29070
298.431 29410
298.702 29750
298.765 14620
299.033 15300
299.14 15640
299.285 15980
299.436 16320
299.588 16660
299.739 17000
299.896 17340
300.06 17680
300.224 18020
300.388 18360
300.558 18700
300.735 19040
300.911 19380
301.088 19720
301.271 20060
301.46 20400
301.649 20740
301.838 21080
302.034 21420
302.235 21760
302.437 22100
302.639 22440
302.847 22780
303.061 23120
303.275 23460
303.49 23800
303.71 24140
303.931 24480
304.158 24820
304.391 25160
304.517 12410
304.744 13090
304.795 13430
304.921 13770
305.047 14110
305.173 14450
305.305 14790
305.444 15130
305.583 15470
305.721 15810
305.866 16150
306.011 16490
306.163 16830
306.32 17170
306.478 17510
306.635 17850
306.799 18190
306.97 18530
307.14 18870
307.31 19210
307.487 19550
307.669 19890
307.852 20230
308.035 20570
308.224 20910
308.42 21250
308.615 21590
308.81 21930
309.012 22270
309.22 22610
309.428 22950
309.636 23290
309.851 23630
310.071 23970
310.292 24310
310.512 24650
310.739 24990
310.973 25330
311.206 25670
311.439 26010
311.679 26350
311.925 26690
312.17 27030
312.416 27370
312.668 27710
312.927 28050
313.185 28390
313.444 28730
313.709 29070
313.98 29410
314.251 29750
314.522 30090
314.799 30430
315.083 30770
315.367 31110
315.65 31450
315.94 31790
316.236 32130
316.533 32470
316.829 32810
317.132 33150
317.441 33490
317.749 33830
318.058 34170
318.374 34510
318.695 34850
319.017 35190
319.338 35530
319.666 35870
320 36210
320.334 36550
320.668 36890
321.009 37230
321.355 37570
321.702 37910
322.049 38250
322.402 38590
322.761 38930
323.12 39270
323.48 39610
323.845 39950
324.217 40290
324.589 40630
324.961 40970
325.339 41310
325.699 20400
326.074 21080
326.086 21420
326.282 21760
326.484 22100
326.692 22440
326.9 22780
327.108 23120
327.322 23460
327.543 23800
327.763 24140
327.984 24480
328.211 24820
328.444 25160
328.677 25500
328.911 25840
329.15 26180
329.396 26520
329.642 26860
329.888 27200
330.14 27540
330.398 27880
330.657 28220
330.915 28560
331.18 28900
331.451 29240
331.722 29580
331.993 29920
332.271 30260
332.554 30600
332.838 30940
333.122 31280
333.412 31620
333.708 31960
334.004 32300
334.301 32640
334.603 32980
334.912 33320
335.221 33660
335.53 34000
335.845 34340
336.167 34680
336.488 35020
336.81 35360
337.137 35700
337.471 36040
337.806 36380
338.14 36720
338.48 37060
338.827 37400
339.167 37740
339.52 38080
339.873 38420
340.226 38760
340.586 39100
340.951 39440
341.317 39780
341.683 40120
342.054 40460
342.433 40800
342.811 41140
343.189 41480
343.574 41820
343.965 42160
344.355 42500
344.746 42840
345.143 43180
345.547 43520
345.95 43860
346.354 44200
346.764 44540
347.18 44880
347.596 45220
348.012 45560
348.434 45900
348.863 46240
349.291 46580
349.72 46920
350.155 47260
350.596 47600
351.038 47940
351.479 48280
351.927 48620
352.38 48960
352.834 49300
353.288 49640
353.748 49980
354.215 50320
354.681 50660
355.148 51000
355.621 51340
356.1 51680
356.579 52020
357.058 52360
357.543 52700
358.035 53040
358.527 53380
359.019 53720
359.517 54060
359.561 26860
360.056 27540
360.289 27880
360.547 28220
360.812 28560
361.077 28900
361.342 29240
361.562 14450
361.953 15130
362.029 15470
362.174 15810
362.319 16150
362.464 16490
362.615 16830
362.773 17170
362.93 17510
363.088 17850
363.252 18190
363.422 18530
363.592 18870
363.762 19210
363.939 19550
364.122 19890
364.304 20230
364.487 20570
364.676 20910
364.872 21250
365.067 21590
365.263 21930
365.464 22270
365.672 22610
365.88 22950
366.088 23290
366.303 23630
366.523 23970
366.744 24310
366.965 24650
367.192 24990
367.425 25330
367.658 25670
367.891 26010
368.131 26350
368.377 26690
368.623 27030
368.869 27370
369.121 27710
369.379 28050
369.638 28390
369.896 28730
370.161 29070
370.432 29410
370.703 29750
370.974 30090
371.251 30430
371.535 30770
371.819 31110
372.103 31450
372.392 31790
372.689 32130
372.985 32470
373.281 32810
373.584 33150
373.893 33490
374.202 33830
374.511 34170
374.826 34510
375.147 34850
375.469 35190
375.79 35530
376.118 35870
376.452 36210
376.786 36550
377.12 36890
377.461 37230
377.808 37570
378.154 37910
378.501 38250
378.854 38590
379.213 38930
379.573 39270
379.932 39610
380.298 39950
380.663 40290
381.035 40630
381.414 40970
381.792 41310
382.17 41650
382.555 41990
382.945 42330
383.336 42670
383.727 43010
384.124 43350
384.528 43690
384.931 44030
385.24 21760
385.644 22440
385.694 22780
385.902 23120
386.116 23460
386.337 23800
386.558 24140
386.778 24480
387.005 24820
387.238 25160
387.472 25500
387.705 25840
387.944 26180
388.19 26520
388.436 26860
388.682 27200
388.934 27540
389.186 27880
389.445 28220
389.71 28560
389.974 28900
390.239 29240
390.51 29580
390.788 29920
391.065 30260
391.342 30600
391.626 30940
391.916 31280
392.206 31620
392.496 31960
392.792 32300
393.095 32640
393.397 32980
393.7 33320
394.009 33660
394.324 34000
394.639 34340
394.955 34680
395.276 35020
395.604 35360
395.932 35700
396.259 36040
396.594 36380
396.934 36720
397.274 37060
397.615 37400
397.962 37740
398.315 38080
398.668 38420
399.021 38760
399.38 39100
399.746 39440
400.111 39780
400.477 40120
400.849 40460
401.227 40800
401.605 41140
401.983 41480
402.368 41820
402.759 42160
403.15 42500
403.541 42840
403.938 43180
404.341 43520
404.745 43860
405.148 44200
405.558 44540
405.974 44880
406.39 45220
406.806 45560
407.228 45900
407.657 46240
408.086 46580
408.514 46920
408.949 47260
409.391 47600
409.832 47940
410.273 48280
410.721 48620
411.175 48960
411.25 24310
411.698 24990
411.887 25330
412.12 25670
412.354 26010
412.593 26350
412.839 26690
413.085 27030
413.331 27370
413.583 27710
413.841 28050
414.1 28390
414.358 28730
414.623 29070
414.894 29410
415.165 29750
415.436 30090
415.714 30430
415.997 30770
416.281 31110
416.565 31450
416.855 31790
417.151 32130
417.447 32470
417.743 32810
418.046 33150
418.355 33490
418.664 33830
418.973 34170
419.288 34510
419.609 34850
419.931 35190
420.252 35530
420.58 35870
420.914 36210
421.248 36550
421.583 36890
421.923 37230
422.27 37570
422.616 37910
422.963 38250
423.316 38590
423.676 38930
424.029 39270
424.394 39610
424.76 39950
425.125 40290
425.497 40630
425.876 40970
426.254 41310
426.632 41650
427.017 41990
427.408 42330
427.798 42670
427.937 21080
428.328 21760
428.454 22100
428.662 22440
428.87 22780
429.078 23120
429.292 23460
429.513 23800
429.734 24140
429.954 24480
430.181 24820
430.415 25160
430.648 25500
430.881 25840
431.121 26180
431.366 26520
431.612 26860
431.858 27200
432.11 27540
432.369 27880
432.627 28220
432.886 28560
433.15 28900
433.422 29240
433.693 29580
433.964 29920
434.241 30260
434.525 30600
434.808 30940
435.092 31280
435.382 31620
435.678 31960
435.975 32300
436.271 32640
436.574 32980
436.882 33320
437.191 33660
437.5 34000
437.815 34340
438.137 34680
438.458 35020
438.78 35360
439.108 35700
439.442 36040
439.776 36380
440.11 36720
440.45 37060
440.797 37400
441.144 37740
441.491 38080
441.844 38420
442.203 38760
442.562 39100
442.922 39440
443.287 39780
443.659 40120
444.031 40460
444.403 40800
444.781 41140
445.166 41480
445.55 41820
445.935 42160
446.326 42500
446.723 42840
447.12 43180
447.517 43520
447.921 43860
448.33 44200
448.74 44540
449.15 44880
449.566 45220
449.988 45560
450.411 45900
450.833 46240
451.262 46580
451.697 46920
452.132 47260
452.567 47600
453.008 47940
453.456 48280
453.903 48620
454.351 48960
454.464 24310
454.915 24990
455.085 25330
455.318 25670
455.552 26010
455.791 26350
456.037 26690
456.283 27030
456.529 27370
456.781 27710
457.039 28050
457.298 28390
457.556 28730
457.821 29070
458.092 29410
458.357 29750
458.634 30090
458.912 30430
459.189 30770
459.473 31110
459.763 31450
460.053 31790
460.343 32130
460.639 32470
460.942 32810
461.244 33150
461.547 33490
461.856 33830
462.171 34170
462.486 34510
462.801 34850
463.123 35190
463.451 35530
463.778 35870
464.106 36210
464.44 36550
464.781 36890
465.121 37230
465.462 37570
465.808 37910
466.161 38250
466.514 38590
466.867 38930
467.227 39270
467.592 39610
467.958 39950
468.324 40290
468.696 40630
469.074 40970
469.452 41310
469.83 41650
470.215 41990
470.606 42330
470.997 42670
471.387 43010
471.785 43350
472.188 43690
472.591 44030
472.995 44370
473.405 44710
473.821 45050
474.237 45390
474.653 45730
475.075 46070
475.504 46410
475.933 46750
476.361 47090
476.796 47430
477.237 47770
477.679 48110
478.12 48450
478.568 48790
479.022 49130
479.475 49470
479.929 49810
480.389 50150
480.856 50490
481.322 50830
481.789 51170
482.262 51510
482.741 51850
483.22 52190
483.699 52530
484.184 52870
484.676 53210
485.168 53550
485.66 53890
486.158 54230
486.662 54570
487.166 54910
487.671 55250
488.181 55590
488.698 55930
489.215 56270
489.225 27880
489.738 28560
489.997 28900
490.262 29240
490.533 29580
490.81 29920
491.087 30260
491.365 30600
491.648 30940
491.863 15300
492.143 15980
492.181 16320
492.332 16660
492.49 17000
492.648 17340
492.805 17680
492.969 18020
493.133 18360
493.303 18700
493.48 19040
493.656 19380
493.833 19720
494.016 20060
494.205 20400
494.394 20740
494.583 21080
494.778 21420
494.98 21760
495.182 22100
495.384 22440
495.592 22780
495.806 23120
496.02 23460
496.235 23800
496.455 24140
496.682 24480
496.909 24820
497.136 25160
497.369 25500
497.609 25840
497.848 26180
498.088 26520
498.334 26860
498.586 27200
498.838 27540
499.09 27880
499.349 28220
499.614 28560
499.878 28900
