0.0 0
0.100928 3400
0.204944 3740
0.211248 4080
0.217552 4420
0.223856 4760
0.23016 5100
0.308528 5440
0.314832 5780
0.321136 6120
0.32744 6460
0.333744 6800
0.340048 7140
0.346352 7480
0.412112 7820
0.418416 8160
0.42472 8500
0.431024 8840
0.437328 9180
0.443632 9520
0.449936 9860
0.45624 10200
0.462544 10540
0.468848 10880
0.475152 11220
0.518848 11560
0.525152 11900
0.531456 12240
0.53776 12580
0.544064 12920
0.550368 13260
0.556672 13600
0.562976 13940
0.56928 14280
0.575584 14620
0.581888 14960
0.588192 15300
0.594496 15640
0.6008 15980
0.607104 16320
0.613408 16660
0.622432 17000
0.628736 17340
0.63504 17680
0.641344 18020
0.647648 18360
0.653952 18700
0.660256 19040
0.66656 19380
0.672864 19720
0.679168 20060
0.685472 20400
0.691776 20740
0.69808 21080
0.704384 21420
0.710688 21760
0.716992 22100
0.723296 22440
0.7296 22780
0.735904 23120
0.742208 23460
0.748512 23800
0.754816 24140
0.76112 24480
0.767424 24820
0.773728 25160
0.780032 25500
0.786336 25840
0.79264 26180
0.798944 26520
0.805248 26860
0.811552 27200
0.817856 27540
0.82416 27880
0.830464 28220
0.836768 28560
0.843072 28900
0.849376 29240
0.85568 29580
0.861984 29920
0.868288 30260
0.874592 30600
0.880896 30940
0.8872 31280
0.893504 31620
0.899808 31960
0.906112 32300
0.912416 32640
0.91872 32980
0.925024 33320
0.931328 33660
0.937632 34000
0.943936 34340
0.95024 34680
0.956544 35020
0.962848 35360
0.969152 35700
0.975456 36040
0.98176 36380
0.988064 36720
0.994368 37060
1.00067 37400
1.00698 37740
1.01328 38080
1.01958 38420
1.02589 38760
1.03219 39100
1.0385 39440
1.0448 39780
1.0511 40120
1.05741 40460
1.06371 40800
1.07002 41140
1.07632 41480
1.08262 41820
1.08893 42160
1.09523 42500
1.10154 42840
1.10784 43180
1.11414 43520
1.12045 43860
1.12675 44200
1.13306 44540
1.13936 44880
1.14566 45220
1.15197 45560
1.15827 45900
1.16458 46240
1.17088 46580
1.17718 46920
1.18349 47260
1.18979 47600
1.1961 47940
1.2024 48280
1.2087 48620
1.21501 48960
1.22131 49300
1.22762 49640
1.23392 49980
1.24022 50320
1.24653 50660
1.25283 51000
1.25914 51340
1.26544 51680
1.27174 52020
1.27805 52360
1.28435 52700
1.29066 53040
1.29696 53380
1.30326 53720
1.30957 54060
1.31587 54400
1.32218 54740
1.32848 55080
1.33478 55420
1.34109 55760
1.34739 56100
1.3537 56440
1.36 56780
1.3663 57120
1.37261 57460
1.37891 57800
1.38522 58140
1.39152 58480
1.39782 58820
1.40413 59160
1.41043 59500
1.41674 59840
1.42304 60180
1.42934 60520
1.43565 60860
1.44195 61200
1.44826 61540
1.45456 61880
1.46086 62220
1.46717 62560
1.47347 62900
1.47978 63240
1.48608 63580
1.49238 63920
1.49869 64260
1.50499 64600
1.5113 64940
1.5176 65280
1.5239 65620
1.53021 65960
1.53651 66300
1.54282 66640
1.54912 66980
1.55542 67320
1.56173 67660
1.56803 68000
1.57434 68340
1.58064 68680
1.58694 69020
1.59325 69360
1.59955 69700
1.60586 70040
1.61216 70380
1.61846 70720
1.62477 71060
1.63107 71400
1.63738 71740
1.64368 72080
1.64998 72420
1.65629 72760
1.66259 73100
1.6689 73440
1.6752 73780
1.6815 74120
1.68781 74460
1.69411 74800
1.70042 75140
1.70672 75480
1.71302 75820
1.71933 76160
1.72563 76500
1.73194 76840
1.73824 77180
1.74454 77520
1.75085 77860
1.75715 78200
1.76346 78540
1.76976 78880
1.77606 79220
1.78237 79560
1.78867 79900
1.80128 80240
1.80758 80580
1.81389 80920
1.82019 81260
1.8265 81600
1.8328 81940
1.8391 82280
1.84541 82620
1.85171 82960
1.85802 83300
1.86747 41480
3.38125 340
3.47814 680
3.58173 1020
3.68531 1360
3.7889 1700
3.79835 2040
3.89878 2380
3.90824 2720
4.00237 3060
4.01182 3400
4.02128 3740
4.1091 4080
4.11856 4420
4.12802 4760
4.13747 5100
4.21584 5440
4.2253 5780
4.23475 6120
4.24421 6460
4.25366 6800
4.31942 7140
4.32888 7480
4.33834 7820
4.34779 8160
4.35725 8500
4.3667 8840
4.37616 9180
4.42616 9520
4.43562 9860
4.44507 10200
4.45453 10540
4.46398 10880
4.47344 11220
4.4829 11560
4.49235 11900
4.50181 12240
4.52974 12580
4.5392 12920
4.54866 13260
4.55811 13600
4.56757 13940
4.57702 14280
4.58648 14620
4.59594 14960
4.60539 15300
4.61485 15640
4.6243 15980
4.63376 16320
4.64322 16660
4.65267 17000
4.66213 17340
4.67158 17680
4.68104 18020
4.6905 18360
4.69995 18700
4.70941 19040
4.71886 19380
4.72832 19720
4.73778 20060
4.74723 20400
4.75669 20740
4.89538 10200
5.30829 10540
5.45328 10880
5.65186 11220
5.85674 11560
6.06162 11900
6.2728 12240
6.49029 12580
6.70778 12920
6.93157 13260
7.15851 13600
7.39176 13940
7.62501 14280
7.86141 14620
8.10096 14960
8.35312 15300
8.59898 15640
8.86059 15980
9.13482 16320
9.40904 16660
9.69272 17000
9.9764 17340
10.2695 17680
10.569 18020
10.8716 18360
11.171 18700
11.4862 19040
11.7951 19380
12.1166 19720
12.4413 20060
12.7817 20400
13.1221 20740
13.4688 21080
13.8124 21420
14.1654 21760
14.5216 22100
14.8841 22440
15.2528 22780
15.6311 23120
16.0093 23460
16.3876 23800
16.7784 24140
17.1693 24480
17.5633 24820
17.9636 25160
18.3733 25500
18.7862 25840
19.2118 26180
19.5774 26520
19.8232 26860
20.0754 27200
20.2267 13430
20.4757 14110
20.5198 14450
20.6522 14790
20.7909 15130
20.9296 15470
21.0683 15810
21.2133 16150
21.3646 16490
21.5159 16830
21.6672 17170
21.8248 17510
21.9887 17850
22.1526 18190
22.3165 18530
22.4867 18870
22.6632 19210
22.8397 19550
23.0162 19890
23.199 20230
23.3882 20570
23.5773 20910
23.7664 21250
23.9618 21590
24.1636 21930
24.3653 22270
24.567 22610
24.775 22950
24.9894 23290
25.2037 23630
25.418 23970
25.6387 24310
25.8656 24650
26.0863 24990
26.3195 25330
26.5528 25670
26.786 26010
27.0256 26350
27.2714 26690
27.5173 27030
27.7631 27370
28.0153 27710
28.2738 28050
28.5322 28390
28.7907 28730
29.0555 29070
29.3265 29410
29.5976 29750
29.8687 30090
30.146 30430
30.4297 30770
30.7134 31110
30.9971 31450
31.2871 31790
31.5834 32130
31.8796 32470
32.1759 32810
32.4785 33150
32.7874 33490
33.0963 33830
33.4052 34170
33.7204 34510
34.0419 34850
34.3634 35190
34.6849 35530
35.0127 35870
35.3468 36210
35.6305 17850
35.9583 18530
35.9772 18870
36.1538 19210
36.3303 19550
36.5068 19890
36.6896 20230
36.8787 20570
37.0678 20910
37.257 21250
37.4524 21590
37.6541 21930
37.8558 22270
38.0576 22610
38.2656 22950
38.4799 23290
38.6943 23630
38.9086 23970
39.1292 24310
39.3562 24650
39.5831 24990
39.8101 25330
40.0433 25670
40.2829 26010
40.5224 26350
40.762 26690
41.0078 27030
41.26 27370
41.5122 27710
41.7643 28050
42.0228 28390
42.2876 28730
42.5334 14110
42.9148 14790
42.9274 15130
43.0661 15470
43.2111 15810
43.3561 16150
43.438 7820
43.583 8500
43.6456 8840
43.7555 9180
43.8686 9520
43.9784 9860
44.0852 10200
44.1951 10540
44.3081 10880
44.418 11220
44.5247 11560
44.6346 11900
44.7418 12240
44.8553 12580
44.975 12920
45.0948 13260
45.2146 13600
45.3407 13940
45.4731 14280
45.6054 14620
45.7378 14960
45.8765 15300
46.0215 15640
46.1665 15980
46.3115 16320
46.4628 16660
46.6204 17000
46.778 17340
46.9356 17680
47.0995 18020
47.2697 18360
47.4399 18700
47.5471 9180
47.7173 9860
47.7673 10200
47.8772 10540
47.9902 10880
48.1001 11220
48.2068 11560
48.3167 11900
48.4302 12240
48.5437 12580
48.6571 12920
48.7769 13260
48.8967 13600
49.0228 13940
49.1552 14280
49.2875 14620
49.4199 14960
49.5586 15300
49.7036 15640
49.8486 15980
49.9936 16320
50.1449 16660
50.3025 17000
50.4601 17340
50.6177 17680
50.7816 18020
50.9518 18360
51.122 18700
51.2922 19040
51.4687 9350
51.6389 10370
51.7551 10710
51.8619 11050
51.9717 11390
52.0785 11730
52.1884 12070
52.3018 12410
52.4153 12750
52.5288 13090
52.6486 13430
52.7746 13770
52.9007 14110
53.0268 14450
53.1592 14790
53.2979 15130
53.4366 15470
53.5752 15810
53.7202 16150
53.8715 16490
54.0165 7990
54.1615 9010
54.2777 9350
54.3844 9690
54.4943 10030
54.6227 10370
54.7326 10710
54.8393 11050
54.9492 11390
55.0623 11730
55.1721 12070
55.2793 12410
55.3928 12750
55.5126 13090
55.6323 13430
55.7521 13770
55.8782 14110
55.9349 6800
56.0579 7480
56.1394 7820
56.2524 8160
56.3623 8500
56.469 8840
56.5789 9180
56.6857 9520
56.7956 9860
56.9086 10200
57.0185 10540
57.1252 10880
57.2351 11220
57.3481 11560
57.458 11900
57.5652 12240
57.6787 12580
57.7984 12920
57.9182 13260
58.038 13600
58.1641 13940
58.2965 14280
58.4288 14620
58.5612 14960
58.6999 15300
58.8449 15640
58.9899 15980
59.1349 16320
59.2862 16660
59.4438 17000
59.6014 17340
59.759 17680
59.9229 18020
60.0931 18360
60.2633 18700
60.4335 19040
60.61 19380
60.7928 19720
60.9757 20060
61.1585 20400
61.3476 20740
61.543 21080
61.7384 21420
61.9339 21760
62.1356 22100
62.3436 22440
62.5517 22780
62.7597 23120
62.974 23460
63.1947 23800
63.4153 24140
63.636 24480
63.8629 24820
64.0961 25160
64.3231 25500
64.5626 25840
64.8022 26180
65.0417 26520
65.2876 26860
65.5398 27200
65.7919 27540
66.0441 27880
66.3025 28220
66.5673 28560
66.8321 28900
67.0968 29240
67.3679 29580
67.6453 29920
67.9227 30260
68.1181 14960
68.3923 15640
68.4364 15980
68.5814 16320
68.7327 16660
68.8903 17000
69.0479 17340
69.2055 17680
69.3757 8670
69.5333 9690
69.6432 10030
69.75 10370
69.8599 10710
69.9729 11050
70.0828 11390
70.1895 11730
70.2994 12070
70.4129 12410
70.5264 12750
70.6398 13090
70.7596 13430
70.8857 13770
71.0118 14110
71.1378 14450
71.2702 14790
71.4089 15130
71.5476 15470
71.6863 15810
71.8313 16150
71.9826 16490
72.1339 16830
72.2852 17170
72.4428 17510
72.6067 17850
72.7706 18190
72.9345 18530
73.1047 18870
73.2812 19210
73.4577 19550
73.6342 19890
73.817 20230
73.9431 9860
74.1259 10540
74.1696 10880
74.2795 11220
74.3863 11560
74.4961 11900
74.6096 12240
74.7231 12580
74.8366 12920
74.9563 13260
75.0824 13600
75.1644 6630
75.2873 7310
75.3499 7650
75.4598 7990
75.5665 8330
75.6764 8670
75.7832 9010
75.893 9350
76.0061 9690
76.116 10030
76.2227 10370
76.3326 10710
76.4456 11050
76.5555 11390
76.6623 11730
76.7721 12070
76.8856 12410
76.9991 12750
77.1126 13090
77.2323 13430
77.3584 13770
77.4845 14110
77.6106 14450
77.743 14790
77.8816 15130
78.0203 15470
78.159 15810
78.304 16150
78.4553 16490
78.6066 16830
78.7579 17170
78.9155 17510
79.0794 17850
79.2433 18190
79.4072 18530
79.5774 18870
79.7539 19210
79.9304 19550
80.107 19890
80.2898 20230
80.4789 20570
80.668 20910
80.8571 21250
81.0526 21590
81.248 21930
81.4497 22270
81.6577 22610
81.8658 22950
82.0738 23290
82.2881 23630
82.5088 23970
82.7294 24310
82.9501 24650
83.177 24990
83.4103 25330
83.6435 25670
83.8768 26010
84.1163 26350
84.3622 26690
84.608 27030
84.8539 27370
85.106 27710
85.1691 13600
85.4181 14280
85.5189 14620
85.6513 14960
85.79 15300
85.935 15640
86.08 15980
86.225 16320
86.3511 7990
86.4992 8670
86.5366 9010
86.6465 9350
86.7595 9690
86.8694 10030
86.9762 10370
87.086 10710
87.1991 11050
87.309 11390
87.4157 11730
87.5256 12070
87.6391 12410
87.7525 12750
87.866 13090
87.9858 13430
88.1119 13770
88.238 14110
88.364 14450
88.4964 14790
88.6351 15130
88.7738 15470
88.9125 15810
89.0575 16150
89.2088 16490
89.3601 16830
89.5114 17170
89.669 17510
89.8329 17850
89.9968 18190
90.1607 18530
90.3309 18870
90.5074 19210
90.6839 19550
90.8604 19890
91.0432 20230
91.2324 20570
91.4152 20910
91.6106 21250
91.806 21590
92.0014 21930
92.2032 22270
92.4112 22610
92.6192 22950
92.8273 23290
93.0416 23630
93.2622 23970
93.4829 24310
93.7035 24650
93.9305 24990
94.1637 25330
94.397 25670
94.6302 26010
94.8698 26350
95.1156 26690
95.3615 27030
95.6073 27370
95.8595 27710
96.118 28050
96.3764 28390
96.6349 28730
96.8996 29070
97.1707 29410
97.3598 14450
97.6278 15130
97.6656 15470
97.8043 15810
97.9493 16150
98.1006 16490
98.2519 16830
98.4032 17170
98.5608 17510
98.7247 17850
98.8886 18190
99.0525 18530
99.2227 18870
99.3992 19210
99.5757 19550
99.7522 19890
99.935 20230
100.124 20570
100.313 20910
100.502 21250
100.698 21590
100.9 21930
101.101 22270
101.303 22610
101.511 22950
101.725 23290
101.933 23630
102.154 23970
102.375 24310
102.595 24650
102.822 24990
103.056 25330
103.289 25670
103.522 26010
103.762 26350
104.007 26690
104.253 27030
104.455 13260
104.701 13940
104.726 14280
104.858 14620
104.991 14960
105.13 15300
105.275 15640
105.413 15980
105.564 16320
105.716 16660
105.867 17000
106.025 17340
106.189 17680
106.352 18020
106.516 18360
106.687 18700
106.863 19040
107.04 19380
107.216 19720
107.399 20060
107.588 20400
107.777 20740
107.966 21080
108.162 21420
108.363 21760
108.565 22100
108.767 22440
108.975 22780
109.189 23120
109.404 23460
109.618 23800
109.839 24140
110.066 24480
110.292 24820
110.519 25160
110.753 25500
110.992 25840
111.232 26180
111.471 26520
111.717 26860
111.969 27200
112.222 27540
112.474 27880
112.732 28220
112.997 28560
113.262 28900
113.526 29240
113.798 29580
114.075 29920
114.352 30260
114.63 30600
114.913 30940
115.203 31280
115.493 31620
115.783 31960
116.08 32300
116.382 32640
116.685 32980
116.987 33320
117.296 33660
117.611 34000
117.927 34340
118.242 34680
118.563 35020
118.891 35360
119.219 35700
119.547 36040
119.566 17850
119.893 18530
120.051 18870
120.221 19210
120.398 19550
120.581 19890
120.763 20230
120.946 20570
121.135 20910
121.331 21250
121.526 21590
121.722 21930
121.923 22270
122.131 22610
122.339 22950
122.547 23290
122.762 23630
122.982 23970
123.052 11730
123.266 12410
123.342 12750
123.455 13090
123.575 13430
123.701 13770
123.827 14110
123.953 14450
124.086 14790
124.224 15130
124.363 15470
124.502 15810
124.647 16150
124.798 16490
124.949 16830
125.101 17170
125.258 17510
125.328 8500
125.485 9180
125.554 9520
125.664 9860
125.777 10200
125.887 10540
125.994 10880
126.103 11220
126.217 11560
126.326 11900
126.434 12240
126.547 12580
126.667 12920
126.78 6290
126.897 7310
127.007 7650
127.117 7990
127.223 8330
127.333 8670
127.474 9010
127.584 9350
127.691 9690
127.801 10030
127.914 10370
128.024 10710
128.13 11050
128.24 11390
128.353 11730
128.463 12070
128.57 12410
128.684 12750
128.804 13090
128.923 13430
129.043 13770
129.169 14110
129.295 14450
129.428 14790
129.566 15130
129.705 15470
129.844 15810
129.989 16150
130.14 16490
130.291 16830
130.443 17170
130.6 17510
130.764 17850
130.928 18190
131.092 18530
131.262 18870
131.439 19210
131.615 19550
131.792 19890
131.975 20230
132.164 20570
132.353 20910
132.542 21250
132.737 21590
132.939 21930
133.141 22270
133.343 22610
133.551 22950
133.765 23290
133.979 23630
134.194 23970
134.414 24310
134.641 24650
134.868 24990
135.095 25330
135.328 25670
135.568 26010
135.807 26350
136.047 26690
136.293 27030
136.545 27370
136.69 13430
136.936 14110
136.986 14450
137.119 14790
137.251 15130
137.39 15470
137.535 15810
137.68 16150
137.825 16490
137.976 16830
138.134 17170
138.291 17510
138.449 17850
138.613 18190
138.783 18530
138.953 18870
139.123 19210
139.3 19550
139.483 19890
139.666 20230
139.848 20570
140.037 20910
140.233 21250
140.428 21590
140.624 21930
140.825 22270
141.033 22610
141.242 22950
141.45 23290
141.664 23630
141.885 23970
142.105 24310
142.326 24650
142.553 24990
142.786 25330
143.019 25670
143.252 26010
143.492 26350
143.738 26690
143.984 27030
144.23 27370
144.482 27710
144.74 28050
144.999 28390
145.257 28730
145.522 29070
145.793 29410
146.064 29750
146.335 30090
146.613 30430
146.896 30770
147.18 31110
147.192 15300
147.476 15980
147.615 16320
147.766 16660
147.924 17000
148.075 17340
148.239 17680
148.403 18020
148.567 18360
148.737 18700
148.913 19040
149.09 19380
149.266 19720
149.449 20060
149.638 20400
149.828 20740
150.017 21080
150.212 21420
150.414 21760
150.616 22100
150.817 22440
151.025 22780
151.24 23120
151.454 23460
151.668 23800
151.889 24140
152.116 24480
152.343 24820
152.57 25160
152.803 25500
153.043 25840
153.282 26180
153.522 26520
153.768 26860
154.02 27200
154.272 27540
154.524 27880
154.694 13770
154.95 14450
154.994 14790
155.126 15130
155.265 15470
155.403 15810
155.548 16150
155.7 16490
155.851 16830
156.002 17170
156.16 17510
156.324 17850
156.488 18190
156.652 18530
156.822 18870
156.872 9180
157.042 9860
157.124 10200
157.234 10540
157.347 10880
157.457 11220
157.564 11560
157.673 11900
157.787 12240
157.9 12580
158.014 12920
158.134 13260
158.253 13600
158.379 13940
158.512 14280
158.644 14620
158.777 14960
158.915 15300
159.06 15640
159.205 15980
159.35 16320
159.502 16660
159.659 17000
159.817 17340
159.968 8500
160.123 9180
160.157 9520
160.267 9860
160.373 10200
160.483 10540
160.596 10880
160.706 11220
160.813 11560
160.923 11900
161.036 12240
161.143 12580
161.263 12920
161.383 13260
161.503 13600
161.629 13940
161.742 6800
161.865 7480
161.922 7820
162.028 8160
162.138 8500
162.245 8840
162.355 9180
162.468 9520
162.578 9860
162.685 10200
162.794 10540
162.907 10880
163.017 11220
163.124 11560
163.234 11900
163.347 12240
163.461 12580
163.574 12920
163.694 13260
163.82 13600
163.946 13940
164.072 14280
164.205 14620
164.343 14960
164.482 15300
164.621 15640
164.766 15980
164.917 16320
165.068 16660
165.22 17000
165.377 17340
165.541 17680
165.705 18020
165.869 18360
166.039 18700
166.216 19040
166.392 19380
166.569 19720
166.752 20060
166.941 9860
167.124 10880
167.23 11220
167.343 11560
167.453 11900
167.566 12240
167.68 12580
167.799 12920
167.919 13260
168.039 13600
168.165 13940
168.297 14280
168.43 14620
168.562 14960
168.701 15300
168.846 15640
168.991 15980
169.136 16320
169.287 16660
169.445 17000
169.602 17340
169.76 17680
169.924 18020
170.094 18360
170.264 18700
170.435 19040
170.611 19380
170.794 19720
170.977 20060
171.16 20400
171.349 20740
171.544 21080
171.739 21420
171.935 21760
171.979 10710
172.178 11390
172.259 11730
172.369 12070
172.482 12410
172.59 12750
172.709 13090
172.829 13430
172.949 13770
173.088 6630
173.207 7650
173.311 7990
173.424 8330
173.534 8670
173.641 9010
173.751 9350
173.864 9690
173.974 10030
174.08 10370
174.19 10710
174.312 11050
174.422 11390
174.529 11730
174.639 12070
174.752 12410
174.866 12750
174.979 13090
175.099 13430
175.225 13770
175.351 14110
175.477 14450
175.61 14790
175.748 15130
175.887 15470
176.026 15810
176.171 16150
176.322 16490
176.473 16830
176.624 17170
176.782 17510
176.946 17850
177.11 18190
177.274 18530
177.444 18870
177.614 19210
177.791 19550
177.974 19890
178.156 20230
178.339 20570
178.528 20910
178.724 21250
178.913 10370
179.105 11390
179.215 11730
179.306 5610
179.41 6290
179.469 6630
179.576 6970
179.686 7310
179.799 7650
179.909 7990
180.016 8330
180.126 8670
180.239 9010
180.349 9350
180.455 9690
180.565 10030
180.678 10370
180.788 10710
180.895 11050
181.005 11390
181.118 11730
181.228 12070
181.335 12410
181.448 12750
181.568 13090
181.688 13430
181.808 13770
181.934 14110
182.066 14450
182.198 14790
182.331 15130
182.47 15470
182.608 15810
182.753 16150
182.904 16490
183.056 16830
183.207 17170
183.365 17510
183.529 17850
183.692 18190
183.856 18530
184.027 18870
184.203 19210
184.38 19550
184.556 19890
184.739 20230
184.928 20570
185.117 20910
185.306 21250
185.502 21590
185.703 21930
185.905 22270
186.107 22610
186.315 22950
186.529 23290
186.744 23630
186.958 23970
187.179 24310
187.216 11900
187.434 12580
187.535 12920
187.648 13260
187.774 13600
187.9 13940
188.026 14280
188.159 14620
188.298 14960
188.436 15300
188.575 15640
188.72 15980
188.871 16320
189.023 16660
189.174 17000
189.331 17340
189.495 17680
189.659 18020
189.836 8840
189.996 9860
190.11 10200
190.219 10540
190.326 10880
190.386 5270
190.489 5950
190.564 6290
190.674 6630
190.787 6970
190.897 7310
191.004 7650
191.114 7990
191.227 8330
191.337 8670
191.444 9010
191.553 9350
191.66 9690
191.77 10030
191.883 10370
191.993 10710
192.1 11050
192.21 11390
192.323 11730
192.433 12070
192.54 12410
192.653 12750
192.773 13090
192.893 13430
193.012 13770
193.139 14110
193.271 14450
193.403 14790
193.536 15130
193.674 15470
193.819 15810
193.964 16150
194.109 16490
194.261 16830
194.418 17170
194.576 17510
194.733 17850
194.897 18190
195.068 18530
195.238 18870
195.408 19210
195.585 19550
195.767 19890
195.95 20230
196.133 20570
196.322 20910
196.518 21250
196.688 10370
196.877 11050
196.895 11390
197.008 11730
197.118 12070
197.225 12410
197.339 12750
197.459 13090
197.578 13430
197.698 13770
197.824 14110
197.957 14450
198.089 14790
198.221 15130
198.36 15470
198.505 15810
198.65 16150
198.795 16490
198.946 16830
199.104 17170
199.167 8330
199.321 9010
199.394 9350
199.5 9690
199.61 10030
199.723 10370
199.833 10710
199.94 11050
200.05 11390
200.163 11730
200.273 12070
200.38 12410
200.493 12750
200.607 13090
200.727 13430
200.853 13770
200.979 14110
201.105 14450
201.237 14790
201.376 15130
201.515 15470
201.653 15810
201.798 16150
201.874 7820
202.019 8500
202.088 8840
202.198 9180
202.304 9520
202.414 9860
202.527 10200
202.637 10540
202.744 10880
202.854 11220
202.967 11560
203.077 11900
203.19 12240
203.303 12580
203.423 12920
203.543 13260
203.568 6460
203.688 7140
203.782 7480
203.892 7820
203.999 8160
204.108 8500
204.222 8840
204.331 9180
204.438 9520
204.548 9860
204.661 10200
204.771 10540
204.878 10880
204.988 11220
205.103 11560
205.213 11900
205.32 12240
205.434 12580
205.554 12920
205.673 13260
205.793 13600
205.919 13940
206.052 14280
206.184 14620
206.316 14960
206.455 15300
206.594 7480
206.732 8500
206.842 8840
206.952 9180
207.087 9520
207.197 9860
207.304 10200
207.413 10540
207.526 10880
207.636 11220
207.743 11560
207.853 11900
207.966 12240
208.08 12580
208.193 12920
208.313 13260
208.439 13600
208.565 13940
208.691 14280
208.824 14620
208.962 14960
209.101 15300
209.24 15640
209.385 15980
209.536 16320
209.687 16660
209.839 17000
209.977 8330
210.129 9010
210.166 9350
210.273 9690
210.383 10030
210.496 10370
210.606 10710
210.712 11050
210.822 11390
210.935 11730
211.045 12070
211.152 12410
211.266 12750
211.386 13090
211.505 13430
211.625 13770
211.751 14110
211.884 14450
212.016 14790
212.148 15130
212.287 15470
212.432 15810
212.577 16150
212.722 16490
212.873 16830
213.031 17170
213.189 17510
213.346 17850
213.51 18190
213.68 18530
213.851 18870
214.021 19210
214.197 19550
214.38 19890
214.563 20230
214.746 20570
214.935 20910
215.13 21250
215.326 21590
215.521 21930
215.723 22270
215.931 22610
216.139 22950
216.284 11220
216.489 11900
216.523 12240
216.636 12580
216.756 12920
216.876 13260
216.996 13600
217.122 13940
217.254 14280
217.387 14620
217.519 14960
217.658 15300
217.803 15640
217.948 15980
218.093 16320
218.244 16660
218.307 8160
218.455 8840
218.537 9180
218.643 9520
218.753 9860
218.866 10200
218.919 4930
219.023 5610
219.096 5950
219.202 6290
219.312 6630
219.425 6970
219.535 7310
219.642 7650
219.752 7990
219.865 8330
219.975 8670
220.081 9010
220.191 9350
220.304 9690
220.408 10030
220.521 10370
220.631 10710
220.738 11050
220.847 11390
220.961 11730
221.07 12070
221.178 12410
221.291 12750
221.411 13090
221.531 13430
221.65 13770
221.776 14110
221.909 14450
222.041 14790
222.174 15130
222.312 15470
222.457 15810
222.602 16150
222.747 16490
222.899 16830
223.056 17170
223.214 17510
223.371 17850
223.535 18190
223.705 18530
223.876 18870
224.046 19210
224.222 19550
224.405 19890
224.588 20230
224.771 20570
224.96 20910
225.155 21250
225.351 21590
225.546 21930
225.748 22270
225.956 22610
226.063 11050
226.368 11730
226.393 12070
226.5 12410
226.614 12750
226.734 13090
226.853 13430
226.973 13770
227.099 14110
227.232 14450
227.364 14790
227.496 15130
227.635 15470
227.78 15810
227.919 16150
228.07 16490
228.221 16830
228.373 17170
228.53 17510
228.694 17850
228.858 18190
229.022 18530
229.192 18870
229.369 19210
229.545 19550
229.722 19890
229.905 20230
230.094 20570
230.283 20910
230.472 21250
230.667 21590
230.869 21930
231.071 22270
231.273 22610
231.481 22950
231.506 11220
231.714 11900
231.808 12240
231.922 12580
232.042 12920
232.161 13260
232.281 13600
232.407 13940
232.54 14280
232.672 14620
232.804 14960
232.943 15300
233.088 15640
233.233 15980
233.378 16320
233.529 16660
233.687 17000
233.845 17340
234.002 17680
234.166 18020
234.336 18360
234.507 18700
234.677 19040
234.853 19380
235.036 19720
235.219 20060
235.402 20400
235.591 20740
235.78 21080
235.793 10370
235.985 11050
236.082 11390
236.195 11730
236.305 12070
236.412 12410
236.526 12750
236.645 13090
236.765 13430
236.885 13770
237.011 14110
237.143 14450
237.276 14790
237.408 15130
237.547 15470
237.692 15810
237.837 16150
237.982 16490
238.133 16830
238.291 17170
238.448 17510
238.606 17850
238.77 18190
238.94 18530
239.11 18870
239.28 19210
239.457 19550
239.64 19890
239.823 20230
240.005 20570
240.195 20910
240.39 21250
240.579 21590
240.781 21930
240.983 22270
241.184 22610
241.392 22950
241.607 23290
241.821 23630
242.035 23970
242.256 24310
242.483 24650
242.71 24990
242.937 25330
243.17 25670
243.41 26010
243.649 26350
243.674 12920
243.914 13600
244.027 13940
244.153 14280
244.286 14620
244.425 14960
244.563 15300
244.702 15640
244.847 15980
244.992 16320
245.143 16660
245.301 17000
245.458 17340
245.616 17680
245.78 18020
245.95 18360
246.12 18700
246.291 19040
246.467 19380
246.65 19720
246.833 20060
247.016 20400
247.205 20740
247.4 21080
247.595 21420
247.791 21760
247.993 22100
248.201 22440
248.409 22780
248.617 23120
248.831 23460
249.052 23800
249.203 11730
249.417 12410
249.449 12750
249.565 13090
249.685 13430
249.811 13770
249.937 14110
250.063 14450
250.195 14790
250.334 15130
250.473 15470
250.612 15810
250.756 16150
250.908 16490
251.059 16830
251.21 17170
251.368 17510
251.532 17850
251.696 18190
251.727 8840
251.891 9520
251.982 9860
252.089 10200
252.199 10540
252.312 10880
252.422 11220
252.528 11560
252.638 11900
252.752 12240
252.865 12580
252.979 12920
253.099 13260
253.225 13600
253.351 13940
253.477 14280
253.609 14620
253.748 14960
253.887 15300
254.025 15640
254.17 15980
254.322 16320
254.473 16660
254.624 17000
254.782 17340
254.946 17680
255.11 18020
255.273 18360
255.336 9010
255.5 9690
255.576 10030
255.689 10370
255.799 10710
255.905 11050
256.015 11390
256.128 11730
256.238 12070
256.345 12410
256.459 12750
256.578 13090
256.698 13430
256.818 13770
256.944 14110
257.058 6800
257.184 7480
257.231 7820
257.344 8160
257.447 8500
257.56 8840
257.67 9180
257.777 9520
257.887 9860
258 10200
258.11 10540
258.216 10880
258.326 11220
258.439 11560
258.549 11900
258.656 12240
258.77 12580
258.89 12920
259.009 13260
259.129 13600
259.255 13940
259.388 14280
259.52 14620
259.652 14960
259.791 15300
259.936 15640
260.081 15980
260.226 16320
260.377 16660
260.535 17000
260.693 17340
260.85 17680
261.014 18020
261.184 18360
261.354 18700
261.525 19040
261.701 19380
261.884 19720
261.897 9690
262.076 10370
262.174 10710
262.28 11050
262.39 11390
262.503 11730
262.613 12070
262.72 12410
262.834 12750
262.954 13090
263.073 13430
263.193 13770
263.319 14110
263.452 14450
263.584 14790
263.716 15130
263.855 7310
263.991 8330
264.097 8670
264.21 9010
264.32 9350
264.427 9690
264.537 10030
264.665 10370
264.775 10710
264.882 11050
264.992 11390
265.098 11730
265.208 12070
265.297 5780
265.401 6460
265.466 6800
265.576 7140
265.683 7480
265.793 7820
265.906 8160
266.016 8500
266.123 8840
266.232 9180
266.345 9520
266.455 9860
266.562 10200
266.672 10540
266.785 10880
266.895 11220
267.002 11560
267.112 11900
267.225 12240
267.338 12580
267.452 12920
267.572 13260
267.698 13600
267.824 13940
267.95 14280
268.082 14620
268.221 14960
268.36 15300
268.498 15640
268.643 15980
268.795 16320
268.946 16660
269.097 17000
269.255 17340
269.419 17680
269.583 18020
269.747 18360
269.917 18700
270.093 19040
270.27 19380
270.446 19720
270.629 20060
270.818 20400
271.007 20740
271.197 21080
271.392 21420
271.594 21760
271.795 22100
271.997 22440
272.205 22780
272.413 23120
272.628 23460
272.848 23800
273.069 24140
273.289 24480
273.334 12070
273.557 12750
273.646 13090
273.765 13430
273.891 13770
274.018 14110
274.144 14450
274.276 14790
274.415 15130
274.553 15470
274.692 15810
274.837 16150
274.988 16490
275.14 16830
275.291 17170
275.449 17510
275.612 17850
275.776 18190
275.94 18530
276.11 18870
276.287 19210
276.464 19550
276.64 19890
276.823 20230
277.012 20570
277.043 10030
277.226 10710
277.317 11050
277.427 11390
277.54 11730
277.65 12070
277.757 12410
277.871 12750
277.984 13090
278.104 13430
278.23 13770
278.356 14110
278.482 14450
278.615 14790
278.753 15130
278.892 15470
279.031 15810
279.176 16150
279.327 16490
279.478 16830
279.63 17170
279.787 17510
279.951 17850
279.989 8670
280.146 9350
280.237 9690
280.347 10030
280.454 10370
280.564 10710
280.677 11050
280.787 11390
280.894 11730
281.004 12070
281.117 12410
281.224 12750
281.344 13090
281.464 13430
281.583 13770
281.71 14110
281.842 14450
281.974 14790
282.107 15130
282.245 15470
282.39 15810
282.535 16150
282.68 16490
282.832 16830
282.989 17170
283.147 17510
283.304 17850
283.468 18190
283.639 18530
283.809 18870
283.979 19210
284.156 19550
284.338 19890
284.521 20230
284.704 20570
284.893 20910
285.088 21250
285.29 21590
285.479 21930
285.681 22270
285.889 22610
286.097 22950
286.305 23290
286.52 23630
286.74 23970
286.961 24310
287.181 24650
287.408 24990
287.642 25330
287.875 25670
288.108 26010
288.348 26350
288.512 12920
288.748 13600
288.792 13940
288.918 14280
289.051 14620
289.183 14960
289.322 15300
289.467 15640
289.612 15980
289.757 16320
289.908 16660
290.066 17000
290.223 17340
290.381 17680
290.545 18020
290.633 8840
290.797 9520
290.863 9860
290.969 10200
291.079 10540
291.186 10880
291.296 11220
291.409 11560
291.519 11900
291.626 12240
291.739 12580
291.859 12920
291.979 13260
292.099 13600
292.225 13940
292.357 14280
292.49 14620
292.622 14960
292.761 15300
292.906 15640
293.051 15980
293.196 16320
293.347 16660
293.504 17000
293.662 17340
293.82 17680
293.996 8670
294.154 9690
294.257 10030
294.37 10370
294.48 10710
294.587 11050
294.697 11390
294.81 11730
294.92 12070
295.027 12410
295.14 12750
295.26 13090
295.38 13430
295.5 13770
295.626 14110
295.758 6800
295.884 7820
295.994 8160
296.104 8500
296.211 8840
296.321 9180
296.455 9520
296.565 9860
296.672 10200
296.782 10540
296.895 10880
297.005 11220
297.112 11560
297.221 11900
297.335 12240
297.448 12580
297.562 12920
297.682 13260
297.808 13600
297.934 13940
298.06 14280
298.154 6970
298.281 7650
298.343 7990
298.45 8330
298.56 8670
298.673 9010
298.776 9350
298.889 9690
298.999 10030
299.112 10370
299.222 10710
299.335 11050
299.445 11390
299.496 5440
299.599 6120
299.681 6460
299.794 6800
299.904 7140
300.01 7480
300.12 7820
300.233 8160
300.343 8500
300.45 8840
300.56 9180
300.673 9520
300.783 9860
300.89 10200
300.999 10540
301.112 10880
301.222 11220
301.329 11560
301.439 11900
301.552 12240
301.666 12580
301.779 12920
301.899 13260
302.025 13600
302.151 13940
302.277 14280
302.41 14620
302.548 14960
302.687 15300
302.826 15640
302.971 15980
303.122 16320
303.273 16660
303.425 17000
303.582 17340
303.746 17680
303.91 18020
304.074 18360
304.244 18700
304.32 9180
304.487 9860
304.559 10200
304.669 10540
304.782 10880
304.801 5270
304.904 5950
305.002 6290
305.112 6630
305.218 6970
305.328 7310
305.441 7650
305.551 7990
305.658 8330
305.768 8670
305.881 9010
305.991 9350
306.097 9690
306.207 10030
306.336 10370
306.446 10710
306.552 11050
306.662 11390
306.775 11730
306.885 12070
306.992 12410
307.106 12750
307.226 13090
307.345 13430
307.465 13770
307.591 14110
307.724 14450
307.85 14790
307.988 15130
308.127 15470
308.266 15810
308.411 16150
308.562 16490
308.713 16830
308.865 17170
309.022 8330
309.173 9350
309.287 9690
309.396 10030
309.525 10370
309.635 10710
309.741 11050
309.851 11390
309.958 11730
310.068 12070
310.181 12410
310.295 12750
310.408 13090
310.528 13430
310.654 13770
310.78 14110
310.906 14450
311.039 14790
311.177 15130
311.316 15470
311.455 15810
311.6 16150
311.751 16490
311.902 16830
312.054 17170
312.211 17510
312.375 17850
312.539 18190
312.703 18530
312.873 18870
313.05 19210
313.226 19550
313.403 19890
313.586 20230
313.775 20570
313.964 20910
314.153 21250
314.348 21590
314.55 21930
314.752 22270
314.954 22610
315.162 22950
315.376 23290
315.59 23630
315.805 23970
316.025 24310
316.252 24650
316.479 24990
316.492 12240
316.719 12920
316.826 13260
316.952 13600
317.078 13940
317.204 14280
317.336 14620
317.475 14960
317.614 15300
317.752 15640
317.897 15980
318.049 16320
318.2 16660
318.351 17000
318.509 17340
318.673 17680
318.837 18020
319.001 18360
319.171 18700
319.347 19040
319.524 19380
319.7 19720
319.883 20060
320.072 20400
320.261 20740
320.318 10200
320.504 10880
320.586 11220
320.699 11560
320.809 11900
320.916 12240
321.029 12580
321.143 12920
321.263 13260
321.363 6460
321.483 7140
321.539 7480
321.649 7820
321.756 8160
321.866 8500
321.979 8840
322.089 9180
322.196 9520
322.306 9860
322.419 10200
322.528 10540
322.635 10880
322.745 11220
322.858 11560
322.968 11900
323.075 12240
323.189 12580
323.271 6120
323.381 6800
323.45 7140
323.557 7480
323.666 7820
323.779 8160
323.889 8500
323.996 8840
324.106 9180
324.219 9520
324.329 9860
324.436 10200
324.546 10540
324.659 10880
324.768 11220
324.831 5440
324.935 6120
325.019 2890
325.123 3910
325.22 4250
325.33 4590
325.443 4930
325.553 5270
325.66 5610
325.77 5950
325.883 6290
325.993 6630
326.099 6970
326.209 7310
326.36 7650
326.47 7990
326.577 8330
326.687 8670
326.8 9010
326.91 9350
327.016 9690
327.126 10030
327.233 10370
327.343 10710
327.456 11050
327.566 11390
327.672 11730
327.782 12070
327.896 12410
328.009 12750
328.123 13090
328.242 13430
328.369 13770
328.495 14110
328.621 14450
328.722 6970
328.848 7650
328.904 7990
329.017 8330
329.127 8670
329.234 9010
329.344 9350
329.45 9690
329.56 10030
329.673 10370
329.783 10710
329.89 11050
330 11390
330.113 11730
330.223 12070
330.33 12410
330.443 12750
330.563 13090
330.683 13430
330.803 13770
330.929 14110
331.061 14450
331.193 14790
331.326 15130
331.465 15470
331.61 15810
331.755 16150
331.9 16490
332.051 16830
332.208 17170
332.366 17510
332.524 17850
332.688 18190
332.858 18530
333.028 18870
333.198 19210
333.305 9350
333.476 10030
333.529 10370
333.639 10710
333.752 11050
333.861 11390
333.968 11730
334.078 12070
334.192 12410
334.305 12750
334.419 13090
334.538 13430
334.664 13770
334.79 14110
334.917 14450
335.049 14790
335.181 15130
335.32 15470
335.465 15810
335.61 16150
335.755 16490
335.906 16830
336.064 17170
336.221 17510
336.379 17850
336.543 18190
336.713 18530
336.883 18870
337.054 19210
337.23 19550
337.413 19890
337.596 20230
337.779 20570
337.968 20910
338.163 21250
338.359 21590
338.554 21930
338.756 22270
338.964 22610
339.172 22950
339.38 23290
339.594 23630
339.815 23970
340.035 24310
340.256 24650
340.483 24990
340.716 25330
340.949 25670
341.183 26010
341.422 26350
341.668 26690
341.914 27030
341.964 13260
342.207 13940
342.308 14280
342.44 14620
342.579 14960
342.718 15300
342.856 15640
343.001 15980
343.102 7820
343.244 8500
343.304 8840
343.413 9180
343.52 9520
343.63 9860
343.743 10200
343.853 10540
343.96 10880
344.07 11220
344.183 11560
344.293 11900
344.4 12240
344.513 12580
344.633 12920
344.753 13260
344.873 13600
344.999 13940
345.131 14280
345.263 14620
345.396 14960
345.534 15300
345.679 15640
345.824 15980
345.969 16320
346.121 16660
346.278 17000
346.436 17340
346.594 17680
346.757 18020
346.928 18360
347.098 18700
347.268 19040
347.445 19380
347.627 19720
347.81 20060
347.993 20400
348.182 20740
348.378 21080
348.573 21420
348.768 21760
348.97 22100
349.178 22440
349.386 22780
349.594 23120
349.809 23460
350.023 23800
350.244 24140
350.47 24480
350.697 24820
350.792 12240
351.016 12920
351.085 13260
351.211 13600
351.337 13940
351.463 14280
351.596 14620
351.734 14960
351.873 15300
352.012 15640
352.157 15980
352.302 16320
352.453 16660
352.611 17000
352.693 8330
352.844 9010
352.913 9350
353.02 9690
353.129 10030
353.243 10370
353.346 10710
353.459 11050
353.569 11390
353.676 11730
353.786 12070
353.899 12410
353.965 5950
354.075 6630
354.144 6970
354.254 7310
354.367 7650
354.477 7990
354.584 8330
354.694 8670
354.807 9010
354.916 9350
355.023 9690
355.133 10030
355.246 10370
355.35 10710
355.463 11050
355.573 11390
355.679 11730
355.789 12070
355.903 12410
356.016 12750
356.13 13090
356.249 13430
356.376 13770
356.502 14110
356.628 14450
356.76 14790
356.899 15130
357.037 15470
357.176 15810
357.321 16150
357.472 16490
357.624 16830
357.775 17170
357.933 17510
358.097 17850
358.26 8670
358.418 9690
358.528 10030
358.647 10370
358.757 10710
358.864 11050
358.974 11390
359.087 11730
359.197 12070
359.304 12410
359.417 12750
359.537 13090
359.657 13430
359.777 13770
359.827 6630
360.054 7310
360.135 7650
360.245 7990
360.352 8330
360.462 8670
360.575 9010
360.685 9350
360.791 9690
360.901 10030
361.014 10370
361.112 4930
361.215 5950
361.384 6290
361.494 6630
361.601 6970
361.711 7310
361.824 7650
361.934 7990
362.041 8330
362.151 8670
362.257 9010
362.367 9350
362.48 9690
362.59 10030
362.697 10370
362.807 10710
362.92 11050
363.03 11390
363.136 11730
363.246 12070
363.36 12410
363.473 12750
363.587 13090
363.706 13430
363.833 13770
363.959 14110
364.085 14450
364.217 14790
364.356 15130
364.494 15470
364.633 15810
364.778 16150
364.929 16490
365.081 16830
365.232 17170
365.39 17510
365.554 17850
365.717 18190
365.844 8840
366.007 9520
366.048 9860
366.155 10200
366.265 10540
366.378 10880
366.488 11220
366.594 11560
366.704 11900
366.818 12240
366.931 12580
367.045 12920
367.164 13260
367.29 13600
367.416 13940
367.543 14280
367.675 14620
367.814 14960
367.952 15300
368.091 15640
368.236 15980
368.387 16320
368.539 16660
368.69 17000
368.847 17340
369.011 17680
369.175 18020
369.339 18360
369.509 18700
369.629 9180
369.799 9860
369.843 10200
369.953 10540
370.066 10880
370.176 11220
370.283 11560
370.393 11900
370.506 12240
370.619 12580
370.733 12920
370.853 13260
370.979 13600
371.105 13940
371.231 14280
371.363 14620
371.496 14960
371.634 15300
371.779 15640
371.924 15980
372.019 7820
372.164 8500
372.22 8840
372.33 9180
372.443 9520
372.553 9860
372.66 10200
372.77 10540
372.883 10880
372.993 11220
373.099 11560
373.209 11900
373.316 12240
373.43 12580
373.55 12920
373.669 13260
373.789 13600
373.915 13940
374.048 14280
374.18 14620
374.312 14960
374.451 15300
374.596 15640
374.741 15980
374.886 16320
375.037 16660
375.195 17000
375.353 17340
375.51 17680
375.674 18020
375.844 18360
376.015 18700
376.185 19040
376.361 19380
376.544 19720
376.727 20060
376.91 20400
377.099 20740
377.193 10200
377.483 11220
377.577 11560
377.687 11900
377.794 12240
377.908 12580
378.027 12920
378.147 13260
378.267 13600
378.393 13940
378.525 14280
378.658 14620
378.79 14960
378.929 15300
379.074 15640
379.219 15980
379.364 16320
379.515 16660
379.673 17000
379.83 17340
379.988 17680
380.152 18020
380.322 18360
380.492 18700
380.662 19040
380.839 19380
381.022 19720
381.205 20060
381.387 20400
381.577 20740
381.766 21080
381.961 21420
382.163 21760
382.365 22100
382.566 22440
382.774 22780
382.989 23120
383.203 23460
383.417 23800
383.638 24140
383.865 24480
384.092 24820
384.319 25160
384.552 25500
384.792 25840
385.031 26180
385.271 26520
385.517 26860
385.769 27200
386.021 27540
386.273 27880
386.531 28220
386.796 28560
387.061 28900
387.326 29240
387.597 29580
387.874 29920
388.152 30260
388.429 30600
388.713 30940
389.003 31280
389.293 31620
389.583 31960
389.879 32300
390.181 32640
390.484 32980
390.787 33320
391.096 33660
391.411 34000
391.442 16830
391.902 17510
392.054 17850
392.218 18190
392.388 18530
392.558 18870
392.728 19210
392.905 19550
393.088 19890
393.27 20230
393.453 20570
393.642 20910
393.838 21250
394.027 21590
394.109 10540
394.301 11220
394.373 11560
394.483 11900
394.59 12240
394.704 12580
394.824 12920
394.943 13260
395.063 13600
395.189 13940
395.322 14280
395.454 14620
395.586 14960
395.725 15300
395.87 15640
396.015 15980
396.16 16320
396.311 16660
396.469 17000
396.626 17340
396.784 17680
396.948 18020
397.118 18360
397.288 18700
397.459 19040
397.635 19380
397.818 19720
398.001 20060
398.184 20400
398.373 20740
398.568 21080
398.764 21420
398.959 21760
399.161 22100
399.369 22440
399.577 22780
399.785 23120
399.999 23460
400.22 23800
400.434 24140
400.579 11900
400.8 12580
400.838 12920
400.957 13260
401.083 13600
401.209 13940
401.336 14280
401.468 14620
401.607 14960
401.745 15300
401.884 15640
402.029 15980
402.18 16320
402.332 16660
402.483 17000
402.64 17340
402.804 17680
402.968 18020
403.132 18360
403.302 18700
403.479 19040
403.655 19380
403.832 19720
404.015 20060
404.204 20400
404.393 20740
404.582 21080
404.778 21420
404.979 21760
405.181 22100
405.383 22440
405.591 22780
405.805 23120
406.019 23460
406.234 23800
406.454 24140
406.681 24480
406.908 24820
407.135 25160
407.368 25500
407.608 25840
407.848 26180
408.087 26520
408.119 13090
408.361 13770
408.469 14110
408.595 14450
408.727 14790
408.866 15130
409.004 15470
409.067 7480
409.203 8160
409.278 8500
409.391 8840
409.501 9180
409.608 9520
409.718 9860
409.831 10200
409.941 10540
410.047 10880
410.157 11220
410.27 11560
410.38 11900
410.487 12240
410.601 12580
410.721 12920
410.84 13260
410.96 13600
411.086 13940
411.219 14280
411.351 14620
411.483 14960
411.622 15300
411.767 15640
411.912 15980
412.057 16320
412.208 16660
412.334 8160
412.483 8840
412.526 9180
412.639 9520
412.749 9860
412.856 10200
412.966 10540
413.079 10880
413.189 11220
413.295 11560
413.405 11900
413.519 12240
413.632 12580
413.746 12920
413.866 13260
413.992 13600
414.118 13940
414.244 14280
414.376 14620
414.515 14960
414.654 15300
414.792 15640
414.937 15980
415.082 16320
415.234 16660
415.391 17000
415.549 17340
415.706 17680
415.87 18020
416.04 18360
416.185 9010
416.349 9690
416.38 10030
416.493 10370
416.603 10710
416.71 11050
416.82 11390
416.933 11730
417.043 12070
417.153 12410
417.267 12750
417.386 13090
417.506 13430
417.626 13770
417.752 14110
417.884 14450
418.017 14790
418.149 15130
418.231 7310
418.367 7990
418.429 8330
418.539 8670
418.646 9010
418.756 9350
418.869 9690
418.979 10030
419.086 10370
419.195 10710
419.308 11050
419.425 11390
419.531 11730
419.641 12070
419.755 12410
419.868 12750
419.982 13090
420.101 13430
420.228 13770
420.354 14110
420.48 14450
420.612 14790
420.751 15130
420.889 15470
421.028 15810
421.173 16150
421.324 16490
421.476 16830
421.627 17170
421.785 17510
421.936 8500
422.09 9180
422.125 9520
422.234 9860
422.341 10200
422.451 10540
422.564 10880
422.674 11220
422.781 11560
422.891 11900
423.004 12240
423.118 12580
423.231 12920
423.351 13260
423.477 13600
423.597 13940
423.729 14280
423.861 14620
423.994 14960
424.133 15300
424.278 15640
424.423 15980
424.568 16320
424.719 16660
424.876 17000
425.034 17340
425.192 17680
425.356 18020
425.526 18360
425.696 18700
425.866 19040
426.043 19380
426.225 19720
426.408 20060
426.591 20400
426.78 20740
426.976 21080
427.171 21420
427.367 21760
427.568 22100
427.776 22440
427.984 22780
428.192 23120
428.407 23460
428.627 23800
428.848 24140
429.069 24480
429.296 24820
429.529 25160
429.762 25500
429.995 25840
430.235 26180
430.481 26520
430.727 26860
430.972 27200
431.225 27540
431.483 27880
431.741 28220
431.849 13940
432.104 14620
432.186 14960
432.318 15300
432.463 15640
432.608 15980
432.753 16320
432.905 16660
433.062 17000
433.22 17340
433.377 17680
433.541 18020
433.711 18360
433.882 18700
434.052 19040
434.228 19380
434.411 19720
434.506 9690
434.682 10370
434.745 10710
434.852 11050
434.962 11390
435.075 11730
435.178 12070
435.292 12410
435.405 12750
435.519 13090
435.638 13430
435.764 13770
435.891 14110
436.017 14450
436.149 14790
436.288 15130
436.426 15470
436.565 15810
436.71 16150
436.861 16490
437.013 16830
437.164 17170
437.322 17510
437.485 17850
437.649 18190
437.813 18530
437.983 18870
438.16 19210
438.336 19550
438.513 19890
438.696 20230
438.734 9860
438.916 10540
439.004 10880
439.114 11220
439.227 11560
439.337 11900
439.444 12240
439.558 12580
439.677 12920
439.797 13260
439.917 13600
440.043 13940
440.176 14280
440.308 14620
440.44 14960
440.579 15300
440.718 15640
440.863 15980
441.014 16320
441.165 16660
441.317 17000
441.474 17340
441.638 17680
441.802 18020
441.966 18360
442.136 18700
442.313 19040
442.489 19380
442.666 19720
442.848 20060
443.038 20400
443.227 20740
443.416 21080
443.485 10370
443.674 11050
443.753 11390
443.859 11730
443.969 12070
444.083 12410
444.196 12750
444.31 13090
444.429 13430
444.555 13770
444.682 14110
444.808 14450
444.94 14790
445.079 15130
445.217 15470
445.356 15810
445.501 16150
445.652 16490
445.804 16830
445.955 17170
446.113 17510
446.276 17850
446.44 18190
446.604 18530
446.774 18870
446.951 19210
447.128 19550
447.304 19890
447.487 20230
447.676 20570
447.865 20910
448.054 21250
448.25 21590
448.451 21930
448.653 22270
448.855 22610
449.063 22950
449.277 23290
449.492 23630
449.706 23970
449.926 24310
450.147 24650
450.374 24990
450.607 25330
450.841 25670
451.074 26010
451.313 26350
451.559 26690
451.805 27030
452.051 27370
452.303 27710
452.562 28050
452.82 28390
453.078 28730
453.343 29070
453.614 29410
453.885 29750
454.156 30090
454.434 30430
454.718 30770
455.001 31110
455.285 31450
455.575 31790
455.871 32130
456.167 32470
456.464 32810
456.602 16150
456.899 16830
456.981 17170
457.138 17510
457.296 17850
457.46 18190
457.63 18530
457.8 18870
457.97 19210
458.147 19550
458.33 19890
458.513 20230
458.695 20570
458.746 10030
458.929 10710
459.013 11050
459.123 11390
459.23 11730
459.34 12070
459.453 12410
459.567 12750
459.68 13090
459.8 13430
459.926 13770
460.052 14110
460.178 14450
460.311 14790
460.449 15130
460.588 15470
460.727 15810
460.872 16150
461.023 16490
461.174 16830
461.326 17170
461.483 17510
461.647 17850
461.811 18190
461.975 18530
462.145 18870
462.322 19210
462.498 19550
462.675 19890
462.857 20230
463.047 20570
463.236 20910
463.425 21250
463.62 21590
463.822 21930
464.024 22270
464.225 22610
464.433 22950
464.651 23290
464.66 11390
464.868 12070
464.972 12410
465.085 12750
465.123 6120
465.234 6800
465.321 7140
465.434 7480
465.544 7820
465.651 8160
465.761 8500
465.874 8840
465.984 9180
466.091 9520
466.201 9860
466.314 10200
466.423 10540
466.53 10880
466.646 11220
466.759 11560
466.869 11900
466.976 12240
467.09 12580
467.21 12920
467.33 13260
467.449 13600
467.575 13940
467.708 14280
467.84 14620
467.973 14960
468.111 15300
468.256 15640
468.401 15980
468.546 16320
468.697 16660
468.855 17000
469.013 17340
469.17 17680
469.334 18020
469.498 18360
469.668 18700
469.845 19040
470.021 19380
470.198 19720
470.381 20060
470.57 20400
470.759 20740
470.948 21080
471.143 21420
471.345 21760
471.547 22100
471.749 22440
471.957 22780
472.171 23120
472.385 23460
472.6 23800
472.82 24140
473.047 24480
473.274 24820
473.501 25160
473.734 25500
473.974 25840
474.213 26180
474.453 26520
474.699 26860
474.951 27200
475.203 27540
475.455 27880
475.714 28220
475.979 28560
476.243 28900
476.508 29240
476.779 29580
477.057 29920
477.334 30260
477.611 30600
477.895 30940
478.185 31280
478.475 31620
478.765 31960
479.061 32300
479.364 32640
479.666 32980
479.969 33320
480.278 33660
480.593 34000
480.612 16830
480.924 17510
481.069 17850
481.233 18190
481.403 18530
481.567 18870
481.744 19210
481.92 19550
482.097 19890
482.279 20230
482.469 20570
482.658 20910
482.834 10200
483.023 10880
483.039 11220
483.145 11560
483.255 11900
483.369 12240
483.479 5950
483.589 6970
483.696 7310
483.809 7650
483.919 7990
484.025 8330
484.135 8670
484.276 9010
484.386 9350
484.493 9690
484.603 10030
484.716 10370
484.826 10710
484.932 11050
485.042 11390
485.155 11730
485.265 12070
485.372 12410
485.486 12750
485.606 13090
485.725 13430
485.845 13770
485.971 14110
486.104 14450
486.236 14790
486.368 15130
486.507 15470
486.652 15810
486.797 16150
486.942 16490
487.093 16830
487.251 17170
487.409 17510
487.566 17850
487.73 18190
487.9 18530
488.07 18870
488.241 19210
488.417 19550
488.6 19890
488.783 20230
488.966 20570
489.155 20910
489.344 21250
489.539 21590
489.741 21930
489.943 22270
490.144 22610
490.353 22950
490.567 23290
490.781 23630
490.996 23970
491.216 24310
491.443 24650
491.67 24990
491.897 25330
492.13 25670
492.37 26010
492.609 26350
492.849 26690
493.095 27030
493.347 27370
493.599 27710
493.851 28050
494.11 28390
494.374 28730
494.639 29070
494.904 29410
495.175 29750
495.452 30090
495.73 30430
496.007 30770
496.222 15130
496.502 15810
496.534 16150
496.679 16490
496.83 16830
496.987 17170
497.145 17510
497.303 17850
497.467 18190
497.637 18530
497.807 18870
497.977 19210
498.154 19550
498.337 19890
498.519 20230
498.702 20570
498.835 10030
499.021 10710
499.058 11050
499.168 11390
499.275 11730
499.384 12070
499.498 12410
499.611 12750
499.725 13090
499.845 13430
499.971 13770
500.097 14110
