0.0 0
0.500928 3400
1.00494 3740
1.01125 4080
1.01755 4420
1.02386 4760
1.03016 5100
1.23331 5440
1.51168 5780
1.51798 6120
1.52429 6460
1.53059 6800
1.5369 7140
1.5432 7480
1.5495 7820
1.74005 8160
2.01842 8500
2.02472 8840
2.03102 9180
2.03733 9520
2.04363 9860
2.04994 10200
2.05624 10540
2.06254 10880
2.06885 11220
2.07515 11560
2.24363 11900
2.24994 12240
2.52515 12580
2.53146 12920
2.53776 13260
2.54406 13600
2.55037 13940
2.55667 14280
2.56298 14620
2.56928 14960
2.57558 15300
2.58189 15640
2.58819 15980
2.5945 16320
2.6008 16660
2.6071 17000
2.61341 17340
2.75037 17680
2.75667 18020
2.76298 18360
3.03189 18700
3.03819 19040
3.0445 19380
3.0508 19720
3.0571 20060
3.06341 20400
3.06971 20740
3.07602 21080
3.08232 21420
3.08862 21760
3.09493 22100
3.10123 22440
3.10754 22780
3.11384 23120
3.12014 23460
3.12645 23800
3.13275 24140
3.13906 24480
3.14536 24820
3.15166 25160
3.15797 25500
3.16427 25840
3.2571 26180
3.26656 12920
3.7733 13600
4.21242 6630
4.716 7310
5.17861 7650
5.69165 7990
6.19838 8330
6.71142 8670
7.21816 9010
7.72805 9350
8.24109 9690
8.2537 4590
8.76043 5270
9.25456 5610
9.7676 5950
10.2743 6290
10.7874 6630
11.2941 6970
11.804 7310
12.495 7650
13.2049 3570
13.7084 4590
14.2152 4930
14.7251 5270
15.2318 5610
15.7417 5950
16.2484 6290
16.7583 6630
17.2714 6970
17.7812 7310
18.288 7650
18.7979 7990
19.3704 8330
19.8803 8670
20.387 9010
20.8969 9350
21.4099 9690
21.9198 10030
22.4265 10370
22.9364 10710
23.6053 11050
24.1152 11390
24.622 11730
25.1319 12070
25.826 12410
26.3359 12750
26.8426 13090
27.3525 13430
27.8655 13770
28.3754 14110
28.8822 14450
29.392 14790
29.9051 15130
30.415 15470
30.4839 7480
30.9875 8160
31.4442 8500
31.9572 8840
32.464 9180
32.977 9520
33.4838 9860
34.009 10200
34.5189 10540
35.0256 10880
35.4981 5270
36.5053 5950
36.9899 6290
37.4967 6630
38.0066 6970
38.5133 7310
39.0232 7650
39.5362 7990
40.0461 8330
40.5528 8670
41.0627 9010
41.5758 9350
42.0857 9690
42.5924 10030
43.1023 10370
43.6153 10710
44.1252 11050
44.632 11390
45.1418 11730
45.6549 12070
46.1648 12410
46.6715 12750
47.1814 13090
47.6913 13430
48.5944 6460
49.098 7480
49.6048 7820
50.1115 8160
50.6245 8500
51.1313 8840
51.6412 9180
52.192 9520
52.7019 9860
53.2086 10200
53.7185 10540
54.2316 10880
54.7415 11220
55.2482 11560
55.7581 11900
56.2711 12240
56.781 12580
57.2877 12920
57.7976 13260
58.3107 13600
58.8143 13940
59.3273 14280
59.8372 14620
60.3439 14960
60.8538 15300
61.3668 15640
61.8767 15980
62.3835 16320
62.8934 16660
63.4064 17000
63.9163 17340
64.423 17680
64.9329 18020
65.446 18360
65.9558 18700
66.4626 19040
66.9725 19380
67.4918 19720
67.9324 9690
68.4359 10370
68.8765 10710
69.3895 11050
69.8963 11390
70.403 11730
70.9129 12070
71.4259 12410
71.9358 12750
72.4425 13090
72.9524 13430
73.4655 13770
73.9754 14110
74.4821 14450
74.992 14790
75.505 15130
76.0149 15470
76.5216 15810
77.0315 16150
77.5446 16490
78.0545 16830
78.5612 17170
79.0711 17510
79.5841 17850
80.094 18190
80.6008 18530
81.1106 18870
81.6237 19210
82.1336 19550
82.6403 19890
83.125 9690
83.6286 10370
84.0502 10710
84.5632 11050
85.07 11390
85.583 11730
86.0897 12070
86.6028 12410
87.1127 12750
87.6194 13090
88.1293 13430
88.6423 13770
89.1522 14110
89.659 14450
90.1688 14790
90.6819 15130
91.1918 15470
91.6985 15810
92.2084 16150
92.6521 7820
93.1557 8500
93.266 8840
93.7759 9180
94.2763 4420
94.7799 5440
95.2929 5780
96.0028 6120
96.5096 6460
97.2064 6800
97.7163 7140
98.223 7480
98.7329 7820
99.2397 8160
99.7496 8500
100.237 4080
100.741 4760
100.839 5100
101.345 5440
101.855 5780
102.368 6120
102.878 6460
103.385 6800
103.895 7140
104.408 7480
104.918 7820
105.425 8160
105.934 8500
106.441 8840
106.951 9180
107.62 9520
108.13 9860
108.637 10200
109.146 10540
109.831 10880
110.341 11220
110.847 11560
111.357 11900
111.87 12240
112.38 12580
112.887 12920
113.397 13260
113.967 13600
114.476 13940
114.983 14280
115.493 14620
116.006 14960
116.516 15300
117.023 15640
117.533 15980
118.046 16320
118.556 16660
119.062 17000
119.572 17340
120.085 17680
120.595 18020
121.102 18360
121.612 18700
122.125 19040
122.635 19380
123.141 19720
123.651 20060
124.158 20400
124.668 20740
125.181 21080
125.691 21420
126.198 21760
126.707 22100
127.22 22440
127.73 22780
128.237 23120
128.747 23460
129.26 23800
129.77 24140
130.277 24480
130.787 24820
131.306 25160
131.816 25500
132.322 25840
132.832 26180
133.382 26520
133.891 26860
134.398 27200
134.908 27540
135.259 13600
135.762 14280
136.197 14620
136.71 14960
137.22 15300
137.726 15640
137.764 7650
138.271 8330
138.756 8670
139.269 9010
139.775 9350
140.288 9690
140.798 10030
141.305 10370
141.815 10710
142.328 11050
142.838 11390
143.345 11730
143.854 12070
144.361 12410
144.871 12750
145.384 13090
145.894 13430
146.401 13770
146.911 14110
147.57 14450
148.08 14790
148.587 15130
149.097 15470
149.771 15810
150.281 16150
150.607 7820
151.111 8500
151.402 8840
151.915 9180
152.422 9520
152.932 9860
153.445 10200
153.955 10540
154.461 10880
154.971 11220
155.484 11560
155.994 11900
156.501 12240
157.02 12580
157.527 12920
158.037 13260
158.55 13600
159.066 13940
159.573 14280
160.083 14620
160.596 14960
161.106 15300
161.612 15640
162.122 15980
162.635 16320
163.145 16660
163.652 17000
164.162 17340
164.675 17680
165.185 18020
165.691 18360
166.201 18700
166.714 19040
167.224 19380
167.731 19720
168.241 20060
168.781 20400
169.29 20740
169.797 21080
170.307 21420
170.82 21760
171.33 22100
171.837 22440
172.347 22780
172.847 11220
173.351 12240
173.864 12580
174.574 12920
175.08 13260
175.754 13600
176.264 13940
176.77 14280
177.28 14620
177.793 14960
178.303 15300
178.81 15640
179.32 15980
179.833 16320
180.343 16660
180.849 17000
181.359 17340
181.403 8500
182.414 8840
182.87 9180
183.377 9520
183.89 9860
184.397 10200
184.434 4930
184.938 5610
185.426 5950
185.939 6290
186.446 6630
186.959 6970
187.453 3230
187.956 4250
188.472 4590
189.182 4930
189.689 5270
190.399 5610
190.906 5950
191.419 6290
191.929 6630
192.435 6970
192.945 7310
193.452 7650
193.962 7990
194.512 8330
195.022 8670
195.529 9010
196.039 9350
196.552 9690
197.062 10030
197.569 10370
198.078 10710
198.591 11050
199.101 11390
199.608 11730
200.118 12070
200.631 12410
201.141 12750
201.648 13090
202.158 13430
202.592 6460
203.095 7140
203.539 7480
204.049 7820
204.562 8160
205.072 8500
205.579 8840
206.089 9180
206.602 9520
207.112 9860
207.619 10200
208.128 10540
208.651 10880
209.16 11220
209.667 11560
210.177 11900
210.69 12240
211.2 12580
211.707 12920
212.145 6290
212.648 6970
213.126 7310
213.636 7650
214.146 7990
214.653 8330
215.163 8670
215.676 9010
216.186 9350
216.693 9690
217.202 10030
217.715 10370
218.225 10710
218.732 11050
219.242 11390
219.749 11730
220.259 12070
220.772 12410
221.282 12750
221.788 13090
221.851 6290
222.354 6970
222.852 7310
223.358 7650
223.872 7990
224.378 8330
224.891 8670
225.398 9010
225.908 9350
226.599 9690
227.102 10030
227.616 10370
228.125 10710
228.632 11050
229.142 11390
229.833 11730
230.343 5610
230.846 6630
231.36 6970
231.869 7310
232.376 7650
232.886 7990
233.474 8330
233.984 8670
234.491 9010
235.007 9350
235.514 9690
236.024 10030
236.537 10370
237.047 10710
237.553 11050
238.063 11390
238.716 11730
239.226 12070
239.733 12410
240.243 12750
240.756 13090
241.266 13430
241.773 13770
242.282 14110
242.796 14450
243.305 14790
243.812 15130
244.322 15470
244.835 15810
245.345 16150
245.852 16490
246.362 16830
246.514 8160
247.018 8840
247.518 9180
248.031 9520
248.538 9860
249.051 10200
249.561 10540
250.068 10880
250.578 11220
251.269 11560
251.779 11900
252.285 12240
252.795 12580
253.387 12920
253.896 13260
254.306 6460
254.809 7140
254.954 7480
255.464 7820
255.977 8160
256.487 8500
256.994 8840
257.503 9180
258.125 9520
258.635 9860
259.142 10200
259.652 10540
260.165 10880
260.675 11220
261.181 11560
261.691 11900
262.204 12240
262.714 12580
263.221 12920
263.731 13260
264.244 13600
264.754 13940
265.26 14280
265.77 14620
266.283 14960
266.793 15300
267.3 15640
267.81 15980
268.323 16320
268.833 16660
269.339 17000
269.849 17340
270.356 17680
270.844 8670
272.348 340
272.355 680
272.361 1020
272.789 1360
272.795 1700
272.802 2040
272.808 2380
272.814 2720
272.82 3060
272.827 3400
272.833 3740
272.839 4080
272.846 4250
272.865 1870
273.39 2210
273.828 2550
273.85 2890
273.9 3230
274.36 3570
274.41 3910
274.879 4250
275.345 4590
275.417 4930
275.886 5270
276.339 5610
276.431 5950
276.89 6290
277.359 6630
277.454 6970
277.932 7310
278.407 7650
278.876 7990
279.361 8330
279.662 8670
279.987 9010
280.491 9350
280.988 9690
281.492 10030
281.995 10370
282.505 10710
283.012 11050
283.522 11390
284.035 11730
284.545 12070
285.051 12410
285.561 12750
285.574 6120
286.081 6800
286.584 7140
287.091 7480
287.604 7820
288.111 8160
288.811 8500
289.318 8840
289.828 9180
290.335 9520
290.844 9860
291.539 10200
292.048 10540
292.555 10880
293.065 11220
293.603 11560
294.113 11900
294.62 12240
295.129 12580
295.642 12920
296.152 13260
296.659 13600
297.169 13940
297.682 14280
298.192 14620
298.699 14960
299.209 15300
299.722 15640
300.231 15980
300.738 16320
301.248 16660
301.685 8160
302.189 8840
302.449 9180
302.956 9520
303.466 9860
303.979 10200
304.489 10540
304.995 10880
305.505 11220
306.018 11560
306.528 11900
307.035 12240
307.532 5950
308.036 6630
308.349 6970
308.855 7310
309.362 7650
309.872 7990
310.385 8330
310.895 8670
311.402 9010
311.912 9350
312.546 9690
313.056 10030
313.562 10370
314.072 10710
314.585 11050
315.095 11390
315.602 11730
316.112 12070
316.625 12410
317.135 12750
317.642 13090
318.151 13430
318.665 13770
319.174 14110
319.681 14450
320.191 14790
320.704 15130
321.214 15470
321.721 15810
322.231 16150
322.744 16490
323.254 16830
323.76 17170
324.27 17510
324.783 17850
325.293 18190
325.8 18530
326.31 18870
326.816 19210
327.326 19550
327.945 19890
328.455 20230
328.961 20570
329.471 20910
330.078 21250
330.588 21590
331.095 21930
331.605 22270
332.118 22610
332.628 22950
333.135 23290
333.645 23630
334.019 11560
334.523 12240
334.839 12580
335.352 12920
335.859 13260
336.372 13600
336.882 13940
337.389 14280
337.898 14620
338.411 14960
338.921 15300
339.428 15640
339.938 15980
340.451 16320
340.961 16660
341.468 17000
341.978 17340
342.491 17680
343 18020
343.507 18360
344.017 18700
344.48 9180
344.983 9860
345.139 10200
345.649 10540
346.156 10880
346.666 11220
347.357 11560
347.867 11900
348.373 12240
348.883 12580
349.475 12920
349.978 13260
350.491 13600
351.001 13940
351.508 14280
352.018 14620
352.531 14960
353.041 15300
353.547 15640
354.057 15980
354.57 16320
355.08 16660
355.587 17000
356.097 17340
356.61 17680
356.629 8670
357.135 9350
357.63 9690
358.136 10030
358.649 10370
359.156 10710
359.669 11050
360.179 11390
360.686 11730
361.196 12070
361.88 12410
362.39 12750
362.897 13090
363.216 6290
363.72 6970
364.173 7310
364.686 7650
365.193 7990
365.706 8330
366.213 8670
366.719 9010
367.229 9350
367.742 9690
368.252 10030
368.759 10370
369.269 10710
369.782 11050
370.292 11390
370.798 11730
371.308 12070
371.821 12410
372.331 12750
372.838 13090
373.354 13430
373.867 13770
374.377 14110
374.884 14450
375.4 14790
375.913 15130
376.423 15470
376.93 15810
377.44 16150
377.953 16490
378.463 16830
378.969 17170
379.479 17510
379.992 17850
380.502 18190
380.965 8840
381.468 9520
381.915 9860
382.422 10200
382.935 10540
383.442 10880
383.955 11220
384.461 11560
384.971 11900
385.484 12240
385.994 12580
386.501 12920
387.011 13260
387.524 13600
388.027 13940
388.54 14280
389.05 14620
389.557 14960
390.067 15300
390.58 15640
391.09 15980
391.597 16320
392.107 16660
392.62 17000
393.129 17340
393.643 17680
394.152 18020
394.665 18360
395.175 18700
395.682 19040
396.192 19380
396.705 19720
397.215 20060
397.722 20400
398.232 20740
398.745 21080
399.254 21420
399.761 21760
400.132 10710
400.636 11390
401.105 11730
401.615 12070
402.128 12410
402.638 12750
403.144 13090
403.648 6290
404.152 7310
404.661 7650
405.171 7990
405.82 8330
406.33 8670
406.837 9010
407.346 9350
407.853 9690
408.363 10030
408.876 10370
409.386 10710
409.893 11050
410.403 11390
410.964 11730
411.474 12070
411.981 12410
412.491 12750
413.188 13090
413.723 6290
414.226 7310
414.73 7650
415.203 3570
415.706 4590
416.419 4930
416.926 5270
417.469 5610
417.978 5950
418.233 2720
418.737 3400
419.044 3740
419.557 4080
420.064 4420
420.577 4760
421.086 5100
421.762 5440
422.272 5780
422.778 6120
423.288 6460
423.801 6800
424.311 7140
424.818 7480
425.328 7820
426.012 8160
426.522 8500
427.029 8840
427.539 9180
428.14 9520
428.65 9860
429.156 10200
429.666 10540
430.173 10880
430.683 11220
431.196 11560
431.706 11900
432.213 12240
432.723 12580
433.236 12920
433.745 13260
434.252 13600
434.762 13940
435.275 14280
435.785 14620
436.292 14960
436.802 15300
437.42 15640
437.93 15980
438.437 16320
438.947 16660
439.46 17000
439.97 17340
440.476 17680
440.986 18020
441.499 18360
442.009 18700
442.503 9180
443.007 9860
443.326 10200
443.839 10540
444.346 10880
444.856 11220
445.369 11560
445.879 11900
446.385 12240
446.895 12580
447.402 12920
447.912 13260
448.425 13600
448.935 13940
449.442 14280
449.952 14620
450.465 14960
450.974 15300
451.481 15640
451.991 15980
452.504 16320
453.02 7990
453.524 9010
454.034 9350
454.541 9690
455.054 10030
455.56 10370
456.261 10710
456.767 11050
457.277 11390
457.978 11730
458.488 12070
458.994 12410
459.504 12750
460.011 13090
460.521 13430
461.04 6460
461.543 7480
462.056 7820
462.563 8160
463.073 8500
463.633 8840
464.143 4250
464.647 5270
465.154 5610
465.667 5950
466.173 6290
466.874 6630
467.381 6970
467.89 7310
468.591 7650
469.101 7990
469.608 8330
470.117 8670
470.63 9010
471.14 9350
471.647 9690
472.157 10030
472.67 10370
473.174 10710
473.687 11050
473.74 5270
474.243 5950
474.71 6290
475.254 6630
475.76 6970
476.273 7310
476.78 7650
477.29 7990
477.984 8330
478.488 8670
478.795 4080
479.298 4760
479.749 5100
480.255 5440
480.768 5780
481.275 6120
481.788 6460
482.295 6800
482.805 7140
483.327 7480
483.837 7820
484.343 8160
484.853 8500
485.36 8840
485.87 9180
486.383 9520
486.893 9860
487.4 10200
487.909 10540
488.422 10880
488.932 11220
489.439 11560
489.899 5610
490.906 6290
491.385 6630
491.898 6970
492.404 7310
492.917 7650
493.427 7990
493.934 8330
494.444 8670
494.957 9010
495.429 4250
495.933 4930
496.373 5270
496.918 5610
497.424 5950
497.937 6290
498.444 6630
498.957 6970
499.461 7310
499.974 7650
