0.0 0
0.030928 3400
0.064944 3740
0.071248 4080
0.077552 4420
0.083856 4760
0.09016 5100
0.098528 5440
0.104832 5780
0.111136 6120
0.11744 6460
0.123744 6800
0.130048 7140
0.136352 7480
0.142656 7820
0.14896 8160
0.155264 8500
0.161568 8840
0.167872 9180
0.174176 9520
0.18048 9860
0.186784 10200
0.193088 10540
0.199392 10880
0.205696 11220
0.212 11560
0.218304 11900
0.224608 12240
0.230912 12580
0.237216 12920
0.24352 13260
0.249824 13600
0.256128 13940
0.262432 14280
0.268736 14620
0.27504 14960
0.281344 15300
0.287648 15640
0.293952 15980
0.300256 16320
0.30656 16660
0.312864 17000
0.319168 17340
0.325472 17680
0.331776 18020
0.33808 18360
0.344384 18700
0.350688 19040
0.356992 19380
0.363296 19720
0.3696 20060
0.375904 20400
0.382208 20740
0.388512 21080
0.394816 21420
0.40112 21760
0.407424 22100
0.413728 22440
0.420032 22780
0.426336 23120
0.43264 23460
0.442096 23800
0.451552 11730
0.665888 12410
0.766752 12750
0.791968 6120
0.90544 6800
0.955872 7140
1.01891 7480
1.08826 7820
1.1639 8160
1.23955 8500
1.3152 8840
1.40346 9180
1.4791 9520
1.56736 9860
1.66192 10200
1.75648 10540
1.85104 10880
1.9519 11220
2.05907 11560
2.16624 11900
2.27341 12240
2.38688 12580
2.50666 12920
2.62643 13260
2.74621 13600
2.87229 13940
3.00467 14280
3.13706 14620
3.26944 14960
3.40813 15300
3.55312 15640
3.69811 15980
3.8431 16320
3.9944 16660
4.152 17000
4.3096 17340
4.4672 17680
4.6311 18020
4.80131 18360
4.97152 18700
5.14173 19040
5.31824 19380
5.50106 19720
5.68387 20060
5.86669 20400
5.91712 10030
6.19134 10710
6.23547 11050
6.33634 11390
6.4435 11730
6.55067 12070
6.65784 12410
6.77131 12750
6.89109 13090
7.01086 13430
7.13064 13770
7.25672 14110
7.3891 14450
7.52149 14790
7.65387 15130
7.72952 7310
7.92179 7990
7.99744 8330
8.07309 8670
8.14874 9010
8.23069 9350
8.31894 9690
8.4072 10030
8.49546 10370
8.59002 10710
8.69088 11050
8.79174 11390
8.89261 11730
8.99978 12070
9.11325 12410
9.22672 12750
9.34019 13090
9.45997 13430
9.57974 13770
9.70582 14110
9.83821 14450
9.97059 14790
10.103 15130
10.2417 15470
10.3867 15810
10.5316 16150
10.6766 16490
10.8279 16830
10.9855 17170
11.1431 17510
11.3007 17850
11.4646 18190
11.6348 18530
11.8051 18870
11.9753 19210
12.1518 19550
12.3346 19890
12.4481 9690
12.634 10370
12.6592 10710
12.7538 11050
12.8547 11390
12.9618 11730
13.069 12070
13.1762 12410
13.2896 12750
13.4094 13090
13.5292 13430
13.649 13770
13.7751 14110
13.9011 14450
14.0335 14790
14.1722 15130
14.3109 15470
14.4496 15810
14.5946 16150
14.7459 16490
14.8972 16830
15.0485 17170
15.2061 17510
15.37 17850
15.5339 18190
15.6978 18530
15.868 18870
16.0445 19210
16.221 19550
16.3975 19890
16.5803 20230
16.7695 20570
16.8136 10030
16.9996 10710
17.0689 11050
17.1698 11390
17.2706 11730
17.3778 12070
17.4913 12410
17.5354 5950
17.6457 6630
17.6772 6970
17.7403 7310
17.8033 7650
17.8727 7990
17.9483 8330
18.024 8670
18.0996 9010
18.1816 9350
18.2698 9690
18.3581 10030
18.4463 10370
18.5409 10710
18.6417 11050
18.7363 11390
18.8435 11730
18.9065 5610
19.0578 5950
19.0704 6290
19.1208 6630
19.1839 6970
19.2469 7310
19.31 7650
19.3793 7990
19.455 8330
19.5306 8670
19.6063 9010
19.6882 9350
19.7765 9690
19.8647 10030
19.953 10370
20.0475 10710
20.0791 5100
20.1736 5780
20.2114 6120
20.2619 6460
20.3249 6800
20.388 7140
20.451 7480
20.5203 7820
20.596 8160
20.6716 8500
20.7473 8840
20.8292 9180
20.9175 9520
21.0057 9860
21.094 10200
21.1192 4930
21.2075 5610
21.239 5950
21.2957 6290
21.3525 6630
21.4092 6970
21.4722 7310
21.5416 7650
21.6109 7990
21.6803 8330
21.7559 8670
21.8379 9010
21.9198 9350
22.0018 9690
22.09 10030
22.1089 4760
22.1972 5440
22.235 5780
22.2855 6120
22.3422 6460
22.4052 6800
22.4683 7140
22.5313 7480
22.6007 7820
22.6763 8160
22.752 8500
22.8402 4080
22.9127 5100
22.9505 5440
23.001 5780
23.0577 2720
23.1081 3740
23.148 4080
23.1879 4420
23.2257 4760
23.2699 5100
23.3203 5440
23.3455 2550
23.3896 3230
23.4106 3570
23.4505 3910
23.4872 4250
23.5271 4590
23.5712 4930
23.6154 5270
23.6595 5610
23.7099 5950
23.7667 6290
23.8234 6630
23.8801 6970
23.9432 7310
24.0125 7650
24.0819 7990
24.1512 8330
24.2269 8670
24.3088 9010
24.3908 9350
24.4727 9690
24.561 10030
24.6492 10370
24.7438 10710
24.8447 11050
24.9455 11390
25.0464 11730
25.1536 12070
25.267 12410
25.3805 12750
25.494 13090
25.6137 13430
25.7398 13770
25.8659 14110
25.992 14450
26.1244 14790
26.2631 15130
26.4017 15470
26.5404 15810
26.6854 16150
26.8367 16490
26.988 16830
27.1393 17170
27.2969 17510
27.4608 17850
27.6247 18190
27.6499 8840
27.8138 9520
27.8832 9860
27.9809 10200
27.9904 4930
28.0786 5610
28.1164 5950
28.1732 6290
28.2299 6630
28.2866 6970
28.3497 7310
28.4127 7650
28.4821 7990
28.5577 8330
28.6334 8670
28.709 9010
28.791 9350
28.8792 9690
28.9675 10030
29.0557 10370
29.1503 10710
29.2512 11050
29.352 11390
29.4529 11730
29.56 12070
29.6735 12410
29.787 12750
29.9005 13090
29.9824 6290
30.0959 6970
30.1148 7310
30.1778 7650
30.2472 7990
30.3228 8330
30.3985 8670
30.4741 9010
30.5561 9350
30.638 9690
30.7263 10030
30.8208 10370
30.9154 10710
31.01 11050
31.1108 11390
31.218 11730
31.3252 12070
31.4323 12410
31.5458 5950
31.653 6970
31.7097 7310
31.7791 7650
31.8484 7990
31.9177 8330
31.9934 8670
32.0753 9010
32.1573 9350
32.2392 9690
32.3275 10030
32.4221 10370
32.5166 10710
32.6112 11050
32.712 11390
32.8192 11730
32.9264 12070
33.0336 12410
33.147 12750
33.2668 13090
33.3866 13430
33.5064 13770
33.6324 14110
33.7648 14450
33.8972 14790
34.0296 15130
34.1683 15470
34.3133 15810
34.4583 16150
34.6032 16490
34.7545 16830
34.805 8160
34.9531 8840
35.0099 9180
35.0918 9520
35.1801 9860
35.2746 10200
35.3692 10540
35.4637 10880
35.5646 11220
35.5772 5440
35.6781 6120
35.7285 6460
35.7852 6800
35.8483 7140
35.9113 7480
35.9807 7820
36.0563 8160
36.132 8500
36.2076 8840
36.2896 9180
36.3778 9520
36.4661 9860
36.5543 10200
36.6489 10540
36.7498 10880
36.8506 11220
36.9515 11560
37.0587 11900
37.1721 12240
37.2856 12580
37.3991 12920
37.5188 13260
37.6449 13600
37.771 13940
37.8971 14280
38.0295 14620
38.1682 14960
38.3068 15300
38.4203 7480
38.6252 8160
38.6756 8500
38.7576 8840
38.8395 9180
38.9215 9520
39.0097 9860
39.1043 10200
39.1989 10540
39.2934 10880
39.3943 11220
39.5015 11560
39.6086 11900
39.7158 12240
39.7536 5950
39.8608 6630
39.8986 6970
39.9616 7310
40.0247 7650
40.094 7990
40.1697 8330
40.2453 8670
40.321 9010
40.4029 9350
40.4912 9690
40.5794 10030
40.6677 10370
40.7623 10710
40.8568 11050
40.9577 11390
41.0648 11730
41.172 12070
41.2792 12410
41.3927 12750
41.5124 13090
41.6322 13430
41.752 13770
41.8781 14110
42.0104 14450
42.105 6970
42.2878 7310
42.3067 7650
42.3761 7990
42.4454 8330
42.5211 8670
42.603 9010
42.6913 4250
42.7701 5270
42.8079 5610
42.8583 5950
42.9088 6290
42.9655 6630
43.0222 6970
43.0475 3230
43.1073 3910
43.1252 4250
43.1651 4590
43.2092 4930
43.2533 5270
43.2974 5610
43.3479 5950
43.4046 6290
43.4613 6630
43.5181 6970
43.5811 7310
43.6505 7650
43.7198 7990
43.7892 8330
43.8648 8670
43.9468 9010
44.0287 9350
44.1107 9690
44.1989 10030
44.2935 10370
44.388 10710
44.4826 11050
44.5835 11390
44.6843 11730
44.7915 12070
44.905 12410
45.0184 12750
45.1319 13090
45.2517 13430
45.362 6460
45.4786 7140
45.4849 7480
45.5543 7820
45.6299 8160
45.7056 8500
45.7812 8840
45.8632 9180
45.9514 9520
46.0397 9860
46.1279 10200
46.1721 4930
46.2635 5610
46.2824 5950
46.3391 6290
46.3959 6630
46.4526 6970
46.5156 7310
46.585 7650
46.6543 7990
46.7237 8330
46.7993 8670
46.8813 9010
46.9569 9350
47.0452 9690
47.1271 4590
47.2091 5610
47.2595 5950
47.3099 6290
47.3667 6630
47.4297 6970
47.4928 7310
47.5558 7650
47.6251 7990
47.7008 8330
47.7701 8670
47.8521 9010
47.934 9350
48.016 9690
48.1042 10030
48.1988 10370
48.2934 10710
48.3879 11050
48.4888 11390
48.596 11730
48.6527 5610
48.7567 6290
48.7756 6630
48.8387 6970
48.9017 7310
48.9647 7650
49.0341 7990
49.1097 8330
49.1854 8670
49.261 9010
49.343 9350
49.4249 9690
49.5132 10030
49.6077 10370
49.7023 10710
49.7969 11050
49.8977 11390
50.0049 11730
50.1121 12070
50.2192 12410
50.3327 12750
50.4525 13090
50.5723 13430
50.692 13770
50.7992 6630
50.919 7310
50.9253 7650
50.9946 7990
51.0703 8330
51.1396 8670
51.2216 9010
51.3035 9350
51.3855 9690
51.4737 10030
51.5683 10370
51.6628 10710
51.7574 11050
51.8583 11390
51.9654 11730
52.0726 12070
52.1798 12410
52.2932 12750
52.413 13090
52.5328 13430
52.6526 13770
52.7787 14110
52.911 14450
53.0434 14790
53.1758 15130
53.3082 7310
53.4437 8330
53.5194 8670
53.595 9010
53.677 9350
53.7652 9690
53.8535 10030
53.9417 10370
54.0363 10710
54.1372 11050
54.238 11390
54.3389 11730
54.4461 12070
54.5532 12410
54.6667 12750
54.7865 13090
54.881 6290
54.9977 6970
55.004 7310
55.0292 3400
55.0922 4080
55.1132 4420
55.1573 4760
55.2015 5100
55.2456 5440
55.296 5780
55.3528 6120
55.4095 6460
55.4662 6800
55.5293 7140
55.5797 3400
55.6396 4080
55.6511 4420
55.6984 4760
55.7425 5100
55.7866 5440
55.8371 5780
55.8938 6120
55.9505 6460
56.0073 6800
56.0703 7140
56.1397 7480
56.2027 7820
56.2784 8160
56.354 8500
56.4296 8840
56.5116 9180
56.5999 9520
56.6881 9860
56.7764 10200
56.8709 10540
56.9718 10880
57.0727 11220
57.1735 11560
57.2807 11900
57.3942 12240
57.5076 12580
57.5328 6120
57.7031 2890
57.7776 3230
57.8175 3570
57.8542 3910
57.891 4250
57.9309 4590
57.975 4930
58.0191 5270
58.0632 5610
58.1137 5950
58.1704 6290
58.2272 6630
58.2839 6970
58.3469 7310
58.4163 7650
58.4982 3570
58.6221 4930
58.6715 5270
58.7156 5610
58.766 5950
58.8165 6290
58.8732 6630
58.9362 6970
58.9993 7310
59.0371 3400
59.097 4080
59.1148 4420
59.1621 4760
59.2062 5100
59.2504 5440
59.3008 5780
59.3575 6120
59.4143 6460
59.4773 3060
59.5309 4080
59.5708 4420
59.6149 4760
59.659 5100
59.7032 5440
59.7536 5780
59.8103 6120
59.8608 6460
59.9238 6800
59.9868 7140
60.0499 7480
60.1192 7820
60.1949 8160
60.2642 3910
60.3671 4590
60.4133 4930
60.4575 5270
60.5016 5610
60.552 5950
60.6088 6290
60.6655 6630
60.7222 6970
60.7853 7310
60.8483 7650
60.9176 7990
60.9933 8330
61.0689 8670
61.1446 9010
61.2265 9350
61.3148 9690
61.4031 10030
61.4913 10370
61.5859 10710
61.6867 11050
61.7876 11390
61.8885 11730
61.9956 12070
62.1091 12410
62.2226 12750
62.2667 6120
62.3802 6800
62.418 7140
62.481 7480
62.5504 7820
62.626 8160
62.6512 3910
62.7237 4590
62.7427 4930
62.7868 5270
62.8246 2380
62.8687 3400
62.9118 3740
62.9569 4080
62.9968 4420
63.0346 4760
63.0787 5100
63.1292 5440
63.1796 5780
63.23 6120
63.2868 6460
63.3498 6800
63.4065 7140
63.4759 7480
63.5452 7820
63.6146 8160
63.6902 8500
63.7722 8840
63.8541 9180
63.9361 9520
64.0243 9860
64.1189 10200
64.2134 10540
64.308 10880
64.4089 11220
64.516 11560
64.6232 11900
64.7304 12240
64.8438 12580
64.9636 12920
65.0834 13260
65.2032 13600
65.3292 13940
65.4616 14280
65.5625 6970
65.6886 7650
65.7012 7990
65.7705 8330
65.8462 8670
65.9281 9010
66.0101 9350
66.092 9690
66.1803 10030
66.2748 10370
66.3694 10710
66.464 11050
66.5648 11390
66.672 11730
66.7224 5610
66.8264 6290
66.8517 6630
66.9084 6970
66.9714 7310
67.0345 7650
67.1038 7990
67.1795 8330
67.2551 8670
67.3308 9010
67.4127 9350
67.501 9690
67.5892 10030
67.6775 10370
67.772 10710
67.8729 11050
67.9738 11390
68.0368 5440
68.1377 6120
68.1566 6460
68.2196 6800
68.2827 7140
68.3457 7480
68.4151 7820
68.4844 8160
68.56 8500
68.642 8840
68.724 9180
68.8059 9520
68.8942 9860
68.9887 10200
69.0833 10540
69.1778 10880
69.2787 11220
69.3859 11560
69.493 11900
69.6002 12240
69.7137 12580
69.8335 12920
69.9532 13260
70.073 13600
70.1991 13940
70.3315 14280
70.4639 14620
70.5962 14960
70.7349 15300
70.8799 15640
71.0249 15980
71.1699 16320
71.3212 16660
71.4788 17000
71.6364 17340
71.794 17680
71.9579 18020
72.1281 18360
72.292 18700
72.4685 19040
72.645 19380
72.8216 19720
73.0044 20060
73.1935 20400
73.3826 20740
73.5717 21080
73.7419 10370
74.0193 11390
74.0887 11730
74.1958 12070
74.3093 12410
74.4228 12750
74.5362 13090
74.656 13430
74.7128 6460
74.8294 7140
74.8672 7480
74.9365 7820
75.0059 8160
75.0815 8500
75.1572 8840
75.2391 9180
75.3274 9520
75.4156 9860
75.5039 10200
75.5985 10540
75.6993 10880
75.8002 11220
75.8632 5440
75.9609 6120
75.9799 6460
76.0429 6800
76.1059 7140
76.169 7480
76.2383 7820
76.314 8160
76.3896 8500
76.4653 8840
76.5472 9180
76.6166 4420
76.6985 5100
76.7048 5440
76.7552 5780
76.812 6120
76.8624 6460
76.9255 6800
76.9885 7140
77.0515 7480
77.1209 7820
77.1965 8160
77.2722 8500
77.3478 8840
77.4298 9180
77.518 9520
77.6063 9860
77.6945 10200
77.7891 10540
77.8584 5100
77.953 5780
77.9656 6120
78.0224 6460
78.0854 6800
78.1484 7140
78.2115 7480
78.2808 7820
78.3565 8160
78.4069 3910
78.4762 4590
78.4846 4930
78.5287 5270
78.5792 5610
78.6296 5950
78.68 6290
78.7368 6630
78.7935 6970
78.8565 7310
78.9259 7650
78.9952 7990
79.0646 8330
79.1402 8670
79.2222 9010
79.3041 9350
79.3861 9690
79.4743 10030
79.5689 10370
79.5941 4930
79.6855 5610
79.717 5950
79.7675 6290
79.8242 6630
79.8872 6970
79.9503 7310
80.0133 7650
80.0827 7990
80.1583 8330
80.2277 8670
80.3096 9010
80.3916 9350
80.4735 9690
80.5618 10030
80.6563 10370
80.7509 10710
80.8455 11050
80.9463 11390
80.9715 5440
81.0724 6120
81.1165 6460
81.1733 6800
81.2363 7140
81.3056 7480
81.3813 7820
81.4443 8160
81.52 8500
81.5956 8840
81.6776 9180
81.7658 9520
81.8541 9860
81.9424 10200
82.0369 10540
82.1378 10880
82.2386 11220
82.3395 11560
82.4467 11900
82.5601 12240
82.6736 12580
82.6988 6120
82.8659 6460
82.8848 6800
82.9478 7140
83.0172 7480
83.0865 7820
83.1307 3740
83.2 4420
83.2126 4760
83.2567 5100
83.3009 5440
83.3513 5780
83.408 6120
83.4648 6460
83.5215 6800
83.5845 7140
83.6539 7480
83.7232 7820
83.7926 8160
83.8682 8500
83.9502 8840
83.9628 4250
84.0416 4930
84.0731 5270
84.1172 5610
84.1677 5950
84.2244 6290
84.2811 6630
84.3379 6970
84.4009 7310
84.464 7650
84.5333 7990
84.6089 8330
84.6846 8670
84.7602 9010
84.7855 4250
84.8643 4930
84.8895 5270
84.9336 5610
84.984 5950
85.0408 6290
85.0975 6630
85.1542 6970
85.2173 7310
85.2866 7650
85.356 7990
85.4253 8330
85.501 8670
85.5829 9010
85.6649 9350
85.7468 9690
85.8351 10030
85.9296 10370
86.0242 10710
86.1188 11050
86.2196 11390
86.3268 11730
86.434 12070
86.5411 12410
86.6546 12750
86.7744 13090
86.8941 13430
87.0139 13770
87.14 14110
87.2724 14450
87.4048 14790
87.5372 15130
87.6758 15470
87.8145 15810
87.9595 16150
88.1108 16490
88.2621 16830
88.4134 17170
88.571 17510
88.7349 17850
88.8988 18190
89.0627 18530
89.2329 18870
89.4094 19210
89.586 19550
89.7625 19890
89.9453 20230
90.1344 20570
90.1596 10030
90.3456 10710
90.4275 11050
90.5221 11390
90.6293 11730
90.7364 12070
90.8436 12410
90.9571 12750
90.9949 6120
91.1052 6800
91.1493 7140
91.2124 7480
91.2817 7820
91.3574 8160
91.433 8500
91.5087 8840
91.5906 9180
91.6789 9520
91.7671 9860
91.8554 10200
91.95 10540
92.0508 10880
92.1517 11220
92.2525 11560
92.3597 11900
92.4732 12240
92.5867 12580
92.7001 12920
92.7884 6290
92.905 6970
92.9176 7310
92.9807 7650
93.05 7990
93.1256 8330
93.2013 8670
93.2769 9010
93.3589 9350
93.4472 9690
93.5354 10030
93.6237 10370
93.7182 10710
93.8191 11050
93.9136 11390
94.0208 11730
94.128 12070
94.2352 12410
94.3486 12750
94.4684 13090
94.5945 6290
94.708 7310
94.7647 7650
94.834 7990
94.9097 8330
94.9853 8670
95.061 9010
95.1429 9350
95.2312 9690
95.3194 10030
95.4077 10370
95.5023 10710
95.5968 11050
95.6977 11390
95.8048 11730
95.912 12070
96.0192 12410
96.1327 12750
96.2335 6120
96.3438 6800
96.3501 7140
96.4195 7480
96.4888 7820
96.5582 8160
96.6338 8500
96.7158 8840
96.7977 9180
96.8797 9520
96.9679 9860
97.0625 10200
97.1571 10540
97.2516 10880
97.3525 11220
97.4596 11560
97.5668 11900
97.674 12240
97.7875 12580
97.9072 12920
97.9514 6290
98.068 6970
98.0995 7310
98.1688 7650
98.2382 7990
98.3075 8330
98.3832 8670
98.4651 9010
98.5471 9350
98.629 9690
98.7173 10030
98.8119 10370
98.9001 10710
99.001 11050
99.1018 11390
99.2027 11730
99.3099 12070
99.4233 12410
99.5368 12750
99.6503 13090
99.7701 13430
99.8961 13770
100.022 14110
100.148 14450
100.281 14790
100.419 15130
100.489 7310
100.624 7990
100.656 8330
100.731 8670
100.807 9010
100.889 9350
100.977 9690
101.066 10030
101.154 10370
101.248 10710
101.349 11050
101.45 11390
101.551 11730
101.658 12070
101.772 12410
101.879 12750
101.999 13090
102.087 6290
102.203 6970
102.216 7310
102.279 7650
102.348 7990
102.424 8330
102.5 8670
102.575 4080
102.651 5100
102.695 5440
102.746 5780
102.796 6120
102.853 6460
102.916 6800
102.979 7140
103.017 3400
103.077 4080
103.094 4420
103.138 4760
103.183 5100
103.227 5440
103.277 5780
103.334 6120
103.391 6460
103.447 6800
103.51 7140
103.58 7480
103.649 7820
103.718 8160
103.794 8500
103.87 8840
103.952 9180
104.04 9520
104.128 9860
104.216 10200
104.311 10540
104.412 10880
104.513 11220
104.538 5440
104.636 6120
104.68 6460
104.737 6800
104.8 7140
104.869 7480
104.938 7820
105.008 8160
105.083 8500
105.159 8840
105.241 9180
105.329 9520
105.417 9860
105.506 10200
105.6 10540
105.701 10880
105.802 11220
105.903 11560
106.01 11900
106.123 12240
106.142 5950
106.253 6630
106.278 3060
106.335 3740
106.346 4080
106.386 4420
106.43 4760
106.474 5100
106.518 5440
106.569 5780
106.619 6120
106.676 6460
106.739 6800
106.802 7140
106.849 3400
106.906 4080
106.927 4420
106.965 4760
107.009 5100
107.059 5440
107.11 5780
107.16 6120
107.217 6460
107.28 6800
107.337 7140
107.406 7480
107.476 7820
107.545 8160
107.62 8500
107.702 8840
107.784 9180
107.866 9520
107.917 4590
107.999 5270
108.018 5610
108.068 5950
108.119 6290
108.175 6630
108.238 6970
108.295 7310
108.364 7650
108.434 7990
108.503 8330
108.579 8670
108.661 9010
108.743 9350
108.825 9690
108.913 10030
109.007 10370
109.102 10710
109.196 11050
109.297 11390
109.405 11730
109.512 12070
109.619 12410
109.732 12750
109.852 13090
109.972 13430
110.092 13770
110.218 14110
110.35 14450
110.483 14790
110.615 15130
110.754 15470
110.899 15810
111.044 16150
111.189 16490
111.34 16830
111.497 17170
111.649 17510
111.731 8500
111.885 9180
111.929 9520
112.018 9860
112.106 10200
112.2 10540
112.301 10880
112.402 11220
112.503 11560
112.61 11900
112.724 12240
112.837 12580
112.951 12920
113.07 13260
113.196 13600
113.322 13940
113.449 14280
113.581 14620
113.72 14960
113.764 7310
113.899 7990
113.943 8330
114.019 8670
114.095 9010
114.177 9350
114.265 9690
114.353 10030
114.441 10370
114.536 10710
114.631 11050
114.731 11390
114.788 5440
114.936 6460
114.987 6800
115.05 7140
115.113 7480
115.182 7820
115.258 8160
115.333 8500
115.409 8840
115.491 9180
115.579 9520
115.661 9860
115.756 10200
115.825 4930
115.917 5610
115.923 5950
115.98 6290
116.036 6630
116.093 6970
116.156 7310
116.219 7650
116.288 7990
116.364 8330
116.44 8670
116.456 4080
116.563 4760
116.569 5100
116.613 5440
116.664 5780
116.72 6120
116.777 6460
116.846 3060
116.9 4080
116.94 4420
116.978 4760
117.022 5100
117.066 5440
117.116 5780
117.173 6120
117.23 6460
117.287 6800
117.318 3230
117.375 3910
117.396 4250
117.436 4590
117.474 4930
117.518 5270
117.568 5610
117.619 5950
117.65 2720
117.7 3400
117.721 3740
117.758 4080
117.798 4420
117.836 4760
117.88 5100
117.93 5440
117.981 5780
118.031 6120
118.088 6460
118.151 6800
118.214 7140
118.277 7480
118.347 7820
118.416 8160
118.492 8500
118.573 8840
118.655 9180
118.737 9520
118.826 9860
118.92 10200
119.015 10540
119.109 10880
119.21 11220
119.317 11560
119.425 11900
119.532 12240
119.645 12580
119.765 12920
119.885 13260
120.004 13600
120.131 13940
120.263 14280
120.395 14620
120.414 7140
120.547 7820
120.603 8160
120.679 8500
120.761 8840
120.843 9180
120.925 9520
121.013 9860
121.108 10200
121.202 10540
121.297 10880
121.398 11220
121.505 11560
121.612 11900
121.719 12240
121.833 12580
121.952 12920
122.072 13260
122.192 13600
122.318 13940
122.45 14280
122.583 14620
122.722 7140
122.854 8160
122.923 8500
123.005 8840
123.043 4250
123.119 4930
123.138 5270
123.182 5610
123.232 5950
123.289 6290
123.346 6630
123.402 6970
123.465 7310
123.535 7650
123.604 7990
123.673 8330
123.749 8670
123.825 9010
123.907 9350
123.995 9690
124.045 4590
124.13 5270
124.143 5610
124.193 5950
124.25 6290
124.307 6630
124.364 6970
124.427 7310
124.49 7650
124.559 7990
124.635 8330
124.71 8670
124.786 9010
124.868 9350
124.956 9690
125.045 10030
125.133 10370
125.227 10710
125.328 11050
125.429 11390
125.53 11730
125.637 12070
125.751 12410
125.864 12750
125.978 13090
126.097 13430
126.223 13770
126.349 6630
126.472 7650
126.535 3570
126.602 4590
126.635 4930
126.679 5270
126.73 5610
126.78 5950
126.831 6290
126.887 6630
126.95 6970
127.007 7310
127.064 3400
127.127 4080
127.135 4420
127.173 4760
127.217 5100
127.268 5440
127.312 5780
127.369 6120
127.425 6460
127.482 6800
127.545 7140
127.614 7480
127.684 7820
127.753 8160
127.829 8500
127.911 8840
127.993 9180
128.075 9520
128.163 9860
128.257 10200
128.352 10540
128.447 10880
128.547 11220
128.655 11560
128.762 11900
128.869 12240
128.982 12580
129.102 12920
129.222 13260
129.342 13600
129.468 13940
129.6 14280
129.733 14620
129.865 14960
130.004 15300
130.149 15640
130.287 15980
130.439 16320
130.577 7990
130.722 9010
130.804 9350
130.892 9690
130.981 10030
131.069 10370
131.164 10710
131.264 11050
131.365 11390
131.466 11730
131.573 12070
131.687 12410
131.8 12750
131.914 13090
132.033 13430
132.16 13770
132.286 14110
132.412 14450
132.544 14790
132.683 15130
132.821 15470
132.96 15810
133.105 16150
133.256 16490
133.408 16830
133.559 17170
133.717 17510
133.881 17850
134.044 18190
134.208 18530
134.379 18870
134.549 19210
134.725 19550
134.908 19890
135.091 20230
135.274 20570
135.45 10030
135.633 10710
135.639 11050
135.696 5270
135.794 5950
135.813 6290
135.869 6630
135.926 6970
135.989 7310
136.052 7650
136.122 7990
136.197 8330
136.273 8670
136.349 9010
136.431 9350
136.519 9690
136.607 10030
136.695 10370
136.79 10710
136.891 11050
136.992 11390
137.092 11730
137.2 12070
137.313 12410
137.427 12750
137.54 13090
137.66 13430
137.786 13770
137.855 6630
137.978 7310
138.003 7650
138.073 7990
138.142 8330
138.205 3910
138.274 4930
138.321 5270
138.365 2380
138.409 3400
138.452 3740
138.489 4080
138.529 4420
138.573 4760
138.617 5100
138.661 5440
138.711 5780
138.768 6120
138.825 6460
138.882 6800
138.945 7140
139.008 7480
139.077 7820
139.153 8160
139.228 8500
139.304 8840
139.386 9180
139.474 9520
139.562 9860
139.651 10200
139.745 10540
139.846 10880
139.947 11220
140.048 11560
140.155 11900
140.268 12240
140.382 12580
140.495 12920
140.615 13260
140.744 13600
140.754 6630
140.874 7310
140.93 7650
141 7990
141.069 8330
141.145 8670
141.227 9010
141.302 9350
141.391 9690
141.479 10030
141.567 10370
141.662 10710
141.763 11050
141.863 11390
141.964 11730
142.071 12070
142.185 12410
142.298 12750
142.412 13090
142.532 13430
142.658 13770
142.784 14110
142.91 14450
143.042 14790
143.181 15130
143.32 15470
143.458 15810
143.603 16150
143.755 16490
143.855 7990
144.004 8670
144.022 9010
144.104 9350
144.193 9690
144.281 10030
144.369 10370
144.464 10710
144.565 11050
144.659 11390
144.766 11730
144.836 5610
144.94 6290
144.952 6630
145.015 6970
145.078 7310
145.141 7650
145.211 7990
145.286 8330
145.362 8670
145.438 9010
145.52 9350
145.602 9690
145.69 10030
145.784 10370
145.879 10710
145.974 11050
146.074 11390
146.182 11730
146.289 12070
146.396 12410
146.509 12750
146.629 13090
146.749 13430
146.869 13770
146.995 14110
147.127 14450
147.241 6970
147.367 7650
147.373 7990
147.442 8330
147.518 8670
147.6 9010
147.682 9350
147.764 9690
147.852 10030
147.947 10370
148.041 10710
148.136 11050
148.237 11390
148.344 11730
148.451 12070
148.558 12410
148.672 12750
148.791 13090
148.905 13430
149.031 13770
149.157 14110
149.283 14450
149.416 14790
149.554 15130
149.693 15470
149.832 15810
149.977 16150
150.128 16490
150.279 16830
150.431 17170
150.588 17510
150.752 17850
150.916 18190
151.08 18530
151.137 9010
151.3 9690
151.357 10030
151.445 10370
151.54 10710
151.641 11050
151.742 11390
151.843 11730
151.95 12070
151.981 5780
152.085 6460
152.129 6800
152.192 7140
152.256 7480
152.325 7820
152.401 8160
152.476 8500
152.552 8840
152.634 9180
152.722 9520
152.81 9860
152.848 4760
152.936 5440
152.962 5780
153.018 6120
153.075 6460
153.132 6800
153.195 7140
153.258 7480
153.327 7820
153.403 8160
153.466 3910
153.535 4930
153.581 5270
153.632 5610
153.682 5950
153.733 6290
153.789 6630
153.852 6970
153.909 7310
153.979 7650
154.048 7990
154.117 8330
154.193 8670
154.275 9010
154.357 9350
154.439 9690
154.527 10030
154.622 10370
154.716 10710
154.811 11050
154.912 11390
155.019 11730
155.126 12070
155.233 12410
155.347 12750
155.466 13090
155.586 13430
155.706 13770
155.832 14110
155.964 14450
156.097 14790
156.229 15130
156.368 15470
156.513 15810
156.525 7650
156.667 8330
156.73 8670
156.806 9010
156.888 9350
156.976 9690
157.064 10030
157.153 10370
157.247 10710
157.348 11050
157.449 11390
157.55 11730
157.657 12070
157.77 12410
157.884 12750
157.997 13090
158.117 13430
158.243 13770
158.369 14110
158.495 14450
158.628 14790
158.729 7140
158.858 7820
158.877 8160
158.952 8500
159.028 8840
159.11 9180
159.198 9520
159.287 9860
159.375 10200
159.469 10540
159.57 10880
159.671 11220
159.772 11560
159.879 11900
159.993 12240
160.106 12580
160.22 12920
160.339 13260
160.465 13600
160.591 13940
160.718 14280
160.85 14620
160.989 14960
161.127 15300
161.26 7480
161.398 8500
161.48 8840
161.562 9180
161.644 9520
161.732 9860
161.827 10200
161.922 10540
162.016 10880
162.117 11220
162.224 11560
162.331 11900
162.439 12240
162.552 12580
162.665 12920
162.785 13260
162.911 13600
163.037 13940
163.063 6800
163.186 7480
163.242 7820
163.312 8160
163.387 8500
163.469 8840
163.551 9180
163.633 9520
163.721 9860
163.816 10200
163.911 10540
164.005 10880
164.106 11220
164.213 11560
164.314 11900
164.427 12240
164.541 12580
164.654 12920
164.774 13260
164.9 13600
165.026 13940
165.152 14280
165.285 14620
165.423 14960
165.562 15300
165.701 15640
165.846 15980
165.871 7820
166.016 8500
166.079 8840
166.161 9180
166.249 9520
166.338 9860
166.426 10200
166.476 4930
166.568 5610
166.587 5950
166.637 6290
166.694 6630
166.757 6970
166.82 7310
166.851 3400
166.914 4080
166.935 4420
166.973 4760
167.017 5100
167.061 5440
167.112 5780
167.169 6120
167.225 6460
167.282 6800
167.345 7140
167.414 7480
167.484 7820
167.553 8160
167.578 3910
167.648 4590
167.675 4930
167.719 5270
167.763 5610
167.814 5950
167.864 6290
167.921 6630
167.984 6970
168.047 7310
168.11 7650
168.179 7990
168.255 8330
168.331 8670
168.406 9010
168.488 9350
168.576 9690
168.665 10030
168.753 10370
168.848 10710
168.948 11050
168.98 5270
169.074 5950
169.106 6290
169.163 6630
169.219 6970
169.283 7310
169.352 7650
169.421 7990
169.491 8330
169.566 8670
169.648 9010
169.73 9350
169.812 9690
169.9 10030
169.995 10370
170.089 10710
170.184 11050
170.285 11390
170.342 5440
170.442 6120
170.468 6460
170.524 6800
170.587 7140
170.657 7480
170.726 7820
170.795 8160
170.871 8500
170.953 8840
171.035 9180
171.117 9520
171.205 9860
171.3 10200
171.325 4930
171.413 5610
171.445 5950
171.495 6290
171.552 6630
171.615 6970
171.678 7310
171.741 7650
171.81 7990
171.886 8330
171.962 8670
172.037 9010
172.119 9350
172.208 9690
172.296 10030
172.384 10370
172.422 4930
172.513 5610
172.539 5950
172.589 2720
172.636 3740
172.679 4080
172.719 4420
172.763 4760
172.807 5100
172.852 5440
172.902 5780
172.959 6120
173.015 6460
173.072 6800
173.135 7140
173.205 7480
173.274 7820
173.343 8160
173.419 8500
173.501 8840
173.583 9180
173.665 9520
173.753 9860
173.841 10200
173.936 10540
174.037 10880
174.138 11220
174.238 11560
174.346 11900
174.459 12240
174.573 12580
174.686 12920
174.768 6290
174.885 6970
174.897 7310
174.967 3400
175.03 4420
175.044 2040
175.082 2720
175.109 3060
175.146 3400
175.186 3740
175.229 4080
175.269 4420
175.307 4760
175.351 5100
175.401 5440
175.445 5780
175.502 6120
175.559 6460
175.616 6800
175.679 7140
175.748 7480
175.817 7820
175.887 8160
175.962 8500
176.044 8840
176.126 9180
176.208 9520
176.296 9860
176.391 10200
176.486 10540
176.574 5100
176.668 6120
176.725 6460
176.782 3060
176.869 3740
176.915 4080
176.955 4420
176.993 4760
177.037 5100
177.088 5440
177.132 5780
177.188 6120
177.245 6460
177.302 6800
177.352 3230
177.412 4250
177.455 4590
177.499 4930
177.543 5270
177.588 5610
177.638 5950
177.688 6290
177.745 6630
177.808 6970
177.871 7310
177.934 7650
178.004 7990
178.079 8330
178.155 8670
178.231 9010
178.313 9350
178.401 9690
178.489 10030
178.508 4760
178.593 5440
178.631 5780
178.688 6120
178.744 6460
178.801 6800
178.864 7140
178.927 7480
178.997 7820
179.072 8160
179.148 8500
179.223 8840
179.305 9180
179.394 9520
179.482 9860
179.57 10200
179.665 10540
179.766 10880
179.866 11220
179.967 11560
180.075 11900
180.188 12240
180.301 12580
180.415 12920
180.478 6290
180.591 6970
180.617 7310
180.686 7650
180.755 7990
180.825 8330
180.856 3910
180.935 4590
180.948 4930
180.997 5270
181.041 5610
181.092 5950
181.142 6290
181.199 6630
181.262 6970
181.325 7310
181.388 7650
181.457 7990
181.533 8330
181.608 8670
181.684 9010
181.766 9350
181.854 9690
181.943 10030
182.031 10370
182.125 10710
182.176 5100
182.308 5440
182.346 5780
182.396 6120
182.453 6460
182.516 6800
182.579 7140
182.642 7480
182.712 7820
182.787 8160
182.863 8500
182.939 8840
183.021 9180
183.109 9520
183.197 9860
183.285 10200
183.38 10540
183.481 10880
183.582 11220
183.682 11560
183.79 11900
183.903 12240
184.017 12580
184.13 12920
184.25 13260
184.376 13600
184.502 13940
184.628 14280
184.76 14620
184.899 14960
184.95 7310
185.082 7990
185.12 8330
185.195 8670
185.277 9010
185.359 9350
185.454 4420
185.533 5440
185.577 5780
185.627 6120
185.684 6460
185.747 6800
185.81 7140
185.873 7480
185.942 7820
186.018 8160
186.094 8500
186.169 8840
186.251 9180
186.34 9520
186.428 9860
186.516 10200
186.611 10540
186.712 10880
186.806 11220
186.913 11560
187.02 11900
187.128 12240
187.241 12580
187.361 12920
187.481 13260
187.6 13600
187.657 6630
187.777 7310
187.808 7650
187.878 7990
187.953 8330
187.979 3910
188.051 4590
188.07 4930
188.114 5270
188.165 5610
188.215 5950
188.265 6290
188.322 6630
188.379 6970
188.442 7310
188.511 7650
188.581 7990
188.65 8330
188.682 3910
188.751 4590
188.772 4930
188.816 5270
188.866 5610
188.917 5950
188.955 2720
189.002 3400
189.02 3740
189.057 4080
189.096 4420
189.141 4760
189.185 5100
189.229 5440
189.279 5780
189.336 6120
189.393 6460
189.449 6800
189.512 7140
189.582 7480
189.651 7820
189.72 8160
189.796 8500
189.878 8840
189.96 9180
190.042 9520
190.13 9860
190.225 10200
190.319 10540
190.414 10880
190.515 11220
190.616 11560
190.723 11900
190.836 12240
190.95 12580
191.063 12920
191.183 13260
191.309 13600
191.435 13940
191.561 14280
191.694 14620
191.832 14960
191.971 15300
192.11 15640
192.255 15980
192.406 16320
192.557 16660
192.709 17000
192.866 17340
193.03 17680
193.194 18020
193.358 18360
193.528 18700
193.705 19040
193.881 19380
194.058 19720
194.24 20060
194.43 20400
194.619 20740
194.808 21080
195.003 21420
195.205 21760
195.407 22100
195.583 10880
195.782 11560
195.794 11900
195.908 12240
196.021 12580
196.091 6120
196.251 6460
196.264 6800
196.327 7140
196.39 7480
196.459 7820
196.535 8160
196.611 8500
196.686 8840
196.768 9180
196.857 9520
196.945 9860
197.033 10200
197.128 10540
197.229 5100
197.323 6120
197.374 6460
197.437 6800
197.5 7140
197.569 7480
197.632 7820
197.689 3740
197.758 4420
197.764 4760
197.809 5100
197.859 5440
197.909 5780
197.96 6120
198.017 6460
198.073 6800
198.136 7140
198.206 7480
198.275 7820
198.344 8160
198.42 8500
198.502 8840
198.584 9180
198.666 9520
198.754 9860
198.849 10200
198.943 10540
199.038 10880
199.139 11220
199.246 11560
199.353 11900
199.46 12240
199.574 12580
199.693 12920
199.782 6290
199.895 6970
199.908 7310
199.971 7650
200.04 7990
200.116 8330
200.191 8670
200.267 9010
200.349 9350
200.368 4420
200.447 5100
200.485 5440
200.535 5780
200.585 6120
200.642 6460
200.705 6800
200.768 7140
200.831 7480
200.901 7820
200.976 8160
201.052 8500
201.128 8840
201.21 9180
201.291 9520
201.38 9860
201.474 10200
201.569 10540
201.663 10880
201.695 5270
201.793 5950
201.824 6290
201.881 6630
201.944 6970
202.001 7310
202.07 7650
202.139 7990
202.209 8330
202.284 8670
202.366 9010
202.448 9350
202.53 9690
202.618 10030
202.713 10370
202.808 10710
202.902 11050
203.003 11390
203.11 11730
203.217 12070
203.325 12410
203.438 12750
203.539 6120
203.649 6800
203.655 7140
203.725 7480
203.794 7820
203.864 8160
203.939 8500
204.021 8840
204.103 9180
204.185 9520
204.273 9860
204.368 10200
204.437 4930
204.529 5610
204.535 5950
204.585 6290
204.642 6630
204.705 6970
204.768 7310
204.831 7650
204.901 7990
204.976 8330
205.052 8670
205.127 9010
205.209 9350
205.298 9690
205.386 10030
205.405 4760
205.493 5440
205.531 5780
205.581 6120
205.638 6460
205.701 6800
205.764 7140
205.827 7480
205.897 7820
205.972 8160
206.048 8500
206.124 8840
206.205 9180
206.294 9520
206.382 9860
206.47 10200
206.565 10540
206.659 10880
206.76 11220
206.867 11560
206.975 11900
207.082 12240
207.195 12580
207.315 12920
207.435 13260
207.555 13600
207.681 13940
207.813 14280
207.945 14620
208.078 14960
208.216 15300
208.361 15640
208.506 15980
208.651 16320
208.803 16660
208.96 17000
209.124 17340
209.276 17680
209.439 18020
209.61 18360
209.654 9010
209.818 9690
209.881 10030
209.969 10370
210.064 10710
210.164 11050
210.265 11390
210.335 5440
210.435 6120
210.448 6460
210.511 6800
210.574 7140
210.637 7480
210.707 7820
210.782 8160
210.858 8500
210.933 8840
211.015 9180
211.104 9520
211.192 9860
211.28 10200
211.375 10540
211.476 10880
211.576 11220
211.652 5440
211.75 6120
211.762 6460
211.825 6800
211.889 7140
211.952 7480
212.021 7820
212.09 8160
212.166 3910
212.238 4930
212.276 5270
212.327 5610
212.371 5950
212.428 6290
212.484 6630
212.541 6970
212.604 7310
212.673 7650
212.743 7990
212.812 8330
212.888 8670
212.97 9010
213.052 9350
213.134 9690
213.222 10030
213.316 10370
213.411 10710
213.505 11050
213.606 11390
213.714 11730
213.821 12070
213.928 12410
214.041 12750
214.161 13090
214.281 13430
214.401 13770
214.527 14110
214.659 14450
214.792 14790
214.924 15130
214.987 7310
215.122 7990
215.154 8330
215.23 8670
215.312 9010
215.394 9350
215.475 9690
215.564 10030
215.658 10370
215.753 10710
215.847 11050
215.948 11390
216.055 11730
216.163 12070
216.27 12410
216.383 12750
216.503 13090
216.623 13430
216.743 13770
216.869 14110
217.001 14450
217.133 14790
217.266 15130
217.405 15470
217.55 15810
217.694 16150
217.839 16490
217.991 16830
218.148 17170
218.3 17510
218.464 17850
218.627 18190
218.678 8840
218.914 9520
218.952 9860
219.047 10200
219.141 10540
219.236 10880
219.337 11220
219.444 11560
219.551 11900
219.57 5780
219.674 6460
219.724 6800
219.787 7140
219.85 7480
219.92 7820
219.995 8160
220.071 8500
220.147 4080
220.222 5100
220.267 5440
220.317 5780
220.367 6120
220.424 6460
220.487 6800
220.553 7140
220.563 3400
220.623 4080
220.659 4420
220.697 4760
220.741 5100
220.792 5440
220.836 5780
220.893 6120
220.949 6460
221.006 6800
221.069 7140
221.139 7480
221.208 7820
221.277 8160
221.353 8500
221.435 8840
221.517 9180
221.599 9520
221.687 9860
221.788 10200
221.876 10540
221.971 10880
222.072 11220
222.179 11560
222.286 11900
222.393 5780
222.5 6800
222.563 7140
222.626 7480
222.696 7820
222.771 8160
222.847 8500
222.923 8840
223.005 9180
223.086 9520
223.175 9860
223.269 10200
223.364 10540
223.458 10880
223.559 11220
223.666 11560
223.774 11900
223.881 12240
223.994 12580
224.007 6120
224.12 6800
224.177 7140
224.24 7480
224.309 7820
224.385 8160
224.461 8500
224.536 8840
224.618 9180
224.707 9520
224.795 9860
224.883 10200
224.978 10540
225.028 5100
225.12 5780
225.145 6120
225.201 6460
225.258 6800
225.321 7140
225.391 7480
225.46 7820
225.529 8160
225.605 8500
225.687 8840
225.769 9180
225.851 9520
225.939 9860
226.034 10200
226.128 10540
226.223 10880
226.324 11220
226.431 11560
226.538 11900
226.645 12240
226.759 12580
226.803 6120
226.913 6800
226.951 7140
227.02 7480
227.09 7820
227.159 8160
227.235 8500
227.316 8840
227.402 9180
227.411 4420
227.49 5100
227.534 5440
227.578 5780
227.629 6120
227.685 6460
227.755 3060
227.808 4080
227.848 4420
227.892 4760
227.93 5100
227.98 5440
228.031 5780
228.062 2720
228.11 3400
228.134 3740
228.171 4080
228.21 4420
228.26 4760
228.304 5100
228.348 5440
228.398 5780
228.449 6120
228.506 6460
228.569 6800
228.632 7140
228.695 7480
228.764 7820
228.84 8160
228.915 8500
228.991 8840
229.073 9180
229.161 9520
229.25 9860
229.338 10200
229.432 10540
229.533 10880
229.634 11220
229.735 11560
229.842 11900
229.956 12240
230.069 12580
230.182 12920
230.302 13260
230.428 13600
230.554 13940
230.681 14280
230.813 14620
230.952 14960
231.09 15300
231.229 15640
231.374 15980
231.525 16320
231.67 16660
231.721 8160
231.872 8840
231.929 9180
232.011 9520
232.099 9860
232.193 10200
232.288 10540
232.383 10880
232.477 5270
232.572 6290
232.628 6630
232.685 6970
232.748 7310
232.818 7650
232.887 7990
232.918 3740
232.988 4420
233.007 4760
233.051 5100
233.101 5440
233.145 5780
233.202 6120
233.259 6460
233.316 6800
233.379 7140
233.448 7480
233.517 7820
233.587 8160
233.662 8500
233.713 4080
233.785 4760
233.804 5100
233.848 5440
233.899 5780
233.949 6120
234.006 6460
234.069 6800
234.132 7140
234.195 7480
234.264 7820
234.34 8160
234.403 3910
234.472 4930
234.519 5270
234.569 5610
234.619 5950
234.67 6290
234.727 6630
234.783 6970
234.846 7310
234.916 7650
234.985 7990
235.054 8330
235.13 8670
235.212 9010
235.294 9350
235.376 9690
235.464 10030
235.559 10370
235.653 10710
235.748 11050
235.849 11390
235.956 11730
235.994 5610
236.139 6290
236.183 6630
236.246 6970
236.309 7310
236.372 7650
236.441 7990
236.517 8330
236.548 3910
236.618 4590
236.639 4930
236.683 5270
236.727 5610
236.777 5950
236.834 6290
236.891 6630
236.948 6970
237.011 7310
237.074 7650
237.143 7990
237.219 8330
237.294 8670
237.37 9010
237.452 9350
237.54 9690
237.622 4590
237.707 5610
237.751 5950
237.808 6290
237.865 6630
237.922 6970
237.985 7310
238.054 7650
238.123 7990
238.193 8330
238.268 8670
238.35 9010
238.432 9350
238.514 9690
238.602 10030
238.697 10370
238.792 10710
238.886 11050
238.987 11390
239.094 11730
239.201 5610
239.305 6630
239.356 6970
239.419 7310
239.488 7650
239.558 7990
239.627 8330
239.703 8670
239.784 9010
239.866 9350
239.948 9690
240.037 10030
240.125 10370
240.219 10710
240.32 11050
240.402 5270
240.5 5950
240.506 6290
240.563 6630
240.62 6970
240.683 7310
240.746 7650
240.815 7990
240.891 8330
240.966 8670
241.042 9010
241.124 9350
241.212 9690
241.301 10030
241.389 10370
241.427 4930
241.515 5610
241.54 5950
241.597 6290
241.654 6630
241.723 3060
241.777 4080
241.816 4420
241.854 4760
241.898 5100
241.942 5440
241.993 5780
242.05 6120
242.106 6460
242.163 6800
242.226 7140
242.296 7480
242.365 7820
242.434 8160
242.51 8500
242.592 8840
242.674 9180
242.756 9520
242.844 9860
242.939 10200
243.033 10540
243.128 10880
243.229 11220
243.336 11560
243.367 5610
243.468 6290
243.5 6630
243.563 6970
243.626 7310
243.689 7650
243.758 7990
243.834 8330
243.909 8670
243.947 4080
244.02 4760
244.039 5100
244.089 5440
244.139 5780
244.19 6120
244.247 6460
244.31 6800
244.373 7140
244.436 7480
244.505 7820
244.581 8160
244.656 8500
244.732 8840
244.814 9180
244.902 9520
244.99 9860
245.079 10200
245.173 10540
245.268 10880
245.369 11220
245.476 11560
245.583 11900
245.69 12240
245.804 12580
245.923 12920
246.043 13260
246.163 13600
246.289 13940
246.421 14280
246.554 14620
246.686 14960
246.825 15300
246.97 15640
247.115 15980
247.26 16320
247.411 16660
247.443 8160
247.594 8840
247.657 9180
247.745 9520
247.834 9860
247.922 10200
248.016 10540
248.117 10880
248.218 11220
248.319 11560
248.426 11900
248.54 12240
248.653 12580
248.767 12920
248.886 13260
249.006 13600
249.139 6630
249.258 7650
249.321 7990
249.391 8330
249.466 8670
249.555 4080
249.627 5100
249.671 5440
249.722 5780
249.772 6120
249.829 6460
249.892 6800
249.949 7140
250.018 7480
250.087 7820
250.157 8160
250.232 8500
250.314 8840
250.39 4250
250.469 5270
250.513 5610
250.563 5950
250.614 6290
250.67 6630
250.733 6970
250.796 7310
250.86 7650
250.929 7990
251.004 8330
251.08 8670
251.156 9010
251.238 9350
251.326 9690
251.414 10030
251.503 10370
251.603 10710
251.692 11050
251.792 11390
251.9 11730
252.007 12070
252.114 12410
252.227 12750
252.347 13090
252.467 13430
252.587 13770
252.713 14110
252.845 14450
252.978 14790
253.11 15130
253.135 7310
253.271 7990
253.328 8330
253.372 3910
253.441 4590
253.456 4930
253.5 5270
253.544 5610
253.569 2550
253.616 3230
253.634 3570
253.674 3910
253.711 4250
253.751 4590
253.795 4930
253.839 5270
253.883 5610
253.934 5950
253.99 6290
254.047 6630
254.104 6970
254.167 7310
254.236 7650
254.306 7990
254.375 8330
254.45 8670
254.532 9010
254.614 9350
254.696 9690
254.785 10030
254.879 10370
254.974 10710
255.068 11050
255.169 11390
255.276 11730
255.377 12070
255.491 12410
255.554 5950
255.664 6630
255.683 6970
255.746 7310
255.815 7650
255.885 7990
255.954 8330
256.03 8670
256.112 9010
256.194 9350
256.276 9690
256.364 10030
256.458 10370
256.553 10710
256.647 11050
256.748 11390
256.849 11730
256.956 12070
257.07 12410
257.183 12750
257.297 13090
257.417 13430
257.543 13770
257.669 14110
257.795 14450
257.927 14790
258.009 7140
258.138 7820
258.17 8160
258.246 8500
258.321 8840
258.403 9180
258.491 9520
258.58 9860
258.668 10200
258.762 10540
258.857 10880
258.958 11220
259.065 11560
259.172 11900
259.279 12240
259.393 12580
259.513 12920
259.632 13260
259.752 13600
259.878 13940
260.011 14280
260.143 14620
260.275 14960
260.364 7310
260.499 7990
260.518 8330
260.594 8670
260.676 9010
260.758 9350
260.84 9690
260.928 10030
261.022 10370
261.117 10710
261.212 11050
261.312 11390
261.42 11730
261.527 12070
261.634 12410
261.747 12750
261.867 13090
261.987 13430
262.107 13770
262.233 14110
262.365 14450
262.498 14790
262.63 15130
262.769 15470
262.914 15810
263.059 16150
263.204 16490
263.355 16830
263.512 17170
263.67 17510
263.828 17850
263.992 18190
264.061 8840
264.304 9520
264.313 4590
264.439 4930
264.486 5270
264.531 5610
264.581 5950
264.638 6290
264.688 6630
264.751 6970
264.814 7310
264.877 7650
264.947 7990
265.022 8330
265.098 8670
265.174 9010
265.256 9350
265.344 9690
265.432 10030
265.52 10370
265.615 10710
265.716 11050
265.817 11390
265.899 5440
265.999 6120
266.006 6460
266.069 6800
266.132 7140
266.195 7480
266.264 7820
266.34 8160
266.415 8500
266.491 8840
266.573 9180
266.661 9520
266.75 9860
266.838 10200
266.932 10540
267.033 10880
267.134 11220
267.235 11560
267.342 11900
267.456 12240
267.569 12580
267.683 12920
267.802 13260
267.922 13600
267.979 6630
268.102 7310
268.133 7650
268.203 7990
268.278 8330
268.354 8670
268.43 9010
268.512 9350
268.594 9690
268.682 10030
268.776 10370
268.871 10710
268.965 11050
269.066 11390
269.173 11730
269.281 12070
269.388 12410
269.501 12750
269.621 13090
269.741 13430
269.861 13770
269.987 14110
270.119 14450
270.233 6970
270.359 7650
270.365 7990
270.434 8330
270.51 8670
270.592 9010
270.674 9350
270.756 9690
270.85 10030
270.939 10370
271.033 10710
271.128 11050
271.229 11390
271.336 11730
271.418 5610
271.519 6290
271.525 6630
271.588 6970
271.651 7310
271.714 7650
271.783 7990
271.859 8330
271.928 8670
272.01 9010
272.092 9350
272.174 9690
272.262 10030
272.357 10370
272.452 10710
272.546 11050
272.647 11390
272.754 11730
272.861 12070
272.968 12410
273.082 12750
273.202 13090
273.322 13430
273.441 13770
273.567 14110
273.7 14450
273.832 14790
273.965 15130
274.103 15470
274.248 15810
274.393 16150
274.538 16490
274.689 16830
274.847 17170
275.005 17510
275.162 8500
275.317 9520
275.405 9860
275.493 10200
275.588 10540
275.689 10880
275.79 11220
275.89 11560
275.998 11900
276.08 5780
276.187 6460
276.199 6800
276.262 7140
276.332 7480
276.401 7820
276.47 8160
276.546 8500
276.628 8840
276.71 9180
276.792 9520
276.88 9860
276.975 10200
277.069 10540
277.164 10880
277.265 11220
277.372 11560
277.479 11900
277.586 12240
277.7 12580
277.813 12920
277.933 13260
277.946 6460
278.065 7140
278.122 7480
278.191 7820
278.267 8160
278.343 8500
278.418 8840
278.5 9180
278.589 9520
278.677 9860
278.765 10200
278.86 10540
278.96 10880
279.061 11220
279.162 5440
279.263 6460
279.32 6800
279.383 7140
279.452 7480
279.522 7820
279.591 8160
279.666 8500
279.742 8840
279.78 4250
279.859 4930
279.878 5270
279.909 2380
279.953 3060
279.974 3400
280.014 3740
280.051 4080
280.091 4420
280.135 4760
280.179 5100
280.223 5440
280.274 5780
280.33 6120
280.387 6460
280.444 6800
280.507 7140
280.57 7480
280.639 7820
280.715 8160
280.791 8500
280.866 8840
280.948 9180
281.036 9520
281.125 9860
281.213 10200
281.307 10540
281.408 10880
281.509 11220
281.61 11560
281.717 11900
281.831 12240
281.944 12580
282.058 12920
282.177 13260
282.304 13600
282.43 13940
282.556 14280
282.688 14620
282.827 14960
282.865 7310
283.063 7990
283.126 8330
283.202 8670
283.277 9010
283.359 9350
283.448 9690
283.536 10030
283.624 10370
283.719 10710
283.82 11050
283.92 11390
284.021 11730
284.129 12070
284.242 12410
284.355 12750
284.469 13090
284.582 6290
284.699 7310
284.762 7650
284.831 7990
284.907 8330
284.983 8670
285.058 9010
285.14 9350
285.229 4420
285.307 5440
285.358 5780
285.408 6120
285.465 6460
285.528 6800
285.585 7140
285.654 7480
285.723 7820
285.793 8160
285.868 8500
285.95 8840
286.032 9180
286.089 4420
286.171 5100
286.184 5440
286.234 5780
286.284 6120
286.341 6460
286.398 3060
286.452 4080
286.498 4420
286.542 4760
286.586 5100
286.63 5440
286.681 5780
286.737 6120
286.794 6460
286.851 6800
286.914 7140
286.983 7480
287.052 7820
287.122 8160
287.197 8500
287.273 8840
287.355 9180
287.443 9520
287.532 9860
287.62 10200
287.714 10540
287.815 10880
287.916 11220
288.017 11560
288.124 11900
288.238 12240
288.351 12580
288.376 6120
288.487 6800
288.537 7140
288.6 7480
288.669 7820
288.745 8160
288.821 8500
288.896 8840
288.978 9180
289.029 4420
289.176 5100
289.207 5440
289.258 5780
289.308 6120
289.365 6460
289.396 3060
289.45 3740
289.471 4080
289.511 4420
289.555 4760
289.599 5100
289.643 5440
289.694 5780
289.75 6120
289.807 6460
289.864 6800
289.927 7140
289.996 7480
290.066 7820
290.135 8160
290.185 3910
290.258 4590
290.264 4930
290.308 5270
290.359 5610
290.409 5950
290.46 6290
290.516 6630
290.573 6970
290.636 7310
290.706 7650
290.775 7990
290.844 8330
290.92 3910
290.992 4930
291.03 5270
291.081 5610
291.125 5950
291.182 6290
291.238 6630
291.295 6970
291.358 7310
291.427 7650
291.497 7990
291.566 8330
291.642 8670
291.724 9010
291.806 9350
291.888 9690
291.976 10030
292.07 10370
292.165 10710
292.259 11050
292.36 11390
292.468 11730
292.575 12070
292.682 12410
292.795 12750
292.915 13090
293.035 13430
293.155 13770
293.281 6630
293.401 7650
293.464 7990
293.539 8330
293.615 8670
293.69 9010
293.772 9350
293.861 9690
293.949 10030
294.037 10370
294.132 10710
294.157 5100
294.248 5780
294.286 6120
294.343 6460
294.406 6800
294.469 7140
294.532 7480
294.601 7820
294.677 8160
294.753 8500
294.828 8840
294.91 9180
294.992 9520
295.081 9860
295.175 10200
295.27 10540
295.364 10880
295.465 11220
295.572 11560
295.679 11900
295.787 12240
295.843 5950
295.954 6630
295.979 6970
296.042 7310
296.105 7650
296.174 7990
296.25 8330
296.326 8670
296.401 9010
296.483 9350
296.571 9690
296.66 10030
296.748 10370
296.842 10710
296.887 5100
296.978 5780
297.01 6120
297.066 6460
297.123 6800
297.186 7140
297.255 7480
297.325 7820
297.394 8160
297.47 8500
297.552 8840
297.627 9180
297.716 9520
297.804 9860
297.892 10200
297.987 10540
298.088 10880
298.188 11220
298.226 5440
298.324 6120
298.362 6460
298.418 6800
298.482 7140
298.545 7480
298.614 7820
298.69 8160
298.765 8500
298.841 8840
298.923 9180
299.011 9520
299.099 9860
299.188 10200
299.282 10540
299.383 10880
299.484 11220
299.585 11560
299.692 11900
299.793 5780
299.944 6460
299.963 6800
300.026 7140
300.095 7480
300.165 7820
300.234 8160
300.31 8500
300.385 8840
300.467 9180
300.556 9520
300.644 9860
300.732 10200
300.827 10540
300.927 10880
301.028 11220
301.129 11560
301.236 11900
301.35 12240
301.4 5950
301.511 6630
301.536 6970
301.599 7310
301.668 7650
301.738 7990
301.807 8330
301.883 8670
301.964 9010
302.046 9350
302.128 9690
302.223 4590
302.305 5610
302.349 5950
302.374 2720
302.425 3400
302.446 3740
302.482 4080
302.522 4420
302.566 4760
302.611 5100
302.655 5440
302.705 5780
302.762 6120
302.819 6460
302.875 6800
302.938 7140
302.964 3400
303.027 4080
303.054 1870
303.089 2890
303.119 3230
303.156 3570
303.196 3910
303.239 4250
303.279 4590
303.316 4930
303.36 5270
303.405 5610
303.455 5950
303.512 6290
303.569 6630
303.625 6970
303.688 7310
303.758 7650
303.827 7990
303.896 8330
303.972 8670
304.054 9010
304.136 9350
304.218 9690
304.306 10030
304.401 10370
304.495 10710
304.59 11050
304.691 11390
304.798 11730
304.905 12070
304.993 5780
305.1 6460
305.107 6800
305.17 7140
305.239 7480
305.308 7820
305.378 8160
305.453 8500
305.535 8840
305.617 9180
305.699 9520
305.788 9860
305.882 10200
305.977 10540
306.071 10880
306.172 11220
306.279 11560
306.386 11900
306.494 12240
306.512 5950
306.623 6630
306.667 6970
306.73 7310
306.793 7650
306.862 7990
306.938 8330
307.014 8670
307.089 9010
307.171 9350
307.26 9690
307.348 10030
307.436 10370
307.499 4930
307.625 5610
307.644 5950
307.694 6290
307.751 6630
307.814 6970
307.877 7310
307.94 7650
308.01 7990
308.079 8330
308.155 8670
308.237 9010
308.319 9350
308.401 9690
308.489 10030
308.552 4760
308.637 5440
308.656 5780
308.722 2720
308.766 3740
308.806 4080
308.846 4420
308.884 4760
308.928 5100
308.978 5440
309.029 5780
309.079 6120
309.136 6460
309.199 6800
309.262 7140
309.325 7480
309.394 7820
309.47 8160
309.546 8500
309.621 8840
309.703 9180
309.785 9520
309.836 4590
309.921 5270
309.933 5610
309.984 5950
310.041 6290
310.097 6630
310.154 6970
310.217 7310
310.286 7650
310.356 7990
310.425 8330
310.501 3910
310.573 4930
310.611 5270
310.655 5610
310.706 5950
310.762 6290
310.819 6630
310.876 6970
310.939 7310
311.008 7650
311.078 7990
311.147 8330
311.223 8670
311.305 9010
311.386 9350
311.399 4420
311.481 5100
311.519 5440
311.569 5780
311.62 6120
311.676 6460
311.739 6800
311.803 7140
311.866 7480
311.935 7820
312.011 8160
312.086 8500
312.162 8840
312.244 9180
312.332 9520
312.414 9860
312.509 10200
312.603 4930
312.691 5950
312.748 2720
312.795 3740
312.832 4080
312.872 4420
312.916 4760
312.96 5100
313.004 5440
313.055 5780
313.112 6120
313.168 6460
313.225 6800
313.288 7140
313.357 7480
313.427 7820
313.496 8160
313.572 8500
313.635 4080
313.71 4760
313.717 5100
313.761 5440
313.78 2550
313.827 3230
313.851 3570
313.891 3910
313.928 4250
313.98 1870
314.014 2890
314.041 3230
314.084 3570
314.124 3910
314.161 4250
314.201 4590
314.25 4930
314.294 5270
314.338 5610
314.389 5950
314.446 6290
314.496 6630
314.559 6970
314.622 7310
314.685 7650
314.754 7990
314.83 8330
314.906 8670
314.981 9010
315.063 9350
315.152 9690
315.24 10030
315.328 10370
315.429 10710
315.524 11050
315.624 11390
315.725 11730
315.832 12070
315.946 12410
316.059 12750
316.173 13090
316.293 13430
316.419 13770
316.545 14110
316.671 6800
316.794 7820
316.863 8160
316.939 8500
317.021 8840
317.103 9180
317.185 9520
317.273 9860
317.367 10200
317.462 10540
317.557 10880
317.657 11220
317.765 11560
317.84 5610
317.985 6290
318.029 6630
318.092 3060
318.146 4080
318.192 4420
318.23 4760
318.274 5100
318.325 5440
318.375 5780
318.425 6120
318.482 6460
318.539 6800
318.602 7140
318.671 7480
318.741 7820
318.81 8160
318.886 8500
318.968 8840
319.05 9180
319.131 9520
319.22 9860
319.314 10200
319.409 10540
319.503 10880
319.604 11220
319.686 5440
319.834 6460
319.872 6800
319.935 7140
319.998 7480
320.068 7820
320.143 8160
320.219 8500
320.295 8840
320.376 9180
320.465 9520
320.553 9860
320.61 4760
320.695 5440
320.714 5780
320.764 6120
320.821 6460
320.884 6800
320.947 7140
321.01 7480
321.079 7820
321.155 8160
321.231 8500
321.306 8840
321.388 9180
321.47 9520
321.558 9860
321.653 10200
321.748 10540
321.842 10880
321.943 11220
322.05 11560
322.157 11900
322.265 12240
322.378 12580
322.498 12920
322.618 13260
322.737 13600
322.863 13940
322.996 14280
323.128 14620
323.261 14960
323.305 7310
323.437 7990
323.481 8330
323.557 8670
323.62 4080
323.692 4760
323.699 5100
323.749 5440
323.8 5780
323.85 6120
323.907 6460
323.97 6800
324.033 7140
324.083 3400
324.146 4080
324.155 4420
324.192 4760
324.237 5100
324.287 5440
324.337 5780
324.388 6120
324.445 2890
324.498 3910
324.532 4250
324.572 4590
324.616 4930
324.66 5270
324.704 5610
324.755 5950
324.811 6290
324.874 6630
324.925 6970
324.988 7310
325.051 7650
325.108 3570
325.171 4590
325.22 4930
325.264 5270
325.308 5610
325.359 5950
325.415 6290
325.472 6630
325.529 6970
325.592 7310
325.661 7650
325.731 7990
325.8 8330
325.876 8670
325.957 9010
326.039 9350
326.121 9690
326.21 10030
326.304 10370
326.399 10710
326.493 11050
326.594 11390
326.695 11730
326.802 12070
326.916 12410
327.029 12750
327.143 13090
327.262 13430
327.388 13770
327.515 14110
327.641 14450
327.666 6970
327.795 7650
327.846 7990
327.921 8330
327.997 8670
328.072 9010
328.091 4250
328.17 4930
328.195 5270
328.246 5610
328.296 5950
328.347 6290
328.366 2890
328.419 3570
328.44 3910
328.483 4250
328.523 4590
328.561 4930
328.611 2210
328.649 3230
328.686 3570
328.726 3910
328.763 4250
328.802 4590
328.847 4930
328.884 5270
328.935 5610
328.985 5950
329.036 6290
329.092 6630
329.155 6970
329.218 7310
329.282 7650
329.351 7990
329.427 8330
329.483 3910
329.553 4590
329.561 4930
329.605 5270
329.649 5610
329.7 5950
329.756 6290
329.788 2890
329.842 3570
329.856 3910
329.893 4250
329.933 4590
329.977 4930
330.021 5270
330.065 5610
330.116 5950
330.166 6290
330.223 6630
330.292 6970
330.349 7310
330.412 7650
330.481 7990
330.557 8330
330.633 8670
330.708 9010
330.79 9350
330.878 9690
330.967 10030
331.055 10370
331.149 10710
331.25 11050
331.351 11390
331.452 11730
331.559 12070
331.673 12410
331.78 12750
331.9 13090
332.019 13430
332.139 13770
332.265 14110
332.398 14450
332.53 14790
332.662 15130
332.801 15470
332.946 15810
333.091 16150
333.236 16490
333.387 16830
333.545 17170
333.703 17510
333.86 17850
334.024 18190
334.194 18530
334.365 18870
334.535 19210
334.711 19550
334.894 19890
335.077 20230
335.26 20570
335.279 10030
335.465 10710
335.547 11050
335.603 5270
335.698 5950
335.717 6290
335.729 2890
335.783 3570
335.81 3910
335.847 4250
335.887 4590
335.931 4930
335.975 5270
336.019 5610
336.07 5950
336.12 6290
336.177 6630
336.24 6970
336.303 7310
336.366 7650
336.435 7990
336.511 8330
336.587 8670
336.662 9010
336.744 9350
336.832 9690
336.921 10030
337.009 10370
337.103 10710
337.179 5100
337.274 5780
337.286 6120
337.343 6460
337.4 6800
337.463 7140
337.532 7480
337.602 7820
337.671 8160
337.746 8500
337.822 8840
337.904 9180
337.992 9520
338.081 9860
338.169 10200
338.263 10540
338.364 10880
338.465 11220
338.566 11560
338.679 5610
338.784 6630
338.834 6970
338.897 7310
338.966 7650
339.029 7990
339.105 8330
339.181 8670
339.256 9010
339.338 9350
339.427 9690
339.515 10030
339.603 10370
339.691 4930
339.817 5950
339.874 6290
339.931 6630
339.988 6970
340.051 7310
340.12 7650
340.189 7990
340.259 8330
340.334 8670
340.416 9010
340.441 4250
340.517 4930
340.542 5270
340.586 5610
340.637 5950
340.694 6290
340.75 6630
340.794 3060
340.848 3740
340.863 4080
340.903 4420
340.947 4760
340.985 5100
341.016 2380
341.057 3060
341.084 3400
341.118 3740
341.161 4080
341.201 4420
341.239 4760
341.283 5100
341.333 5440
341.384 5780
341.434 6120
341.491 6460
341.554 6800
341.617 7140
341.68 7480
341.749 7820
341.825 8160
341.901 8500
341.976 8840
342.058 9180
342.14 9520
342.228 9860
342.323 10200
342.418 10540
342.512 10880
342.613 11220
342.72 11560
342.827 11900
342.934 12240
343.048 12580
343.168 12920
343.287 13260
343.407 13600
343.533 13940
343.672 6800
343.798 7820
343.861 8160
343.924 3910
343.997 4930
344.043 5270
344.093 5610
344.144 5950
344.194 6290
344.251 6630
344.314 6970
344.352 3230
344.409 3910
344.423 4250
344.463 4590
344.507 4930
344.545 5270
344.595 5610
344.646 5950
344.696 6290
344.753 6630
344.816 6970
344.879 7310
344.942 7650
345.012 7990
345.087 8330
345.125 3910
345.228 4590
345.268 4930
345.312 5270
345.362 5610
345.413 5950
345.463 6290
345.52 6630
345.583 6970
345.646 7310
345.709 7650
345.778 7990
345.854 8330
345.93 8670
346.005 9010
346.094 4250
346.172 5270
346.21 5610
346.235 2550
346.28 3230
346.301 3570
346.34 3910
346.384 4250
346.423 4590
346.461 4930
346.505 5270
346.549 5610
346.6 5950
346.657 6290
346.713 6630
346.77 6970
346.833 7310
346.902 7650
346.972 7990
347.041 8330
347.117 8670
347.199 9010
347.281 9350
347.363 9690
347.457 4590
347.542 5610
347.58 5950
347.637 6290
347.694 6630
347.75 6970
347.813 7310
347.883 7650
347.952 7990
348.021 8330
348.097 8670
348.179 9010
348.261 9350
348.343 9690
348.431 10030
348.526 10370
348.62 10710
348.715 11050
348.816 11390
348.923 11730
349.03 12070
349.137 12410
349.251 12750
349.371 13090
349.49 13430
349.61 13770
349.736 14110
349.862 14450
349.995 14790
350.133 15130
350.272 15470
350.411 15810
350.556 16150
350.707 16490
350.858 16830
351.01 17170
351.142 8330
351.296 9010
351.303 9350
351.391 9690
351.479 10030
351.567 10370
351.662 10710
351.763 11050
351.864 11390
351.965 11730
352.072 12070
352.185 12410
352.274 5950
352.384 6630
352.39 6970
352.453 7310
352.523 7650
352.586 7990
352.661 8330
352.737 8670
352.812 9010
352.894 9350
352.983 9690
353.071 10030
353.159 10370
353.254 10710
353.355 11050
353.456 11390
353.569 5440
353.667 6460
353.717 6800
353.78 7140
353.843 3400
353.906 4420
353.952 4760
353.99 5100
354.041 5440
354.091 5780
354.142 6120
354.198 6460
354.261 6800
354.324 7140
354.387 7480
354.457 7820
354.532 8160
354.608 8500
354.684 8840
354.766 9180
354.854 9520
354.942 9860
355.03 10200
355.125 10540
355.226 10880
355.327 11220
355.428 11560
355.535 11900
355.648 12240
355.755 12580
355.875 12920
355.995 6290
356.108 7310
356.171 3400
356.231 4420
356.278 4760
356.322 5100
356.372 5440
356.423 5780
356.473 6120
356.53 6460
356.586 6800
356.649 7140
356.719 7480
356.788 7820
356.857 8160
356.933 8500
357.015 8840
357.097 9180
357.179 9520
357.267 9860
357.362 10200
357.387 4930
357.475 5610
357.507 5950
357.557 6290
357.614 6630
357.677 6970
357.74 7310
357.803 7650
357.872 7990
357.948 8330
358.024 8670
358.099 9010
358.181 9350
358.27 9690
358.358 10030
358.446 10370
358.541 10710
358.642 11050
358.742 11390
358.843 11730
358.95 12070
359.064 12410
359.177 12750
359.291 13090
359.411 13430
359.543 13770
359.663 14110
359.789 14450
359.921 14790
360.06 15130
360.199 15470
360.337 15810
360.413 7650
360.555 8330
360.586 8670
360.662 9010
360.744 9350
360.832 9690
360.92 10030
361.009 10370
361.103 10710
361.132 5100
361.22 5780
361.258 6120
361.314 6460
361.377 6800
361.44 7140
361.504 7480
361.573 7820
361.63 3740
361.699 4420
361.705 4760
361.749 5100
361.8 5440
361.844 5780
361.901 6120
361.957 6460
362.014 6800
362.077 7140
362.147 7480
362.216 7820
362.285 8160
362.355 3910
362.424 4930
362.473 5270
362.517 5610
362.568 5950
362.625 6290
362.681 6630
362.738 6970
362.801 7310
362.87 7650
362.94 7990
363.009 8330
363.085 3910
363.154 4930
363.194 5270
363.244 5610
363.295 5950
363.345 6290
363.402 6630
363.465 6970
363.509 3230
363.569 4250
363.612 4590
363.656 4930
363.7 5270
363.744 5610
363.795 5950
363.852 6290
363.889 2890
363.94 3910
363.991 4250
364.031 4590
364.069 4930
364.113 5270
364.164 5610
364.214 5950
364.264 6290
364.321 6630
364.384 6970
364.447 7310
364.51 7650
364.58 7990
364.655 8330
364.731 8670
364.807 9010
364.889 9350
364.977 9690
365.065 10030
365.153 10370
365.248 10710
365.342 11050
365.443 11390
365.55 11730
365.639 5610
365.74 6290
365.746 6630
365.803 6970
365.866 7310
365.935 7650
366.004 7990
366.074 8330
366.149 8670
366.231 9010
366.313 9350
366.395 9690
366.483 10030
366.578 10370
366.673 10710
366.767 11050
366.868 11390
366.975 11730
367.076 12070
367.19 12410
367.303 12750
367.416 13090
367.536 13430
367.662 13770
367.788 14110
367.914 14450
368.047 14790
368.186 15130
368.324 15470
368.463 15810
368.608 16150
368.759 16490
368.911 16830
369.062 17170
369.219 17510
369.383 17850
369.547 18190
369.711 18530
369.881 18870
370.058 19210
370.234 19550
370.411 19890
370.594 20230
370.638 9860
370.915 10200
370.921 10540
370.959 5100
371.054 5780
371.085 6120
371.142 6460
371.199 6800
371.262 7140
371.331 7480
371.401 7820
371.47 8160
371.546 8500
371.628 8840
371.709 9180
371.791 9520
371.88 9860
371.968 10200
372.063 10540
372.163 10880
372.264 11220
372.365 11560
372.472 11900
372.586 12240
372.699 12580
372.813 12920
372.932 13260
373.059 13600
373.185 13940
373.311 14280
373.443 14620
373.582 14960
373.72 15300
373.859 15640
374.004 15980
374.155 16320
374.307 16660
374.401 8160
374.625 8840
374.635 4250
374.751 4590
374.802 4930
374.846 5270
374.89 5610
374.94 5950
374.997 6290
375.054 6630
375.11 6970
375.174 7310
375.249 3400
375.312 4420
375.346 2040
375.38 3060
375.424 3400
375.463 3740
375.509 4080
375.548 4420
375.586 4760
375.63 5100
375.674 5440
375.725 5780
375.782 6120
375.838 6460
375.895 6800
375.958 7140
376.028 7480
376.097 7820
376.166 8160
376.242 8500
376.324 8840
376.406 9180
376.488 9520
376.576 9860
376.671 10200
376.765 10540
376.86 10880
376.96 11220
377.068 11560
377.175 11900
377.282 12240
377.395 12580
377.515 12920
377.635 13260
377.755 13600
377.875 6630
377.998 7650
378.067 7990
378.136 8330
378.212 8670
378.287 9010
378.369 9350
378.458 9690
378.546 10030
378.634 10370
378.729 10710
378.83 11050
378.93 11390
379.031 11730
379.139 12070
379.246 5780
379.353 6800
379.416 7140
379.485 7480
379.555 7820
379.624 8160
379.7 8500
379.775 8840
379.857 9180
379.945 9520
380.034 9860
380.122 10200
380.217 10540
380.317 10880
380.418 11220
380.519 11560
380.588 5610
380.692 6290
380.705 6630
380.768 6970
380.831 7310
380.894 3400
380.954 4420
380.997 4760
381.041 5100
381.092 5440
381.142 5780
381.18 2720
381.227 3400
381.245 3740
381.288 4080
381.328 4420
381.366 4760
381.41 5100
381.454 5440
381.504 5780
381.561 6120
381.618 6460
381.675 6800
381.7 3230
381.76 3910
381.778 4250
381.818 4590
381.862 4930
381.906 5270
381.95 5610
382 5950
382.057 6290
382.114 6630
382.171 6970
382.234 7310
382.303 7650
382.372 7990
382.442 8330
382.517 8670
382.599 9010
382.675 9350
382.763 9690
382.851 10030
382.94 10370
383.034 10710
383.135 11050
383.236 11390
383.337 11730
383.444 12070
383.557 12410
383.671 12750
383.728 6120
383.841 6800
383.873 7140
383.936 7480
384.005 7820
384.081 8160
384.156 8500
384.219 4080
384.292 4760
384.298 5100
384.342 5440
384.393 5780
384.449 6120
384.506 6460
384.563 6800
384.626 7140
384.695 7480
384.714 3570
384.78 4250
384.801 4590
384.845 4930
384.89 5270
384.934 5610
384.984 5950
385.041 6290
385.091 6630
385.154 6970
385.217 7310
385.28 7650
385.35 7990
385.425 8330
385.501 8670
385.577 9010
385.659 9350
385.747 9690
385.835 10030
385.923 10370
386.018 10710
386.119 11050
386.22 11390
386.321 11730
386.428 12070
386.541 12410
386.655 12750
386.768 13090
386.888 13430
387.014 13770
387.14 14110
387.266 14450
387.399 14790
387.443 7140
387.575 7820
387.619 8160
387.695 8500
387.777 8840
387.859 9180
387.941 9520
388.029 9860
388.124 10200
388.218 10540
388.313 10880
388.414 11220
388.439 5440
388.536 6120
388.581 6460
388.637 6800
388.7 7140
388.77 7480
388.839 7820
388.908 8160
388.984 8500
389.066 8840
389.148 9180
389.23 9520
389.318 9860
389.413 10200
389.507 10540
389.602 10880
389.703 11220
389.81 11560
389.917 11900
390.024 12240
390.138 12580
390.257 12920
390.377 13260
390.497 13600
390.623 13940
390.749 14280
390.882 14620
391.02 14960
391.159 15300
391.298 15640
391.443 15980
391.594 16320
391.701 7990
391.919 9010
391.963 9350
392.051 9690
392.139 10030
392.227 10370
392.322 10710
392.423 11050
392.524 11390
392.625 11730
392.656 5610
392.76 6290
392.798 6630
392.855 6970
392.918 7310
392.981 7650
393.05 7990
393.126 8330
393.201 8670
393.277 9010
393.359 9350
393.447 9690
393.536 10030
393.624 10370
393.718 10710
393.819 11050
393.92 11390
394.021 11730
394.128 12070
394.242 12410
394.355 12750
394.469 13090
394.588 13430
394.714 13770
394.84 14110
394.967 14450
395.099 14790
395.238 15130
395.376 15470
395.515 15810
395.66 16150
395.811 16490
395.956 16830
396.114 17170
396.271 17510
396.429 17850
396.593 18190
396.763 18530
396.933 18870
397.104 19210
397.28 19550
397.463 19890
397.646 20230
397.829 20570
398.018 20910
398.213 21250
398.257 10370
398.62 11050
398.651 11390
398.758 11730
398.866 12070
398.973 12410
399.086 12750
399.206 13090
399.326 13430
399.37 6460
399.49 7140
399.528 7480
399.597 7820
399.647 3740
399.75 4080
399.775 4420
399.82 4760
399.864 5100
399.908 5440
399.958 5780
400.015 6120
400.072 6460
400.128 6800
400.191 7140
400.223 3400
400.283 4080
400.307 4420
400.345 4760
400.389 5100
400.439 5440
400.49 5780
400.54 6120
400.597 6460
400.66 6800
400.723 7140
400.786 7480
400.855 7820
400.893 3740
400.963 4420
400.982 4760
401.026 5100
401.07 5440
401.12 5780
401.177 6120
401.234 6460
401.278 3060
401.331 3740
401.346 4080
401.386 4420
401.424 4760
401.468 5100
401.518 5440
401.569 5780
401.619 6120
401.676 6460
401.739 6800
401.802 7140
401.865 7480
401.934 7820
402.01 8160
402.086 8500
402.161 8840
402.193 4250
402.269 4930
402.294 5270
402.338 5610
402.388 5950
402.445 6290
402.495 6630
402.559 6970
402.622 7310
402.685 7650
402.754 7990
402.83 8330
402.905 8670
402.981 9010
403.063 9350
403.151 9690
403.239 10030
403.328 10370
403.422 10710
403.523 11050
403.624 11390
403.725 11730
403.832 12070
403.945 12410
404.059 12750
404.172 13090
404.242 6290
404.358 6970
404.377 7310
404.447 7650
404.516 7990
404.585 8330
404.661 8670
404.743 9010
404.825 9350
404.907 9690
404.995 10030
405.02 4760
405.108 5440
405.146 5780
405.197 6120
405.253 6460
405.31 6800
405.373 7140
405.443 7480
405.512 7820
405.581 8160
405.657 8500
405.739 8840
405.821 9180
405.903 9520
405.991 9860
406.086 10200
406.18 10540
406.275 10880
406.376 11220
406.483 11560
406.59 11900
406.697 12240
406.811 12580
406.93 12920
407.05 13260
407.17 13600
407.296 13940
407.428 14280
407.561 6970
407.69 7990
407.753 8330
407.829 8670
407.911 9010
407.942 4250
408.021 4930
408.04 5270
408.09 5610
408.141 5950
408.191 6290
408.248 6630
408.305 6970
408.368 7310
408.437 7650
408.506 7990
408.576 8330
408.658 3910
408.727 4930
408.767 5270
408.811 5610
408.861 5950
408.918 6290
408.975 6630
409.032 6970
409.095 7310
409.158 7650
409.227 7990
409.303 8330
409.378 8670
409.454 9010
409.536 9350
409.624 9690
409.712 10030
409.801 10370
409.895 10710
409.996 11050
410.097 11390
410.198 11730
410.305 12070
410.419 12410
410.532 12750
410.645 13090
410.765 13430
410.891 13770
411.017 14110
411.143 14450
411.276 14790
411.415 15130
411.553 15470
411.692 15810
411.837 16150
411.988 16490
412.14 16830
412.291 17170
412.448 17510
412.612 17850
412.776 18190
412.94 18530
413.11 18870
413.218 9180
413.385 9860
413.422 10200
413.511 10540
413.612 10880
413.712 11220
413.813 11560
413.92 11900
414.034 12240
414.147 12580
414.261 12920
414.368 6290
414.481 6970
414.488 7310
414.551 7650
414.62 7990
414.696 8330
414.765 8670
414.847 9010
414.929 9350
415.011 9690
415.099 10030
415.194 10370
415.288 10710
415.383 11050
415.484 11390
415.591 11730
415.698 12070
415.805 12410
415.894 5950
416.001 6630
416.013 6970
416.076 7310
416.139 7650
416.209 7990
416.278 3740
416.347 4760
416.392 5100
416.436 5440
416.486 5780
416.543 6120
416.6 6460
416.656 6800
416.719 7140
416.789 7480
416.858 7820
416.927 8160
417.009 3910
417.079 4930
417.119 5270
417.163 5610
417.213 5950
417.264 6290
417.32 6630
417.383 6970
417.446 7310
417.509 7650
417.56 3570
417.623 4250
417.634 4590
417.672 4930
417.716 5270
417.767 5610
417.817 5950
417.868 6290
417.924 6630
417.987 6970
418.05 7310
418.114 7650
418.183 7990
418.259 8330
418.334 8670
418.41 9010
418.492 9350
418.58 9690
418.668 10030
418.757 10370
418.851 10710
418.952 11050
419.053 11390
419.154 11730
419.261 12070
419.368 12410
419.482 12750
419.601 13090
419.69 6290
419.806 6970
419.819 7310
419.882 7650
419.951 7990
420.027 8330
420.102 8670
420.178 9010
420.26 9350
420.342 9690
420.43 10030
420.525 10370
420.619 10710
420.714 11050
420.815 11390
420.922 11730
421.029 12070
421.136 12410
421.168 5950
421.329 6630
421.373 6970
421.436 7310
421.499 7650
421.568 7990
421.644 8330
421.719 8670
421.795 9010
421.877 9350
421.959 9690
422.047 10030
422.142 10370
422.236 10710
422.331 11050
422.432 11390
422.539 11730
422.558 5610
422.659 6290
422.703 6630
422.76 6970
422.823 7310
422.892 7650
422.961 7990
423.031 8330
423.106 8670
423.182 9010
423.264 9350
423.352 9690
423.44 10030
423.529 10370
423.611 4930
423.702 5950
423.759 6290
423.816 6630
423.872 6970
423.935 7310
424.005 7650
424.074 7990
424.143 8330
424.232 3910
424.301 4930
424.334 5270
424.379 5610
424.429 5950
424.486 6290
424.543 6630
424.599 6970
424.662 7310
424.732 7650
424.801 7990
424.87 8330
424.946 8670
425.028 9010
425.11 9350
425.192 9690
425.28 10030
425.299 4760
425.387 5440
425.425 5780
425.482 6120
425.532 6460
425.595 6800
425.658 7140
425.721 7480
425.75 3570
425.813 4250
425.837 4590
425.875 4930
425.919 5270
425.95 2380
425.991 3060
426.019 3400
426.052 3740
426.095 4080
426.135 4420
426.173 4760
426.217 5100
426.268 5440
426.318 5780
426.368 6120
426.425 6460
426.488 6800
426.551 7140
426.614 7480
426.684 7820
426.753 8160
426.829 8500
426.911 8840
426.992 9180
427.074 9520
427.163 9860
427.257 10200
427.352 10540
427.446 10880
427.547 11220
427.654 11560
427.762 11900
427.869 12240
427.982 12580
428.102 12920
428.222 13260
428.342 13600
428.468 13940
428.6 14280
428.732 14620
428.865 14960
429.003 15300
429.148 15640
429.293 15980
429.438 16320
429.59 16660
429.747 17000
429.905 17340
430.044 8500
430.201 9180
430.208 9520
430.296 9860
430.39 10200
430.485 10540
430.579 10880
430.68 11220
430.788 11560
430.895 11900
431.002 12240
431.115 12580
431.235 12920
431.355 13260
431.475 13600
431.601 13940
431.733 14280
431.865 14620
431.998 14960
432.137 15300
432.282 15640
432.401 7650
432.543 8330
432.549 8670
432.625 9010
432.707 9350
432.795 9690
432.884 10030
432.972 10370
433.066 10710
433.167 11050
433.268 11390
433.369 11730
433.445 5610
433.549 6290
433.561 6630
433.618 6970
433.681 3230
433.741 4250
433.781 4590
433.819 4930
433.863 5270
433.913 5610
433.964 5950
434.014 6290
434.071 6630
434.134 6970
434.197 7310
434.26 7650
434.329 7990
434.405 8330
434.481 8670
434.556 9010
434.638 9350
434.726 9690
434.815 10030
434.903 10370
434.997 10710
435.092 11050
435.193 11390
435.3 11730
435.401 5610
435.552 6290
435.565 6630
435.622 6970
435.685 7310
435.754 7650
435.823 7990
435.893 8330
435.968 8670
435.994 4080
436.066 4760
436.098 5100
436.142 5440
436.192 5780
436.249 6120
436.306 6460
436.362 6800
436.425 7140
436.488 7480
436.558 7820
436.633 8160
436.709 8500
436.785 8840
436.867 9180
436.955 9520
437.043 9860
437.131 10200
437.226 10540
437.327 10880
437.428 11220
437.529 11560
437.636 11900
437.749 5780
437.856 6800
437.913 7140
437.982 7480
438.052 7820
438.121 8160
438.197 8500
438.279 8840
438.361 9180
438.443 9520
438.531 9860
438.625 10200
438.657 4930
438.748 5610
438.774 5950
438.83 6290
438.887 6630
438.944 6970
439.007 7310
439.076 7650
439.146 3570
439.209 4590
439.245 4930
439.289 5270
439.34 5610
439.39 5950
439.441 6290
439.497 6630
439.56 6970
439.624 7310
439.687 7650
439.756 7990
439.832 8330
439.901 8670
439.983 9010
440.065 9350
440.147 9690
440.235 10030
440.33 10370
440.424 10710
440.519 11050
440.62 11390
440.727 11730
440.834 12070
440.941 12410
441.055 12750
441.174 13090
441.294 13430
441.414 13770
441.54 14110
441.672 14450
441.805 14790
441.937 15130
442.076 15470
442.221 15810
442.366 16150
442.511 16490
442.662 16830
442.82 17170
442.977 17510
443.135 17850
443.299 18190
443.469 18530
443.639 18870
443.809 19210
443.986 19550
444.169 19890
444.352 20230
444.534 20570
444.723 20910
444.919 21250
445.114 21590
445.31 21930
445.511 22270
445.72 22610
445.82 11050
446.022 11730
446.073 12070
446.18 12410
446.293 12750
446.413 13090
446.533 13430
446.652 13770
446.779 14110
446.911 14450
447.043 14790
447.176 15130
447.258 7310
447.393 7990
447.418 8330
447.494 8670
447.57 9010
447.652 9350
447.74 9690
447.828 10030
447.916 10370
448.011 10710
448.099 5100
448.194 5780
448.2 6120
448.257 6460
448.314 6800
448.377 7140
448.44 7480
448.509 7820
448.585 8160
448.66 8500
448.736 8840
448.818 9180
448.906 9520
448.994 9860
449.083 10200
449.177 10540
449.278 10880
449.379 11220
449.48 11560
449.499 5610
449.603 6290
449.647 6630
449.704 6970
449.767 7310
449.836 7650
449.899 7990
449.975 8330
450.05 8670
450.126 9010
450.208 9350
450.296 9690
450.384 10030
450.441 4760
450.526 5440
450.545 5780
450.596 6120
450.652 6460
450.715 6800
450.778 7140
450.842 7480
450.911 7820
450.986 8160
451.062 8500
451.138 8840
451.22 9180
451.308 9520
451.396 9860
451.485 10200
451.579 10540
451.68 10880
451.774 11220
451.882 11560
451.989 11900
452.096 12240
452.209 12580
452.329 12920
452.449 13260
452.569 13600
452.695 13940
452.827 14280
452.96 14620
453.092 14960
453.231 15300
453.376 15640
453.521 15980
453.666 16320
453.817 16660
453.975 17000
454.132 17340
454.29 17680
454.454 18020
454.624 18360
454.794 18700
454.964 19040
455.141 19380
455.324 19720
455.506 20060
455.689 20400
455.853 10030
456.039 10710
456.045 11050
456.146 11390
456.253 11730
456.361 12070
456.468 12410
456.581 12750
456.701 13090
456.821 13430
456.941 13770
457.067 14110
457.199 14450
457.331 14790
457.464 15130
457.603 15470
457.748 15810
457.893 16150
458.038 16490
458.189 16830
458.346 17170
458.504 17510
458.599 8500
458.753 9180
458.785 9520
458.848 4590
458.933 5270
458.939 5610
458.989 5950
459.046 6290
459.103 6630
459.16 6970
459.223 7310
459.292 7650
459.361 7990
459.431 3740
459.497 4760
459.543 5100
459.587 5440
459.638 5780
459.694 6120
459.751 6460
459.808 6800
459.871 7140
459.94 7480
460.01 7820
460.079 8160
460.155 8500
460.237 8840
460.312 9180
460.4 9520
460.489 9860
460.577 10200
460.672 10540
460.772 10880
460.873 11220
460.974 11560
461.081 11900
461.144 5780
461.251 6460
461.277 6800
461.34 7140
461.403 7480
461.472 7820
461.548 8160
461.623 8500
461.699 8840
461.781 9180
461.869 9520
461.958 9860
462.052 4760
462.14 5780
462.191 6120
462.248 6460
462.304 6800
462.367 7140
462.43 7480
462.5 7820
462.575 8160
462.651 8500
462.714 4080
462.79 4760
462.796 5100
462.84 5440
462.891 5780
462.947 6120
463.004 6460
463.061 6800
463.124 7140
463.193 7480
463.262 7820
463.332 8160
463.407 8500
463.489 8840
463.571 9180
463.653 9520
463.742 9860
463.836 10200
463.931 10540
464.025 10880
464.126 11220
464.233 11560
464.322 5610
464.426 6630
464.489 6970
464.552 7310
464.615 7650
464.684 7990
464.76 8330
464.835 8670
464.911 9010
464.974 4250
465.053 4930
465.059 5270
465.103 5610
465.154 5950
465.21 6290
465.267 6630
465.324 6970
465.387 7310
465.45 7650
465.519 7990
465.595 8330
465.671 8670
465.746 9010
465.828 9350
465.916 9690
466.005 10030
466.093 10370
466.124 4930
466.213 5610
466.244 5950
466.301 6290
466.351 6630
466.414 6970
466.477 7310
466.541 7650
466.61 7990
466.679 8330
466.755 8670
466.837 9010
466.887 4250
466.963 4930
466.976 5270
467.02 5610
467.07 5950
467.127 6290
467.184 6630
467.24 6970
467.303 7310
467.373 7650
467.442 7990
467.511 8330
467.587 8670
467.669 9010
467.751 9350
467.833 9690
467.883 4590
467.968 5270
467.981 5610
468.031 5950
468.088 6290
468.145 6630
468.202 6970
468.265 7310
468.334 7650
468.403 7990
468.473 8330
468.548 8670
468.624 9010
468.706 9350
468.794 9690
468.882 10030
468.971 10370
469.065 10710
469.166 11050
469.267 11390
469.368 11730
469.475 12070
469.589 12410
469.702 12750
469.815 13090
469.897 6290
470.011 6970
470.023 3230
470.083 4250
470.12 4590
470.164 4930
470.208 5270
470.252 5610
470.303 5950
470.353 6290
470.41 6630
470.473 6970
470.492 3230
470.552 3910
470.576 4250
470.616 4590
470.654 4930
470.698 5270
470.742 5610
470.792 5950
470.849 6290
470.906 6630
470.963 6970
471.026 7310
471.095 7650
471.164 7990
471.234 8330
471.309 8670
471.391 9010
471.473 9350
471.555 9690
471.644 10030
471.738 10370
471.833 10710
471.927 11050
472.028 11390
472.135 11730
472.242 12070
472.35 12410
472.45 5950
472.558 6970
472.621 7310
472.69 7650
472.759 7990
472.829 8330
472.904 8670
472.986 9010
473.068 9350
473.15 9690
473.238 10030
473.333 10370
473.428 10710
473.522 11050
473.623 11390
473.73 11730
473.837 12070
473.944 12410
474.052 5950
474.162 6970
474.225 7310
474.288 7650
474.357 7990
474.427 8330
474.502 8670
474.584 9010
474.622 4250
474.701 4930
474.72 5270
474.764 5610
474.814 5950
474.871 6290
474.928 2890
474.978 3910
475.015 4250
475.055 4590
475.099 4930
475.143 5270
475.187 5610
475.206 2550
475.254 3230
475.278 3570
475.311 3910
475.354 4250
475.394 4590
475.432 4930
475.476 5270
475.527 5610
475.577 5950
475.627 6290
475.684 6630
475.747 6970
475.81 7310
475.873 7650
475.943 7990
476.018 8330
476.094 8670
476.17 9010
476.252 9350
476.34 9690
476.422 10030
476.516 10370
476.611 10710
476.705 11050
476.806 11390
476.913 11730
477.021 12070
477.128 12410
477.241 12750
477.361 13090
477.393 6290
477.509 6970
477.547 7310
477.616 7650
477.686 7990
477.755 8330
477.831 8670
477.913 9010
477.995 9350
478.077 9690
478.165 10030
478.259 10370
478.354 10710
478.448 11050
478.549 11390
478.656 11730
478.764 12070
478.871 12410
478.984 12750
479.104 13090
479.224 13430
479.344 13770
479.47 14110
479.501 6800
479.627 7480
479.681 7820
479.69 3740
479.796 4080
479.836 4420
479.88 4760
479.925 5100
479.969 5440
480.019 5780
480.076 6120
480.133 6460
480.189 6800
480.252 7140
480.322 7480
480.391 7820
480.46 8160
480.536 8500
480.618 8840
480.7 9180
480.782 9520
480.87 9860
480.902 4760
481.031 5440
481.069 5780
481.125 6120
481.176 6460
481.239 6800
481.302 7140
481.365 7480
481.434 7820
481.51 8160
481.586 8500
481.661 8840
481.743 9180
481.832 9520
481.92 9860
482.008 10200
482.103 10540
482.203 10880
482.304 11220
482.405 11560
482.512 11900
482.626 12240
482.739 12580
482.853 12920
482.973 13260
483.099 13600
483.225 13940
483.351 14280
483.483 14620
483.628 7140
483.757 8160
483.827 8500
483.909 8840
483.991 9180
484.073 9520
484.161 9860
484.255 10200
484.344 10540
484.445 10880
484.545 11220
484.646 11560
484.703 5610
484.848 5950
484.861 6290
484.917 6630
484.974 6970
485.037 7310
485.106 7650
485.132 3570
485.198 4250
485.219 4590
485.257 4930
485.301 5270
485.351 5610
485.395 5950
485.452 6290
485.471 2890
485.525 3570
485.546 3910
485.589 4250
485.628 4590
485.666 4930
485.71 5270
485.755 5610
485.805 5950
485.862 6290
485.918 6630
485.975 6970
486.038 7310
486.108 7650
486.177 7990
486.246 8330
486.322 8670
486.404 9010
486.486 9350
486.568 9690
486.656 10030
486.751 10370
486.845 10710
486.94 11050
487.041 11390
487.141 11730
487.249 12070
487.362 12410
487.406 5950
488.394 340
488.431 680
488.464 1020
488.498 1360
488.541 680
488.581 1020
488.608 680
488.675 1020
488.709 1360
488.749 1700
488.785 2040
488.825 2380
488.862 2720
488.902 3060
488.939 3400
488.978 3740
489.024 4080
489.063 4420
489.101 4760
489.145 5100
489.196 5440
489.246 5780
489.297 6120
489.353 6460
489.417 6800
489.48 7140
489.543 7480
489.612 7820
489.681 8160
489.757 8500
489.839 8840
489.921 9180
490.003 9520
490.091 9860
490.186 10200
490.28 10540
490.375 10880
490.476 11220
490.583 11560
490.639 5610
490.744 6290
490.762 6630
490.825 6970
490.876 3230
490.936 4250
490.979 4590
491.017 4930
491.061 5270
491.111 5610
491.162 5950
491.212 6290
491.269 6630
491.326 6970
491.389 7310
491.458 7650
491.527 7990
491.597 8330
491.672 8670
491.754 9010
491.842 4250
491.918 5270
491.956 5610
492.006 5950
492.057 6290
492.114 6630
492.177 6970
492.24 7310
492.303 7650
492.372 7990
492.448 8330
492.523 8670
492.599 9010
492.681 9350
492.769 9690
492.857 10030
492.946 10370
492.977 4930
493.065 5610
493.097 5950
493.147 6290
493.204 6630
493.267 6970
493.33 7310
493.393 7650
493.463 7990
493.532 8330
493.608 8670
493.69 9010
493.771 9350
493.853 9690
493.942 10030
494.036 10370
494.131 10710
494.15 5100
494.241 5780
494.285 6120
494.342 6460
494.399 6800
494.462 7140
494.531 7480
494.594 7820
494.67 8160
494.745 8500
494.815 4080
494.887 4760
494.894 5100
494.938 5440
494.988 5780
495.045 6120
495.095 6460
495.158 6800
495.221 7140
495.284 7480
495.354 7820
495.429 8160
495.505 8500
495.581 8840
495.663 9180
495.751 9520
495.839 9860
495.927 10200
496.022 10540
496.123 10880
496.224 11220
496.274 5440
496.372 6120
496.397 6460
496.46 6800
496.523 7140
496.586 7480
496.643 3570
496.709 4590
496.755 4930
496.799 5270
496.844 5610
496.894 5950
496.944 6290
497.001 6630
497.064 6970
497.127 7310
497.19 7650
497.26 7990
497.335 8330
497.411 8670
497.487 9010
497.569 9350
497.581 4420
497.701 4760
497.714 5100
497.764 5440
497.808 5780
497.865 6120
497.903 2890
497.956 3910
498.005 4250
498.044 4590
498.082 4930
498.126 5270
498.177 5610
498.227 5950
498.278 6290
498.334 6630
498.397 6970
498.46 7310
498.524 7650
498.593 7990
498.668 8330
498.744 8670
498.82 9010
498.902 9350
498.984 9690
499.072 10030
499.167 10370
499.261 10710
499.356 11050
499.456 11390
499.564 11730
499.671 12070
499.778 12410
499.891 12750
500.011 13090
