0.0 0
0.348999 3400
0.704174 3740
0.72939 4080
0.741998 4420
0.754606 4760
0.96091 5100
1.06479 5440
1.09 5780
1.10261 6120
1.11522 6460
1.12783 6800
1.14044 7140
1.31522 7480
1.4191 7820
1.43171 8160
1.45062 8500
1.46323 8840
1.47584 9180
1.48844 9520
1.50105 9860
1.51366 10200
1.52627 10540
1.66953 10880
1.68214 11220
1.77971 11560
1.79232 11900
1.80493 12240
1.81754 12580
1.83015 12920
1.84275 13260
1.85536 13600
1.86797 13940
1.88058 14280
1.89319 14620
1.90579 14960
1.9184 15300
1.93101 15640
2.02384 15980
2.03645 16320
2.04906 16660
2.13403 17000
2.14663 17340
2.15924 17680
2.17185 18020
2.18446 18360
2.19707 18700
2.20967 19040
2.22228 19380
2.23489 19720
2.2475 20060
2.26011 20400
2.27271 20740
2.28532 21080
2.29793 21420
2.31054 21760
2.32315 22100
2.33575 22440
2.34836 22780
2.36097 23120
2.37358 23460
2.38619 23800
2.39879 24140
2.4114 24480
2.43031 24820
2.50094 12240
2.94853 12920
3.30914 13260
3.68237 13600
4.04928 13940
4.42251 14280
4.78943 14620
5.15004 14960
5.52957 15300
5.95451 15640
6.32143 15980
6.68204 16320
6.71987 7990
7.08048 8670
7.41588 9010
7.77019 4250
8.47881 4930
8.83312 5270
9.19374 5610
9.56066 5950
10.1087 6290
10.463 6630
10.8362 6970
11.2031 7310
11.5637 7650
11.9307 7990
12.3039 8330
12.6582 3910
13.0125 4930
13.3794 5270
13.7526 5610
14.3133 5950
14.4487 2720
14.803 3400
15.1194 3740
15.4927 4080
15.8533 4420
16.2265 4760
16.5934 5100
16.954 5440
17.321 5780
17.6942 6120
18.0611 6460
18.4217 6800
18.7886 7140
19.0862 3400
19.4405 4080
19.7759 4420
20.1365 4760
20.5035 5100
20.8767 5440
21.2436 5780
21.6042 6120
21.9711 6460
22.3444 6800
22.7113 7140
23.0845 3400
23.4451 4420
23.8246 4760
24.1853 5100
24.7396 5440
25.1065 5780
25.4671 6120
25.834 6460
25.9631 3060
26.3174 3740
26.6591 4080
27.0197 4420
27.3804 4760
27.7473 5100
28.1205 5440
28.4874 5780
28.848 6120
29.2149 6460
29.5882 6800
29.9551 7140
30.3157 7480
30.6826 7820
31.1739 8160
31.5408 8500
31.9014 8840
32.0747 4250
32.7833 4590
33.0872 4930
33.4541 5270
33.8147 5610
33.8588 2550
34.5674 3230
34.947 1360
35.3013 2380
35.6682 2720
36.0288 3060
36.3894 3400
36.7563 3740
37.298 4080
37.665 4420
38.0256 4760
38.3925 5100
38.8633 5440
39.2428 2550
39.5971 3570
39.9451 3910
40.331 1700
40.6853 2720
41.0396 3060
41.4128 3400
41.7734 3740
42.1467 4080
42.501 4420
42.8742 4760
43.2285 2210
43.5828 3230
43.956 3570
44.3166 3910
44.871 4250
45.2379 4590
45.5985 4930
45.9654 2210
46.6488 3230
46.8677 3570
47.2283 3910
47.589 4250
47.9559 4590
48.4393 4930
48.8062 5270
49.1668 5610
49.5337 5950
49.9196 6290
50.2739 2890
50.6282 3910
51.2077 4250
51.5683 4590
51.9415 4930
52.3022 5270
52.6691 5610
52.9982 2550
53.3525 3230
53.469 3570
53.8359 3910
54.1965 4250
54.5697 4590
54.9303 4930
55.2973 5270
55.839 5610
56.2059 5950
56.5665 6290
56.7019 2890
57.0562 3570
57.3066 3910
57.6673 4250
58.1128 4590
58.4798 4930
58.8467 5270
59.2073 5610
59.5805 5950
59.9411 6290
60.3081 6630
60.8498 6970
61.2041 7310
61.5773 7650
61.9442 7990
62.3048 8330
62.6591 3910
63.0134 4930
63.393 5270
63.7536 5610
64.2433 2550
64.5976 3570
64.9456 3910
65.3314 4250
65.711 1870
66.0653 2890
66.4007 3230
66.7739 3570
67.1345 3910
67.5077 4250
67.8747 4590
68.2353 4930
68.6022 5270
68.9628 5610
69.3045 2550
69.6588 3570
70.032 3910
70.599 4250
70.9596 4590
71.4178 4930
71.7784 5270
72.139 5610
72.5059 5950
72.8791 6290
73.2461 6630
73.6067 6970
73.9736 7310
74.3468 7650
74.7137 7990
75.0743 8330
75.4413 8670
75.8145 9010
76.0932 4250
76.4475 4930
76.679 5270
77.0396 5610
77.4065 5950
77.8521 6290
78.1025 2890
78.8112 3910
79.0411 4250
79.408 4590
79.7686 4930
80.1356 5270
80.5953 5610
80.9622 5950
81.2111 2720
81.5654 3400
81.8126 3740
82.1732 4080
82.6031 4420
82.9701 4760
83.337 5100
83.6976 5440
84.0708 5780
84.4314 6120
84.7857 2890
85.14 3910
85.507 4250
85.8676 4590
86.4219 4930
86.7888 5270
87.1494 5610
87.2974 2550
88.0061 3230
88.3667 1360
88.721 2380
89.0753 2720
89.4485 3060
89.8091 3400
90.176 3740
90.5367 4080
90.8721 1870
91.2264 2550
91.5744 2890
91.935 3230
92.3082 3570
92.6751 3910
93.0357 4250
93.4153 4590
93.7759 4930
94.1428 5270
94.4782 2380
94.8325 3060
95.0199 3400
95.3742 1530
95.7285 2550
96.1018 2890
96.4687 3230
96.8293 3570
97.2088 3910
97.5694 4250
97.9363 4590
98.4071 4930
98.7741 5270
99.1347 5610
99.5016 5950
100.031 6290
100.398 6630
100.758 6970
101.125 7310
101.498 7650
101.865 7990
102.226 8330
102.555 3910
102.909 4590
103.051 4930
103.431 2210
104.139 2890
104.5 3230
104.86 3570
105.227 3910
105.601 4250
105.967 4590
106.328 4930
106.695 5270
107.199 5610
107.553 5950
107.926 2720
108.281 3740
108.648 4080
109.015 4420
109.375 4760
109.742 5100
110.251 5440
110.618 5780
110.978 6120
111.345 6460
111.718 6800
112.085 7140
112.446 7480
112.564 3570
112.918 4250
113.26 4590
113.621 4930
113.988 5270
114.361 5610
114.728 5950
115.088 6290
115.455 6630
115.803 3060
116.157 4080
116.742 4420
117.115 4760
117.476 5100
117.843 5440
118.209 2550
118.564 3570
118.931 3910
119.291 4250
119.665 4590
120.025 4930
120.392 5270
120.934 5610
121.301 5950
121.661 6290
121.771 2890
122.126 3570
122.461 3910
122.847 1700
123.201 2720
123.556 3060
123.929 3400
124.289 3740
124.663 4080
125.03 4420
125.39 2040
125.745 3060
126.111 3400
126.672 1530
127.026 2550
127.187 2890
127.554 3230
128.102 3570
128.469 3910
128.829 4250
129.196 4590
129.57 4930
129.937 5270
130.297 5610
130.677 5950
131.116 6290
131.47 6630
131.702 3060
132.056 3740
132.404 4080
132.771 4420
133.144 4760
133.511 5100
133.834 2380
134.543 3060
134.954 1360
135.662 1700
135.869 2040
136.229 2380
136.731 2720
137.086 3060
137.459 3400
137.826 3740
138.187 4080
138.553 4420
138.927 4760
139.294 5100
139.654 5440
140.021 5780
140.382 6120
140.749 6460
141.234 6800
141.601 7140
141.961 7480
142.328 7820
142.805 8160
143.172 8500
143.533 8840
143.919 4250
144.627 5270
144.944 5610
145.323 2550
145.677 3570
146.032 3910
146.405 4250
146.766 4590
147.32 4930
147.687 5270
148.047 5610
148.414 5950
148.788 6290
149.155 6630
149.465 3060
149.819 3740
149.98 4080
150.347 4420
150.72 4760
151.074 5100
151.447 5440
151.814 5780
152.175 6120
152.542 6460
153.033 6800
153.4 7140
153.761 7480
154.127 7820
154.488 3740
154.842 4760
155.216 5100
155.576 5440
155.943 5780
156.452 6120
156.819 6460
156.994 3060
157.348 3740
157.565 4080
157.932 4420
158.398 4760
158.647 2210
159.001 3230
159.368 3570
159.729 3910
160.283 4250
160.65 4590
161.011 4930
161.378 5270
161.836 5610
162.203 5950
162.563 6290
162.93 6630
162.968 3060
163.322 3740
163.683 4080
164.069 4420
164.442 4760
164.809 2210
165.163 3230
165.524 3570
165.897 3910
166.258 4250
166.625 4590
167.166 4930
167.521 5270
167.894 5610
168.261 5950
168.621 6290
168.988 6630
169.434 6970
169.801 7310
169.839 3400
170.193 4080
170.541 4420
170.902 4760
171.262 2210
171.617 3230
171.99 3570
172.55 3910
172.911 4250
173.278 4590
173.426 2040
173.78 2720
174.109 3060
174.47 3400
174.843 3740
175.204 4080
175.571 4420
175.95 4760
176.317 5100
176.678 5440
177.045 5780
177.418 6120
177.785 6460
178.145 6800
178.519 7140
178.804 3400
179.158 4080
179.506 4420
179.867 4760
179.898 2210
180.961 2890
181.309 3230
181.682 3570
182.043 3910
182.416 4250
182.77 4590
183.144 4930
183.485 2210
183.84 3230
184.213 1360
184.567 2380
184.94 2720
185.501 3060
185.862 3400
186.229 3740
186.706 4080
187.073 4420
187.433 4760
187.8 5100
188.161 5440
188.528 5780
188.901 6120
189.274 6460
189.436 3060
189.791 3740
190.145 4080
190.512 4420
190.885 4760
191.239 5100
191.613 5440
191.979 5780
192.34 6120
192.707 6460
193.178 6800
193.545 7140
193.905 7480
194.272 3570
194.627 4590
195 4930
195.367 5270
195.727 5610
196.094 5950
196.617 6290
196.984 6630
197.345 6970
197.718 7310
197.822 3400
198.176 4080
198.537 4420
198.897 4760
199.27 5100
199.825 5440
199.96 2550
200.314 3570
200.688 3910
201.255 4250
201.615 4590
202.007 4930
202.368 5270
202.735 5610
203.102 5950
203.475 6290
203.836 6630
204.203 6970
204.569 7310
204.943 7650
205.303 7990
205.67 8330
206.037 8670
206.41 9010
206.708 4250
207.062 4930
207.366 5270
207.727 5610
208.1 5950
208.461 6290
208.827 6630
209.188 6970
209.555 7310
209.928 7650
209.953 3570
210.314 4250
210.662 4590
211.023 4930
211.396 5270
211.757 5610
212.073 2550
212.782 2890
212.845 3230
213.205 3570
213.766 3910
214.127 4250
214.493 4590
214.854 4930
215.221 5270
215.582 2380
215.936 3400
216.284 1530
216.638 2550
217.005 2890
217.366 3230
217.92 3570
218.287 3910
218.648 4250
219.015 4590
219.485 4930
219.852 5270
220.213 5610
220.592 2550
220.947 3570
221.295 3910
221.655 4250
222.029 4590
222.389 4930
222.756 5270
223.129 5610
223.496 5950
223.857 6290
224.224 6630
224.74 6970
225.107 7310
225.468 7650
225.835 7990
226.195 8330
226.562 8670
226.995 9010
227.362 9350
227.723 9690
227.748 4590
228.109 5270
228.457 5610
228.817 5950
229.19 6290
229.545 6630
229.918 6970
230.285 7310
230.645 7650
231.012 7990
231.529 8330
231.896 8670
232.256 9010
232.623 9350
232.727 4420
233.436 5100
233.693 5440
234.059 5780
234.163 2720
234.518 3400
234.8 3740
235.201 4080
235.562 4420
235.935 4760
236.302 5100
236.514 2380
236.869 3060
237.036 3400
237.403 3740
237.938 4080
238.305 4420
238.666 4760
239.02 2210
239.374 3230
239.741 3570
240.121 3910
240.494 4250
240.861 4590
241.221 4930
241.588 5270
241.892 2380
242.601 3060
242.664 3400
243.031 3740
243.391 4080
243.752 4420
244.306 4760
244.673 5100
245.034 5440
245.401 5780
245.808 6120
246.175 6460
246.536 6800
246.812 3230
247.52 3910
247.649 1700
248.004 2720
248.364 3060
248.725 3400
249.298 3740
249.671 4080
250.032 4420
250.399 4760
250.766 5100
251.139 5440
251.5 5780
251.867 6120
252.233 6460
252.607 6800
252.98 7140
253.359 3400
253.714 4420
254.081 4760
254.441 5100
254.996 5440
255.363 5780
255.736 6120
256.162 6460
256.529 6800
256.896 7140
257.257 7480
257.624 7820
257.997 8160
258.339 3910
259.693 340
260.047 680
260.762 1020
260.969 1360
261.123 1700
261.329 1870
261.483 2210
261.85 2550
262.211 2890
262.578 3230
262.939 3570
263.305 3910
263.828 4250
264.195 4590
264.556 4930
264.923 5270
265.412 5610
265.779 5950
266.14 6290
266.507 6630
266.868 6970
267.234 7310
267.26 3400
267.62 4080
267.975 4420
268.335 2040
268.689 3060
269.063 3400
269.423 3740
269.978 4080
270.345 4420
270.705 4760
271.072 5100
271.189 2380
271.543 3060
271.891 3400
272.252 3740
272.625 4080
272.992 4420
273.352 4760
273.719 5100
274.248 5440
274.603 5780
274.963 2720
275.318 3740
275.845 4080
276.199 4420
276.573 4760
276.94 5100
277.3 5440
277.667 5780
278.04 6120
278.357 2890
278.711 3570
278.886 3910
279.059 1700
279.413 2380
279.761 2720
280.116 3060
280.489 3400
280.856 3740
281.216 4080
281.583 4420
281.957 4760
282.324 5100
282.646 2380
283.001 3060
283.342 3400
283.709 1530
284.064 2550
284.405 2890
284.778 3230
285.139 3570
285.506 3910
285.867 4250
286.234 4590
286.607 4930
286.974 5270
287.347 5610
287.726 5950
288.205 6290
288.572 6630
288.933 6970
289.3 7310
289.77 7650
290.137 7990
290.498 8330
290.865 8670
291.238 9010
291.605 9350
291.978 9690
292.345 10030
292.706 10370
293.073 10710
293.446 11050
293.813 11390
294.173 11730
294.211 5610
294.566 6290
294.901 2890
295.255 3910
295.622 4250
295.983 4590
296.537 4930
296.904 5270
297.265 5610
297.632 5950
297.992 6290
298.359 2890
298.713 3910
299.068 4250
299.428 1870
300.15 2550
300.491 2890
300.858 3230
301.219 3570
301.579 3910
301.953 4250
302.32 4590
302.68 4930
303.022 2210
303.376 3230
303.962 3570
304.452 1530
304.806 2550
305.154 2890
305.515 3230
305.875 3570
306.242 3910
306.615 4250
306.982 4590
307.343 4930
307.71 5270
308.083 5610
308.45 5950
308.811 6290
309.177 6630
309.669 6970
310.036 7310
310.396 7650
310.892 3570
311.247 4590
311.607 4930
311.962 5270
312.162 2380
312.516 3060
312.87 3400
313.237 3740
313.598 4080
313.965 4420
314.325 4760
314.692 5100
315.065 5440
315.432 5780
315.793 6120
316.16 6460
316.624 6800
316.991 7140
317.352 7480
317.564 3570
317.931 4250
318.248 4590
318.608 4930
318.982 5270
319.355 5610
319.722 5950
320.082 6290
320.449 6630
320.823 6970
321.177 7310
321.538 3400
322.246 3740
322.55 4080
322.6 1870
322.955 2890
323.328 3230
323.895 3570
324.256 3910
324.397 1700
324.752 2380
325.093 2720
325.466 3060
325.833 3400
326.2 3740
326.561 4080
326.947 4420
327.307 4760
327.674 5100
328.035 5440
328.402 5780
328.918 6120
329.285 6460
329.646 6800
330.013 7140
330.471 7480
330.838 7820
331.198 8160
331.565 8500
331.939 8840
332.306 9180
332.666 9520
332.704 4590
333.065 5270
333.406 2380
334.115 3400
334.476 3740
334.836 4080
335.159 1870
335.513 2550
335.738 2890
336.099 3230
336.466 3570
336.833 3910
337.206 4250
337.652 4590
338.019 4930
338.386 5270
338.746 5610
338.978 2550
339.332 3230
339.667 3570
340.034 3910
340.395 4250
340.762 4590
341.135 4930
341.502 5270
341.863 5610
342.185 2550
342.894 2890
343.255 3230
343.615 3570
343.982 3910
344.343 4250
344.71 4590
345.083 4930
345.437 2210
345.804 3230
346.158 3570
346.532 3910
346.892 4250
347.259 4590
347.924 4930
348.284 5270
348.658 5610
349.024 5950
349.385 6290
349.752 6630
350.113 6970
350.48 7310
350.815 3400
351.169 4080
351.388 4420
351.749 4760
352.116 5100
352.476 5440
352.687 2550
353.396 3230
353.75 3570
354.117 3910
354.478 4250
354.851 4590
355.212 4930
355.579 5270
355.939 5610
356.306 5950
356.835 6290
357.202 6630
357.356 3060
357.711 3740
358.034 4080
358.407 4420
358.774 4760
359.141 5100
359.501 5440
359.742 2550
360.096 3230
360.235 3570
360.596 3910
361.15 4250
361.517 4590
361.878 4930
362.263 5270
362.574 2380
362.928 3060
363.076 3400
363.43 1530
363.784 2550
364.158 2890
364.518 3230
365.073 3570
365.427 3910
365.8 4250
366.167 4590
366.528 4930
366.895 5270
367.274 5610
367.641 5950
368.002 6290
368.369 6630
368.795 6970
369.002 3230
369.356 3910
369.516 4250
369.883 4590
370.257 4930
370.611 5270
370.946 2380
371.655 2720
371.937 3060
372.298 3400
372.652 1530
373.36 2210
373.567 2550
373.921 2890
374.075 1190
374.43 2210
374.797 2550
375.17 2890
375.53 3230
376.085 3570
376.452 3910
376.812 4250
377.179 4590
377.65 4930
378.017 5270
378.378 5610
378.744 5950
379.118 6290
379.497 2890
379.852 3910
380.218 4250
380.579 4590
380.94 4930
381.307 5270
381.692 5610
382.059 5950
382.42 6290
382.787 6630
383.291 6970
383.658 7310
384.018 7650
384.385 7990
384.843 8330
385.21 8670
385.571 9010
385.938 9350
385.976 4420
386.691 5100
387.058 5440
387.424 5780
387.991 6120
388.352 6460
388.772 6800
389.133 7140
389.506 7480
389.873 7820
390.234 8160
390.613 3910
390.968 4930
391.341 5270
391.701 5610
392.075 5950
392.435 6290
392.802 6630
393.163 6970
393.53 7310
394.059 7650
394.426 7990
394.786 8330
395.153 8670
395.567 9010
395.934 9350
396.295 9690
396.577 4590
397.285 5610
397.471 5950
397.832 6290
398.199 6630
398.703 6970
398.74 3230
399.449 3910
399.784 4250
