0.0 0
0.476717 3400
0.956523 3740
0.962827 4080
0.969131 4420
0.975435 4760
0.981739 5100
1.18489 5440
1.43905 5780
1.44535 6120
1.45166 6460
1.45796 6800
1.46426 7140
1.47057 7480
1.47687 7820
1.66742 8160
1.92157 8500
1.92788 8840
1.93418 9180
1.94049 9520
1.94679 9860
1.95309 10200
1.9594 10540
1.9657 10880
1.97201 11220
1.97831 11560
2.14679 11900
2.15309 12240
2.4041 12580
2.4104 12920
2.41671 13260
2.42301 13600
2.42932 13940
2.43562 14280
2.44192 14620
2.44823 14960
2.45453 15300
2.46084 15640
2.46714 15980
2.47344 16320
2.47975 16660
2.48605 17000
2.49236 17340
2.62932 17680
2.63562 18020
2.64192 18360
2.88662 18700
2.89293 19040
2.89923 19380
2.90554 19720
2.91184 20060
2.91814 20400
2.92445 20740
2.93075 21080
2.93706 21420
2.94336 21760
2.94966 22100
2.95597 22440
2.96227 22780
2.96858 23120
2.97488 23460
2.98118 23800
2.98749 24140
2.99379 24480
3.0001 24820
3.0064 25160
3.0127 25500
3.01901 25840
3.10869 26180
3.11499 26520
3.1213 26860
3.1276 27200
3.1339 27540
3.36915 27880
3.37545 28220
3.38176 28560
3.38806 28900
3.39437 29240
3.40067 29580
3.40697 29920
3.41328 30260
3.41958 30600
3.42589 30940
3.43219 31280
3.43849 31620
3.4511 31960
3.45741 32300
3.46371 32640
3.47001 32980
3.47632 33320
3.48262 33660
3.48893 34000
3.49523 34340
3.50153 34680
3.50784 35020
3.51414 35360
3.52045 35700
3.52675 36040
3.53305 36380
3.53936 36720
3.54566 37060
3.55197 37400
3.55827 37740
3.56457 38080
3.57088 38420
3.59121 38760
3.59752 39100
3.60382 39440
3.61013 39780
3.61643 40120
3.62273 40460
3.62904 40800
3.83219 41140
3.85168 41480
3.85798 41820
3.86428 42160
3.87059 42500
3.87689 42840
3.8832 43180
3.8895 43520
3.8958 43860
3.90211 44200
3.90841 44540
3.91472 44880
3.92102 45220
3.92732 45560
3.93363 45900
3.93993 46240
3.94624 46580
3.95254 46920
3.95884 47260
3.96515 47600
3.97145 47940
3.97776 48280
3.98406 48620
3.99036 48960
3.99667 49300
4.00297 49640
4.00928 49980
4.01558 50320
4.02188 50660
4.02819 51000
4.03449 51340
4.0408 51680
4.0471 52020
4.0534 52360
4.05971 52700
4.06601 53040
4.07232 53380
4.07862 53720
4.08492 54060
4.09123 54400
4.09753 54740
4.10384 55080
4.11014 55420
4.11644 55760
4.12275 56100
4.12905 56440
4.13536 56780
4.14166 57120
4.14796 57460
4.15427 57800
4.16057 58140
4.16688 58480
4.17318 58820
4.17948 59160
4.18579 59500
4.19209 59840
4.1984 60180
4.2047 60520
4.211 60860
4.21731 61200
4.31156 61540
4.33105 61880
4.33735 62220
4.34366 62560
4.34996 62900
4.35627 63240
4.36257 63580
4.36887 63920
4.37518 64260
4.38148 64600
4.38779 64940
4.39409 65280
4.40039 65620
4.4067 65960
4.413 66300
4.41931 66640
4.42561 66980
4.43191 67320
4.43822 67660
4.44452 68000
4.45083 68340
4.45713 68680
4.46343 69020
4.46974 69360
4.47604 69700
4.48235 70040
4.48865 70380
4.49495 70720
4.50126 71060
4.50756 71400
4.51387 71740
4.52017 72080
4.52647 72420
4.53278 72760
4.53908 73100
4.54539 73440
4.55169 73780
4.55799 74120
4.5643 74460
4.5706 74800
4.57691 75140
4.58321 75480
4.58951 75820
4.59582 76160
4.60212 76500
4.60843 76840
4.61473 77180
4.62103 77520
4.62734 77860
4.63364 78200
4.63995 78540
4.64625 78880
4.65255 79220
4.65886 79560
4.66516 79900
4.67147 80240
4.67777 80580
4.68407 80920
4.69038 81260
4.69668 81600
4.70299 81940
4.70929 82280
4.71559 82620
4.7219 82960
4.7282 83300
4.73451 83640
4.74081 83980
4.74711 84320
4.75342 84660
4.75972 85000
4.76603 85340
4.77233 85680
4.77863 86020
4.78494 86360
4.79124 86700
4.79755 87040
4.80385 87380
4.81015 87720
4.81646 88060
4.82276 88400
4.82907 88740
4.83537 89080
4.84167 89420
4.84798 89760
4.85428 90100
4.86059 90440
4.86689 90780
4.87319 91120
4.8795 91460
4.8858 91800
4.89211 92140
4.89841 92480
4.90471 92820
4.91102 93160
4.91732 93500
4.92363 93840
4.92993 94180
4.93623 94520
4.94254 94860
4.94884 95200
4.95515 95540
4.96145 95880
4.96775 96220
4.97406 96560
4.98036 96900
4.98667 97240
4.99297 97580
4.99927 97920
5.00558 98260
5.01188 98600
5.01819 98940
5.02449 99280
5.03079 99620
5.0371 99960
5.0434 100300
5.04971 100640
5.05601 100980
5.06231 101320
5.06862 101660
5.07492 102000
5.08123 102340
5.08753 102680
5.09383 103020
5.10014 103360
5.10644 103700
5.11275 104040
5.11905 104380
5.12535 104720
5.13166 105060
5.13796 105400
5.14427 105740
5.15057 106080
5.15687 106420
5.16318 106760
5.16948 107100
5.17579 107440
5.18209 107780
5.18839 108120
5.1947 108460
5.201 108800
5.20731 109140
5.21361 109480
5.21991 109820
5.22622 110160
5.23252 110500
5.23883 110840
5.24513 111180
5.25143 111520
5.25774 111860
5.26404 112200
5.27035 112540
5.27665 112880
5.28295 113220
5.28926 113560
5.29556 113900
5.30187 114240
5.30817 114580
5.31447 114920
5.32078 115260
5.32708 115600
5.33339 115940
5.33969 116280
5.34599 116620
5.3523 116960
5.3586 117300
5.36491 117640
5.37121 117980
5.37751 118320
5.38382 118660
5.39012 119000
5.39643 119340
5.40273 119680
5.40903 120020
5.41534 120360
5.42164 120700
5.42795 121040
5.43425 121380
5.44055 121720
5.44686 122060
5.45316 122400
5.45947 122740
5.46577 123080
5.47207 123420
5.47838 123760
5.48468 124100
5.49099 124440
5.49729 124780
5.50359 125120
5.5099 125460
5.5162 125800
5.52251 126140
5.52881 126480
5.53511 126820
5.54142 127160
5.54772 127500
5.55403 127840
5.56033 128180
5.56663 128520
5.57294 128860
5.57924 129200
5.58555 129540
5.59185 129880
5.59815 130220
5.60446 130560
5.61076 130900
5.61707 131240
5.62337 131580
5.62967 131920
5.63598 132260
5.64228 132600
5.64859 132940
5.65489 133280
5.66119 133620
5.6675 133960
5.6738 134300
5.68011 134640
5.68641 134980
5.69271 135320
5.69902 135660
5.70532 136000
5.71163 136340
5.71793 136680
5.72423 137020
5.73054 137360
5.73684 137700
5.74315 138040
5.74945 138380
5.75575 138720
5.76206 139060
5.76836 139400
5.77467 139740
5.78097 140080
5.78727 140420
5.79358 140760
5.79988 141100
5.80619 141440
5.81249 141780
5.81879 142120
5.8251 142460
5.8314 142800
5.83771 143140
5.84401 143480
5.85031 143820
5.85662 144160
5.86292 144500
5.86923 144840
5.87553 145180
5.88183 145520
5.88814 145860
5.89444 146200
5.90075 146540
5.90705 146880
5.91335 147220
5.91966 147560
5.92596 147900
5.93227 148240
5.93857 148580
5.94487 148920
5.95118 149260
5.95748 149600
5.96379 149940
5.97009 150280
5.97639 150620
5.9827 150960
5.989 151300
5.99531 151640
6.00161 151980
6.00791 152320
6.01422 152660
6.02052 153000
6.02683 153340
6.03313 153680
6.03943 154020
6.04574 154360
6.05204 154700
6.05835 155040
6.06465 155380
6.07095 155720
6.07726 156060
6.08356 156400
6.08987 156740
6.09617 157080
6.10247 157420
6.10878 157760
6.11508 158100
6.12139 158440
6.12769 158780
6.13399 159120
6.1403 159460
6.1466 159800
6.15291 160140
6.15921 160480
6.16551 160820
6.17182 161160
6.17812 161500
6.18443 161840
6.19073 162180
6.19703 162520
6.20334 162860
6.20964 163200
6.21595 163540
6.22225 163880
6.22855 164220
6.23486 164560
6.24116 164900
6.24747 165240
6.25377 165580
6.26007 165920
6.26638 166260
6.27268 166600
6.27899 166940
6.28529 167280
6.29159 167620
6.2979 167960
6.3042 168300
6.31051 168640
6.31681 168980
6.32311 169320
6.32942 169660
6.33572 170000
6.34203 170340
6.34833 170680
6.35463 171020
6.36094 171360
6.36724 171700
6.37355 172040
6.37985 172380
6.38615 172720
6.39246 173060
6.39876 173400
6.40507 173740
6.41137 174080
6.41767 174420
6.42398 174760
6.43028 175100
6.43659 175440
6.44289 175780
6.44919 176120
6.4555 176460
6.4618 176800
6.46811 177140
6.47441 177480
6.48071 177820
6.48702 178160
6.49647 178500
6.50593 89080
7.65668 340
7.76673 680
8.2461 1020
8.72548 1360
9.20485 1700
9.21431 2040
9.69053 2380
9.69998 2720
10.1699 3060
10.1794 3400
10.1888 3740
10.6524 4080
10.6619 4420
10.6713 4760
10.6808 5100
11.135 5440
11.1444 5780
11.1539 6120
11.1633 6460
11.1728 6800
11.6143 7140
11.6238 7480
11.6332 7820
11.6427 8160
11.6521 8500
11.6616 8840
11.6711 9180
12.0969 9520
12.1063 9860
12.1158 10200
12.1252 10540
12.1347 10880
12.1441 11220
12.1536 11560
12.163 11900
12.1693 12240
12.1725 12580
12.5762 12920
12.5857 13260
12.5951 13600
12.6046 13940
12.614 14280
12.6235 14620
12.633 14960
12.6424 15300
12.6519 15640
12.6613 15980
12.6708 16320
12.6802 16660
12.6897 17000
13.0619 17340
13.0714 17680
13.0808 18020
13.0903 18360
13.0997 18700
13.1092 19040
13.1186 19380
13.1281 19720
13.1375 20060
13.147 20400
13.1565 20740
13.1659 21080
13.1754 21420
13.1848 21760
13.1943 22100
13.2037 22440
13.2132 22780
13.5444 23120
13.5539 23460
13.5633 23800
13.5728 24140
13.5823 24480
13.5917 24820
13.6012 25160
13.6106 25500
13.6201 25840
13.6295 26180
13.639 26520
13.6484 26860
13.6579 27200
13.6674 27540
13.6768 27880
13.6863 28220
13.6957 28560
13.7052 28900
13.7146 29240
13.7241 29580
13.7335 29920
13.743 30260
13.7525 30600
14.0301 30940
14.0396 31280
15.1998 340
15.6791 680
16.1585 1020
16.6379 1360
17.1267 680
17.6124 1020
18.0855 680
18.5774 1020
19.0505 1360
19.5299 1700
19.7393 2040
20.225 2380
20.7044 2720
21.1901 3060
21.6726 3400
22.1583 3740
22.8345 4080
23.3202 4420
23.8027 4760
24.2884 5100
24.8251 5440
25.3107 5780
25.7933 6120
26.2789 6460
26.7615 6800
27.2471 7140
27.9139 7480
28.3996 7820
28.8821 8160
29.3678 8500
29.8566 8840
30.3423 9180
30.8248 9520
31.3105 9860
31.7993 10200
32.285 10540
32.7675 10880
33.2532 11220
33.8948 11560
34.3804 11900
34.863 12240
35.3486 12580
35.8375 12920
36.3231 13260
36.8057 13600
37.2914 13940
37.7802 14280
38.2659 14620
38.7484 14960
39.2341 15300
39.7329 15640
40.2186 15980
40.7011 16320
41.1868 16660
41.6693 17000
42.155 17340
42.6438 17680
43.1295 18020
43.612 18360
44.0977 18700
44.5865 19040
45.0722 19380
45.5547 19720
45.9547 9690
46.4341 10370
46.7166 10710
46.9103 5100
47.3897 5780
47.8439 6120
48.339 6460
48.8215 6800
49.3072 7140
49.796 7480
50.2754 7820
50.7642 8160
51.2499 8500
51.7324 8840
52.2181 9180
52.707 9520
53.1926 9860
53.6752 10200
54.1608 10540
54.6497 10880
55.1353 11220
55.6179 11560
56.1035 11900
56.7293 12240
57.215 12580
57.6975 12920
58.1832 13260
58.7451 13600
59.2308 13940
59.7133 14280
60.199 14620
60.6878 14960
61.1735 15300
61.656 15640
62.1417 15980
62.7486 16320
63.2343 16660
63.7168 17000
64.2025 17340
64.6913 17680
65.177 18020
65.6595 18360
66.1452 18700
66.634 19040
67.1197 19380
67.6022 19720
68.0879 20060
68.5704 20400
68.8561 10030
69.3355 10710
69.5859 11050
70.0747 11390
70.5572 11730
71.0429 12070
71.5317 12410
72.0174 12750
72.5 13090
72.9856 13430
73.4745 13770
73.9601 14110
74.4427 14450
74.9283 14790
75.4816 15130
75.9673 15470
76.4498 15810
76.9355 16150
77.4243 16490
77.91 16830
78.2272 8160
78.7066 8840
78.9544 9180
79.637 9520
80.1226 9860
80.6052 10200
81.0908 10540
81.5797 10880
82.0654 11220
82.5479 11560
83.0336 11900
83.5224 12240
84.0081 12580
84.145 6120
84.6244 6800
85.1006 7140
85.5895 7480
86.072 7820
86.5545 8160
87.0402 8500
87.529 8840
88.0147 9180
88.4972 9520
88.9829 9860
89.6434 10200
90.129 10540
90.6116 10880
91.0972 11220
91.6749 11560
92.0465 5610
92.5259 6290
92.6746 6630
93.2752 6970
93.7546 7310
94.2434 7650
94.7291 7990
95.2116 8330
95.6973 8670
96.1861 9010
96.6718 9350
97.1543 9690
97.64 10030
98.1288 10370
98.6145 10710
99.097 11050
99.5827 11390
100.072 11730
100.557 12070
101.046 12410
101.532 12750
102.021 13090
102.506 13430
102.989 13770
103.474 14110
103.963 14450
104.449 14790
104.931 15130
105.417 15470
105.989 15810
106.475 16150
106.958 16490
107.443 16830
107.932 17170
108.418 17510
108.9 17850
109.386 18190
109.868 18530
110.354 18870
110.951 19210
111.436 19550
111.919 19890
112.405 20230
112.993 20570
113.478 20910
113.961 21250
114.446 21590
114.935 21930
115.29 10710
115.77 11390
115.982 11730
116.468 12070
116.95 12410
117.436 12750
117.925 13090
118.411 13430
118.893 13770
119.379 14110
119.868 14450
120.353 14790
120.836 15130
121.322 15470
121.804 15810
122.296 16150
122.785 16490
123.271 16830
123.753 17170
124.239 17510
124.728 17850
125.213 18190
125.633 8840
126.112 9520
126.338 9860
126.827 10200
127.312 10540
127.795 10880
128.281 11220
128.769 11560
129.255 11900
129.738 12240
130.223 12580
130.887 12920
131.366 13260
131.855 13600
132.341 13940
132.823 14280
133.309 14620
133.798 14960
134.071 7310
134.55 7990
134.868 8330
135.357 8670
135.827 4080
136.306 4760
136.452 5100
136.935 5440
137.42 5780
137.909 6120
138.395 6460
138.877 6800
139.363 7140
139.852 7480
140.337 7820
140.82 8160
141.306 8500
141.788 8840
142.075 4250
142.554 4930
142.922 5270
143.404 5610
143.89 5950
144.372 6290
144.858 6630
145.437 6970
145.922 7310
146.405 7650
146.891 7990
147.379 8330
147.865 8670
148.348 9010
148.833 9350
149.471 9690
149.956 10030
150.439 10370
150.925 10710
151.413 11050
151.899 11390
152.382 11730
152.867 12070
153.356 12410
153.842 12750
154.324 13090
154.81 13430
155.299 13770
155.785 14110
156.267 14450
156.753 14790
157.35 15130
157.836 15470
158.318 15810
158.804 16150
159.293 16490
159.772 16830
160.261 17170
160.747 17510
161.229 17850
161.715 18190
162.204 18530
162.69 18870
163.172 19210
163.658 19550
164.192 19890
164.678 20230
165.16 20570
165.582 10030
166.061 10710
166.347 11050
166.829 11390
167.318 11730
167.804 12070
168.286 12410
168.772 12750
169.261 13090
169.746 13430
170.229 13770
170.715 14110
171.203 14450
171.689 14790
172.172 15130
172.657 15470
173.146 15810
173.632 16150
174.121 16490
174.606 16830
175.141 17170
175.626 17510
176.109 17850
176.594 18190
177.083 18530
177.569 18870
178.052 19210
178.537 19550
179.026 19890
179.512 20230
179.994 20570
180.48 20910
180.969 21250
181.454 21590
181.937 21930
182.423 22270
182.911 22610
183.391 22950
183.88 23290
184.365 23630
184.797 11560
185.277 12240
185.622 12580
186.114 12920
186.597 13260
186.721 6460
187.68 7140
188.07 7480
188.555 7820
189.038 8160
189.56 8500
190.042 8840
190.528 9180
191.017 9520
191.502 9860
191.985 10200
192.471 10540
192.953 10880
193.439 11220
193.928 11560
194.413 11900
194.896 12240
195.381 12580
195.87 12920
196.356 13260
196.838 13600
197.324 13940
197.813 14280
198.299 14620
198.781 14960
199.267 15300
199.756 15640
200.241 15980
200.724 16320
201.21 16660
201.698 17000
202.184 17340
202.667 17680
203.152 18020
203.641 18360
204.127 18700
204.609 19040
205.095 19380
205.584 19720
206.019 9690
206.498 10370
206.908 10710
207.397 11050
207.88 11390
208.369 11730
208.854 12070
209.337 12410
209.823 12750
210.311 13090
210.797 13430
211.28 13770
211.765 14110
212.254 14450
212.74 14790
213.235 7140
213.714 8160
214.2 8500
214.682 8840
215.171 9180
215.654 9520
216.33 9860
216.813 10200
217.298 10540
217.974 10880
218.46 11220
218.943 11560
219.428 11900
219.917 12240
220.403 12580
220.885 12920
221.371 13260
221.86 13600
222.346 13940
222.828 14280
223.314 14620
223.803 14960
224.288 15300
224.771 15640
225.256 15980
225.745 16320
226.231 16660
226.714 17000
227.199 17340
227.688 17680
228.174 18020
228.656 18360
229.142 18700
229.631 19040
230.116 19380
230.599 19720
231.085 20060
231.567 20400
231.965 10030
232.444 10710
232.689 11050
233.174 11390
233.657 11730
234.143 12070
234.806 12410
235.292 12750
235.774 13090
236.26 13430
236.749 13770
237.235 14110
237.717 14450
238.203 14790
238.692 15130
239.177 15470
239.66 15810
240.145 16150
240.634 16490
241.12 16830
241.602 17170
242.088 17510
242.577 17850
242.993 8670
243.473 9350
243.624 9690
244.11 10030
244.592 10370
245.078 10710
245.567 11050
246.052 11390
246.535 11730
247.021 12070
247.503 12410
247.989 12750
248.552 13090
249.038 13430
249.52 13770
250.006 14110
250.495 14450
250.987 6970
251.466 7990
251.949 8330
252.438 8670
252.92 9010
253.406 9350
254.079 9690
254.564 10030
255.047 10370
255.533 10710
256.144 11050
256.624 11390
257.113 11730
257.598 12070
258.081 12410
258.567 12750
259.055 13090
259.541 13430
260.024 13770
260.509 14110
260.992 6800
261.471 7820
262.16 8160
262.642 8500
263.215 8840
263.701 9180
264.183 4420
264.663 5440
265.152 5780
265.634 6120
266.12 6460
266.602 6800
267.088 7140
267.712 7480
268.198 7820
268.681 8160
269.166 8500
269.655 8840
270.141 9180
270.623 9520
271.109 9860
271.598 10200
272.084 10540
272.566 10880
273.052 11220
273.541 11560
274.026 11900
274.509 12240
274.994 12580
275.63 12920
276.115 13260
276.598 13600
277.084 13940
277.644 14280
278.129 14620
278.612 14960
279.098 15300
279.586 15640
280.072 15980
280.555 16320
281.04 16660
281.523 17000
282.009 17340
282.497 17680
282.683 8670
283.163 9350
283.601 9690
284.084 10030
284.572 10370
285.058 10710
285.541 11050
286.026 11390
286.515 11730
287.001 12070
287.483 12410
287.969 12750
288.458 13090
288.944 13430
289.426 13770
289.912 14110
290.401 14450
290.886 14790
291.369 15130
291.854 15470
292.343 15810
292.829 16150
293.312 16490
293.797 16830
294.286 17170
294.772 17510
295.021 8500
295.5 9180
295.871 9520
296.356 9860
296.839 10200
297.324 10540
297.9 10880
298.386 11220
298.869 11560
299.354 11900
299.843 12240
300.329 12580
300.515 6120
301.473 6800
302.156 7140
302.639 7480
303.124 7820
303.672 8160
304.157 8500
304.64 8840
305.126 9180
305.614 9520
306.1 9860
306.583 10200
307.068 10540
307.56 10880
308.046 11220
308.529 11560
309.014 11900
309.497 12240
309.986 12580
310.474 12920
310.96 13260
311.443 13600
311.928 13940
312.417 14280
312.903 14620
313.385 14960
313.871 15300
314.442 15640
314.927 15980
315.41 16320
315.896 16660
316.384 17000
316.87 17340
317.353 17680
317.838 18020
318.327 18360
318.813 18700
319.295 19040
319.781 19380
320.27 19720
320.756 20060
321.238 20400
321.724 20740
322.356 21080
322.842 21420
323.324 21760
323.641 10710
324.121 11390
324.427 11730
324.915 12070
325.398 12410
325.884 12750
326.373 13090
326.858 13430
327.341 13770
327.826 14110
328.315 14450
328.801 14790
329.283 15130
329.769 15470
330.258 15810
330.744 16150
331.226 16490
331.712 16830
332.232 17170
332.718 17510
333.2 17850
333.686 18190
333.724 8840
334.686 9520
335.162 9860
335.645 10200
336.13 10540
336.619 10880
337.105 11220
337.587 11560
338.073 11900
338.733 12240
339.219 12580
339.702 12920
340.187 13260
340.67 13600
341.155 13940
341.794 14280
342.28 14620
342.763 14960
343.248 15300
343.737 15640
344.223 15980
344.705 16320
345.191 16660
345.68 17000
346.166 17340
346.648 17680
347.134 18020
347.623 18360
348.108 18700
348.591 19040
349.076 19380
349.502 9520
349.982 10200
350.101 10540
350.286 5100
350.765 5780
351.079 6120
351.714 6460
352.197 6800
352.682 7140
353.171 7480
353.473 3570
353.952 4250
354.33 4590
354.901 4930
355.387 5270
355.87 5610
356.355 5950
356.844 6290
357.33 6630
357.812 6970
358.298 7310
358.781 7650
359.266 7990
359.755 8330
360.241 8670
360.723 9010
361.209 9350
361.698 9690
362.183 10030
362.666 10370
363.152 10710
363.758 11050
364.244 11390
364.727 11730
365.212 12070
365.873 12410
366.359 12750
366.841 13090
367.327 13430
367.885 13770
368.371 14110
368.854 14450
369.339 14790
369.828 15130
370.314 15470
370.796 15810
371.282 16150
371.771 16490
372.257 16830
372.739 17170
373.225 17510
373.714 17850
374.199 18190
374.682 18530
375.167 18870
375.656 19210
376.142 19550
376.625 19890
377.11 20230
377.593 20570
378.078 20910
378.567 21250
379.053 21590
379.479 10540
380.437 11220
380.596 11560
381.082 11900
381.571 12240
382.057 12580
382.539 12920
383.025 13260
383.666 13600
384.152 13940
384.635 14280
385.12 14620
385.609 14960
386.095 15300
386.577 15640
387.063 15980
387.552 16320
388.037 16660
388.52 17000
389.006 17340
389.527 17680
390.012 18020
390.495 18360
390.98 18700
391.469 19040
391.955 19380
392.438 19720
392.923 20060
393.393 9860
394.352 10540
394.828 5100
395.307 6120
395.796 6460
396.279 6800
396.961 7140
397.444 7480
397.93 7820
398.412 8160
398.898 8500
399.558 8840
400.044 9180
