0.0 0
0.41554 3400
0.837256 3740
0.849864 4080
0.862472 4420
0.87508 4760
0.887688 5100
1.09399 5440
1.26441 5780
1.27702 6120
1.28963 6460
1.30224 6800
1.31484 7140
1.32745 7480
1.34006 7820
1.52115 8160
1.69157 8500
1.70418 8840
1.71678 9180
1.72939 9520
1.742 9860
1.75461 10200
1.76722 10540
1.77982 10880
1.79243 11220
1.80504 11560
1.942 11900
1.95461 12240
2.11873 12580
2.13133 12920
2.14394 13260
2.15655 13600
2.16916 13940
2.18177 14280
2.19437 14620
2.20698 14960
2.21959 15300
2.2322 15640
2.24481 15980
2.25741 16320
2.27002 16660
2.28263 17000
2.29524 17340
2.36916 17680
2.38177 18020
2.39437 18360
2.54588 18700
2.55849 19040
2.5711 19380
2.58371 19720
2.59631 20060
2.60892 20400
2.62153 20740
2.63414 21080
2.64675 21420
2.65935 21760
2.67196 22100
2.68457 22440
2.69718 22780
2.70979 23120
2.72239 23460
2.735 23800
2.74761 24140
2.76022 24480
2.77283 24820
2.78543 25160
2.79804 25500
2.81065 25840
2.82326 26180
2.83587 26520
2.84847 26860
2.86108 27200
2.87369 27540
2.97304 27880
2.98565 28220
2.99825 28560
3.01086 28900
3.02347 29240
3.03608 29580
3.04869 29920
3.06129 30260
3.0739 30600
3.08651 30940
3.09912 31280
3.11173 31620
3.12433 31960
3.13694 32300
3.14955 32640
3.16216 32980
3.17477 33320
3.18737 33660
3.19998 34000
3.21259 34340
3.2252 34680
3.23781 35020
3.25041 35360
3.26302 35700
3.27563 36040
3.28824 36380
3.30085 36720
3.31345 37060
3.32606 37400
3.33867 37740
3.35128 38080
3.36389 38420
3.37649 38760
3.3891 39100
3.40171 39440
3.41432 39780
3.42693 40120
3.43953 40460
3.45214 40800
3.46475 41140
3.47736 41480
3.48997 41820
3.50257 42160
3.51518 42500
3.52779 42840
3.5404 43180
3.55301 43520
3.56561 43860
3.57822 44200
3.59083 44540
3.60344 44880
3.61605 45220
3.62865 45560
3.64126 45900
3.65387 46240
3.66648 46580
3.67909 46920
3.69169 47260
3.7043 47600
3.71691 47940
3.72952 48280
3.74213 48620
3.75473 48960
3.76734 49300
3.77995 49640
3.79256 49980
3.80517 50320
3.81777 50660
3.83038 51000
3.84299 51340
3.8556 51680
3.86821 52020
3.88081 52360
3.89342 52700
3.90603 53040
3.91864 53380
3.93125 53720
3.94385 54060
3.95646 54400
3.96907 54740
3.98168 55080
3.99429 55420
4.00689 55760
4.0195 56100
4.03211 56440
4.04472 56780
4.05733 57120
4.06993 57460
4.08254 57800
4.09515 58140
4.10776 58480
4.12037 58820
4.13297 59160
4.14558 59500
4.15819 59840
4.1708 60180
4.18341 60520
4.19601 60860
4.20862 61200
4.22123 61540
4.23384 61880
4.24645 62220
4.25905 62560
4.27166 62900
4.28427 63240
4.29688 63580
4.30949 63920
4.32209 64260
4.3347 64600
4.34731 64940
4.35992 65280
4.37253 65620
4.38513 65960
4.39774 66300
4.41035 66640
4.42296 66980
4.43557 67320
4.44817 67660
4.46078 68000
4.47339 68340
4.486 68680
4.49861 69020
4.51121 69360
4.52382 69700
4.53643 70040
4.54904 70380
4.56165 70720
4.57425 71060
4.58686 71400
4.59947 71740
4.61208 72080
4.62469 72420
4.63729 72760
4.6499 73100
4.66251 73440
4.67512 73780
4.68773 74120
4.70033 74460
4.71294 74800
4.72555 75140
4.73816 75480
4.75077 75820
4.76337 76160
4.77598 76500
4.78859 76840
4.8012 77180
4.81381 77520
4.82641 77860
4.83902 78200
4.85163 78540
4.86424 78880
4.87685 79220
4.88945 79560
4.90206 79900
4.91467 80240
4.92728 80580
4.93989 80920
4.95249 81260
4.9651 81600
4.97771 81940
4.99032 82280
5.00293 82620
5.01553 82960
5.02814 83300
5.04075 83640
5.05336 83980
5.06597 84320
5.07857 84660
5.09118 85000
5.10379 85340
5.1164 85680
5.12901 86020
5.14161 86360
5.15422 86700
5.16683 87040
5.17944 87380
5.19205 87720
5.20465 88060
5.21726 88400
5.22987 88740
5.24248 89080
5.25509 89420
5.26769 89760
5.2803 90100
5.29291 90440
5.30552 90780
5.31813 91120
5.33073 91460
5.34334 91800
5.35595 92140
5.36856 92480
5.38117 92820
5.39377 93160
5.40638 93500
5.41899 93840
5.4316 94180
5.44421 94520
5.45681 94860
5.46942 95200
5.48203 95540
5.49464 95880
5.50725 96220
5.51985 96560
5.53246 96900
5.54507 97240
5.55768 97580
5.57029 97920
5.58289 98260
5.5955 98600
5.60811 98940
5.62072 99280
5.63333 99620
5.64593 99960
5.65854 100300
5.67115 100640
5.68376 100980
5.69637 101320
5.70897 101660
5.72158 102000
5.73419 102340
5.7468 102680
5.75941 103020
5.77201 103360
5.78462 103700
5.79723 104040
5.80984 104380
5.82245 104720
5.83505 105060
5.84766 105400
5.86027 105740
5.87288 106080
5.88549 106420
5.89809 106760
5.9107 107100
5.92331 107440
5.93592 107780
5.94853 108120
5.96113 108460
5.97374 108800
5.98635 109140
5.99896 109480
6.01157 109820
6.02417 110160
6.03678 110500
6.04939 110840
6.062 111180
6.07461 111520
6.08721 111860
6.09982 112200
6.11243 112540
6.12504 112880
6.13765 113220
6.15025 113560
6.16286 113900
6.17547 114240
6.18808 114580
6.20069 114920
6.21329 115260
6.2259 115600
6.23851 115940
6.25112 116280
6.26373 116620
6.27633 116960
6.28894 117300
6.30155 117640
6.32046 58650
9.32513 340
9.45379 680
9.87464 1020
10.2955 1360
10.7163 1700
10.7353 2040
12.29 340
12.7109 680
13.1317 1020
13.5526 1360
13.9734 1700
13.9923 2040
14.4258 2380
14.8656 2720
15.2801 3060
15.7073 3400
16.147 3740
16.5616 4080
16.9887 4420
17.4285 4760
17.843 5100
18.2702 5440
18.6911 5780
19.1245 6120
19.5517 6460
19.9725 6800
20.406 7140
20.8331 7480
21.254 7820
21.6874 8160
22.1146 8500
22.5165 4080
23.0383 4420
23.1706 4760
23.5285 5100
23.8926 5440
24.0754 5780
24.4458 6120
24.8099 6460
25.1803 6800
25.4625 7140
25.7588 7480
26.1481 7820
26.5375 8160
26.9331 8500
27.354 8840
27.7622 9180
28.183 9520
28.6039 9860
29.0248 10200
29.4456 10540
29.8791 10880
30.3125 11220
30.7397 11560
31.1731 11900
31.6129 12240
32.0464 12580
32.4735 12920
32.907 13260
33.3467 13600
33.7802 13940
34.2074 14280
34.6408 14620
35.0806 14960
35.514 15300
35.9412 15640
36.3747 15980
36.8018 16320
37.2353 16660
37.675 17000
38.1085 17340
38.5357 17680
38.9691 18020
39.245 8840
39.6658 9520
39.9669 9860
40.3941 10200
40.8275 10540
41.2673 10880
41.7008 11220
42.1279 11560
42.5614 11900
43.0011 12240
43.4346 12580
43.8617 12920
44.2952 13260
44.735 13600
45.1684 13940
45.2189 6800
45.6397 7480
46.0543 7820
46.494 8160
46.9212 8500
47.3609 8840
47.7944 9180
48.2216 9520
48.655 9860
49.0948 10200
49.5283 10540
49.9554 10880
50.3889 11220
50.9593 11560
51.3927 11900
51.8199 12240
52.2534 12580
52.7438 12920
53.1772 13260
53.6044 13600
54.0378 13940
54.4776 14280
54.9111 14620
55.3382 14960
55.7717 15300
56.2115 15640
56.6449 15980
56.708 7820
57.1351 8500
57.5244 8840
57.5623 4250
57.9831 4930
58.3977 5270
58.8248 5610
59.2646 5950
59.6917 6290
60.1252 6630
60.565 6970
60.9984 7310
61.4256 7650
61.859 7990
62.4421 8330
62.8629 8670
63.3027 9010
63.7361 9350
64.1633 9690
64.5968 10030
65.1376 10370
65.5711 10710
65.9982 11050
66.4317 11390
66.8714 11730
67.3049 12070
67.7321 12410
68.1655 12750
68.6053 13090
69.0387 13430
69.1144 6460
69.5352 7140
69.9309 7480
70.3706 7820
70.7978 8160
71.2313 8500
71.6584 8840
72.0919 9180
72.5316 9520
72.9651 9860
73.3923 10200
73.8257 10540
74.2655 10880
74.6989 11220
75.1261 11560
75.5596 11900
76.1048 12240
76.5382 12580
76.9654 12920
77.1169 6290
77.5377 6970
77.9334 7310
78.3605 7650
78.794 7990
79.2338 8330
79.6672 8670
80.0944 9010
80.5278 9350
80.955 9690
81.3758 4590
81.7967 5610
82.2428 5950
82.6699 6290
83.2971 6630
83.7242 6970
84.1577 7310
84.6985 7650
85.132 7990
85.5592 8330
85.9926 8670
86.4324 9010
86.8658 9350
87.293 9690
87.7265 10030
88.1662 10370
88.5997 10710
89.0268 11050
89.4603 11390
89.9001 11730
90.3335 12070
90.7607 12410
91.1941 12750
91.6339 13090
92.0674 13430
92.4945 13770
92.928 14110
93.3677 14450
93.8012 14790
94.2284 15130
94.6618 15470
95.1016 15810
95.535 16150
95.9622 16490
96.3957 16830
96.8228 17170
97.2563 17510
97.696 17850
98.1295 18190
98.5567 18530
98.9901 18870
99.4299 19210
99.8633 19550
100.29 19890
100.724 20230
101.164 20570
101.597 20910
102.024 21250
102.458 21590
102.928 21930
103.361 22270
103.788 22610
104.222 22950
104.259 11220
104.687 11900
105.089 5780
105.509 6800
105.955 7140
106.589 7480
107.016 7820
107.527 8160
107.96 8500
108.388 8840
108.821 9180
109.261 9520
109.694 9860
110.121 10200
110.555 10540
110.995 10880
111.428 11220
111.855 11560
112.289 11900
112.728 12240
113.162 12580
113.589 12920
114.023 13260
114.462 13600
114.883 13940
115.323 14280
115.756 14620
116.184 14960
116.617 15300
117.057 15640
117.49 15980
117.917 16320
118.351 16660
118.791 17000
119.148 8330
119.569 9010
119.864 9350
120.304 9690
120.731 10030
121.171 10370
121.604 10710
122.031 11050
122.465 11390
122.905 11730
123.338 12070
123.765 12410
124.205 12750
124.645 13090
125.078 13430
125.505 13770
125.939 14110
126.379 14450
126.812 14790
127.239 15130
127.673 15470
128.112 15810
128.546 16150
128.973 16490
129.406 16830
129.846 17170
130.28 17510
130.719 17850
131.153 18190
131.454 8840
131.875 9520
132.195 9860
132.622 10200
133.055 10540
133.106 5100
133.527 5780
133.935 6120
134.375 6460
134.802 6800
135.235 7140
135.675 7480
136.109 7820
136.536 8160
136.969 8500
137.552 8840
137.986 9180
138.413 9520
138.846 9860
139.273 10200
139.707 10540
140.235 10880
140.669 11220
141.096 11560
141.529 11900
141.969 12240
142.402 12580
142.83 12920
143.263 13260
143.703 13600
144.149 13940
144.576 14280
145.01 14620
145.449 14960
145.883 15300
146.31 15640
146.743 15980
147.183 16320
147.617 16660
148.044 17000
148.477 17340
148.917 17680
149.35 18020
149.778 18360
150.211 18700
150.651 19040
151.084 19380
151.511 19720
151.945 20060
152.385 20400
152.818 20740
153.245 21080
153.679 21420
153.717 10540
154.137 11220
154.558 11560
154.91 5610
155.331 6290
155.682 6630
156.122 6970
156.549 7310
156.989 7650
157.422 7990
157.849 8330
158.283 8670
158.723 9010
159.156 9350
159.583 9690
160.017 10030
160.456 10370
160.89 10710
161.317 11050
161.751 11390
162.19 11730
162.624 12070
163.051 12410
163.484 12750
163.937 13090
164.37 13430
164.797 13770
165.231 14110
165.671 14450
166.104 14790
166.531 15130
166.965 15470
167.422 15810
167.842 16150
168.282 16490
168.716 16830
169.143 17170
169.576 17510
170.092 17850
170.525 18190
170.953 18530
171.386 18870
171.826 19210
172.259 19550
172.686 19890
173.12 20230
173.56 20570
173.993 20910
174.42 21250
174.854 21590
175.293 21930
175.727 22270
176.154 22610
176.588 22950
177.027 23290
177.461 23630
177.889 23970
178.331 24310
178.785 24650
179.239 24990
179.692 25330
180.159 25670
180.638 26010
181.117 26350
181.596 26690
182.088 27030
182.592 27370
183.097 27710
183.601 28050
184.118 28390
184.647 28730
185.177 29070
185.416 14280
185.94 14960
186.253 15300
186.693 15640
187.114 15980
187.554 16320
187.987 16660
188.414 17000
188.848 17340
189.288 17680
189.721 18020
190.148 18360
190.582 18700
191.021 19040
191.455 19380
191.882 19720
192.315 20060
192.755 20400
193.189 20740
193.616 21080
194.049 21420
194.489 21760
194.923 22100
195.35 22440
195.783 22780
196.223 23120
196.656 23460
196.934 11560
197.356 12240
197.645 12580
198.084 12920
198.512 13260
198.951 13600
199.385 13940
199.812 14280
200.245 14620
200.685 14960
201.119 15300
201.546 15640
201.979 15980
202.419 16320
202.739 7990
203.16 8670
203.362 9010
203.795 9350
204.222 9690
204.656 10030
205.095 10370
205.529 10710
205.956 11050
206.389 11390
206.817 11730
207.162 5610
207.583 6290
207.808 6630
208.235 6970
208.669 7310
209.108 7650
209.542 7990
209.969 8330
210.403 8670
210.842 9010
211.276 9350
211.703 9690
212.136 10030
212.639 10370
213.073 10710
213.5 11050
213.933 11390
214.373 11730
214.806 12070
215.234 12410
215.667 12750
216.107 13090
216.54 13430
216.967 13770
217.401 14110
217.946 14450
217.984 6970
218.405 7650
218.82 7990
219.247 8330
219.68 8670
220.12 9010
220.541 9350
220.981 9690
221.414 10030
221.841 10370
222.275 10710
222.714 11050
223.148 11390
223.575 11730
224.009 12070
224.549 12410
224.983 12750
225.41 13090
225.843 13430
226.283 13770
226.716 14110
227.144 14450
227.577 14790
228.017 15130
228.45 15470
228.877 15810
229.311 16150
229.751 16490
230.184 16830
230.611 17170
231.045 17510
231.484 17850
231.918 18190
232.345 18530
232.446 9010
232.873 9690
233.244 10030
233.683 10370
234.11 10710
234.55 5100
234.971 6120
235.417 6460
235.844 6800
236.471 7140
236.899 7480
237.332 7820
237.759 8160
238.193 8500
238.708 8840
239.142 9180
239.569 9520
240.002 9860
240.442 10200
240.876 10540
241.303 10880
241.736 11220
242.176 11560
242.609 11900
243.037 12240
243.47 12580
243.91 12920
244.343 13260
244.77 13600
245.204 13940
245.644 14280
246.077 14620
246.504 14960
246.938 15300
247.39 15640
247.824 15980
248.251 16320
248.684 16660
249.124 17000
249.557 17340
249.619 8500
250.04 9180
250.46 9520
250.888 9860
251.327 10200
251.761 10540
252.188 10880
252.621 11220
253.049 11560
253.482 11900
254.065 12240
254.499 12580
254.926 12920
255.359 13260
255.813 13600
256.247 13940
256.674 14280
257.108 14620
257.547 14960
257.981 15300
258.408 15640
258.841 15980
259.281 16320
259.715 16660
260.142 17000
260.575 17340
261.015 17680
261.411 8670
262.252 9350
262.667 9690
263.1 10030
263.528 10370
263.961 10710
264.401 11050
264.834 11390
265.261 11730
265.695 12070
266.235 12410
266.358 5950
267.2 6630
267.633 6970
268.067 7310
268.609 7650
269.03 7990
269.47 8330
269.903 8670
270.33 9010
270.764 9350
271.204 9690
271.637 10030
271.744 4760
272.165 5440
272.58 5780
273.007 6120
273.447 6460
273.874 6800
274.307 7140
274.734 7480
275.168 7820
275.608 8160
276.197 8500
276.285 4080
276.706 4760
277.133 5100
277.561 5440
277.994 5780
278.434 6120
278.867 6460
279.294 6800
279.728 7140
280.155 7480
280.589 7820
281.091 8160
281.525 8500
281.952 8840
282.385 9180
282.825 9520
283.259 9860
283.686 10200
284.119 10540
284.559 10880
284.992 11220
285.42 11560
285.853 11900
286.373 12240
286.807 12580
287.234 12920
287.667 13260
288.145 13600
288.578 13940
289.006 14280
289.439 14620
289.879 14960
290.312 15300
290.739 15640
291.173 15980
291.613 16320
292.046 16660
292.473 17000
292.907 17340
293.334 17680
293.485 8670
293.912 9350
294.264 9690
294.691 10030
295.131 10370
295.564 10710
295.991 11050
296.425 11390
296.852 11730
297.285 12070
297.725 12410
298.159 12750
298.586 13090
299.019 13430
299.459 13770
299.893 14110
300.32 14450
300.753 14790
301.193 15130
301.626 15470
302.054 15810
302.487 16150
302.927 16490
303.36 16830
303.523 8160
303.943 8840
304.288 9180
304.716 9520
305.149 9860
305.633 10200
306.067 10540
306.494 10880
306.927 11220
307.38 11560
307.813 11900
308.24 12240
308.674 12580
309.195 12920
309.629 13260
310.056 13600
310.489 13940
310.929 14280
311.363 14620
311.79 14960
312.223 15300
312.663 15640
313.097 15980
313.524 16320
313.957 16660
314.151 8160
314.572 8840
314.881 9180
315.308 9520
315.748 9860
316.175 10200
316.608 10540
317.048 10880
317.482 11220
317.921 11560
318.254 5610
318.675 6290
319.012 6630
319.439 6970
319.873 7310
320.314 7650
320.748 7990
321.175 8330
321.608 8670
322.048 9010
322.481 9350
322.909 9690
323.329 4590
323.75 5610
324.14 2550
324.56 3230
324.948 3570
325.39 3910
325.817 4250
326.25 4590
326.677 4930
327.111 5270
327.551 5610
327.984 5950
328.411 6290
328.845 6630
329.284 6970
329.718 7310
330.282 3400
330.703 4420
331.143 4760
331.57 5100
332.191 5440
332.624 5780
333.051 6120
333.266 2890
333.687 3570
333.945 3910
334.372 4250
334.8 4590
335.239 4930
335.673 5270
336.1 5610
336.533 5950
337.053 6290
337.487 6630
337.914 6970
338.347 7310
338.787 7650
339.221 7990
339.648 8330
340.081 8670
340.508 9010
340.942 9350
341.382 9690
341.815 10030
342.242 10370
342.676 10710
343.221 11050
343.654 11390
344.082 11730
344.515 12070
344.976 12410
345.409 12750
345.836 13090
346.27 13430
346.407 6460
346.828 7140
347.162 7480
347.65 7820
348.078 8160
348.511 8500
348.951 8840
349.372 9180
349.811 9520
350.245 9860
350.672 10200
351.105 10540
351.545 10880
351.979 11220
352.406 11560
352.839 11900
353.391 12240
353.824 12580
354.251 12920
354.46 6290
354.88 6970
355.19 7310
355.617 7650
356.057 7990
356.484 8330
356.917 8670
357.357 9010
357.79 9350
358.205 4420
358.626 5440
359.066 5780
359.699 6120
360.259 2890
360.68 3910
361.1 4250
361.534 4590
361.961 4930
362.395 5270
362.834 5610
363.268 5950
363.695 6290
364.128 6630
364.556 6970
364.989 7310
365.429 7650
365.875 7990
366.302 8330
366.735 8670
367.175 9010
367.609 9350
368.036 9690
368.469 10030
368.884 4760
369.305 5440
369.637 5780
370.064 6120
370.492 6460
370.931 6800
371.365 7140
371.792 7480
372.225 7820
372.665 8160
373.099 8500
373.526 8840
373.978 4250
374.399 5270
374.832 5610
375.272 5950
375.699 6290
376.133 6630
376.472 3060
376.893 3740
377.313 4080
377.741 4420
378.18 4760
378.614 5100
379.041 5440
379.474 5780
379.902 6120
380.335 6460
380.781 6800
381.215 7140
381.642 7480
382.075 7820
382.515 8160
382.948 8500
383.376 8840
383.809 9180
384.392 9520
384.826 9860
385.253 10200
385.686 10540
386.208 10880
386.642 11220
387.069 11560
387.502 11900
387.929 12240
388.363 12580
388.803 12920
389.236 13260
389.663 13600
390.097 13940
390.536 14280
390.97 14620
391.397 14960
391.83 15300
392.27 15640
392.704 15980
393.131 16320
393.564 16660
394.004 17000
394.438 17340
394.865 17680
395.298 18020
395.738 18360
396.171 18700
396.599 19040
397.032 19380
397.472 19720
397.905 20060
398.332 20400
398.766 20740
398.791 10200
399.218 10880
399.639 11220
400.066 11560
