0.0 0
3.26028 3400
3.53934 3740
3.57086 1700
3.84275 2380
4.12725 2720
4.39915 1190
4.93032 1530
5.20852 680
5.47411 1700
5.746 2040
6.0179 850
7.28348 340
8.01466 680
8.28656 1020
8.76475 1360
9.03665 1700
9.30854 2040
9.57413 850
10.1053 1190
10.6365 680
10.9021 1360
11.174 1700
11.4585 2040
11.7241 2380
12.2023 2720
12.5271 1190
13.3239 1870
13.5958 2210
13.8866 850
15.1522 340
15.8834 680
16.1553 1020
16.4271 1360
16.9053 1700
17.1772 680
17.7084 1360
17.9803 1700
18.2522 2040
18.5304 2380
18.8149 2720
19.0868 1190
19.9897 340
20.7209 680
20.9928 1020
21.5302 680
21.7958 1360
22.0677 1700
22.3396 2040
22.6178 2380
22.9023 2720
23.1742 1190
23.7054 1870
24.2366 2210
24.5085 2550
25.0585 1020
25.3241 2040
25.596 2380
26.0868 1020
26.8836 1700
27.3555 680
27.6211 2040
27.9182 2380
28.1901 2720
28.4557 1190
29.7213 340
29.9868 680
29.9868 1020
30.7369 1360
32.0088 340
32.2744 680
32.2744 1020
32.8119 1360
33.0964 1700
33.362 680
34.0932 1020
34.6307 680
35.1618 1020
36.1649 680
36.3681 340
36.8961 680
37.168 1020
37.6462 1360
37.9307 1700
38.2152 2040
38.4871 850
38.7527 2210
39.0435 2550
39.328 2890
39.5999 3230
40.0654 3570
40.1499 1530
41.1247 340
41.3903 680
41.6559 850
41.9341 1190
42.1997 1530
42.6716 1870
42.9435 2210
43.2154 850
43.7465 1870
44.0184 2210
44.2966 850
45.2247 340
45.4903 680
47.0341 340
47.2997 680
47.2997 1020
47.5716 1360
48.0435 1700
48.8529 680
49.384 1360
49.6685 1700
49.9404 2040
50.4123 850
50.9435 1190
52.0185 680
52.2217 340
52.7497 680
53.7497 340
53.8183 680
53.8183 1360
54.1028 680
54.3684 1700
54.6466 2040
54.9185 2380
55.203 2720
55.4749 3060
55.7405 1360
56.0061 2380
56.5032 2720
56.5562 1190
57.0873 1870
57.3718 2210
57.65 850
58.1812 1530
58.9906 680
59.1812 340
59.2562 680
59.2562 1020
59.7937 680
60.0592 1700
60.3374 2040
60.3627 850
61.1342 1190
61.1657 680
61.425 1020
61.6906 1360
61.9436 680
61.9814 1020
62.2596 1360
62.4874 1700
62.5378 680
62.8034 1700
63.069 2040
63.3409 2380
63.638 1020
63.9036 2040
64.1944 850
64.46 2210
64.7256 2550
64.9975 2890
65.029 1190
65.5601 1530
65.8447 1870
66.1165 680
66.3821 1700
66.654 2040
66.9448 2380
67.2167 1020
67.7479 1700
68.0198 2040
68.3043 2380
68.5699 1020
68.8355 2040
69.12 2380
69.5982 2720
69.8701 3060
70.1546 1360
70.6857 1700
70.9576 2040
71.2358 2380
71.5077 1020
71.7733 2040
72.3108 850
73.2515 340
73.9827 680
74.2546 1020
74.7921 680
75.3295 1020
75.6014 1360
75.8733 1700
76.1452 2040
76.6171 850
76.8827 2210
77.1609 850
77.6921 1530
78.164 1870
78.4359 2210
78.7734 850
80.0389 340
80.3045 680
81.3045 340
82.0357 680
82.3076 1020
82.5795 1360
82.8514 1700
83.1296 680
83.3952 1700
83.6671 2040
83.9516 2380
84.4235 2720
84.6891 1190
84.9546 2210
85.2391 2550
85.764 1020
86.0296 2040
86.2611 2380
86.5267 1020
87.0579 1700
87.3487 2040
87.6143 850
87.8799 2210
88.6426 850
89.3707 340
91.5674 680
91.8393 1020
92.3175 1360
92.5894 1700
92.8613 2040
93.1332 2380
93.4177 2720
93.677 1190
94.4177 340
95.1489 680
95.4208 1020
95.899 1360
96.1835 1700
96.7147 2040
96.9866 2380
97.2585 2720
97.543 3060
97.7556 1360
98.3649 2040
98.6368 2380
98.9213 2720
99.2121 1190
100.181 340
100.446 680
100.446 1020
100.712 1700
101.203 2040
101.734 850
102.999 340
103.265 680
103.802 1020
104.009 1360
104.281 1700
104.612 2040
104.884 2380
105.421 1020
105.687 2040
105.959 2380
106.243 2720
106.515 3060
106.993 3400
107.271 1530
107.803 1870
108.068 2210
108.346 2550
108.878 1020
110.143 340
110.409 680
110.409 1020
111.212 680
111.477 1700
111.762 2040
112.046 850
112.312 2210
112.597 2550
112.868 1020
114.134 340
114.4 680
114.4 2380
114.69 2720
114.95 1190
115.215 2210
115.481 2550
115.772 2890
116.037 1190
116.303 2210
116.587 850
117.303 340
117.568 680
117.568 1360
118.119 1700
118.39 2040
118.669 850
119.409 340
120.141 680
120.412 1020
120.891 1360
121.162 1700
121.434 2040
121.759 2380
122.037 1020
123.556 340
124.287 680
124.559 1020
124.831 1360
126.109 340
126.375 680
126.375 1020
126.853 1360
127.662 680
127.928 1700
128.212 2040
128.484 2380
128.963 2720
129.247 3060
129.553 1360
130.513 340
130.778 680
131.316 1020
131.588 1360
131.853 1700
132.397 680
133.125 340
133.391 680
133.391 1700
133.881 2040
134.2 2380
134.466 1020
135.475 1360
135.747 1700
136.291 680
136.556 2040
137.1 850
137.631 1870
137.916 2210
138.388 850
138.653 2210
139.21 850
139.944 340
140.675 680
140.947 1020
141.219 1360
141.491 1700
141.763 2040
142.041 2380
142.319 1020
142.585 2040
143.076 2380
143.141 1020
143.938 1360
144.222 680
144.96 1360
146.232 340
146.963 680
147.963 340
148.229 680
148.229 1020
148.5 1360
149.038 680
149.569 1360
149.841 1700
150.391 680
151.119 340
151.85 680
152.85 340
157.047 680
157.319 1020
157.597 1360
158.128 680
158.394 1700
158.679 2040
159.15 2380
159.682 1020
160.213 2040
160.775 850
161.307 1530
161.591 1870
162.135 680
162.666 1700
162.872 2040
163.144 2380
163.475 2720
163.76 1190
164.026 2210
164.297 2550
164.569 1020
165.297 340
165.563 680
165.563 1020
166.379 1360
167.379 340
167.644 680
167.644 1020
168.123 1360
168.394 1700
168.666 2040
168.991 2380
169.269 2720
169.541 1190
169.807 2210
170.072 2550
170.351 1020
170.616 2040
170.913 2380
171.179 1020
171.445 2040
171.735 850
173.001 340
173.732 680
174.732 340
176.998 680
178.463 340
180.66 680
180.932 1020
181.204 1360
181.676 680
181.941 1700
182.219 2040
182.751 850
183.282 1190
183.554 1530
183.832 680
184.554 340
187.285 680
187.557 1020
187.829 1360
189.097 680
189.301 340
190.032 680
191.032 340
191.763 680
192.035 1020
192.307 1360
192.579 1700
193.122 680
193.388 2040
193.673 2380
193.957 1020
194.223 2040
194.513 2380
194.785 2720
195.057 3060
195.595 1360
196.86 340
199.126 680
199.126 1360
199.41 680
199.689 1020
199.942 680
200.232 1020
200.511 1360
200.745 1700
201.054 680
201.585 1020
201.792 1360
202.064 1700
202.395 680
202.66 2040
202.958 2380
203.482 1020
203.748 2040
204.014 2380
204.298 2720
204.583 1190
206.189 680
206.392 340
206.92 680
207.92 340
208.651 680
208.923 1020
209.201 1360
209.739 680
210.27 1020
211.079 680
211.27 340
211.345 680
211.882 1020
212.154 1360
212.432 1700
212.911 2040
213.183 2380
213.507 1020
214.248 340
216.245 680
216.71 1020
217.242 680
217.507 1360
217.779 1700
218.064 2040
218.801 850
219.067 2210
219.339 2550
219.61 2890
219.908 3230
220.167 1360
220.698 1700
220.904 2040
221.176 2380
221.448 1020
221.979 1360
222.251 1700
222.523 2040
222.814 850
223.079 2210
223.377 2550
223.636 1020
224.167 1360
224.433 1700
224.905 2040
225.176 850
226.442 340
229.173 680
229.445 1020
229.923 1360
230.195 1700
230.526 2040
231.064 850
231.595 1190
231.867 1530
232.139 1870
232.604 2210
232.87 2550
233.214 2890
233.505 3230
233.789 1360
234.055 2380
234.327 2720
234.598 1190
235.336 1530
235.673 680
235.939 1700
236.205 2040
236.748 850
237.483 340
239.748 680
239.748 1700
240.286 2040
240.564 2380
240.836 1020
241.367 1360
241.658 680
242.367 340
244.633 680
244.633 1020
245.183 1360
245.455 1700
245.92 680
246.186 2040
246.723 2380
247.008 2720
247.28 3060
247.83 1360
248.899 1700
249.17 2040
249.442 2380
249.72 2720
250.011 3060
250.283 1360
251.08 1700
251.877 680
252.142 2040
252.686 2380
252.971 1020
253.502 1700
253.78 2040
254.058 2380
254.536 2720
254.849 1190
255.652 1530
256.13 1870
256.414 680
256.68 2040
256.977 2380
257.274 1020
257.54 2040
258.018 2380
258.084 1020
258.615 1700
258.906 2040
259.171 850
259.437 2210
259.734 2550
260.259 1020
260.524 2040
260.784 2380
261.062 1020
262.059 2040
262.356 2380
262.846 2720
262.912 1190
263.443 1530
264.715 340
266.981 680
267.246 1020
267.537 680
267.803 1360
268.049 1700
268.334 680
268.599 1020
268.871 1360
269.143 680
269.621 1020
269.874 1360
270.146 1700
270.69 680
271.418 340
272.149 680
272.421 1020
272.693 1360
272.965 1700
273.237 2040
273.515 2380
273.787 1020
274.499 1360
274.778 1700
275.049 2040
275.593 850
276.124 1530
276.396 1870
276.668 2210
276.953 2550
277.418 1020
277.949 1700
278.028 2040
278.306 2380
278.565 1020
278.831 2040
279.309 2380
279.368 1020
279.634 2040
279.918 2380
280.19 1020
281.2 1360
281.471 1700
281.743 2040
282.068 2380
282.346 2720
282.625 3060
283.084 3400
283.375 1530
284.171 1870
284.378 2210
284.65 2550
284.928 1020
285.459 1360
285.665 1700
285.997 2040
286.275 850
286.806 1190
287.084 1530
287.887 680
288.084 340
288.153 680
289.153 340
289.884 680
290.884 340
291.615 680
292.615 340
292.684 680
292.684 1360
293.146 1700
293.493 680
293.759 2040
294.056 2380
294.328 2720
294.587 1190
295.118 1530
295.59 1870
296.128 680
296.659 1360
296.931 1700
297.203 2040
297.487 850
298.753 340
301.484 680
301.756 1020
302.028 1360
302.499 1700
302.771 2040
303.109 850
303.374 2210
303.665 2550
303.937 2890
304.222 3230
304.494 1360
305.434 340
305.7 680
305.7 1360
305.965 1700
306.237 2040
307.047 850
307.843 1190
308.653 680
308.843 340
309.575 680
309.847 1020
310.118 1360
310.59 1700
310.869 680
311.412 1020
311.684 1360
312.162 1700
312.494 2040
313.037 850
314.303 340
315.034 680
315.306 1020
315.578 1360
315.85 1700
316.134 2040
316.659 2380
316.931 2720
317.209 1190
317.74 1530
318.012 1870
318.303 680
319.025 340
321.756 680
322.028 1020
322.831 680
323.028 340
323.097 680
323.097 1020
323.906 1360
323.919 1700
324.197 680
324.462 1700
324.994 680
325.525 1700
325.809 2040
326.281 850
326.812 1530
327.356 680
327.622 1700
328.113 2040
328.384 2380
328.703 2720
328.988 3060
329.453 1360
330.456 1700
330.728 2040
331 2380
331.272 1020
332.013 340
332.278 680
332.278 2380
332.582 1020
333.563 340
335.828 680
335.828 1360
336.094 1700
337.094 340
337.825 680
338.097 850
338.369 1190
338.641 1530
338.913 1870
339.384 2210
339.656 850
340.188 1870
340.725 680
341.256 1020
341.794 680
342.059 1700
342.597 680
342.862 1700
343.134 2040
343.406 2380
343.678 2720
344.209 1190
344.963 340
345.694 680
345.966 1020
346.238 1360
346.516 1700
346.788 680
348.519 340
348.581 680
348.581 1360
349.05 1700
349.322 680
350.587 340
354.784 680
355.056 1020
356.334 340
356.6 680
358.065 340
360.531 680
360.803 1020
361.075 1360
361.553 1700
361.819 680
362.084 1700
362.356 2040
362.641 2380
362.894 1020
363.425 1360
363.709 1700
364.187 2040
364.459 2380
364.738 1020
365.531 340
366.262 680
366.534 1020
367.603 680
367.806 340
368.334 680
368.606 1020
369.084 1360
369.356 1700
369.628 2040
369.906 850
370.628 340
371.1 680
372.1 340
372.831 680
373.103 1020
373.581 1360
373.853 1700
374.191 2040
374.456 850
374.722 2210
375.213 2550
375.497 1020
375.763 2040
376.306 2380
376.591 2720
376.863 3060
377.135 1360
377.666 1700
377.944 680
378.475 1360
378.682 1700
379.153 2040
380.419 340
380.685 680
380.95 1020
380.957 1360
381.247 1700
381.726 2040
382.05 2380
382.535 1020
382.801 2040
383.072 2380
383.357 2720
383.629 3060
383.901 3400
384.179 3740
384.426 1700
385.754 2040
386.025 2380
386.31 2720
386.582 3060
387.06 1360
387.326 2380
387.591 2720
387.876 3060
388.148 1360
388.679 1700
388.963 680
389.494 1700
389.701 2040
389.973 2380
390.529 1020
391.795 340
393.791 680
394.791 340
397.523 680
398.523 340
398.591 680
398.591 1360
398.876 1700
399.407 2040
399.679 2380
399.963 2720
