0.0 0
0.0419806 3400
0.0870493 3740
0.0933533 4080
0.0996573 4420
0.105961 4760
0.112265 5100
0.131686 5440
0.13799 5780
0.144294 6120
0.150598 6460
0.156902 6800
0.163206 7140
0.16951 7480
0.176323 7820
0.182627 8160
0.188931 8500
0.195235 8840
0.201539 9180
0.207843 9520
0.214147 9860
0.220451 10200
0.226755 10540
0.233059 10880
0.239363 11220
0.245667 11560
0.251971 11900
0.258275 12240
0.264579 12580
0.270883 12920
0.277187 13260
0.283491 13600
0.289795 13940
0.296099 14280
0.302403 14620
0.308707 14960
0.315011 15300
0.321315 15640
0.327619 15980
0.333923 16320
0.340227 16660
0.346531 17000
0.352835 17340
0.359139 17680
0.365443 18020
0.371747 18360
0.378051 18700
0.384355 19040
0.390659 19380
0.396963 19720
0.403267 20060
0.409571 20400
0.415875 20740
0.422179 21080
0.428483 21420
0.434787 21760
0.441091 22100
0.447395 22440
0.453699 22780
0.460003 23120
0.466307 23460
0.472611 23800
0.478915 24140
0.485219 24480
0.491523 24820
0.497827 25160
0.504131 25500
0.510435 25840
0.516739 26180
0.523043 26520
0.529347 26860
0.535651 27200
0.541955 27540
0.548259 27880
0.554563 28220
0.560867 28560
0.567171 28900
0.573475 29240
0.579779 29580
0.586083 29920
0.592387 30260
0.598691 30600
0.604995 30940
0.611299 31280
0.617603 31620
0.623907 31960
0.630211 32300
0.636515 32640
0.642819 32980
0.649123 33320
0.655427 33660
0.661731 34000
0.668035 34340
0.674339 34680
0.680643 35020
0.686947 35360
0.693251 35700
0.699555 36040
0.705859 36380
0.712163 36720
0.718467 37060
0.724771 37400
0.731075 37740
0.737379 38080
0.743683 38420
0.749987 38760
0.756291 39100
0.762595 39440
0.768899 39780
0.775203 40120
0.781507 40460
0.787811 40800
0.794115 41140
0.800419 41480
0.806723 41820
0.813027 42160
0.819331 42500
0.825635 42840
0.831939 43180
0.838243 43520
0.844547 43860
0.850851 44200
0.857155 44540
0.863459 44880
0.869763 45220
0.876067 45560
0.882371 45900
0.888675 46240
0.894979 46580
0.901283 46920
0.907587 47260
0.913891 47600
0.920195 47940
0.926499 48280
0.932803 48620
0.939107 48960
0.945411 49300
0.951715 49640
0.958019 49980
0.964323 50320
0.970627 50660
0.976931 51000
0.983235 51340
0.989539 51680
0.995843 52020
1.00215 52360
1.00845 52700
1.01475 53040
1.02106 53380
1.02736 53720
1.03367 54060
1.03997 54400
1.04627 54740
1.05258 55080
1.05888 55420
1.06519 55760
1.07149 56100
1.07779 56440
1.0841 56780
1.0904 57120
1.09671 57460
1.10301 57800
1.10931 58140
1.11562 58480
1.12192 58820
1.12823 59160
1.13453 59500
1.14083 59840
1.14714 60180
1.15344 60520
1.15975 60860
1.16605 61200
1.17235 61540
1.17866 61880
1.18496 62220
1.19127 62560
1.19757 62900
1.20387 63240
1.21018 63580
1.21648 63920
1.22279 64260
1.22909 64600
1.23539 64940
1.2417 65280
1.25115 32470
2.65146 340
2.77042 680
2.81506 1020
2.85969 1360
2.90433 1700
2.91378 2040
2.95527 2380
2.96473 2720
2.99991 3060
3.00936 3400
3.01882 3740
3.04769 4080
3.05715 4420
3.06661 4760
3.07606 5100
3.09548 5440
3.10494 5780
3.11439 6120
3.12385 6460
3.13331 6800
3.14276 7140
3.15222 7480
3.16167 7820
3.17113 8160
3.18059 8500
3.19004 8840
3.1995 9180
3.20895 9520
3.21841 9860
3.22787 10200
3.23732 10540
3.24678 10880
3.25623 11220
3.26569 11560
3.27515 11900
3.2846 12240
3.29406 12580
3.30351 12920
3.31297 13260
3.32243 13600
3.33188 13940
3.34134 14280
3.35079 14620
3.36025 14960
3.36971 15300
3.37916 15640
3.38862 15980
3.39807 16150
3.47372 7820
3.81099 8160
3.94022 8500
4.09151 8840
4.25227 9180
4.40987 9520
4.56747 9860
4.74083 10200
4.91103 10540
5.08755 10880
5.27351 11220
5.46263 11560
5.65175 11900
5.85033 12240
6.04575 12580
6.25379 12920
6.45867 13260
6.68876 13600
6.91255 13940
7.15211 14280
7.39166 14620
7.62806 14960
7.87707 15300
8.12292 15640
8.39084 15980
8.64931 16320
8.91723 16660
9.20091 17000
9.47198 17340
9.76511 17680
10.0583 18020
10.3608 18360
10.6666 18700
10.9755 19040
11.2875 19380
11.5996 19720
11.9242 20060
12.2457 20400
12.5767 20740
12.9077 21080
13.2512 21420
13.5916 21760
13.8911 22100
14.0928 22440
14.3008 22780
14.5152 23120
14.7295 23460
14.9439 23800
15.1645 24140
15.3914 24480
15.6184 24820
15.8453 25160
16.0786 25500
16.3181 25840
16.5577 26180
16.7972 26520
17.0431 26860
17.2952 27200
17.5474 27540
17.7996 27880
18.058 28220
18.3228 28560
18.5876 28900
18.8523 29240
19.1234 29580
19.4008 29920
19.6782 30260
19.9555 30600
20.2392 30940
20.5292 31280
20.8192 31620
21.1092 31960
21.4055 32300
21.708 32640
22.0106 32980
22.3132 33320
22.6221 33660
22.9373 34000
23.2525 34340
23.5677 34680
23.8892 35020
24.217 35360
24.5448 35700
24.8727 36040
25.2068 36380
25.5472 36720
25.8876 37060
26.228 37400
26.5747 37740
26.9278 38080
27.2808 38420
27.6338 38760
27.9931 39100
28.3588 39440
28.7244 39780
29.09 40120
29.462 40460
29.8402 40800
30.2184 41140
30.5967 41480
30.9812 41820
31.3721 42160
31.7629 42500
32.1538 42840
32.5509 43180
32.9544 43520
33.3578 43860
33.3673 21760
33.7676 22440
33.9693 22780
34.1774 23120
34.3917 23460
34.6123 23800
34.833 24140
35.0536 24480
35.2806 24820
35.5138 25160
35.7471 25500
35.9803 25840
36.2199 26180
36.4657 26520
36.7116 26860
36.9574 27200
37.2096 27540
37.468 27880
37.7265 28220
37.985 28560
38.2497 28900
38.5208 29240
38.7919 29580
39.063 29920
39.3403 30260
39.624 30600
39.9077 30940
40.1914 31280
40.4814 31620
40.7713 31960
41.0676 32300
41.3702 32640
41.6728 32980
41.9754 33320
42.2843 33660
42.5995 34000
42.9147 34340
43.2299 34680
43.5514 35020
43.8792 35360
44.207 35700
44.5348 36040
44.8689 36380
45.2094 36720
45.5498 37060
45.8902 37400
46.2369 37740
46.5899 38080
46.943 38420
47.296 38760
47.6553 39100
48.0209 39440
48.3866 39780
48.7522 40120
49.1241 40460
49.5024 40800
49.8806 41140
50.2589 41480
50.6434 41820
51.0343 42160
51.4251 42500
51.8159 42840
52.2131 43180
52.6166 43520
53.02 43860
53.0295 21760
53.4298 22440
53.6315 22780
53.8395 23120
54.0539 23460
54.2745 23800
54.4951 24140
54.7158 24480
54.9427 24820
55.176 25160
55.4092 25500
55.6425 25840
55.882 26180
56.1279 26520
56.3737 26860
56.6196 27200
56.8718 27540
57.1302 27880
57.3887 28220
57.6471 28560
57.9119 28900
58.183 29240
58.4541 29580
58.7251 29920
59.0025 30260
59.2862 30600
59.5699 30940
59.8535 31280
60.1435 31620
60.4398 31960
60.7361 32300
61.0324 32640
61.335 32980
61.6439 33320
61.9528 33660
62.2617 34000
62.5769 34340
62.8984 34680
63.2199 35020
63.5414 35360
63.8692 35700
64.2033 36040
64.5374 36380
64.8715 36720
65.2119 37060
65.5587 37400
65.9054 37740
66.2521 38080
66.6051 38420
66.9645 38760
67.3238 39100
67.6831 39440
68.0487 39780
68.4207 40120
68.7926 40460
69.1646 40800
69.5428 41140
69.9273 41480
70.3119 41820
70.6964 42160
71.0873 42500
71.4844 42840
71.8816 43180
72.2787 43520
72.6916 21590
73.0888 22610
73.2842 22950
73.4986 23290
73.7129 23630
73.9272 23970
74.1479 24310
74.3748 24650
74.6018 24990
74.8287 25330
75.0619 25670
75.3015 26010
75.5411 26350
75.7806 26690
76.0265 27030
76.2786 27370
76.5308 27710
76.7829 28050
77.0414 28390
77.3062 28730
77.5709 29070
77.8357 29410
78.1068 29750
78.3842 30090
78.6615 30430
78.9389 30770
79.2226 31110
79.5126 31450
79.8026 31790
80.0925 32130
80.3888 32470
80.6914 32810
80.994 33150
81.2966 33490
81.6055 33830
81.9207 34170
82.2359 34510
82.5511 34850
82.8726 35190
83.2004 35530
83.5282 35870
83.856 36210
84.1901 36550
84.5306 36890
84.871 37230
85.2114 37570
85.5581 37910
85.9111 38250
86.2642 38590
86.6172 38930
86.9765 39270
87.3421 39610
87.7078 39950
88.0734 40290
88.4453 40630
88.8236 40970
89.2018 41310
89.5801 41650
89.9646 41990
90.3555 42330
90.7463 42670
91.1371 43010
91.5343 43350
91.9378 43690
92.3412 44030
92.3507 21760
92.751 22440
92.9527 22780
93.1607 23120
93.3751 23460
93.5957 23800
93.8163 24140
94.037 24480
94.2639 24820
94.4972 25160
94.7304 25500
94.9637 25840
95.2032 26180
95.4491 26520
95.6949 26860
95.9408 27200
96.193 27540
96.4514 27880
96.7099 28220
96.9683 28560
97.2331 28900
97.5042 29240
97.7753 29580
98.0463 29920
98.3237 30260
98.6074 30600
98.8911 30940
99.1747 31280
99.4647 31620
99.761 31960
100.057 32300
100.354 32640
100.656 32980
100.965 33320
101.274 33660
101.583 34000
101.898 34340
102.22 34680
102.541 35020
102.863 35360
103.19 35700
103.518 36040
103.852 36380
104.193 36720
104.533 37060
104.874 37400
105.22 37740
105.573 38080
105.926 38420
106.279 38760
106.639 39100
107.004 39440
107.37 39780
107.736 40120
108.108 40460
108.486 40800
108.864 41140
109.242 41480
109.627 41820
110.018 42160
110.408 42500
110.799 42840
111.196 43180
111.6 43520
112.003 43860
112.013 21760
112.413 22440
112.615 22780
112.823 23120
113.037 23460
113.258 23800
113.479 24140
113.699 24480
113.926 24820
114.159 25160
114.393 25500
114.626 25840
114.865 26180
115.111 26520
115.357 26860
115.603 27200
115.855 27540
116.114 27880
116.372 28220
116.631 28560
116.895 28900
117.166 29240
117.437 29580
117.709 29920
117.986 30260
118.27 30600
118.553 30940
118.837 31280
119.127 31620
119.423 31960
119.719 32300
120.016 32640
120.318 32980
120.627 33320
120.936 33660
121.245 34000
121.56 34340
121.882 34680
122.203 35020
122.525 35360
122.853 35700
123.187 36040
123.521 36380
123.855 36720
124.195 37060
124.542 37400
124.889 37740
125.235 38080
125.589 38420
125.948 38760
126.307 39100
126.666 39440
127.032 39780
127.404 40120
127.776 40460
128.148 40800
128.526 41140
128.911 41480
129.295 41820
129.68 42160
130.071 42500
130.468 42840
130.865 43180
131.262 43520
131.675 21590
132.072 22610
132.268 22950
132.482 23290
132.696 23630
132.911 23970
133.131 24310
133.358 24650
133.585 24990
133.812 25330
134.045 25670
134.285 26010
134.524 26350
134.764 26690
135.01 27030
135.262 27370
135.514 27710
135.766 28050
136.025 28390
136.29 28730
136.554 29070
136.819 29410
137.09 29750
137.368 30090
137.645 30430
137.922 30770
138.206 31110
138.496 31450
138.786 31790
139.076 32130
139.372 32470
139.675 32810
139.977 33150
140.28 33490
140.589 33830
140.904 34170
141.219 34510
141.534 34850
141.856 35190
142.184 35530
142.512 35870
142.839 36210
143.174 36550
143.514 36890
143.854 37230
144.195 37570
144.541 37910
144.895 38250
145.248 38590
145.601 38930
145.96 39270
146.326 39610
146.691 39950
147.057 40290
147.429 40630
147.807 40970
148.185 41310
148.563 41650
148.948 41990
149.339 42330
149.73 42670
150.121 43010
150.518 43350
150.921 43690
151.325 44030
151.334 21760
151.734 22440
151.936 22780
152.144 23120
152.358 23460
152.579 23800
152.8 24140
153.02 24480
153.247 24820
153.481 25160
153.714 25500
153.947 25840
154.187 26180
154.432 26520
154.678 26860
154.924 27200
155.176 27540
155.435 27880
155.693 28220
155.952 28560
156.216 28900
156.488 29240
156.759 29580
157.03 29920
157.307 30260
157.591 30600
157.874 30940
158.158 31280
158.448 31620
158.744 31960
159.041 32300
159.337 32640
159.64 32980
159.948 33320
160.257 33660
160.566 34000
160.881 34340
161.203 34680
161.524 35020
161.846 35360
162.174 35700
162.508 36040
162.842 36380
163.176 36720
163.517 37060
163.857 37400
164.204 37740
164.557 38080
164.91 38420
165.263 38760
165.622 39100
165.988 39440
166.353 39780
166.719 40120
167.091 40460
167.469 40800
167.847 41140
168.226 41480
168.61 41820
169.001 42160
169.392 42500
169.783 42840
170.18 43180
170.583 43520
170.987 43860
170.996 21760
171.397 22440
171.598 22780
171.806 23120
172.021 23460
172.241 23800
172.462 24140
172.683 24480
172.909 24820
173.143 25160
173.376 25500
173.609 25840
173.849 26180
174.095 26520
174.34 26860
174.586 27200
174.839 27540
175.097 27880
175.355 28220
175.614 28560
175.879 28900
176.15 29240
176.421 29580
176.692 29920
176.969 30260
177.253 30600
177.537 30940
177.82 31280
178.11 31620
178.407 31960
178.703 32300
178.999 32640
179.302 32980
179.611 33320
179.92 33660
180.228 34000
180.544 34340
180.865 34680
181.187 35020
181.508 35360
181.836 35700
182.17 36040
182.504 36380
182.838 36720
183.179 37060
183.525 37400
183.872 37740
184.219 38080
184.572 38420
184.931 38760
185.291 39100
185.65 39440
186.015 39780
186.387 40120
186.759 40460
187.131 40800
187.51 41140
187.894 41480
188.279 41820
188.663 42160
189.054 42500
189.451 42840
189.848 43180
190.245 43520
190.658 21590
191.056 22610
191.251 22950
191.465 23290
191.68 23630
191.894 23970
192.115 24310
192.342 24650
192.569 24990
192.795 25330
193.029 25670
193.268 26010
193.508 26350
193.747 26690
193.993 27030
194.245 27370
194.498 27710
194.75 28050
195.008 28390
195.273 28730
195.538 29070
195.802 29410
196.074 29750
196.351 30090
196.628 30430
196.906 30770
197.189 31110
197.479 31450
197.769 31790
198.059 32130
198.356 32470
198.658 32810
198.961 33150
199.263 33490
199.572 33830
199.887 34170
200.203 34510
200.518 34850
200.839 35190
201.167 35530
201.495 35870
201.823 36210
202.157 36550
202.497 36890
202.838 37230
203.178 37570
203.525 37910
203.878 38250
204.231 38590
204.584 38930
204.943 39270
205.309 39610
205.675 39950
206.04 40290
206.412 40630
206.79 40970
207.169 41310
207.547 41650
207.931 41990
208.322 42330
208.713 42670
209.104 43010
209.501 43350
209.905 43690
210.308 44030
210.317 21760
210.718 22440
210.919 22780
211.127 23120
211.342 23460
211.562 23800
211.783 24140
212.004 24480
212.231 24820
212.464 25160
212.697 25500
212.93 25840
213.17 26180
213.416 26520
213.662 26860
213.908 27200
214.16 27540
214.418 27880
214.677 28220
214.935 28560
215.2 28900
215.471 29240
215.742 29580
216.013 29920
216.29 30260
216.574 30600
216.858 30940
217.141 31280
217.431 31620
217.728 31960
218.024 32300
218.32 32640
218.623 32980
218.932 33320
219.241 33660
219.55 34000
219.865 34340
220.186 34680
220.508 35020
220.829 35360
221.157 35700
221.491 36040
221.825 36380
222.159 36720
222.5 37060
222.847 37400
223.193 37740
223.54 38080
223.893 38420
224.246 38760
224.605 39100
224.971 39440
225.337 39780
225.702 40120
226.074 40460
226.453 40800
226.831 41140
227.209 41480
227.594 41820
227.984 42160
228.375 42500
228.766 42840
229.163 43180
229.567 43520
229.97 43860
229.98 21760
230.38 22440
230.582 22780
230.79 23120
231.004 23460
231.225 23800
231.445 24140
231.666 24480
231.893 24820
232.126 25160
232.359 25500
232.593 25840
232.832 26180
233.078 26520
233.324 26860
233.57 27200
233.822 27540
234.08 27880
234.339 28220
234.597 28560
234.862 28900
235.133 29240
235.404 29580
235.675 29920
235.953 30260
236.236 30600
236.52 30940
236.804 31280
237.094 31620
237.39 31960
237.686 32300
237.983 32640
238.285 32980
238.594 33320
238.903 33660
239.212 34000
239.527 34340
239.849 34680
240.17 35020
240.492 35360
240.819 35700
241.153 36040
241.488 36380
241.822 36720
242.162 37060
242.509 37400
242.856 37740
243.202 38080
243.555 38420
243.915 38760
244.274 39100
244.633 39440
244.999 39780
245.371 40120
245.743 40460
246.115 40800
246.493 41140
246.877 41480
247.262 41820
247.647 42160
248.037 42500
248.435 42840
248.832 43180
249.229 43520
249.642 21590
250.039 22610
250.234 22950
250.449 23290
250.663 23630
250.877 23970
251.098 24310
251.325 24650
251.552 24990
251.779 25330
252.012 25670
252.252 26010
252.491 26350
252.731 26690
252.977 27030
253.229 27370
253.481 27710
253.733 28050
253.992 28390
254.256 28730
254.521 29070
254.786 29410
255.057 29750
255.334 30090
255.612 30430
255.889 30770
256.173 31110
256.463 31450
256.753 31790
257.043 32130
257.339 32470
257.642 32810
257.944 33150
258.247 33490
258.556 33830
258.871 34170
259.186 34510
259.501 34850
259.823 35190
260.151 35530
260.478 35870
260.806 36210
261.14 36550
261.481 36890
261.821 37230
262.162 37570
262.508 37910
262.861 38250
263.214 38590
263.567 38930
263.927 39270
264.292 39610
264.658 39950
265.024 40290
265.395 40630
265.774 40970
266.152 41310
266.53 41650
266.915 41990
267.306 42330
267.696 42670
268.087 43010
268.484 43350
268.888 43690
269.291 44030
269.301 21760
269.701 22440
269.903 22780
270.111 23120
270.325 23460
270.546 23800
270.766 24140
270.987 24480
271.214 24820
271.447 25160
271.681 25500
271.914 25840
272.153 26180
272.399 26520
272.645 26860
272.891 27200
273.143 27540
273.402 27880
273.66 28220
273.918 28560
274.183 28900
274.454 29240
274.725 29580
274.996 29920
275.274 30260
275.558 30600
275.841 30940
276.125 31280
276.415 31620
276.711 31960
277.007 32300
277.304 32640
277.606 32980
277.915 33320
278.224 33660
278.533 34000
278.848 34340
279.17 34680
279.491 35020
279.813 35360
280.141 35700
280.475 36040
280.809 36380
281.143 36720
281.483 37060
281.83 37400
282.177 37740
282.523 38080
282.876 38420
283.229 38760
283.589 39100
283.954 39440
284.32 39780
284.686 40120
285.058 40460
285.436 40800
285.814 41140
286.192 41480
286.577 41820
286.968 42160
287.359 42500
287.749 42840
288.147 43180
288.55 43520
288.954 43860
288.963 21760
289.363 22440
289.565 22780
289.773 23120
289.987 23460
290.208 23800
290.429 24140
290.649 24480
290.876 24820
291.109 25160
291.343 25500
291.576 25840
291.816 26180
292.061 26520
292.307 26860
292.553 27200
292.805 27540
293.064 27880
293.322 28220
293.581 28560
293.845 28900
294.116 29240
294.388 29580
294.659 29920
294.936 30260
295.22 30600
295.503 30940
295.787 31280
296.077 31620
296.373 31960
296.67 32300
296.966 32640
297.268 32980
297.577 33320
297.886 33660
298.195 34000
298.51 34340
298.832 34680
299.153 35020
299.475 35360
299.803 35700
300.137 36040
300.471 36380
300.805 36720
301.145 37060
301.492 37400
301.839 37740
302.186 38080
302.539 38420
302.898 38760
303.257 39100
303.617 39440
303.982 39780
304.354 40120
304.726 40460
305.098 40800
305.476 41140
305.861 41480
306.245 41820
306.63 42160
307.021 42500
307.418 42840
307.815 43180
308.212 43520
308.625 21590
309.022 22610
309.218 22950
309.432 23290
309.646 23630
309.861 23970
310.081 24310
310.308 24650
310.535 24990
310.762 25330
310.995 25670
311.235 26010
311.475 26350
311.714 26690
311.96 27030
312.212 27370
312.464 27710
312.716 28050
312.975 28390
313.24 28730
313.504 29070
313.769 29410
314.04 29750
314.318 30090
314.595 30430
314.872 30770
315.156 31110
315.446 31450
315.736 31790
316.026 32130
316.322 32470
316.625 32810
316.928 33150
317.23 33490
317.539 33830
317.854 34170
318.169 34510
318.485 34850
318.806 35190
319.134 35530
319.462 35870
319.79 36210
320.124 36550
320.464 36890
320.804 37230
321.145 37570
321.492 37910
321.845 38250
322.198 38590
322.551 38930
322.91 39270
323.276 39610
323.641 39950
324.007 40290
324.379 40630
324.757 40970
325.135 41310
325.514 41650
325.898 41990
326.289 42330
326.68 42670
327.071 43010
327.468 43350
327.871 43690
328.275 44030
328.284 21760
328.684 22440
328.886 22780
329.094 23120
329.309 23460
329.529 23800
329.75 24140
329.97 24480
330.197 24820
330.431 25160
330.664 25500
330.897 25840
331.137 26180
331.383 26520
331.628 26860
331.874 27200
332.126 27540
332.385 27880
332.643 28220
332.902 28560
333.167 28900
333.438 29240
333.709 29580
333.98 29920
334.257 30260
334.541 30600
334.825 30940
335.108 31280
335.398 31620
335.695 31960
335.991 32300
336.287 32640
336.59 32980
336.899 33320
337.207 33660
337.516 34000
337.832 34340
338.153 34680
338.475 35020
338.796 35360
339.124 35700
339.458 36040
339.792 36380
340.126 36720
340.467 37060
340.813 37400
341.16 37740
341.507 38080
341.86 38420
342.213 38760
342.572 39100
342.938 39440
343.303 39780
343.669 40120
344.041 40460
344.419 40800
344.797 41140
345.176 41480
345.56 41820
345.951 42160
346.342 42500
346.733 42840
347.13 43180
347.533 43520
347.937 43860
347.946 21760
348.347 22440
348.548 22780
348.756 23120
348.971 23460
349.191 23800
349.412 24140
349.633 24480
349.86 24820
350.093 25160
350.326 25500
350.559 25840
350.799 26180
351.045 26520
351.291 26860
351.536 27200
351.789 27540
352.047 27880
352.306 28220
352.564 28560
352.829 28900
353.1 29240
353.371 29580
353.642 29920
353.919 30260
354.203 30600
354.487 30940
354.77 31280
355.06 31620
355.357 31960
355.653 32300
355.949 32640
356.252 32980
356.561 33320
356.87 33660
357.179 34000
357.494 34340
357.815 34680
358.137 35020
358.458 35360
358.786 35700
359.12 36040
359.454 36380
359.788 36720
360.129 37060
360.476 37400
360.822 37740
361.169 38080
361.522 38420
361.881 38760
362.241 39100
362.6 39440
362.966 39780
363.338 40120
363.709 40460
364.081 40800
364.46 41140
364.844 41480
365.229 41820
365.613 42160
366.004 42500
366.401 42840
366.798 43180
367.196 43520
367.609 21590
368.006 22610
368.201 22950
368.415 23290
368.63 23630
368.844 23970
369.065 24310
369.292 24650
369.519 24990
369.746 25330
369.979 25670
370.218 26010
370.458 26350
370.697 26690
370.943 27030
371.195 27370
371.448 27710
371.7 28050
371.958 28390
372.223 28730
372.488 29070
372.753 29410
373.024 29750
373.301 30090
373.578 30430
373.856 30770
374.139 31110
374.429 31450
374.719 31790
375.009 32130
375.306 32470
375.608 32810
375.911 33150
376.213 33490
376.522 33830
376.838 34170
377.153 34510
377.468 34850
377.789 35190
378.004 17340
378.322 18020
378.379 18360
378.549 18700
378.726 19040
378.902 19380
379.079 19720
379.261 20060
379.451 20400
379.64 20740
379.829 21080
380.024 21420
380.226 21760
380.428 22100
380.629 22440
380.837 22780
381.045 23120
381.26 23460
381.48 23800
381.701 24140
381.922 24480
382.149 24820
382.382 25160
382.615 25500
382.848 25840
383.088 26180
383.334 26520
383.58 26860
383.826 27200
384.078 27540
384.336 27880
384.595 28220
384.853 28560
385.118 28900
385.389 29240
385.66 29580
385.931 29920
386.208 30260
386.492 30600
386.776 30940
387.06 31280
387.349 31620
387.646 31960
387.942 32300
388.238 32640
388.541 32980
388.85 33320
389.159 33660
389.468 34000
389.783 34340
390.104 34680
390.426 35020
390.747 35360
391.075 35700
391.409 36040
391.743 36380
392.077 36720
392.418 37060
392.765 37400
393.111 37740
393.458 38080
393.811 38420
394.17 38760
394.53 39100
394.889 39440
395.255 39780
395.627 40120
395.999 40460
396.371 40800
396.749 41140
397.133 41480
397.518 41820
397.902 42160
398.293 42500
398.69 42840
399.088 43180
399.485 43520
399.898 21590
