0.0 0
0.569875 3400
1.14284 3740
1.15545 4080
1.16175 4420
1.16805 4760
1.37121 5100
1.71852 5440
1.73113 5780
1.73743 6120
1.74374 6460
1.75004 6800
1.75635 7140
1.94374 7480
2.14689 7820
2.29421 8160
2.30366 8500
2.30997 8840
2.31627 9180
2.32257 9520
2.32888 9860
2.33518 10200
2.34149 10540
2.34779 10880
2.51942 11220
2.71942 11560
2.86674 11900
2.87304 12240
2.87934 12580
2.88565 12920
2.89195 13260
2.89826 13600
2.90456 13940
2.91086 14280
2.91717 14620
2.92347 14960
2.92978 15300
2.93608 15640
2.94238 15980
2.94869 16320
3.0951 16660
3.29195 17000
3.29826 17340
3.44242 17680
3.44872 18020
3.45503 18360
3.46133 18700
3.46764 19040
3.47394 19380
3.48024 19720
3.49285 20060
3.49916 20400
3.50546 20740
3.51176 21080
3.51807 21420
3.52437 21760
3.53068 22100
3.53698 22440
3.54328 22780
3.54959 23120
3.55589 23460
3.5622 23800
3.5685 24140
3.67079 24480
3.86448 24820
3.87079 25160
3.87709 25500
4.01495 25840
4.02126 26180
4.02756 26520
4.03386 26860
4.04017 27200
4.04647 27540
4.05278 27880
4.05908 28220
4.06538 28560
4.07169 28900
4.07799 29240
4.0843 29580
4.0906 29920
4.0969 30260
4.10321 30600
4.10951 30940
4.11582 31280
4.12212 31620
4.12842 31960
4.13473 32300
4.14103 32640
4.14734 32980
4.15364 33320
4.15994 33660
4.16625 34000
4.17255 34340
4.17886 34680
4.18516 35020
4.19146 35360
4.19777 35700
4.20407 36040
4.24332 36380
4.24962 36720
4.44017 37060
4.44647 37400
4.45278 37740
4.45908 38080
4.58748 38420
4.59379 38760
4.60009 39100
4.60639 39440
4.6127 39780
4.619 40120
4.62531 40460
4.63161 40800
4.63791 41140
4.64422 41480
4.65052 41820
4.65683 42160
4.66313 42500
4.66943 42840
4.67574 43180
4.68204 43520
4.68835 43860
4.69465 44200
4.70095 44540
4.70726 44880
4.71356 45220
4.71987 45560
4.72617 45900
4.73247 46240
4.73878 46580
4.74508 46920
4.75139 47260
4.75769 47600
4.76399 47940
4.7703 48280
4.7766 48620
4.78291 48960
4.79236 49300
4.80182 24480
5.47521 25160
6.05405 25500
6.63604 25840
7.12031 12750
7.69284 13430
8.19288 13770
8.22755 6630
8.80008 7310
9.35685 7650
9.89156 3570
10.3726 340
10.4641 680
10.5051 1020
10.5114 1360
10.5177 1700
11.0398 680
11.6092 1020
11.6596 1360
11.6753 1700
12.188 2040
12.2542 2380
12.7668 2720
13.2173 3060
13.3961 3400
13.956 3740
14.4844 4080
15.0633 4420
15.6389 4760
16.2178 2210
17.3628 2550
17.9196 2890
18.4953 3230
19.0741 3570
19.6561 3910
20.2349 4250
20.8106 4590
21.3895 4930
21.9715 5270
22.5503 5610
23.126 5950
23.7048 6290
24.4836 6630
25.0562 6970
25.8319 7310
26.4075 7650
26.9864 7990
27.681 8330
28.2598 8670
28.8355 9010
29.4018 4250
29.9743 4930
30.0216 5270
30.5563 2380
31.7013 3060
32.2739 3400
32.8496 3740
33.4284 4080
34.0104 4420
34.5892 4760
35.1649 5100
35.7437 5440
36.3194 5780
36.9046 6120
37.4865 6460
38.0654 6800
38.6411 7140
39.2199 7480
39.9987 7820
40.7744 8160
41.3501 8500
42.0258 8840
42.6046 9180
43.1803 9520
43.7592 9860
44.3412 10200
44.3538 4930
45.502 5270
46.0461 5610
46.6218 5950
46.6533 2720
47.8016 3400
48.3709 3740
48.9466 4080
49.5286 4420
50.1043 4760
50.6831 5100
51.2651 5440
51.844 5780
52.4196 6120
52.9985 6460
53.5426 3060
54.1152 3740
54.5183 4080
55.0972 1870
55.6697 2890
56.2391 3230
56.8147 3570
57.3967 3910
57.9724 4250
58.5513 4590
59.1332 4930
59.6932 2210
60.2657 2890
60.6319 3230
61.2076 3570
61.7833 3910
62.5527 4250
63.1315 4590
63.7072 4930
64.286 2210
65.3133 340
65.4185 680
65.4248 1020
65.4248 1360
65.9942 680
66.5635 1020
67.1424 1360
67.5487 1700
67.9181 2040
68.2874 2380
68.8537 2720
69.4325 3060
70.005 3400
70.5839 3740
71.1627 4080
71.9321 4420
72.5078 4760
73.0866 5100
73.6623 5440
74.2474 5780
74.8294 6120
75.4082 6460
75.9524 3060
76.5249 3740
76.8849 4080
77.4637 4420
78.0394 4760
78.6182 5100
79.1939 5440
79.7727 5780
80.539 6120
81.1178 6460
81.6935 6800
82.2723 7140
82.8543 7480
83.4268 3570
83.9994 4590
84.5782 4930
85.1539 5270
86.0958 2380
87.2409 3400
87.6472 3740
88.2228 4080
88.8017 4420
89.3774 4760
89.9562 5100
90.6824 5440
91.2612 5780
91.8306 2720
92.4031 3400
92.8126 3740
93.3882 4080
93.9702 4420
94.5459 4760
95.1216 5100
95.7036 5440
96.4108 5780
96.996 2720
97.5748 3740
98.1473 4080
98.7293 4420
99.305 4760
99.8807 5100
100.647 5440
101.226 5780
101.801 6120
102.152 2890
102.724 3570
103.143 3910
103.719 4250
104.442 4590
105.018 4930
105.597 5270
106.179 5610
106.757 5950
107.333 6290
107.912 6630
108.669 6970
109.247 7310
109.823 7650
110.402 7990
110.984 8330
111.563 8670
112.139 9010
112.498 4250
113.071 4930
113.625 5270
114.2 5610
114.782 5950
115.358 6290
115.596 2890
116.741 3910
117.317 4250
117.895 4590
118.477 4930
119.053 5270
119.826 5610
120.542 5950
121.118 6290
121.697 6630
122.272 6970
122.851 7310
123.433 7650
124.012 7990
124.588 8330
124.991 3910
125.563 4590
125.93 4930
126.509 5270
127.084 5610
127.663 5950
128.229 2720
128.802 3400
129.014 3740
129.59 1700
130.163 2720
130.745 3060
131.32 3400
132.096 3740
132.672 4080
133.407 1870
133.98 2890
134.552 3230
135.134 3570
135.71 3910
136.489 4250
137.061 4590
137.643 4930
138.222 5270
138.798 5610
139.38 5950
139.74 2720
140.312 3400
140.872 3740
141.461 1700
142.033 2720
142.606 3060
143.188 3400
143.763 3740
144.345 4080
144.927 4420
145.693 4760
146.269 5100
147.042 5440
147.621 5780
148.196 6120
148.926 2890
149.498 3910
150.071 4250
150.646 4590
151.228 4930
151.804 5270
152.38 5610
152.958 5950
153.718 6290
154.497 6630
155.073 6970
155.242 3230
155.815 3910
156.24 4250
156.822 4590
157.398 4930
157.973 5270
158.677 5610
159.256 5950
159.832 2720
160.405 3740
160.983 4080
161.759 4420
162.335 4760
162.91 5100
163.683 5440
164.262 5780
164.837 6120
165.416 6460
166.008 6800
166.587 7140
167.291 3400
167.863 4420
168.439 4760
169.021 5100
169.597 5440
170.366 5780
170.942 6120
171.52 6460
172.29 6800
172.334 3230
172.906 3910
173.441 4250
174.029 4590
174.608 4930
175.184 5270
175.763 5610
176.316 2550
176.889 3230
176.924 3570
177.499 3910
178.272 4250
178.848 4590
179.62 4930
180.199 5270
180.775 5610
181.353 5950
182.051 2720
182.624 3740
183.206 4080
183.781 4420
184.36 4760
185.139 5100
185.915 5440
186.49 5780
186.863 2720
187.436 3400
187.792 3740
188.368 1700
188.94 2720
189.519 3060
190.098 3400
190.674 3740
191.25 4080
191.828 4420
192.598 4760
193.177 5100
193.746 2380
194.318 3400
194.9 3740
195.679 4080
196.255 4420
196.628 2040
197.2 3060
197.766 1360
198.2 340
198.339 680
198.339 2380
199.327 2720
199.903 3060
200.632 3400
201.208 3740
201.78 1700
202.23 340
202.353 680
203.501 850
203.704 1190
204.28 1530
204.859 1870
205.441 2210
206.22 2550
206.589 1020
207.161 2040
207.743 2380
208.522 2720
209.098 3060
209.877 3400
210.452 3740
211.182 4080
211.754 4420
212.336 4760
212.915 5100
213.491 5440
214.07 5780
214.652 6120
215.23 6460
215.806 6800
216.385 7140
216.967 7480
217.546 7820
218.122 8160
218.7 8500
219.435 8840
219.849 4250
220.994 5270
221.538 2380
222.161 2720
222.927 3060
223.503 3400
223.872 1530
224.445 2550
225.227 2890
225.802 3230
226.378 3570
227.154 3910
227.729 4250
228.308 4590
229.025 4930
229.604 5270
230.179 5610
230.195 2550
230.774 3230
231.337 3570
231.919 3910
232.495 4250
233.077 4590
233.652 4930
234.231 5270
234.991 5610
235.57 5950
236.146 6290
236.724 6630
237.3 6970
237.879 7310
238.639 7650
239.218 7990
239.381 3740
239.953 4420
240.523 4760
241.098 5100
241.68 5440
242.259 5780
242.835 6120
243.62 2890
244.193 3910
244.762 4250
245.344 4590
245.92 4930
246.486 2210
247.058 3230
247.637 3570
248.413 3910
248.989 4250
249.567 4590
250.294 4930
250.872 5270
251.448 5610
252.027 5950
252.781 6290
253.359 6630
253.935 6970
254.317 3230
255.89 340
257.235 680
257.81 1020
258.386 1360
258.589 1530
259.162 1870
259.737 2210
260.513 2550
261.089 2890
261.668 3230
262.243 3570
262.822 3910
263.558 4250
264.137 4590
264.712 4930
265.291 5270
265.867 5610
266.446 5950
267.202 6290
267.781 6630
268.357 6970
268.936 7310
269.705 7650
270.284 3570
271.429 4250
272.011 4590
272.766 2040
273.338 3060
273.92 3400
274.496 3740
275.071 4080
275.65 4420
276.416 2040
276.989 3060
277.568 3400
278.144 3740
278.916 4080
279.489 4420
280.071 4760
280.649 5100
281.225 5440
281.588 2550
282.161 3230
282.533 3570
283.115 3910
283.691 4250
284.27 4590
285.026 4930
285.412 2210
286.557 3230
287.145 3570
287.721 3910
288.299 4250
289.078 4590
289.854 4930
290.43 5270
291.146 5610
291.581 2550
292.154 3570
292.729 3910
293.311 4250
293.887 4590
294.659 4930
295.238 5270
295.814 5610
296.393 5950
297.11 6290
297.688 6630
298.117 3060
298.689 3740
299.049 4080
299.625 4420
300.207 4760
300.786 5100
301.361 5440
301.94 5780
302.697 6120
303.276 6460
303.852 6800
304.43 7140
305.012 7480
305.591 7820
306.167 8160
306.746 8500
307.328 8840
307.907 9180
308.482 9520
309.061 9860
309.599 4760
310.171 5440
310.55 5780
311.132 6120
311.708 6460
312.255 3060
312.828 3740
313.031 4080
313.61 4420
314.192 4760
314.767 5100
315.349 5440
315.928 5780
316.504 6120
317.083 6460
317.658 6800
318.237 7140
318.991 7480
319.57 7820
320.145 8160
320.724 8500
321.444 8840
322.22 4250
322.792 5270
323.368 5610
323.947 5950
324.523 6290
325.101 6630
325.683 6970
326.262 7310
326.838 7650
327.385 3570
327.958 4250
328.18 1870
328.752 2890
329.322 3230
329.904 3570
330.479 3910
331.061 4250
331.831 1870
332.403 2890
332.792 3230
333.367 3570
334.124 3910
334.7 4250
335.279 4590
335.854 4930
336.433 5270
337.015 2380
337.588 3400
338.151 1530
338.588 340
338.723 680
338.723 2380
339.302 2720
339.881 3060
340.457 3400
341.032 3740
341.611 4080
342.193 4420
342.772 4760
343.348 5100
343.926 5440
344.496 2550
345.068 3570
345.65 3910
346.226 4250
346.802 4590
347.574 4930
348.15 5270
348.922 5610
349.501 5950
350.077 6290
350.656 6630
351.372 6970
351.951 7310
352.38 3400
352.952 4080
353.128 4420
353.704 4760
354.282 5100
355.039 5440
355.618 5780
356.194 6120
356.772 6460
357.532 6800
357.727 3230
358.3 3910
358.69 4250
359.272 4590
359.848 4930
360.427 5270
361.009 5610
361.587 5950
362.163 6290
362.742 6630
363.459 6970
364.037 7310
364.613 7650
365.192 7990
365.768 8330
366.347 8670
367.113 4080
367.685 5100
368.267 5440
368.843 5780
369.615 2720
370.188 3740
370.77 4080
371.349 4420
371.925 4760
372.503 5100
373.066 2380
373.639 3060
374.005 3400
374.778 3740
375.157 1700
375.729 2380
376.139 2720
376.714 3060
377.29 3400
378.019 1530
378.592 2550
379.011 2890
379.743 3230
380.325 3570
380.907 3910
381.483 4250
382.062 4590
382.637 4930
383.207 2210
383.782 3230
384.567 3570
385.143 3910
385.719 4250
386.495 4590
387.07 4930
387.649 5270
388.369 5610
388.948 5950
389.523 6290
390.102 6630
390.684 6970
391.269 3230
391.842 4250
392.421 4590
392.996 4930
393.572 5270
394.148 2380
395.293 2720
395.496 3060
396.272 3400
396.847 3740
397.58 4080
398.159 4420
398.734 4760
399.313 5100
399.895 5440
