0.0 0
0.105014 3400
0.216204 3740
0.24142 4080
0.32653 1870
0.657507 2210
0.780441 2550
0.994789 1020
1.10511 2040
1.21544 2380
1.33207 2720
1.455 3060
1.59055 3400
1.71348 3740
1.83641 1700
2.05707 2720
2.19261 3060
2.40065 1360
3.37544 340
5.48576 680
5.48576 1020
5.83565 1360
5.94598 1700
5.95859 2040
6.17924 850
6.28956 2210
6.40619 2550
6.52282 2890
6.64576 3230
6.77499 3570
6.88532 1530
7.00825 2550
7.26043 1020
8.1501 340
8.26043 680
8.26043 1020
8.49369 680
8.60401 1360
8.70803 1700
8.81836 2040
9.05162 850
9.27227 2210
9.50553 850
10.4015 340
12.8222 680
12.9388 1020
13.0554 1360
13.1784 1700
13.295 2040
13.5345 850
14.5156 340
14.626 680
14.626 1360
14.8466 1700
14.9632 2040
15.1902 850
15.4109 1870
15.5275 2210
15.6504 2550
15.8648 1020
15.9751 2040
16.0917 2380
16.2083 1020
17.0917 340
17.5124 680
17.96 1360
18.1806 680
18.4013 1360
18.5242 1700
18.7701 680
19.8804 340
19.9907 680
19.9907 1360
20.2177 1700
20.451 680
20.5613 2040
20.8071 850
21.0278 1530
21.157 1870
21.2863 680
21.3966 2040
21.5384 850
21.9528 2550
22.1797 2890
22.3027 3230
22.5233 1360
23.413 340
23.5233 680
23.6337 850
24.6337 340
24.744 680
25.744 340
26.1646 680
26.6122 1360
26.7352 1700
26.8518 2040
26.9747 2380
27.2977 2720
27.5246 1190
27.635 2210
27.7516 2550
27.8682 1020
28.1992 1700
28.2118 2040
28.341 2380
28.5428 2720
28.6657 3060
28.7823 3400
28.9053 3740
29.0093 1700
29.1196 2720
29.3529 1190
30.4632 340
30.8839 680
31.0005 1020
31.1171 1360
31.3504 680
31.571 1360
31.694 1700
31.8106 2040
31.9335 2380
32.0628 1020
32.1731 2040
32.2897 2380
32.4064 1020
32.5167 2040
32.7562 2380
32.8729 2720
32.9044 1190
33.0147 2210
33.144 2550
33.2858 1020
33.3961 2040
33.5191 2380
33.6357 2720
33.7523 1190
33.8627 2210
33.9919 850
34.8627 340
34.973 680
34.973 1360
35.1936 1700
35.3103 680
35.5309 1020
35.6412 1360
35.9642 1700
36.2951 680
37.4055 340
37.5158 680
37.5158 1020
37.9491 1360
38.072 680
38.2989 1020
38.6219 1360
38.7511 1700
38.9781 2040
39.1073 850
39.2176 2210
39.4635 850
39.6842 1870
39.8008 2210
39.9237 2550
40.034 1020
40.3713 1360
40.592 680
40.7023 1700
40.8315 680
41.7023 340
42.123 680
42.2396 1020
42.4665 1360
42.5895 1700
42.8038 680
43.0245 1020
43.1348 1360
43.2577 1700
43.4784 680
43.5887 2040
43.7306 2380
43.8472 2720
43.9701 3060
44.0868 1360
45.0552 340
45.1656 680
45.2759 850
45.2822 1190
45.5091 1530
45.6195 1870
45.7487 680
45.9694 1360
46.0923 1700
46.2215 2040
46.3445 2380
46.5462 1020
47.6565 340
50.0772 680
50.1938 1020
50.6477 680
50.7581 1700
50.8873 2040
51.0228 2380
51.1521 2720
51.275 1190
51.4957 1530
51.5997 1870
51.7163 2210
51.8392 2550
52.0599 1020
52.9622 340
53.3828 680
53.4995 1020
53.7264 680
53.8367 1700
53.9597 680
54.07 1700
54.1866 2040
54.3096 850
54.4199 2210
54.6532 850
55.5428 340
55.6532 680
55.6532 1020
55.8801 1360
55.9904 1700
56.2174 680
57.3277 340
57.438 680
57.6713 1020
57.9879 1360
58.1046 1700
58.2338 2040
58.4544 850
58.5648 2210
58.694 850
58.8043 2210
58.9462 2550
59.1479 2890
59.3024 1190
60.1921 340
60.3024 680
60.3024 1360
60.4127 1700
60.7626 680
61.6397 340
61.75 680
61.75 1020
61.9895 1360
62.0999 1700
62.2228 680
62.3331 1700
62.4624 2040
62.5979 850
62.8249 1190
63.1478 1530
63.2644 1870
63.3811 680
63.4914 1700
63.6017 2040
63.7246 2380
63.8539 1020
64.0745 1700
64.1912 2040
64.3267 2380
64.5411 2720
64.6514 1190
64.7617 2210
64.7995 2550
64.9162 2890
65.1053 1190
65.2156 2210
65.3259 2550
65.4489 1020
65.5592 2040
65.6884 2380
65.8177 1020
65.928 2040
66.155 850
67.0383 340
67.1487 680
67.1487 1020
67.3756 1360
67.4986 680
67.6089 1020
68.0295 1360
68.1462 1700
68.2628 2040
68.3857 2380
68.5024 2720
68.619 1190
68.8396 2210
69.0666 850
70.1769 340
72.5976 680
72.7142 1020
72.8308 1360
72.9412 1700
73.0704 680
73.9538 340
74.3744 680
74.491 1020
74.718 680
74.945 1020
75.0616 1360
75.1845 1700
75.3989 2040
75.5092 2380
75.6447 1020
75.8654 1360
75.9883 1700
76.1049 2040
76.2279 2380
76.4611 1020
76.5715 2040
76.6818 2380
76.811 2720
77.0191 3060
77.038 1360
77.2776 1700
77.3816 2040
77.4982 850
77.7189 1530
77.8355 1870
78.0561 680
78.9458 340
79.0561 680
79.0561 1360
79.1854 1700
79.3997 2040
79.529 850
79.7496 1870
79.8599 2210
79.9829 2550
80.1184 2890
80.2287 1190
80.4494 1530
80.566 1870
80.6827 2210
80.8056 2550
81.0199 2890
81.0388 1190
81.4928 1530
81.6157 1870
81.8363 680
82.9467 340
83.3673 680
84.3673 340
86.4776 680
86.5943 1020
87.0275 1360
87.1442 1700
87.2608 2040
87.3837 2380
87.6233 1020
87.8439 1360
87.9606 1700
88.0772 2040
88.3231 850
88.4334 2210
88.55 2550
88.6793 1020
88.8999 1360
89.0229 1700
89.2372 680
89.3475 2040
89.5682 850
89.6785 2210
89.8203 850
89.9307 2210
90.0599 2550
90.1955 1020
90.4161 1700
90.5327 2040
90.6431 2380
90.7786 2720
90.9141 1190
91.8952 340
92.3159 680
92.4325 1020
92.7555 1360
92.8721 1700
92.9887 2040
93.1116 2380
93.2409 2720
93.4426 1190
94.3575 340
96.4678 680
96.4678 1700
96.5782 2040
96.7074 2380
96.8366 2720
96.947 1190
97.1676 1530
97.2842 680
97.5049 1020
97.7256 1360
97.9525 1700
98.0691 2040
98.1795 2380
98.3087 2720
98.4442 3060
98.6712 1360
99.7815 340
100.202 680
100.319 1020
100.435 1360
100.558 1700
100.681 680
100.792 1700
100.908 2040
101.031 2380
101.135 1020
102.246 340
104.356 680
104.583 1020
104.803 1360
105.03 680
105.141 1700
105.257 2040
105.484 850
105.595 2210
105.724 2550
105.853 2890
105.963 3230
106.093 1360
106.313 1700
106.515 680
106.625 2040
106.755 2380
106.878 1020
107.215 1360
107.325 1700
107.552 2040
107.773 850
108.662 340
108.773 680
108.773 1020
109 1360
109.012 1700
109.135 2040
109.356 2380
109.473 2720
109.596 3060
109.718 1360
109.939 1700
110.366 2040
110.483 2380
110.612 1020
110.722 2040
110.826 2380
110.956 2720
111.072 1190
111.403 1530
111.63 1870
111.747 680
112.63 340
112.74 680
112.74 1360
112.87 1700
112.993 2040
113.116 850
113.226 2210
113.368 2550
113.582 2890
113.705 1190
114.815 340
117.236 680
117.353 1020
117.69 680
118.469 340
118.585 680
118.585 2720
118.727 3060
118.856 3400
119.039 1530
120.149 340
120.576 680
120.692 1020
120.809 1360
120.932 1700
121.146 2040
121.269 2380
121.398 2720
121.509 3060
121.65 3400
121.773 3740
121.95 1700
122.884 340
124.994 680
124.994 2040
125.123 850
125.435 2210
125.558 2550
125.669 2890
125.779 1190
126 2210
126.135 850
126.245 2210
126.375 2550
126.523 2890
126.62 1190
126.841 1530
126.97 680
127.081 1700
127.21 2040
127.32 850
127.431 2210
127.658 850
127.768 2210
127.885 2550
128.033 1020
128.253 1700
128.376 2040
128.487 2380
128.616 1020
129.726 340
129.836 680
130.063 1020
130.505 680
130.725 1360
130.848 1700
131.063 2040
131.192 2380
131.302 1020
131.413 2040
131.554 850
131.775 1870
132.008 680
132.235 1020
132.462 1360
132.573 1700
132.799 680
132.91 1700
133.026 2040
133.26 850
134.37 340
136.101 680
136.218 1020
136.334 1360
136.445 1700
136.678 680
136.788 2040
136.917 2380
137.034 1020
137.144 2040
137.274 2380
137.475 1020
137.83 2380
137.972 2720
138.205 1190
138.315 2550
138.457 2890
138.653 3230
138.671 1360
139.653 340
141.763 680
141.763 2380
141.983 2720
142.132 3060
142.242 1360
142.352 2380
142.586 1020
142.806 1700
142.935 2040
143.058 2380
143.175 2720
143.311 3060
143.44 3400
143.55 1530
143.771 1870
143.881 680
143.991 2040
144.114 2380
144.244 2720
144.354 3060
144.464 1360
144.685 2040
144.802 2380
145.003 1020
145.893 340
147.624 680
147.741 1020
147.968 1360
148.078 1700
148.311 680
148.421 2040
148.68 850
148.79 2210
148.907 2550
149.023 2890
149.049 1190
150.023 340
151.554 680
151.671 1020
151.898 1360
152.021 1700
152.235 2040
152.371 850
152.481 2210
152.617 850
152.727 2210
152.85 2550
152.96 1020
154.071 340
154.491 680
155.491 340
155.912 680
156.664 1360
156.774 1700
156.903 2040
157.026 850
158.136 340
160.247 680
160.247 1020
160.474 1360
160.811 680
161.032 1020
161.148 1360
161.271 1700
161.486 2040
161.596 2380
161.738 2720
161.873 1190
162.854 340
164.965 680
164.965 1700
165.1 2040
165.211 850
165.321 2210
165.456 2550
165.573 2890
165.69 1190
166.671 340
168.781 680
168.781 1700
169.002 680
169.891 340
171.622 680
171.739 1020
171.862 1360
172.862 340
172.972 680
172.972 1020
173.972 340
178.124 680
179.124 340
179.234 680
179.234 1020
179.461 1360
179.571 1700
179.701 2040
179.836 2380
179.953 2720
180.051 1190
180.161 2210
180.284 2550
180.401 2890
180.523 3230
180.75 1360
181.081 1700
181.211 2040
181.327 850
181.548 1530
181.677 1870
181.904 2210
182.027 850
182.137 2210
182.279 850
182.39 2210
182.616 850
183.39 340
189.5 680
189.5 1020
189.61 1360
189.85 1700
190.058 2040
190.168 2380
190.316 1020
190.537 1700
190.654 2040
190.776 2380
190.978 2720
191.101 3060
191.218 3400
191.328 1530
192.218 340
192.328 680
192.555 1020
193.555 340
193.665 680
193.665 1020
194.886 340
195.307 680
195.423 1020
195.54 1360
195.871 680
196.092 1700
196.221 2040
196.344 2380
196.486 1020
196.706 1360
196.829 1700
197.166 680
197.387 1360
197.516 1700
197.743 2040
197.879 850
198.1 1530
198.216 1870
198.333 2210
198.456 2550
198.676 1020
198.787 2040
198.897 2380
199.033 1020
199.149 2040
199.272 850
199.382 2210
199.499 2550
199.628 1020
199.739 2040
199.978 850
200.199 2210
200.341 2550
200.555 2890
200.665 3230
200.814 1360
201.04 2040
201.17 2380
201.384 1020
201.494 2040
201.617 2380
201.734 2720
201.844 1190
202.175 1530
202.286 1870
202.415 2210
202.525 2550
202.642 1020
202.752 2040
202.869 850
203.752 340
203.862 680
203.862 1020
204.089 1360
204.212 1700
204.433 680
204.66 1020
204.887 1360
204.997 1700
205.126 2040
205.334 2380
205.353 1020
205.58 1360
205.71 1700
205.93 2040
206.053 850
206.163 2210
206.305 2550
206.428 1020
206.655 1360
206.882 1700
207.109 680
207.219 2040
207.342 2380
207.576 2720
207.595 1190
208.042 680
208.822 340
209.242 680
209.359 1020
209.475 1360
209.598 1700
209.715 2040
209.948 850
210.819 340
211.24 680
211.356 850
211.473 1190
211.59 1530
211.823 680
211.933 1700
212.056 2040
212.173 850
212.283 2210
212.425 2550
212.529 1020
212.639 2040
212.86 2380
212.983 1020
214.093 340
214.514 680
215.824 340
215.934 680
215.934 1020
216.161 1360
216.284 1700
216.401 2040
216.537 850
217.518 340
217.628 680
217.628 1360
217.757 1700
218.076 680
218.296 1360
218.419 1700
218.64 680
218.75 1700
218.867 2040
218.99 2380
219.119 2720
219.254 3060
219.384 3400
219.507 1530
220.462 340
220.883 680
221 1020
221.454 680
221.564 1700
221.791 680
222.681 340
225.101 680
225.412 1020
225.749 680
226.859 340
228.39 680
228.507 1020
228.74 1360
228.961 680
229.188 1020
229.415 1360
229.538 1700
229.654 2040
229.862 2380
229.979 1020
230.862 340
233.283 680
233.4 1020
233.633 1360
234.633 340
234.743 680
234.743 1360
235.743 340
236.164 680
236.28 1020
236.734 680
236.845 1360
236.961 1700
237.084 680
237.195 1700
237.311 2040
237.434 2380
237.551 2720
237.686 3060
237.803 3400
237.907 1530
238.128 2210
238.225 2550
238.361 1020
238.471 2040
238.613 850
239.471 340
239.581 680
239.692 1020
239.931 1360
240.152 680
240.262 1700
240.398 680
240.508 1700
240.625 2040
240.871 850
241.981 340
242.091 680
242.435 1360
242.539 1700
242.649 2040
242.76 850
242.87 2210
243.005 2550
243.128 1020
243.349 1700
243.478 2040
243.686 2380
243.705 1020
243.822 2040
243.957 2380
244.087 2720
244.21 3060
244.358 1360
244.468 2380
244.72 1020
244.831 2040
244.972 2380
245.187 1020
245.407 2040
245.641 850
246.751 340
246.861 680
246.861 1020
247.088 1360
247.211 1700
247.438 2040
247.457 850
247.574 2210
247.69 2550
247.82 2890
247.943 3230
248.072 3570
248.163 1530
248.494 1870
248.611 2210
248.734 2550
248.882 1020
249.857 340
251.967 680
251.967 1700
252.194 2040
252.304 850
253.213 340
253.634 680
253.75 1020
253.977 1360
254.087 1700
254.314 2040
254.645 850
254.756 2210
254.898 850
255.118 1190
255.345 680
255.455 1700
255.578 2040
255.701 850
255.812 2210
256.064 850
256.284 1190
256.401 1530
256.524 1870
256.653 2210
256.776 2550
256.905 2890
257.028 1190
257.139 2210
257.243 2550
257.359 1020
257.897 1700
258.013 2040
258.136 2380
258.259 2720
258.376 1190
258.486 2210
258.615 2550
258.842 2890
258.99 1190
259.101 2550
259.236 1020
259.347 2040
259.476 2380
259.574 1020
259.684 2040
259.819 2380
259.923 1020
260.144 1360
260.261 1700
260.5 2040
260.63 850
260.85 1530
260.979 1870
261.096 2210
261.213 850
261.433 1190
261.66 680
261.771 1700
262.004 2040
262.133 850
262.243 2210
262.373 850
262.6 1190
262.716 1530
263.937 340
264.047 680
264.047 1020
264.164 1360
264.287 1700
264.501 2040
264.728 850
265.838 340
266.259 680
266.569 1020
266.79 680
267.569 340
267.68 680
267.68 2040
267.913 2380
268.03 2720
268.178 1190
268.288 2550
268.417 1020
268.528 2040
268.761 850
268.871 2210
268.988 2550
269.098 1020
269.988 340
270.098 680
270.209 1360
270.429 1700
270.54 2040
270.662 2380
270.798 2720
270.896 1190
271.116 1870
271.35 680
271.46 2040
271.602 2380
271.731 1020
272.062 1700
272.179 2040
272.302 850
273.198 340
273.308 680
274.308 340
274.729 680
274.845 1020
275.486 680
275.707 1360
275.817 1700
275.947 2040
276.082 850
277.193 340
278.724 680
279.171 1360
279.294 1700
279.411 2040
279.638 850
279.748 2210
279.884 850
280.994 340
281.415 680
281.531 1020
281.648 1360
281.771 1700
282.01 680
282.121 2040
282.262 2380
282.464 1020
283.373 340
283.793 680
283.91 1020
284.027 1360
284.15 1700
284.266 2040
284.493 850
284.714 1870
284.941 2210
285.96 340
286.07 680
286.18 1020
287.18 340
287.601 680
287.911 1020
288.132 680
288.242 1360
288.353 1700
288.469 2040
288.592 2380
288.728 1020
288.948 1360
289.059 1700
289.175 2040
289.298 2380
289.415 1020
290.396 340
290.817 680
290.933 1020
291.05 1360
291.173 1700
291.387 2040
291.51 2380
291.627 2720
291.75 3060
291.866 3400
291.977 1530
292.1 2550
292.229 1020
292.339 2040
292.462 2380
292.566 1020
293.676 340
293.787 680
293.787 1360
294.02 1700
294.143 680
294.364 1360
294.474 1700
294.603 2040
294.714 2380
294.849 1020
295.959 340
296.38 680
296.497 1020
297.497 340
297.607 680
297.607 1020
297.944 1360
298.171 680
298.944 340
299.055 680
299.282 1020
300.282 340
300.392 680
300.392 1020
300.846 680
300.956 1360
301.073 1700
301.189 2040
301.312 2380
301.533 1020
301.643 2040
301.773 2380
301.883 1020
302.773 340
302.883 680
303.883 340
304.304 680
304.42 1020
304.874 680
304.984 1360
305.101 1700
306.101 340
306.211 680
306.963 1360
307.086 1700
307.307 680
308.417 340
308.838 680
309.148 1020
309.485 680
309.706 1360
309.829 680
309.939 1700
310.172 2040
310.295 2380
310.522 1020
310.633 2040
310.749 2380
310.878 2720
311.001 3060
311.143 1360
312.253 340
314.674 680
315.674 340
316.095 680
316.211 1020
316.328 1360
316.438 1700
316.561 680
316.892 1020
317.113 1360
317.236 1700
317.353 680
317.573 1020
317.904 680
318.125 1020
318.235 1360
318.345 1700
318.475 2040
318.702 850
319.812 340
326.233 680
326.68 1360
326.791 1700
326.907 2040
327.03 2380
327.147 2720
327.27 3060
327.471 3400
327.582 3740
327.711 4080
327.834 1870
328.944 340
329.055 680
329.165 850
329.165 1530
329.275 1870
329.521 680
329.631 2040
329.773 2380
329.89 2720
329.988 1190
330.319 1530
331.319 340
331.429 680
331.429 1020
331.656 1360
331.779 1700
332.012 2040
332.129 850
332.46 1190
332.687 1530
332.81 1870
332.926 2210
333.153 2550
333.27 2890
333.399 1190
333.509 2210
333.632 2550
333.749 2890
333.897 1190
335.007 340
335.428 680
335.738 1020
335.965 680
336.076 1360
336.205 680
336.315 1700
336.438 680
336.548 2040
336.775 850
337.106 1190
338.229 340
338.65 680
338.96 1020
339.291 680
339.512 1020
339.829 1360
339.945 1700
340.301 680
340.412 2040
340.554 2380
340.683 2720
340.806 1190
340.916 2210
341.02 2550
341.137 2890
341.26 1190
341.48 1870
341.61 680
342.72 340
345.14 680
345.257 1020
345.484 1360
345.594 1700
345.724 2040
345.847 2380
346.048 2720
346.171 3060
346.288 3400
346.43 1530
346.773 1870
346.786 2210
346.915 2550
347.044 2890
347.142 1190
347.363 1870
347.59 680
347.7 2040
347.933 850
348.795 680
348.906 1360
349.016 1700
349.133 680
350.016 340
350.126 680
350.126 1360
350.243 1700
350.372 2040
350.495 850
350.605 2210
350.728 2550
350.839 1020
350.949 2040
351.085 2380
351.293 1020
351.513 1700
351.636 2040
351.772 850
351.992 1530
352.115 1870
352.336 680
352.563 1020
352.679 1360
352.906 1700
353.127 680
353.348 1700
353.575 2040
353.698 2380
353.814 2720
353.937 3060
354.145 1360
354.47 2380
354.599 2720
354.722 3060
354.839 3400
354.974 3740
355.104 4080
355.239 1870
355.693 2210
355.81 2550
355.939 2890
355.958 1190
356.081 2210
356.21 2550
356.327 1020
356.547 1360
357.547 340
357.658 680
357.891 1020
358.207 1360
358.324 1700
358.441 2040
358.576 2380
358.705 2720
358.828 1190
359.809 340
360.23 680
360.347 1020
360.58 1360
361.58 340
363.69 680
363.917 1020
364.028 1360
364.151 1700
364.267 2040
364.39 2380
364.507 1020
364.617 2040
364.838 850
365.058 2210
365.285 2550
365.415 2890
365.538 3230
365.758 1360
365.979 1700
366.206 680
367.095 340
369.516 680
369.633 1020
369.976 680
370.633 340
371.053 680
371.17 1020
371.287 1360
371.397 1700
371.624 680
372.734 340
373.155 680
374.155 340
374.265 680
374.265 1020
374.719 680
374.829 1360
374.946 1700
375.063 2040
375.186 2380
375.302 2720
375.438 1190
375.879 1870
376.008 2210
376.216 2550
376.235 1020
376.352 2040
376.494 850
377.604 340
379.714 680
379.941 1020
380.941 340
381.052 680
381.485 1360
381.718 1700
381.958 680
383.068 340
388.599 680
388.716 1020
388.832 1360
388.943 1700
389.072 2040
389.195 2380
389.312 2720
389.434 1190
390.397 340
390.507 680
390.507 1020
390.746 1360
390.857 1700
390.986 2040
391.109 850
391.33 1530
391.459 680
391.569 1700
391.68 2040
391.802 2380
392.017 2720
392.036 1190
393.017 340
393.437 680
394.437 340
394.858 680
396.168 340
396.479 680
396.595 1020
396.822 1360
396.933 1700
397.068 2040
397.185 850
397.295 2210
397.437 2550
397.658 1020
397.768 2040
397.897 2380
398.026 2720
398.124 1190
398.235 2210
398.364 2550
398.584 1020
398.695 2040
398.818 850
398.928 2210
399.038 2550
399.161 1020
399.382 1700
399.621 680
399.732 1700
399.848 2040
399.971 2380
