0.0 0
0.508698 3400
1.02357 3740
1.04879 4080
1.53758 1870
3.07961 2210
3.59993 2550
4.31394 1020
4.82795 2040
5.34196 2380
5.86227 2720
6.4078 3060
6.92812 3400
7.47365 3740
7.98766 1700
9.50167 340
9.52969 680
10.0626 850
10.0626 1190
11.0969 1530
11.6172 680
12.0969 340
12.1313 680
12.1313 1360
13.1313 340
17.8733 680
18.3936 1020
19.1202 1360
19.6405 1700
20.6812 680
21.1672 340
21.9092 680
22.4295 1020
22.9498 1360
23.4701 1700
24.1841 2040
24.7044 2380
25.5451 2720
26.0717 1190
26.5857 2210
27.1186 2550
27.6389 2890
28.153 1190
28.6389 340
29.153 680
29.153 1700
30.1873 2040
30.7265 2380
31.2531 1020
31.7265 340
31.7671 680
32.8015 850
33.3218 1190
33.8421 1530
34.5624 1870
35.1016 2210
35.6282 850
36.1016 340
36.8563 680
37.3766 1020
37.8969 1360
38.9375 680
39.1216 340
39.4515 680
40.9839 340
41.9265 680
42.4468 1020
43.466 340
46.0183 680
47.0526 1020
47.573 1360
48.0933 1700
48.6199 2040
49.3465 2380
50.0668 2720
50.5808 1190
51.0948 2210
51.6278 2550
52.1418 1020
52.6278 340
52.6558 680
53.1698 1700
53.7027 2040
54.223 2380
54.7623 1020
55.9966 1360
56.5169 1700
57.0435 680
57.5169 340
57.5575 680
58.5919 1020
59.3185 1360
59.8514 1700
60.3717 2040
60.8983 850
61.578 340
62.092 680
63.1263 1020
63.6467 1360
64.167 1700
65.2076 680
65.6936 340
66.4356 680
67.1496 1020
68.1777 680
68.185 340
68.6917 680
68.6917 1360
69.727 340
78.7167 680
80.4611 340
83.0359 680
83.0359 1020
84.7803 340
85.2943 680
86.3286 1020
87.563 680
88.0691 340
88.791 680
89.7978 340
97.067 680
98.067 340
100.809 680
101.329 1020
102.349 340
109.697 680
110.217 1020
110.738 1360
111.258 1700
111.778 2040
112.486 2380
113.006 2720
113.52 1190
114.034 2210
114.367 2550
115.069 2890
115.602 1190
116.116 2550
116.649 2890
117.156 1190
117.855 340
118.369 680
118.369 1020
118.889 1360
119.616 1700
119.93 680
120.438 1020
120.656 680
121.484 1360
122.011 1700
122.513 2040
122.919 850
123.433 1190
123.734 1530
124.261 1870
124.775 2210
125.289 850
125.787 340
125.803 680
125.803 1360
126.317 1700
126.85 2040
127.878 850
128.364 340
128.392 680
128.392 1020
129.426 1360
129.439 1700
129.965 2040
130.479 850
130.965 340
135.421 680
136.421 340
137.649 680
139.394 340
140.626 680
141.657 340
142.886 680
143.406 1020
143.926 1360
144.646 1700
145.373 2040
145.893 2380
146.906 340
149.42 680
150.934 340
151.448 680
151.448 1020
151.962 1360
152.962 340
156.19 680
156.71 1020
158.231 340
162.487 680
163.007 1020
163.527 1360
164.054 680
164.527 340
164.568 680
164.568 1360
165.609 1700
166.129 2040
166.662 2380
167.188 1020
167.702 2040
168.248 850
168.762 2210
169.308 2550
169.828 1020
170.308 340
172.57 680
173.09 1020
174.09 340
175.318 680
175.839 1020
176.565 1360
177.085 1700
177.618 2040
178.132 850
178.618 340
179.36 680
179.881 1020
180.607 1360
182.568 340
183.082 680
183.082 1020
184.117 1360
184.637 1700
185.157 2040
185.865 2380
186.385 1020
187.413 1700
187.934 2040
188.467 2380
189.482 1020
189.968 340
189.996 680
189.996 1020
190.51 1700
191.043 2040
192.071 850
192.57 340
192.585 680
192.585 1700
193.619 2040
194.146 850
194.638 340
195.374 680
195.894 1020
196.415 1360
196.941 680
197.415 340
198.169 680
198.69 1020
199.416 1360
199.936 1700
200.663 2040
201.291 850
202.325 1190
202.852 1530
203.852 340
205.08 680
205.6 1020
207.127 340
209.869 680
210.389 1020
210.91 1360
211.63 1700
212.157 680
212.644 340
212.671 680
212.671 1020
213.685 340
214.913 680
215.433 1020
215.954 1360
217.482 340
217.996 680
217.996 1020
218.999 340
222.231 680
222.751 1020
223.271 1360
224.312 680
224.795 340
228.031 680
228.551 1020
229.277 1360
229.798 1700
230.318 2040
230.832 850
231.318 340
231.346 680
231.346 1700
231.873 2040
232.901 850
233.387 340
233.415 680
233.415 1020
234.449 1360
234.668 1700
235.496 680
235.982 340
236.724 680
237.244 1020
237.765 1360
238.999 680
239.291 340
239.513 680
239.513 1360
240.046 1700
241.08 680
241.56 340
241.594 680
241.594 1020
242.635 1360
244.162 340
245.39 680
245.91 1020
246.43 1360
246.95 1700
247.664 2040
248.385 850
249.413 1190
249.619 1530
250.139 1870
250.666 680
251.18 1700
251.694 2040
252.214 2380
252.728 1020
253.214 340
253.242 680
253.242 2040
253.763 850
254.27 1530
254.803 1870
255.536 2210
256.057 2550
256.577 1020
257.069 340
257.091 680
257.091 2040
257.63 2380
258.55 2720
259.083 1190
259.597 2210
260.143 850
261.124 340
262.352 680
262.872 1020
263.599 1360
264.119 1700
264.64 2040
265.16 2380
265.887 2720
266.201 1190
267.229 2210
268.269 850
268.768 340
275.51 680
276.03 1020
276.55 1360
277.271 1700
277.791 2040
278.832 850
279.337 340
280.565 680
281.279 1020
282.307 680
282.32 340
282.822 680
282.822 1360
283.361 1700
283.881 2040
284.922 850
285.401 340
286.629 680
287.343 1020
288.371 680
288.379 340
288.885 680
288.885 1360
289.425 1700
289.945 2040
290.465 850
290.945 340
290.979 680
292.014 1020
292.534 1360
293.261 1700
293.981 2040
294.495 850
294.988 340
295.502 680
296.536 1020
296.742 1360
297.263 1700
298.316 680
298.795 340
300.023 680
300.544 1020
301.064 1360
302.064 340
302.578 680
304.092 340
304.606 680
305.606 340
306.834 680
307.354 1020
307.875 1360
308.395 1700
308.915 2040
309.436 2380
310.362 1020
310.993 340
311.507 680
311.507 1020
312.541 1360
312.554 1700
313.081 2040
314.115 850
314.601 340
314.629 680
315.663 1020
316.184 1360
316.904 1700
317.424 680
317.926 340
318.652 680
319.172 1020
320.195 340
320.709 680
321.743 1020
322.777 680
322.985 340
323.291 680
323.291 1360
323.818 1700
324.527 2040
325.047 850
325.554 340
326.068 680
326.068 1360
326.601 1700
327.121 2040
328.356 850
328.87 2210
329.39 2550
329.917 1020
330.431 2040
330.957 2380
331.477 2720
332.198 3060
332.718 1360
333.746 1700
334.266 2040
334.799 2380
335.332 2720
336.053 1190
336.567 2550
337.312 2890
337.845 3230
338.667 1360
339.181 2380
339.695 2720
340.228 3060
340.954 1360
341.742 340
342.256 680
343.296 1020
343.296 1360
343.829 1700
344.556 2040
345.076 2380
345.815 2720
346.329 1190
346.843 2210
347.376 2550
347.897 2890
348.398 1190
348.897 340
348.912 680
348.912 2040
349.451 2380
349.972 2720
350.473 1190
351.501 1530
352.028 1870
352.548 680
353.028 340
353.776 680
354.296 1020
355.023 1360
355.543 680
356.03 340
356.771 680
357.292 1020
359.04 340
374.037 680
375.072 1020
375.592 1360
376.112 1700
376.632 680
377.133 340
377.146 680
377.146 1360
377.667 1700
378.206 2040
378.72 850
379.206 340
380.434 680
380.954 1020
381.681 1360
382.201 1700
382.928 2040
383.242 850
383.928 340
385.156 680
385.676 1020
386.403 1360
386.923 680
387.418 340
388.151 680
388.672 1020
389.398 1360
389.918 680
390.436 340
391.664 680
392.184 1020
392.911 1360
394.139 680
394.653 1700
395.186 680
395.695 340
396.923 680
397.443 1020
397.963 1360
398.484 1700
399.524 680
400.035 340
