0.0 0
0.104086 3400
0.21126 3740
0.223868 4080
0.236476 1870
0.343218 2550
0.453112 2890
0.559853 1190
0.883231 1530
0.996277 1870
1.11247 2210
1.21922 2550
1.33541 1020
2.32596 340
2.4327 680
2.4327 1360
2.5489 680
2.6651 1020
2.97814 1360
3.19793 1700
3.30782 2040
3.41457 2380
3.53707 1020
3.64381 2040
3.75055 2380
3.86045 1020
4.07393 1700
4.29057 2040
4.5135 2380
4.6234 2720
4.63601 1190
4.85264 1530
4.96254 1870
5.07243 2210
5.18548 2550
5.39581 1020
5.50255 2040
5.60929 2380
5.71919 2720
5.83223 3060
5.93582 1360
6.04256 2380
6.16822 2720
6.28126 3060
6.39431 1360
6.60779 2040
6.72084 850
7.60779 340
7.71453 680
7.71453 1020
7.93747 1360
8.04422 1700
8.2514 2040
8.35814 2380
8.48379 1020
8.80402 1360
8.91391 1700
9.34403 680
10.4508 340
10.5575 680
10.5575 1020
11.5575 340
11.971 680
12.0809 1020
13.1939 340
13.6074 680
13.7173 1020
13.8272 1360
14.0438 1700
14.3704 680
15.4771 340
15.5839 680
15.5839 1020
15.8036 1360
15.9104 1700
16.9104 340
17.0171 680
17.1239 850
17.2306 1190
18.2306 340
18.6441 680
18.9508 1020
19.1643 680
19.9508 340
20.3643 680
20.4742 1020
20.8007 680
21.0142 1020
21.121 1360
21.4444 680
21.5511 1700
21.661 2040
21.8839 850
22.0974 1870
22.2073 2210
22.314 850
22.4208 2210
22.5338 2550
22.6437 1020
22.7505 2040
22.8698 850
22.9766 2210
23.0959 2550
23.2027 1020
23.3094 2040
23.5355 850
24.526 340
28.8597 680
28.9696 1020
29.0795 1360
29.1863 1700
29.3025 2040
29.5096 850
29.7231 1870
29.8393 2210
30.056 850
30.2694 1530
30.3856 1870
30.4955 2210
30.7059 850
30.8126 2210
30.9288 2550
31.045 2890
31.1644 3230
31.2616 1360
32.3684 340
32.4751 680
32.4751 2040
33.5882 340
34.0017 680
34.1116 1020
34.2214 1360
34.5448 680
34.6516 1700
34.7615 2040
34.9749 850
35.0817 2210
35.1979 2550
35.4082 1020
35.515 2040
35.6217 2380
35.7316 1020
35.9451 1360
36.0581 1700
36.168 680
36.2748 1700
36.3878 2040
37.4977 340
37.6044 680
37.7112 1020
37.7112 1360
37.8211 1700
38.0377 2040
38.1445 2380
38.267 1020
38.3737 2040
38.4867 850
38.5935 2210
38.7128 2550
38.8227 1020
38.9295 2040
39.0488 2380
39.2623 1020
39.4758 1700
39.5825 2040
39.6893 2380
40.7992 340
40.9059 680
41.0127 1020
41.336 680
41.4428 1700
41.6563 2040
41.8697 850
42.0832 2210
42.1963 2550
42.4066 2890
42.5259 1190
42.7394 1530
42.8525 1870
42.9624 2210
43.1696 2550
43.2826 1020
44.3893 340
44.8028 680
44.9127 1020
45.1325 1360
45.346 680
46.1325 340
46.546 680
46.6559 1020
46.8725 1360
46.9856 1700
47.0955 2040
47.2085 2380
47.3279 1020
47.6481 1360
47.7611 1700
47.871 2040
48.094 850
48.7209 1190
48.9376 680
49.151 1020
49.5812 680
49.6879 1700
49.8041 680
49.9108 1700
50.0176 2040
50.1306 2380
50.3504 1020
51.4572 340
51.8706 680
52.8706 340
53.2841 680
53.394 1020
53.5039 1360
53.617 1700
53.7269 2040
53.9435 850
54.1601 1190
54.27 1530
54.3768 1870
54.493 2210
54.606 2550
54.7159 2890
54.829 1190
55.146 2210
55.2622 2550
55.4852 1020
56.3784 340
56.4852 680
57.4852 340
57.8986 680
58.2054 1020
58.4189 680
58.5256 1360
58.6324 1700
58.7486 2040
58.8553 2380
58.9715 2720
59.0814 1190
59.1913 2210
59.298 2550
59.4205 2890
59.5178 1190
59.6246 2210
59.7376 2550
59.8538 1020
59.9605 2040
60.0799 850
60.2934 1870
60.4001 2210
60.5132 2550
60.6294 2890
60.7424 1190
61.1725 1530
62.1725 340
62.586 680
62.6959 1020
63.6959 340
63.8026 680
64.0193 1020
64.2328 1360
64.3395 1700
64.4557 2040
64.5624 2380
64.6786 2720
64.7854 1190
64.8921 2210
65.1088 850
65.429 1190
65.5389 1530
65.6456 1870
65.8717 680
65.9785 2040
66.1982 2380
66.3144 2720
66.4401 3060
66.55 3400
66.7446 3740
66.754 1700
67.1738 2380
67.2932 1020
67.6071 2040
67.7233 2380
67.9368 1020
68.0435 2040
68.1534 2380
68.2633 2720
68.3826 3060
68.4925 3400
68.6119 3740
68.8033 4080
68.9227 1870
69.2429 2210
69.3496 2550
69.469 2890
69.5726 1190
69.6793 2210
69.7955 850
70.0121 1190
70.122 1530
70.3387 680
70.662 1020
70.8787 1360
70.9917 1700
71.1079 2040
71.221 2380
71.4313 1020
71.6448 2040
71.761 850
72.2844 1190
72.5974 1530
72.7136 680
72.8203 1700
72.9334 2040
73.0464 850
73.2599 1190
73.3698 1530
73.4766 1870
73.6932 680
73.7999 2040
73.9193 2380
74.0229 1020
74.9193 340
75.026 680
75.026 1360
75.249 680
75.3557 1700
75.4656 2040
75.6822 850
76.0025 1190
76.3258 680
77.0025 340
79.4159 680
79.5258 1020
79.6357 1360
80.6357 340
81.0492 680
81.1591 1020
81.4722 1360
81.5821 1700
81.7987 680
81.9054 2040
82.0185 2380
82.1378 2720
82.2446 1190
82.3513 2210
82.4644 2550
82.5806 2890
82.8003 3230
82.8098 1360
83.0327 1700
83.1458 680
83.5561 2040
83.6723 2380
83.7822 2720
83.8921 1190
84.8826 340
85.2961 680
85.406 1020
85.6258 1360
85.946 680
86.6258 340
87.0393 680
87.1492 1020
87.3658 1360
87.4726 1700
87.6924 680
87.7991 2040
87.9216 2380
88.0315 1020
88.4418 2040
88.5517 2380
88.6648 1020
88.8782 1360
89.8782 340
89.985 680
90.0917 1360
90.3115 1700
90.4309 680
90.6444 1360
90.7511 1700
90.8673 2040
90.974 2380
91.1844 1020
92.0871 340
106.194 680
106.194 1360
106.31 680
106.423 1020
106.524 680
106.63 1020
106.75 1360
107.859 340
107.966 680
107.966 1360
108.082 1700
108.296 680
109.403 340
109.816 680
110.816 340
111.23 680
111.34 1020
111.449 1360
111.562 680
111.669 1700
111.883 2040
111.996 2380
112.106 1020
112.212 2040
112.332 2380
112.448 2720
112.652 1190
112.759 2550
112.982 1020
113.195 1360
113.308 1700
113.418 680
114.308 340
114.415 680
114.415 2380
114.531 2720
114.644 3060
114.763 3400
114.858 1530
115.071 2210
115.175 2550
115.281 1020
115.388 2040
115.608 2380
115.721 1020
115.934 1700
116.151 2040
116.264 2380
116.374 2720
116.481 1190
116.588 2210
116.71 850
117.697 340
117.804 680
117.804 1360
118.128 1700
118.234 2040
118.244 850
118.454 1190
118.564 680
118.671 1700
118.777 2040
118.894 2380
118.994 1020
119.101 2040
119.317 850
119.531 1870
119.647 2210
119.961 850
120.068 2210
120.178 2550
120.288 2890
120.394 1190
120.501 2210
120.614 2550
120.73 1020
121.718 340
121.824 680
121.824 2040
121.947 2380
122.148 1020
123.255 340
123.668 680
123.778 1020
123.995 1360
124.101 1700
124.218 2040
124.331 2380
124.541 2720
124.55 1190
124.663 2210
124.886 850
125.776 340
125.883 680
125.883 1360
126.883 340
128.403 680
128.513 1020
128.73 1360
128.843 1700
128.953 2040
129.49 850
129.703 1870
129.819 2210
130.052 850
130.159 2210
130.275 2550
130.385 1020
130.491 2040
130.604 2380
130.721 2720
130.925 3060
131.041 1360
131.254 1700
131.468 680
131.575 2040
131.798 850
132.904 340
133.011 680
134.011 340
136.425 680
136.534 1020
136.644 1360
136.757 1700
136.867 2040
137.191 850
137.404 2210
137.52 2550
137.637 2890
137.756 3230
137.957 1360
138.17 2380
138.384 1020
139.49 340
139.597 680
139.597 1360
139.704 1700
139.927 680
141.034 340
142.754 680
143.184 1360
143.291 1700
143.401 2040
143.514 2380
143.724 2720
143.733 1190
144.724 340
144.831 680
145.047 1020
145.261 1360
145.374 1700
145.484 2040
145.597 2380
145.707 2720
145.807 1190
146.707 340
146.813 680
146.813 2380
146.933 1020
147.156 1360
147.269 1700
147.379 680
147.485 1700
147.595 2040
147.809 2380
147.916 1020
148.129 1360
148.239 1700
148.349 2040
148.572 850
148.785 1870
148.901 2210
149.115 850
149.328 1870
149.445 2210
149.668 850
150.774 340
151.188 680
151.298 1020
151.514 1360
151.627 1700
151.737 2040
151.85 850
151.957 2210
152.073 2550
152.196 2890
152.397 3230
152.406 1360
153.516 340
153.623 680
153.623 2040
153.839 850
153.956 1530
154.069 1870
154.175 2210
154.295 2550
154.502 2890
154.514 1190
154.728 1870
154.945 2210
155.061 2550
155.161 1020
155.375 1360
156.375 340
156.788 680
156.898 1020
157.008 1360
157.225 680
157.331 1700
157.444 2040
157.557 2380
157.771 1020
157.878 2040
157.994 2380
158.204 2720
158.311 3060
158.418 1360
159.524 340
159.631 680
159.631 1360
159.747 1700
160.181 680
160.501 1360
160.611 1700
160.721 2040
160.834 2380
160.95 2720
161.154 1190
161.367 1530
161.383 1870
161.584 2210
161.697 2550
161.81 2890
161.917 1190
162.454 1530
162.674 680
162.78 1700
162.896 2040
163.009 2380
163.126 2720
163.239 3060
163.342 1360
163.556 1700
163.666 680
163.772 1700
163.879 2040
163.995 2380
164.102 1020
164.209 2040
164.429 2380
164.545 2720
164.655 1190
164.761 2210
164.871 2550
164.997 1020
165.317 1700
165.43 2040
165.543 850
165.65 2210
165.763 2550
165.879 1020
165.986 2040
166.099 2380
166.209 2720
166.416 1190
166.63 1870
167.746 340
172.573 680
172.683 1020
172.793 1360
172.906 1700
173.016 2040
173.129 2380
173.333 1020
173.655 2040
173.765 2380
173.884 1020
173.991 2040
174.107 2380
174.227 1020
174.547 1360
174.66 1700
174.877 680
175.77 340
176.183 680
176.293 1020
176.403 1360
176.516 1700
176.727 2040
176.94 850
177.153 1870
177.267 680
177.373 1700
177.48 2040
177.587 2380
177.697 1020
178.113 1360
178.226 1700
178.336 680
178.443 1700
178.553 2040
178.766 850
178.98 1530
179.096 1870
179.416 680
179.63 1700
179.746 2040
179.859 850
180.072 1530
180.189 1870
180.405 2210
180.518 2550
180.628 2890
180.741 3230
180.851 3570
180.964 3910
181.171 1700
181.385 2380
181.501 2720
181.711 1190
181.925 2210
182.038 2550
182.154 1020
182.368 1700
182.581 680
182.688 2040
182.917 850
183.334 2210
183.456 2550
183.566 1020
183.673 2040
183.786 2380
184.003 1020
184.216 1700
184.439 680
184.546 2040
184.662 2380
184.778 1020
185.668 340
186.082 680
186.192 850
186.301 1190
186.411 1530
186.518 1870
186.738 680
186.845 2040
187.168 850
187.595 1530
187.702 1870
187.812 2210
187.931 2550
188.041 2890
188.135 1190
188.348 1530
188.374 1870
188.587 680
188.694 1700
188.804 2040
189.02 850
189.127 2210
189.24 2550
189.347 1020
190.454 340
190.56 680
190.56 1020
190.777 1360
190.887 680
190.994 1700
191.1 2040
191.22 850
191.433 1530
191.543 1870
191.663 2210
191.772 850
191.879 2210
192.002 850
192.108 2210
192.328 850
192.435 2210
192.545 2550
192.661 2890
192.774 3230
192.884 1360
193.991 340
196.097 680
196.097 1360
196.204 2040
196.54 850
196.647 2210
196.757 2550
196.876 1020
196.983 2040
197.099 2380
197.218 1020
198.325 340
198.432 680
198.432 1700
198.755 680
198.862 2040
198.981 850
199.088 2210
199.198 2550
199.308 2890
199.434 3230
199.55 3570
199.663 1530
200.197 1870
200.306 2210
200.426 850
200.533 2210
200.652 850
201.533 340
201.639 680
201.639 1360
201.756 1700
201.975 680
202.189 1700
202.299 2040
202.415 850
202.628 1870
202.845 2210
202.964 850
203.071 2210
203.181 2550
203.291 2890
203.398 1190
203.504 2210
203.624 850
204.611 340
205.025 680
205.134 1020
205.244 1360
205.351 1700
205.467 2040
205.58 850
205.687 2210
205.916 850
207.023 340
214.543 680
214.653 1020
215.653 340
215.76 680
215.76 1360
216.76 340
217.173 680
217.283 1020
217.393 1360
217.927 680
218.14 1360
218.25 1700
218.36 2040
218.473 2380
218.693 1020
219.589 340
219.696 680
219.696 1020
219.913 1360
219.919 1700
220.34 680
220.553 1360
220.663 1700
220.773 680
220.88 1700
220.993 680
221.1 2040
221.219 850
221.436 1190
221.545 1530
221.759 680
222.082 1020
222.192 1360
222.406 680
223.192 340
225.606 680
225.716 1020
225.932 1360
226.146 680
226.252 1700
226.369 2040
226.475 850
226.582 2210
226.802 2550
226.912 2890
227.025 3230
227.135 1360
228.034 340
228.141 680
228.248 850
228.464 1190
228.571 1530
228.684 680
228.791 1700
229.221 680
229.328 2040
229.654 850
230.544 340
232.651 680
232.868 1020
232.975 1360
233.088 1700
233.201 680
233.307 1700
233.417 2040
233.53 2380
233.656 1020
233.763 2040
233.983 850
234.882 340
240.989 680
240.989 1700
241.202 2040
241.319 850
241.735 2210
241.955 850
242.168 1530
243.281 340
243.388 680
243.605 1020
243.712 1360
243.825 1700
244.035 2040
244.142 850
244.248 2210
244.362 2550
244.578 1020
245.471 340
245.578 680
245.685 1360
245.908 1700
246.015 2040
246.238 850
246.451 2210
246.573 2550
246.683 1020
246.79 2040
246.913 2380
247.023 2720
247.132 1190
247.346 1870
247.456 2210
247.563 2550
247.789 1020
247.895 2040
248.002 2380
248.125 2720
248.241 1190
249.125 340
249.231 680
249.338 1020
249.338 1360
249.555 1700
249.567 2040
249.68 2380
249.891 2720
250.016 1190
251.001 340
251.107 680
251.107 1020
251.324 1360
251.751 680
251.964 1360
252.074 1700
252.291 680
252.398 1700
252.514 2040
252.627 2380
252.941 1020
253.261 1360
253.478 680
253.694 1020
253.804 1360
253.911 1700
254.027 2040
254.14 2380
254.26 1020
254.473 1360
254.583 1700
254.699 2040
254.812 2380
254.928 2720
255.029 1190
255.242 1530
255.355 1870
255.566 2210
255.679 2550
255.801 1020
255.908 2040
256.012 2380
256.131 1020
256.451 1360
257.561 340
259.668 680
259.668 1360
259.784 1700
259.894 2040
260.007 2380
260.123 2720
260.243 3060
260.346 1360
260.883 680
261.096 1020
261.203 1360
261.316 1700
261.426 2040
261.636 850
262.53 340
262.636 680
262.636 1020
262.856 680
263.743 340
264.157 680
264.89 1360
265.89 340
266.304 680
266.414 1020
266.727 1360
266.837 1700
266.947 2040
267.06 2380
267.17 2720
267.27 1190
268.17 340
268.276 680
268.276 1700
268.392 680
268.603 1020
268.713 680
268.819 1020
268.917 1360
269.023 1700
269.13 2040
269.243 2380
269.347 1020
269.56 1360
270.67 340
271.084 680
271.817 1360
272.031 680
272.138 1700
272.248 2040
272.354 850
272.568 1190
272.675 1530
272.788 1870
272.998 680
273.891 340
274.305 680
275.305 340
275.411 680
275.411 1020
275.628 1360
275.845 1700
276.058 680
276.272 1700
276.488 680
276.702 1020
277.702 340
278.115 680
278.545 1360
278.658 1700
278.768 2040
278.881 2380
279.095 1020
279.415 1360
279.522 1700
279.742 680
280.065 1020
280.175 1360
280.395 680
280.501 1700
280.611 2040
280.731 2380
280.84 2720
280.954 3060
281.067 1360
281.39 1700
281.603 680
281.71 2040
281.826 2380
281.943 2720
282.056 1190
282.472 1870
282.582 2210
282.796 850
282.902 2210
283.012 2550
283.135 2890
283.242 3230
283.358 3570
283.474 1530
283.794 1870
284.011 680
284.118 2040
284.24 2380
284.444 2720
284.551 3060
284.667 3400
284.78 3740
284.887 1700
285.107 2040
285.32 850
286.216 340
288.63 680
288.74 1020
289.053 1360
289.163 1700
289.273 2040
289.386 2380
289.492 1020
290.016 1360
290.126 1700
290.236 2040
290.349 2380
290.575 1020
291.682 340
292.095 680
292.205 1020
292.318 1360
292.531 680
292.638 1700
292.754 2040
292.965 850
293.178 1870
293.395 2210
294.502 340
296.915 680
297.025 1020
297.135 1360
297.248 1700
297.358 2040
297.468 850
297.574 2210
297.694 850
297.8 2210
298.02 850
298.237 1190
298.347 1530
298.46 1870
298.57 2210
298.783 2550
298.89 1020
298.997 2040
299.223 850
299.33 2210
299.439 2550
299.556 2890
299.675 3230
299.779 1360
300.885 340
306.992 680
306.992 1700
307.209 680
307.315 1020
307.432 1360
307.538 680
307.645 1700
307.758 2040
307.965 850
308.182 1190
308.292 1530
308.399 1870
308.515 2210
308.628 2550
308.738 2890
308.838 1190
308.945 2210
309.064 2550
309.171 1020
309.278 2040
309.494 850
310.391 340
310.498 680
310.498 3060
311.498 340
311.911 680
312.021 1020
312.131 1360
312.244 1530
312.564 680
312.778 1700
312.894 2040
313.007 850
313.114 2210
313.236 2550
313.346 2890
313.45 1190
313.663 1530
313.77 1870
313.993 680
315.099 340
315.206 680
315.423 1020
315.636 680
315.743 1700
315.957 2040
316.179 850
317.066 340
317.173 680
317.173 1700
317.283 2040
317.396 850
318.503 340
318.916 680
319.026 1020
319.243 1360
319.356 1700
319.466 2040
319.573 850
319.679 2210
319.802 850
319.909 2210
320.135 850
320.241 2210
320.351 2550
320.571 1020
321.678 340
322.091 680
322.521 1360
322.634 1700
322.748 680
322.961 1360
323.071 1700
323.181 2040
323.291 850
323.504 1190
323.817 1530
324.927 340
326.447 680
326.557 1020
326.67 1360
327.67 340
327.777 680
327.884 1020
328.207 680
328.994 340
329.1 680
329.1 1360
330.1 340
330.514 680
330.624 1020
330.734 1360
330.847 1700
331.063 2040
331.18 2380
331.28 1020
331.387 2040
331.506 2380
331.613 1020
332.02 2040
332.243 850
333.136 340
333.55 680
333.66 1020
333.973 1360
334.082 1700
334.296 680
334.403 1700
334.513 2040
334.623 850
334.839 1190
334.949 1530
335.062 1870
335.272 2210
335.389 850
335.602 1870
335.718 2210
335.838 2550
336.045 1020
336.152 2040
336.261 2380
336.381 2720
336.481 1190
336.805 1530
337.235 680
337.341 1700
337.451 2040
337.571 2380
337.687 1020
337.794 2040
337.907 850
338.12 2210
338.349 850
339.24 340
339.653 680
340.653 340
343.067 680
343.176 1020
343.286 1360
343.506 680
344.396 340
350.81 680
350.92 1020
351.029 1360
351.143 1700
351.252 2040
351.365 2380
351.576 2720
351.683 3060
351.799 3400
351.912 3740
352.015 1700
352.122 2720
352.238 3060
352.361 1360
352.468 2380
352.584 2720
352.697 1190
352.91 1870
353.023 2210
353.234 2550
353.35 2890
353.457 3230
353.573 3570
353.689 1530
353.906 1870
354.229 680
354.336 1700
354.446 2040
354.552 2380
354.669 1020
355.559 340
355.665 680
355.772 1360
355.989 1700
356.102 2040
356.212 2380
356.328 2720
356.435 3060
356.551 1360
356.764 2040
356.984 850
357.091 2210
357.201 2550
357.213 1020
358.201 340
358.308 680
358.308 1700
358.527 680
358.634 2040
358.854 850
358.961 2210
359.074 2550
359.18 1020
359.287 2040
359.41 2380
359.52 1020
359.626 2040
359.746 2380
359.859 1020
360.072 2040
360.182 2380
360.295 1020
361.282 340
361.389 680
361.389 1020
361.606 1360
361.822 680
361.929 1700
362.045 2040
362.152 2380
362.268 2720
362.472 3060
362.482 1360
362.815 1700
363.141 680
364.248 340
364.355 680
364.574 1020
364.788 1360
365.001 680
365.788 340
368.615 680
368.725 1020
369.838 340
372.251 680
372.361 1020
372.471 1360
372.584 1700
372.911 680
374.017 340
374.431 680
374.541 1020
374.651 1360
374.764 1700
374.874 680
375.98 340
376.394 680
377.394 340
379.501 680
379.611 1020
379.827 680
380.611 340
380.717 680
380.717 1360
380.833 1700
380.943 2040
381.154 850
381.367 1530
381.483 1870
381.694 2210
381.8 2550
381.917 2890
382.03 3230
382.14 3570
382.234 1530
382.447 1870
382.469 2210
382.576 850
383.469 340
383.883 680
383.993 1020
384.316 680
384.423 1700
384.643 680
385.536 340
391.949 680
392.059 1020
392.276 680
392.383 1700
392.499 680
392.606 1700
392.715 2040
392.828 2380
393.045 2720
393.155 1190
393.582 1530
393.695 1870
393.805 2210
393.915 850
394.128 1870
394.342 2210
394.448 2550
394.562 1020
394.775 1360
394.998 680
395.105 1700
395.215 2040
395.431 850
396.331 340
396.744 680
397.051 1020
397.265 680
397.371 1360
397.478 1700
397.588 2040
397.701 2380
397.811 2720
397.924 3060
398.134 3400
398.153 1530
398.263 2550
398.376 1020
398.69 1700
398.797 2040
398.91 2380
399.13 1020
399.87 1360
399.979 1700
400.096 2040
