0.0 0
0.569875 3400
1.14284 3740
1.14914 4080
1.15545 4420
1.16175 4760
1.16805 5100
1.37121 5440
1.71852 5780
1.72483 6120
1.73113 6460
1.73743 6800
1.74374 7140
1.75004 7480
1.75635 7820
1.94689 8160
2.29421 8500
2.30051 8840
2.30681 9180
2.31312 9520
2.31942 9860
2.32573 10200
2.33203 10540
2.33833 10880
2.34464 11220
2.35094 11560
2.51942 11900
2.52573 12240
2.86989 12580
2.87619 12920
2.8825 13260
2.8888 13600
2.8951 13940
2.90141 14280
2.90771 14620
2.91402 14960
2.92032 15300
2.92662 15640
2.93293 15980
2.93923 16320
2.94554 16660
2.95184 17000
2.95814 17340
3.0951 17680
3.10141 18020
3.10771 18360
3.44557 18700
3.45188 19040
3.45818 19380
3.46448 19720
3.47079 20060
3.47709 20400
3.4834 20740
3.4897 21080
3.496 21420
3.50231 21760
3.50861 22100
3.51492 22440
3.52122 22780
3.52752 23120
3.53383 23460
3.54013 23800
3.54644 24140
3.55274 24480
3.55904 24820
3.56535 25160
3.57165 25500
3.57796 25840
3.66764 26180
3.67394 26520
3.68024 26860
3.68655 27200
3.69285 27540
4.02126 27880
4.02756 28220
4.03386 28560
4.04017 28900
4.04647 29240
4.05278 29580
4.05908 29920
4.06538 30260
4.07169 30600
4.07799 30940
4.0843 31280
4.0906 31620
4.0969 31960
4.10321 32300
4.10951 32640
4.11582 32980
4.12212 33320
4.12842 33660
4.13473 34000
4.14103 34340
4.14734 34680
4.15364 35020
4.15994 35360
4.16625 35700
4.17255 36040
4.17886 36380
4.18516 36720
4.19146 37060
4.19777 37400
4.20407 37740
4.21038 38080
4.21668 38420
4.22298 38760
4.24332 39100
4.24962 39440
4.25593 39780
4.26223 40120
4.26854 40460
4.27484 40800
4.28114 41140
4.4843 41480
4.59694 41820
4.60324 42160
4.60955 42500
4.61585 42840
4.62215 43180
4.62846 43520
4.63476 43860
4.64107 44200
4.64737 44540
4.65367 44880
4.65998 45220
4.66628 45560
4.67259 45900
4.67889 46240
4.68519 46580
4.6915 46920
4.6978 47260
4.70411 47600
4.71041 47940
4.71671 48280
4.72302 48620
4.72932 48960
4.73563 49300
4.74193 49640
4.74823 49980
4.75454 50320
4.76084 50660
4.7703 51000
4.77975 25330
5.43739 26010
6.00677 26350
6.58876 26690
7.16444 27030
7.62035 13260
8.19288 13940
8.70867 6800
9.28121 7820
9.86004 8160
10.4389 8500
11.1879 8840
11.7668 9180
12.3424 9520
12.9213 9860
13.6812 10200
14.2537 10540
14.8357 10880
15.4146 11220
15.9902 11560
16.5691 11900
17.2683 12240
17.8471 12580
18.4228 12920
19.0016 13260
19.5836 13600
20.1625 13940
20.7381 14280
21.317 14620
21.899 14960
22.4778 15300
23.0535 15640
23.6323 15980
24.034 7820
24.6066 8500
24.8215 4080
25.394 5100
26.176 5440
26.7517 5780
27.4755 6120
28.0544 6460
28.6301 6800
29.2089 7140
29.7909 7480
30.3634 7820
30.9454 8160
31.5242 8500
32.0999 8840
32.6787 9180
33.4126 9520
33.9915 9860
34.5671 10200
35.146 10540
35.728 10880
36.3068 11220
36.8825 11560
37.4613 11900
38.0433 12240
38.6221 12580
39.1978 12920
39.7767 13260
40.3587 13600
40.9375 13940
41.5132 14280
42.092 14620
42.674 14960
43.2528 15300
43.8285 15640
44.4073 15980
45.1231 16320
45.702 16660
46.2777 17000
46.8565 17340
47.5677 17680
48.1466 18020
48.7222 18360
49.3011 18700
49.8831 19040
50.4619 19380
51.0376 19720
51.6164 20060
52.1984 20400
52.7772 20740
53.3529 21080
53.9318 21420
54.5137 21760
55.0926 22100
55.6683 22440
56.2471 22780
56.8291 23120
57.4079 23460
57.9899 23800
58.5687 24140
59.1444 24480
59.7233 24820
60.3052 25160
60.8841 25500
61.4598 25840
62.0386 26180
62.6206 26520
63.1238 13090
63.6963 13770
63.9175 14110
64.4932 14450
65.0721 14790
65.654 15130
66.2329 15470
66.8086 15810
67.3874 16150
68.0811 16490
68.66 16830
69.2357 17170
69.8145 17510
70.3965 17850
70.9753 18190
71.551 18530
72.1298 18870
72.7118 19210
73.2907 19550
73.8663 19890
74.4452 20230
75.1186 20570
75.6974 20910
76.2731 21250
76.8519 21590
77.4339 21930
78.0064 22270
78.5884 22610
79.1673 22950
79.7429 23290
80.3218 23630
80.9038 23970
81.4826 24310
82.0583 24650
82.6371 24990
83.2191 25330
83.7979 25670
84.3736 26010
84.9525 26350
85.5345 26690
86.1133 27030
86.689 27370
87.2678 27710
87.8498 28050
88.4286 28390
89.0043 28730
89.5831 29070
90.1651 29410
90.744 29750
91.2125 14620
91.785 15300
92.0756 15640
92.6513 15980
93.3387 16320
93.9175 16660
94.4932 17000
94.9099 8330
95.4824 9010
95.6919 9350
96.2676 9690
96.8464 10030
97.5009 10370
98.0797 10710
98.6554 11050
99.2342 11390
99.8162 11730
100.395 12070
100.971 12410
101.55 12750
102.132 13090
102.71 13430
103.286 13770
103.865 14110
104.447 14450
105.026 14790
105.601 15130
106.18 15470
106.909 15810
107.487 16150
108.063 16490
108.642 16830
109.245 17170
109.824 17510
110.4 17850
110.979 18190
111.554 18530
112.133 18870
112.715 19210
113.294 19550
113.87 19890
114.448 20230
114.743 9860
115.316 10540
115.787 10880
116.363 11220
116.732 5440
117.305 6120
117.606 6460
118.181 6800
118.76 7140
119.342 7480
119.921 7820
120.497 8160
121.076 8500
121.832 8840
122.411 9180
122.987 9520
123.566 9860
124.191 10200
124.77 10540
125.345 10880
125.924 11220
126.506 11560
127.085 11900
127.661 12240
128.24 12580
128.5 6120
129.072 6800
129.641 7140
130.223 7480
130.799 7820
131.381 8160
131.96 8500
132.536 8840
133.114 9180
133.874 9520
134.453 9860
135.029 10200
135.608 10540
136.249 10880
136.828 11220
137.403 11560
137.982 11900
138.564 12240
139.143 12580
139.719 12920
140.297 13260
140.879 13600
141.458 13940
142.034 14280
142.613 14620
143.195 14960
143.774 15300
144.349 15640
144.928 15980
145.51 16320
146.089 16660
146.665 17000
147.243 17340
147.819 17680
148.398 18020
148.98 18360
149.559 18700
150.135 19040
150.713 19380
151.388 19720
151.967 20060
152.543 20400
153.122 20740
153.757 21080
154.336 21420
154.912 21760
155.49 22100
156.072 22440
156.651 22780
157.227 23120
157.806 23460
158.388 23800
158.967 24140
159.542 24480
160.121 24820
160.703 25160
161.282 25500
161.858 25840
162.436 26180
163.018 26520
163.597 26860
164.173 27200
164.752 27540
165.449 27880
166.028 28220
166.153 13940
166.725 14620
167.269 14960
167.845 15300
168.427 15640
169.006 15980
169.582 16320
170.161 16660
170.742 17000
171.321 17340
171.897 17680
172.476 18020
173.058 18360
173.637 18700
174.212 19040
174.791 19380
175.367 19720
175.946 20060
176.496 9860
177.069 10540
177.516 10880
178.092 11220
178.674 11560
179.249 11900
179.825 12240
180.404 12580
180.986 12920
181.565 13260
182.14 13600
182.719 13940
183.322 14280
183.901 14620
184.477 14960
185.056 15300
185.638 15640
186.217 15980
186.792 16320
187.371 16660
187.953 17000
188.532 17340
189.108 17680
189.686 18020
190.268 18360
190.847 18700
191.429 19040
192.008 19380
192.59 19720
193.169 20060
193.55 9860
194.123 10540
194.346 10880
194.924 11220
195.5 11560
196.079 11900
196.788 12240
197.367 12580
197.943 12920
198.522 13260
199.288 13600
199.86 13940
200.442 14280
201.021 14620
201.597 14960
202.176 15300
202.758 15640
203.337 15980
203.912 16320
204.079 7990
205.224 8330
205.617 8670
206.199 9010
206.778 9350
207.354 9690
207.933 10030
208.515 10370
209.087 10710
209.669 11050
210.248 11390
210.824 11730
211.396 5610
211.969 6630
212.754 6970
213.33 7310
214.034 7650
214.606 7990
215.188 8330
215.767 8670
216.343 9010
216.922 9350
217.672 9690
218.251 10030
218.639 4760
219.212 5440
219.437 5780
220.013 6120
220.595 6460
221.17 6800
221.749 7140
222.509 7480
223.088 7820
223.663 8160
224.242 8500
224.818 8840
225.397 9180
226.085 9520
226.307 4590
226.88 5270
227.243 5610
227.825 5950
228.401 6290
228.979 6630
229.561 6970
230.14 7310
230.716 7650
231.295 7990
232.045 8330
232.624 8670
233.2 9010
233.779 9350
234.545 9690
235.117 10030
235.699 10370
236.278 10710
236.638 5100
237.783 5440
238.159 5780
238.734 6120
239.313 6460
239.889 6800
240.468 7140
241.05 7480
241.629 7820
242.204 8160
242.783 8500
243.365 8840
243.944 9180
244.52 9520
245.098 9860
245.68 10200
246.259 10540
246.835 10880
247.414 11220
248.114 11560
248.693 11900
249.268 12240
249.847 12580
250.613 12920
251.192 13260
251.768 13600
252.347 13940
253.073 14280
253.645 14620
254.227 14960
254.806 15300
255.382 15640
255.961 15980
256.543 16320
257.122 16660
257.697 17000
258.276 17340
258.858 17680
259.437 18020
260.013 18360
260.591 18700
261.173 19040
261.752 19380
262.328 19720
262.907 20060
263.489 20400
264.068 20740
264.643 21080
265.222 21420
265.804 21760
266.383 22100
266.959 22440
267.538 22780
268.12 23120
268.698 23460
269.274 23800
269.853 24140
270.435 24480
271.014 24820
271.589 25160
272.168 25500
272.75 25840
273.329 26180
273.905 26520
274.484 26860
275.066 27200
275.644 27540
276.226 27880
276.805 28220
277.393 28560
277.972 28900
278.548 29240
279.127 29580
279.709 29920
280.294 30260
280.87 30600
281.448 30940
281.48 15300
282.056 15980
282.619 16320
283.194 16660
283.776 17000
284.352 17340
284.94 17680
285.519 18020
286.095 18360
286.674 18700
287.231 9180
287.803 9860
288.303 10200
288.879 10540
289.461 10880
290.036 11220
290.612 11560
291.191 11900
291.773 12240
292.352 12580
292.927 12920
293.506 13260
294.088 13600
294.667 13940
295.243 14280
295.822 14620
296.404 14960
296.982 15300
297.189 7480
297.761 8160
298.162 8500
298.744 8840
299.32 9180
299.877 4420
300.449 5100
300.996 5440
301.572 5780
302.154 6120
302.733 6460
303.309 6800
303.888 7140
304.47 7480
305.048 7820
305.624 8160
306.203 8500
306.785 8840
307.357 9180
307.939 9520
308.518 9860
309.094 10200
309.673 10540
310.248 5100
310.821 6120
311.409 6460
312.188 6800
312.764 7140
313.543 7480
314.118 7820
314.807 8160
315.385 8500
315.961 8840
316.54 9180
317.122 9520
317.701 9860
318.276 10200
318.855 10540
319.437 10880
320.016 11220
320.592 11560
321.171 11900
321.753 12240
322.268 5950
322.841 6630
322.923 6970
323.502 7310
324.084 7650
324.663 7990
325.238 8330
325.817 8670
326.399 9010
326.972 9350
327.554 9690
328.132 10030
328.708 10370
329.287 10710
329.99 11050
330.569 11390
331.145 11730
331.723 12070
332.49 12410
333.069 12750
333.644 13090
334.223 13430
334.899 13770
335.478 14110
336.053 14450
336.632 14790
337.255 15130
337.834 15470
338.41 15810
338.988 16150
339.57 16490
339.602 7990
340.75 8670
341.304 9010
341.879 9350
342.458 9690
343.04 10030
343.619 10370
344.201 4930
344.774 5950
345.346 6290
345.922 6630
346.504 6970
347.08 7310
347.846 7650
348.215 3570
348.788 4250
349.335 4590
349.917 4930
350.493 5270
351.075 5610
351.65 5950
352.232 6290
352.811 6630
353.387 6970
353.966 7310
354.541 7650
355.12 7990
355.702 8330
356.281 8670
356.857 9010
357.436 9350
358.018 4420
358.59 5440
359.175 5780
359.751 6120
360.327 6460
361.099 6800
361.675 7140
362.447 7480
363.026 7820
363.602 8160
364.181 8500
364.878 8840
365.457 9180
366.033 9520
366.612 9860
367.194 10200
367.773 10540
368.348 10880
368.927 11220
369.509 11560
370.088 11900
370.664 12240
371.242 12580
371.824 12920
372.403 13260
372.979 13600
373.558 13940
374.121 6800
374.693 7480
375.209 7820
375.785 8160
376.367 8500
376.943 8840
377.525 9180
378.1 9520
378.679 9860
379.261 10200
379.84 10540
380.416 10880
380.994 11220
381.576 11560
382.155 11900
382.731 12240
383.31 12580
383.892 12920
384.471 13260
385.046 13600
385.625 13940
386.207 14280
386.786 14620
387.362 14960
387.94 15300
388.522 15640
389.101 15980
389.677 16320
390.256 16660
390.838 17000
391.417 17340
391.992 17680
392.559 8670
393.131 9690
393.716 10030
394.495 10370
395.071 10710
395.85 11050
396.425 11390
397.082 11730
397.661 12070
398.237 12410
398.815 12750
399.397 13090
399.976 13430
