0.0 0
0.446593 3400
0.899362 3740
0.91197 4080
0.924578 4420
0.937186 4760
0.949794 5100
1.1561 5440
1.35757 5780
1.37018 6120
1.38279 6460
1.39539 6800
1.408 7140
1.42061 7480
1.43322 7820
1.61431 8160
1.81578 8500
1.82839 8840
1.841 9180
1.8536 9520
1.86621 9860
1.87882 10200
1.89143 10540
1.90404 10880
1.91664 11220
1.92925 11560
2.06621 11900
2.07882 12240
2.27399 12580
2.2866 12920
2.2992 13260
2.31181 13600
2.32442 13940
2.33703 14280
2.34964 14620
2.36224 14960
2.37485 15300
2.38746 15640
2.40007 15980
2.41268 16320
2.42528 16660
2.43789 17000
2.4505 17340
2.52442 17680
2.53703 18020
2.54964 18360
2.7322 18700
2.74481 19040
2.75741 19380
2.77002 19720
2.78263 20060
2.79524 20400
2.80785 20740
2.82045 21080
2.83306 21420
2.84567 21760
2.85828 22100
2.87089 22440
2.88349 22780
2.8961 23120
2.90871 23460
2.92132 23800
2.93393 24140
2.94653 24480
2.95914 24820
2.97175 25160
2.98436 25500
2.99697 25840
3.00957 26180
3.02218 26520
3.03479 26860
3.0474 27200
3.06001 27540
3.19041 27880
3.20301 28220
3.21562 28560
3.22823 28900
3.24084 29240
3.25345 29580
3.26605 29920
3.27866 30260
3.29127 30600
3.30388 30940
3.31649 31280
3.32909 31620
3.3417 31960
3.35431 32300
3.36692 32640
3.37953 32980
3.39213 33320
3.40474 33660
3.41735 34000
3.42996 34340
3.44257 34680
3.45517 35020
3.46778 35360
3.48039 35700
3.493 36040
3.50561 36380
3.51821 36720
3.53082 37060
3.54343 37400
3.55604 37740
3.56865 38080
3.58125 38420
3.59386 38760
3.60647 39100
3.61908 39440
3.63169 39780
3.64429 40120
3.6569 40460
3.66951 40800
3.68212 41140
3.69473 41480
3.70733 41820
3.71994 42160
3.73255 42500
3.74516 42840
3.75777 43180
3.77037 43520
3.78298 43860
3.79559 44200
3.8082 44540
3.82081 44880
3.83341 45220
3.84602 45560
3.85863 45900
3.87124 46240
3.88385 46580
3.89645 46920
3.90906 47260
3.92167 47600
3.93428 47940
3.94689 48280
3.95949 48620
3.9721 48960
3.98471 49300
3.99732 49640
4.00993 49980
4.02253 50320
4.03514 50660
4.04775 51000
4.06036 51340
4.07297 51680
4.08557 52020
4.09818 52360
4.11079 52700
4.1234 53040
4.13601 53380
4.14861 53720
4.16122 54060
4.17383 54400
4.18644 54740
4.19905 55080
4.21165 55420
4.22426 55760
4.23687 56100
4.24948 56440
4.26209 56780
4.27469 57120
4.2873 57460
4.29991 57800
4.31252 58140
4.32513 58480
4.33773 58820
4.35034 59160
4.36295 59500
4.37556 59840
4.38817 60180
4.40077 60520
4.41338 60860
4.42599 61200
4.4386 61540
4.45121 61880
4.46381 62220
4.47642 62560
4.48903 62900
4.50164 63240
4.51425 63580
4.52685 63920
4.53946 64260
4.55207 64600
4.56468 64940
4.57729 65280
4.58989 65620
4.6025 65960
4.61511 66300
4.62772 66640
4.64033 66980
4.65293 67320
4.66554 67660
4.67815 68000
4.69076 68340
4.70337 68680
4.71597 69020
4.72858 69360
4.74119 69700
4.7538 70040
4.76641 70380
4.77901 70720
4.79162 71060
4.80423 71400
4.81684 71740
4.82945 72080
4.84205 72420
4.85466 72760
4.86727 73100
4.87988 73440
4.89249 73780
4.90509 74120
4.9177 74460
4.93031 74800
4.94292 75140
4.95553 75480
4.96813 75820
4.98074 76160
4.99335 76500
5.00596 76840
5.01857 77180
5.03117 77520
5.04378 77860
5.05639 78200
5.069 78540
5.08161 78880
5.09421 79220
5.10682 79560
5.11943 79900
5.13204 80240
5.14465 80580
5.15725 80920
5.16986 81260
5.18247 81600
5.19508 81940
5.20769 82280
5.22029 82620
5.2329 82960
5.24551 83300
5.25812 83640
5.27073 83980
5.28333 84320
5.29594 84660
5.30855 85000
5.32116 85340
5.33377 85680
5.34637 86020
5.35898 86360
5.37159 86700
5.3842 87040
5.39681 87380
5.40941 87720
5.42202 88060
5.43463 88400
5.44724 88740
5.45985 89080
5.47245 89420
5.48506 89760
5.49767 90100
5.51028 90440
5.52289 90780
5.53549 91120
5.5481 91460
5.56071 91800
5.57332 92140
5.58593 92480
5.59853 92820
5.61114 93160
5.62375 93500
5.63636 93840
5.64897 94180
5.66157 94520
5.67418 94860
5.68679 95200
5.6994 95540
5.71201 95880
5.72461 96220
5.73722 96560
5.74983 96900
5.76244 97240
5.77505 97580
5.78765 97920
5.80026 98260
5.81287 98600
5.82548 98940
5.83809 99280
5.85069 99620
5.8633 99960
5.87591 100300
5.88852 100640
5.90113 100980
5.91373 101320
5.92634 101660
5.93895 102000
5.95156 102340
5.96417 102680
5.97677 103020
5.98938 103360
6.00199 103700
6.0146 104040
6.02721 104380
6.03981 104720
6.05242 105060
6.06503 105400
6.07764 105740
6.09025 106080
6.10285 106420
6.11546 106760
6.12807 107100
6.14068 107440
6.15329 107780
6.16589 108120
6.1785 108460
6.19111 108800
6.20372 109140
6.21633 109480
6.22893 109820
6.24154 110160
6.25415 110500
6.26676 110840
6.27937 111180
6.29197 111520
6.30458 111860
6.31719 112200
6.3298 112540
6.34241 112880
6.35501 113220
6.36762 113560
6.38023 113900
6.39284 114240
6.40545 114580
6.41805 114920
6.43066 115260
6.44327 115600
6.45588 115940
6.46849 116280
6.48109 116620
6.4937 116960
6.50631 117300
6.51892 117640
6.53153 117980
6.54413 118320
6.55674 118660
6.56935 119000
6.58196 119340
6.59457 119680
6.60717 120020
6.61978 120360
6.63239 120700
6.645 121040
6.65761 121380
6.67021 121720
6.68282 122060
6.69543 122400
6.70804 122740
6.72695 61200
9.85856 340
10.0475 680
10.4994 1020
10.9513 1360
11.4032 1700
11.4222 2040
11.8678 2380
11.8867 2720
12.3197 3060
12.3386 3400
12.3575 3740
12.7779 4080
12.7968 4420
12.8157 4760
12.8346 5100
13.2361 5440
13.255 5780
13.2739 6120
13.2928 6460
13.3117 6800
13.688 7140
13.7069 7480
13.7258 7820
13.7447 8160
13.7636 8500
13.7825 8840
13.8015 9180
14.1462 9520
14.1651 9860
14.184 10200
14.2029 10540
14.2218 10880
14.2408 11220
14.2597 11560
14.2786 11900
14.2975 12240
14.5981 12580
14.617 12920
14.6359 13260
14.6548 13600
14.6737 13940
14.6927 14280
14.7116 14620
14.7305 14960
14.7494 15300
14.7683 15640
14.7872 15980
14.8061 16320
15.05 16660
15.0689 17000
15.0878 17340
15.1067 17680
15.1257 18020
15.1446 18360
15.1635 18700
15.1824 19040
15.2013 19380
15.2202 19720
15.2391 20060
15.258 20400
15.2769 20740
15.2959 21080
15.3148 21420
15.3337 21760
15.5019 22100
15.5208 22440
15.5397 22780
15.5586 23120
15.5776 23460
15.5965 23800
15.6154 24140
15.6343 24480
15.6532 24820
15.6721 25160
15.691 25500
15.7099 25840
15.7289 26180
15.7478 26520
15.7667 26860
15.7856 27200
15.8045 27540
15.8234 27880
15.8423 28220
15.8612 28560
15.8801 28900
15.8991 29240
15.9664 29580
15.9853 29920
16.0042 30260
16.0232 30600
16.5716 15130
17.7126 15470
18.0404 15810
18.6078 16150
19.1941 16490
19.7677 16830
20.3666 17170
20.9781 17510
21.5959 17850
22.2137 18190
22.863 18530
23.506 18870
24.149 19210
24.8172 19550
25.4918 19890
26.16 20230
26.8408 20570
27.5595 20910
28.2718 21250
28.9968 21590
29.7091 21930
30.4656 22270
31.2095 22610
31.966 22950
32.7288 23290
33.5105 23630
34.3048 23970
35.1054 24310
35.8997 24650
36.7444 24990
37.5891 25330
38.4591 25670
39.3353 26010
40.2179 26350
41.1005 26690
42.0019 27030
42.8971 27370
43.8049 27710
44.719 28050
45.652 28390
46.5786 28730
47.5369 29070
48.4888 29410
49.4785 29750
50.4556 30090
51.4453 30430
52.4666 30770
53.4815 31110
54.5091 31450
55.5618 31790
56.6083 32130
57.6737 32470
58.7391 32810
59.8297 33150
60.9202 33490
62.0297 33830
63.1582 34170
64.2929 34510
65.4339 34850
66.5749 35190
67.7286 35530
68.8948 35870
70.0737 36210
71.2525 36550
72.444 36890
73.648 37230
74.8584 37570
76.0877 37910
77.3233 38250
78.5651 38590
79.807 38930
81.0741 39270
82.3286 39610
83.4381 39950
84.1694 40290
84.9133 40630
85.6697 40970
86.4262 41310
87.1827 41650
87.9518 41990
88.7335 42330
89.5152 42670
90.2969 43010
91.0912 43350
91.8981 43690
92.705 44030
93.5119 44370
94.3314 44710
95.1636 45050
95.9957 45390
96.8278 45730
97.6726 46070
98.5299 46410
99.3873 46750
100.245 47090
101.115 47430
101.997 47770
102.88 48110
103.762 48450
104.657 48790
105.565 49130
106.473 49470
107.381 49810
108.301 50150
109.234 50490
110.167 50830
111.1 51170
112.046 51510
113.004 51850
113.962 52190
114.92 52530
115.891 52870
116.875 53210
117.858 53550
118.841 53890
119.837 54230
120.846 54570
121.855 54910
122.863 55250
123.885 55590
124.918 55930
125.952 56270
126.986 56610
128.033 56950
129.092 57290
130.151 57630
131.21 57970
132.282 58310
133.366 58650
134.45 58990
135.534 59330
136.631 29410
137.716 30430
138.27 30770
138.838 31110
139.418 31450
139.998 31790
140.578 32130
141.17 32470
141.775 32810
142.381 33150
142.986 33490
143.604 33830
144.234 34170
144.864 34510
145.495 34850
146.138 35190
146.793 35530
147.436 35870
148.105 36210
148.773 36550
149.441 36890
150.122 37230
150.815 37570
151.509 37910
152.202 38250
152.908 38590
153.627 38930
154.346 39270
155.064 39610
155.795 39950
156.539 40290
157.283 40630
158.027 40970
158.784 41310
159.553 41650
160.322 41990
161.091 42330
161.873 42670
162.667 43010
163.461 43350
164.255 43690
165.075 21590
165.876 22610
166.334 22950
166.792 23290
167.256 23630
167.727 23970
168.192 24310
168.65 24650
169.115 24990
169.585 25330
170.052 25670
170.518 26010
170.997 26350
171.489 26690
171.981 27030
172.473 27370
172.977 27710
173.494 28050
174.011 28390
174.528 28730
175.057 29070
175.599 29410
176.141 29750
176.684 30090
177.238 30430
177.806 30770
178.373 31110
178.94 31450
179.52 31790
180.113 32130
180.706 32470
181.298 32810
181.903 33150
182.521 33490
183.139 33830
183.757 34170
184.387 34510
185.03 34850
185.673 35190
186.316 35530
186.972 35870
187.64 36210
188.308 36550
188.976 36890
189.657 37230
190.351 37570
191.044 37910
191.738 38250
192.444 38590
193.162 38930
193.881 39270
194.6 39610
195.331 39950
196.075 40290
196.819 40630
197.562 40970
198.319 41310
199.088 41650
199.857 41990
200.626 42330
201.408 42670
202.202 43010
202.997 43350
203.791 43690
204.598 44030
205.417 44370
206.237 44710
207.056 45050
207.888 45390
208.733 45730
209.578 46070
210.423 46410
211.28 46750
212.15 47090
213.007 47430
213.89 47770
214.772 48110
215.062 23800
215.945 24480
216.258 24820
216.716 25160
217.183 25500
217.662 25840
218.141 26180
218.62 26520
219.112 26860
219.616 27200
220.121 27540
220.625 27880
221.142 28220
221.671 28560
222.201 28900
222.73 29240
223.273 29580
223.827 29920
224.382 30260
224.937 30600
225.504 30940
226.084 31280
226.664 31620
227.244 31960
227.837 32300
228.442 32640
229.047 32980
229.652 33320
230.27 33660
230.9 34000
231.531 34340
232.161 34680
232.804 35020
233.46 35360
234.115 35700
234.771 36040
235.439 36380
236.12 36720
236.801 37060
237.482 37400
238.175 37740
238.881 38080
239.587 38420
240.293 38760
241.012 39100
241.743 39440
242.475 39780
243.206 40120
243.95 40460
244.706 40800
245.463 41140
246.219 41480
246.988 41820
247.77 42160
248.337 20910
249.106 21590
249.281 21930
249.745 22270
250.204 22610
250.668 22950
251.139 23290
251.603 23630
252.062 23970
252.526 24310
252.997 24650
253.461 24990
253.92 25330
254.386 25670
254.865 26010
255.344 26350
255.823 26690
256.315 27030
256.82 27370
257.324 27710
257.828 28050
258.345 28390
258.875 28730
259.404 29070
259.934 29410
260.476 29750
261.031 30090
261.585 30430
262.14 30770
262.707 31110
263.287 31450
263.867 31790
264.447 32130
265.04 32470
265.645 32810
266.25 33150
266.855 33490
267.473 33830
268.104 34170
268.734 34510
269.364 34850
270.007 35190
270.663 35530
271.319 35870
271.974 36210
272.643 36550
273.323 36890
274.004 37230
274.685 37570
275.379 37910
276.085 38250
276.791 38590
277.497 38930
278.215 39270
278.947 39610
279.678 39950
280.409 40290
281.153 40630
281.909 40970
282.666 41310
283.422 41650
284.191 41990
284.973 42330
285.755 42670
286.537 43010
287.331 43350
288.138 43690
288.945 44030
289.752 44370
290.571 44710
291.403 45050
292.235 45390
293.068 45730
293.912 46070
294.77 46410
295.627 46750
296.484 47090
297.354 47430
298.237 47770
299.119 48110
300.002 48450
300.897 48790
301.805 49130
302.713 49470
303.62 49810
304.541 50150
305.474 50490
306.407 50830
307.34 51170
308.285 51510
309.244 51850
310.202 52190
311.16 52530
312.131 52870
313.114 53210
314.098 53550
315.081 53890
316.077 54230
317.086 54570
318.094 54910
319.103 55250
320.124 55590
321.158 55930
322.192 56270
322.242 27880
323.265 340
323.27 680
323.283 1020
323.295 1360
323.308 1700
323.32 2040
323.333 2380
323.346 2720
323.358 3060
323.371 3400
323.383 3740
323.396 4080
323.409 4420
323.421 4760
323.434 5100
323.447 5440
323.459 5780
323.472 6120
323.484 6460
323.497 6800
323.51 7140
323.522 7480
323.535 7820
323.547 8160
323.56 8500
323.573 8840
323.585 9180
323.598 9520
323.61 9860
323.623 10200
323.636 10540
323.648 10880
323.661 11220
323.673 11560
323.686 11900
323.699 12240
323.711 12580
323.724 12920
323.736 13260
323.749 13600
323.762 13940
323.793 6800
324.676 7140
324.814 7480
324.972 7820
325.262 8160
325.552 8500
325.855 8840
326.164 9180
326.485 9520
326.819 9860
327.153 10200
327.506 10540
327.859 10880
328.219 11220
328.591 11560
328.969 11900
329.372 12240
329.782 12580
330.204 12920
330.639 13260
331.074 13600
331.541 13940
332.007 14280
332.468 14620
332.947 14960
333.445 15300
333.949 15640
334.46 15980
334.995 16320
335.531 16660
336.086 17000
336.647 17340
337.233 17680
337.807 18020
338.412 18360
339.005 18700
339.623 19040
340.278 19380
340.909 19720
341.577 20060
342.239 20400
342.938 20740
343.638 21080
344.344 21420
345.069 21760
345.8 22100
346.563 22440
347.301 22780
348.057 23120
348.839 23460
349.621 23800
350.421 24140
351.228 24480
352.035 24820
352.861 25160
353.687 25500
354.532 25840
355.395 26180
356.265 26520
357.141 26860
358.043 27200
358.963 27540
359.884 27880
360.823 28220
361.75 28560
362.708 28900
363.672 29240
364.656 29580
365.633 29920
366.616 30260
367.631 30600
368.64 30940
369.667 31280
370.72 31620
371.779 31960
372.857 32300
373.929 32640
375.026 32980
376.142 33320
377.182 33660
377.869 34000
378.569 34340
379.256 34680
379.956 35020
380.643 35360
381.342 35700
382.03 36040
382.729 36380
383.416 36720
384.116 37060
384.803 37400
385.497 37740
386.203 38080
386.909 38420
387.615 38760
388.334 39100
389.065 39440
389.796 39780
390.527 40120
391.271 40460
392.028 40800
392.784 41140
393.541 41480
394.31 41820
395.091 42160
395.873 42500
396.655 42840
397.449 43180
398.256 43520
399.063 43860
399.87 44200
