0.0 0
0.477645 3400
0.961467 3740
0.974075 4080
0.986683 4420
0.999291 4760
1.0119 5100
1.2182 5440
1.45073 5780
1.46334 6120
1.47594 6460
1.48855 6800
1.50116 7140
1.51377 7480
1.52638 7820
1.70746 8160
1.93999 8500
1.9526 8840
1.96521 9180
1.97781 9520
1.99042 9860
2.00303 10200
2.01564 10540
2.02825 10880
2.04085 11220
2.05346 11560
2.19042 11900
2.20303 12240
2.42925 12580
2.44186 12920
2.45447 13260
2.46708 13600
2.47968 13940
2.49229 14280
2.5049 14620
2.51751 14960
2.53012 15300
2.54272 15640
2.55533 15980
2.56794 16320
2.58055 16660
2.59316 17000
2.60576 17340
2.67968 17680
2.69229 18020
2.7049 18360
2.91851 18700
2.93112 19040
2.94373 19380
2.95634 19720
2.96894 20060
2.98155 20400
2.99416 20740
3.00677 21080
3.01938 21420
3.03198 21760
3.04459 22100
3.0572 22440
3.06981 22780
3.08242 23120
3.09502 23460
3.10763 23800
3.12024 24140
3.13285 24480
3.14546 24820
3.15806 25160
3.17067 25500
3.18328 25840
3.19589 26180
3.2085 26520
3.2211 26860
3.23371 27200
3.24632 27540
3.40777 27880
3.42038 28220
3.43299 28560
3.4456 28900
3.45821 29240
3.47081 29580
3.48342 29920
3.49603 30260
3.50864 30600
3.52125 30940
3.53385 31280
3.54646 31620
3.55907 31960
3.57168 32300
3.58429 32640
3.59689 32980
3.6095 33320
3.62211 33660
3.64733 34000
3.65993 34340
3.67254 34680
3.68515 35020
3.69776 35360
3.71037 35700
3.72297 36040
3.73558 36380
3.74819 36720
3.7608 37060
3.77341 37400
3.78601 37740
3.79862 38080
3.81123 38420
3.82384 38760
3.83645 39100
3.84905 39440
3.86166 39780
3.87427 40120
3.88688 40460
3.89949 40800
3.91209 41140
3.9247 41480
3.93731 41820
3.94992 42160
3.96253 42500
3.97513 42840
3.98774 43180
4.00035 43520
4.01296 43860
4.02557 44200
4.03817 44540
4.05078 44880
4.06339 45220
4.076 45560
4.08861 45900
4.10121 46240
4.11382 46580
4.12643 46920
4.13904 47260
4.15165 47600
4.16425 47940
4.17686 48280
4.18947 48620
4.20208 48960
4.21469 49300
4.22729 49640
4.2399 49980
4.25251 50320
4.26512 50660
4.27773 51000
4.29033 51340
4.30294 51680
4.31555 52020
4.32816 52360
4.34077 52700
4.35337 53040
4.36598 53380
4.37859 53720
4.3912 54060
4.40381 54400
4.41641 54740
4.42902 55080
4.44163 55420
4.45424 55760
4.46685 56100
4.47945 56440
4.49206 56780
4.50467 57120
4.51728 57460
4.52989 57800
4.54249 58140
4.5551 58480
4.56771 58820
4.58032 59160
4.59293 59500
4.60553 59840
4.61814 60180
4.63075 60520
4.64336 60860
4.65597 61200
4.66857 61540
4.68118 61880
4.69379 62220
4.7064 62560
4.71901 62900
4.73161 63240
4.74422 63580
4.75683 63920
4.76944 64260
4.78205 64600
4.79465 64940
4.80726 65280
4.81987 65620
4.83248 65960
4.84509 66300
4.85769 66640
4.8703 66980
4.88291 67320
4.89552 67660
4.90813 68000
4.92073 68340
4.93334 68680
4.94595 69020
4.95856 69360
4.97117 69700
4.98377 70040
4.99638 70380
5.00899 70720
5.0216 71060
5.03421 71400
5.04681 71740
5.05942 72080
5.07203 72420
5.08464 72760
5.09725 73100
5.10985 73440
5.12246 73780
5.13507 74120
5.14768 74460
5.16029 74800
5.17289 75140
5.1855 75480
5.19811 75820
5.21072 76160
5.22333 76500
5.23593 76840
5.24854 77180
5.26115 77520
5.27376 77860
5.28637 78200
5.29897 78540
5.31158 78880
5.32419 79220
5.3368 79560
5.34941 79900
5.36201 80240
5.37462 80580
5.38723 80920
5.39984 81260
5.41245 81600
5.42505 81940
5.43766 82280
5.45027 82620
5.46288 82960
5.47549 83300
5.48809 83640
5.5007 83980
5.51331 84320
5.52592 84660
5.53853 85000
5.55113 85340
5.56374 85680
5.57635 86020
5.58896 86360
5.60157 86700
5.61417 87040
5.62678 87380
5.63939 87720
5.652 88060
5.66461 88400
5.67721 88740
5.68982 89080
5.70243 89420
5.71504 89760
5.72765 90100
5.74025 90440
5.75286 90780
5.76547 91120
5.77808 91460
5.79069 91800
5.80329 92140
5.8159 92480
5.82851 92820
5.84112 93160
5.85373 93500
5.86633 93840
5.87894 94180
5.89155 94520
5.90416 94860
5.91677 95200
5.92937 95540
5.94198 95880
5.95459 96220
5.9672 96560
5.97981 96900
5.99241 97240
6.00502 97580
6.01763 97920
6.03024 98260
6.04285 98600
6.05545 98940
6.06806 99280
6.08067 99620
6.09328 99960
6.10589 100300
6.11849 100640
6.1311 100980
6.14371 101320
6.15632 101660
6.16893 102000
6.18153 102340
6.19414 102680
6.20675 103020
6.21936 103360
6.23197 103700
6.24457 104040
6.25718 104380
6.26979 104720
6.2824 105060
6.29501 105400
6.30761 105740
6.32022 106080
6.33283 106420
6.34544 106760
6.35805 107100
6.37065 107440
6.38326 107780
6.39587 108120
6.40848 108460
6.42109 108800
6.43369 109140
6.4463 109480
6.45891 109820
6.47152 110160
6.48413 110500
6.49673 110840
6.50934 111180
6.52195 111520
6.53456 111860
6.54717 112200
6.55977 112540
6.57238 112880
6.58499 113220
6.5976 113560
6.61021 113900
6.62281 114240
6.63542 114580
6.64803 114920
6.66064 115260
6.67325 115600
6.68585 115940
6.69846 116280
6.71107 116620
6.72368 116960
6.73629 117300
6.74889 117640
6.7615 117980
6.77411 118320
6.78672 118660
6.79933 119000
6.81193 119340
6.82454 119680
6.83715 120020
6.84976 120360
6.86237 120700
6.87497 121040
6.88758 121380
6.90019 121720
6.9128 122060
6.92541 122400
6.93801 122740
6.95062 123080
6.96323 123420
6.97584 123760
6.98845 124100
7.00105 124440
7.01366 124780
7.02627 125120
7.03888 125460
7.05149 125800
7.06409 126140
7.0767 126480
7.08931 126820
7.10192 127160
7.11453 127500
7.12713 127840
7.14605 63750
10.4037 340
10.6539 680
11.1368 1020
11.6198 1360
12.1027 1700
12.1217 2040
12.5983 2380
12.6172 2720
13.0813 3060
13.1002 3400
13.1191 3740
13.5705 4080
13.5894 4420
13.6084 4760
13.6273 5100
14.0598 5440
14.0787 5780
14.0976 6120
14.1165 6460
14.1354 6800
14.5428 7140
14.5617 7480
14.5806 7820
14.5995 8160
14.6184 8500
14.6373 8840
14.6562 9180
15.032 9520
15.0509 9860
15.0698 10200
15.0887 10540
15.1077 10880
15.1266 11220
15.1455 11560
15.1644 11900
15.1833 12240
15.515 12580
15.5339 12920
15.5528 13260
15.5717 13600
15.5906 13940
15.6095 14280
15.6284 14620
15.6474 14960
15.6663 15300
15.6852 15640
15.7041 15980
15.723 16320
15.9979 16660
16.0168 17000
16.0358 17340
16.0547 17680
16.0736 18020
16.0925 18360
16.1114 18700
16.1303 19040
16.1492 19380
16.1681 19720
16.187 20060
16.206 20400
16.2249 20740
16.2438 21080
16.2627 21420
16.2816 21760
16.4809 22100
16.4998 22440
16.5187 22780
16.5376 23120
16.5565 23460
16.5754 23800
16.5944 24140
16.6133 24480
16.6322 24820
16.6511 25160
16.67 25500
16.6889 25840
16.7078 26180
16.7267 26520
16.7457 26860
16.7646 27200
16.7835 27540
16.8024 27880
16.8213 28220
16.8402 28560
16.8591 28900
16.878 29240
16.9765 29580
16.9954 29920
17.0143 30260
17.0332 30600
17.0521 30940
17.071 31280
17.0899 31620
17.1088 31790
17.6762 15640
19.2963 16660
19.435 17000
19.7502 17340
20.0654 17680
20.6076 18020
21.2569 18360
21.9062 18700
22.5744 19040
23.2615 19380
23.955 19720
24.661 20060
25.3671 20400
26.1046 20740
26.8296 21080
27.1322 10370
28.2165 10710
28.4182 11050
28.6199 11390
28.8217 11730
29.2125 12070
29.4205 5780
30.2905 6120
30.404 6460
30.5174 6800
30.6435 7140
30.7822 7480
30.9524 7820
31.2298 8160
31.5072 8500
31.8098 8840
32.1061 9180
32.4339 9520
32.7617 9860
33.1147 10200
33.4551 10540
33.8397 10880
34.2116 11220
34.615 11560
35.0059 11900
35.4157 12240
35.8128 12580
36.2541 12920
36.6765 13260
37.1429 13600
37.5968 13940
38.1012 14280
38.5929 14620
39.1098 14960
39.6456 15300
40.1689 15640
40.7236 15980
41.2847 16320
41.8457 16660
42.432 17000
43.0246 17340
43.6235 17680
44.2223 18020
44.8464 18360
45.2373 9010
46.2081 9350
46.3846 9690
46.5611 10030
46.7376 10370
47.0024 10710
47.3806 11050
47.4437 5270
48.3073 5610
48.4082 5950
48.5091 6290
48.6225 6630
48.736 6970
48.8621 7310
49.1205 7650
49.3853 7990
49.6564 8330
49.9338 8670
50.2301 9010
50.5453 9350
50.8605 9690
51.1883 10030
51.5224 10370
51.8691 10710
52.2158 11050
52.5941 11390
52.966 11730
53.3568 12070
53.754 12410
54.1511 12750
54.5672 13090
54.9959 13430
55.4182 13770
55.8784 14110
56.3323 14450
56.824 14790
57.3157 15130
57.8201 15470
58.3496 15810
58.8728 16150
59.415 16490
59.9508 16830
60.5119 17170
61.0855 17510
61.6592 17850
62.2518 18190
62.8696 18530
63.4685 18870
64.0862 19210
64.7166 19550
65.366 19890
66.009 20230
66.6835 20570
67.3706 20910
67.5661 10200
68.644 10540
68.8332 10880
69.0349 11220
69.2681 11560
69.6842 11900
70.1066 12240
70.5415 12580
70.9765 12920
71.4304 13260
71.8906 13600
72.3571 13940
72.8236 14280
73.309 14620
73.7818 14960
74.2924 15300
74.7967 15640
75.32 15980
75.8747 16320
76.4232 16660
76.9779 17000
77.5642 17340
78.1442 17680
78.7493 18020
79.3608 18360
79.966 18700
80.5775 19040
81.2016 19380
81.8572 19720
82.5002 20060
83.1685 20400
83.8241 20740
84.5175 21080
85.2173 21420
85.9359 21760
86.6609 22100
87.3921 22440
88.1486 22780
88.9114 23120
89.6805 23460
90.4748 23800
91.2628 24140
92.0634 24480
92.8829 24820
93.7277 25160
94.5661 25500
95.4234 25840
96.2934 26180
97.1759 26520
97.7181 13090
98.7645 13430
99.0167 13770
99.2689 14110
99.6912 14450
100.208 14790
100.731 15130
101.255 15470
101.797 15810
102.345 16150
102.9 16490
103.467 16830
104.028 17170
104.602 17510
105.182 17850
105.794 18190
106.411 18530
106.796 9010
107.666 9350
107.842 9690
108.019 10030
108.195 10370
108.555 10710
108.927 11050
109.311 11390
109.696 11730
110.099 12070
110.509 12410
110.931 12750
111.347 13090
111.77 13430
112.217 13770
112.671 14110
113.138 14450
113.623 14790
114.121 15130
114.625 15470
115.142 15810
115.678 16150
116.208 16490
116.75 16830
117.311 17170
117.885 17510
118.439 17850
119.013 18190
119.612 18530
120.204 18870
120.816 19210
121.415 19550
122.045 19890
122.676 20230
123.325 20570
123.974 20910
124.642 21250
125.33 21590
126.042 21930
126.767 22270
127.504 22610
128.255 22950
129.017 23290
129.787 23630
130.562 23970
131.344 24310
132.144 24650
132.957 24990
133.79 25330
134.628 25670
135.485 26010
136.355 26350
137.238 26690
138.12 27030
139.016 27370
139.923 27710
140.844 28050
141.77 28390
141.909 13940
142.842 14620
143.069 14960
143.346 15300
143.718 15640
144.279 15980
144.853 16320
145.433 16660
146.013 17000
146.612 17340
147.211 17680
147.81 18020
148.434 18360
149.064 18700
149.713 19040
150.382 19380
151.031 19720
151.68 20060
152.374 20400
153.055 20740
153.363 10200
154.233 10540
154.435 10880
154.637 11220
155.021 11560
155.412 11900
155.835 12240
156.282 12580
156.736 12920
157.209 13260
157.688 13600
158.167 13940
158.671 14280
159.176 14620
159.699 14960
160.229 15300
160.758 15640
161.294 15980
161.855 16320
162.41 16660
162.99 17000
163.582 17340
164.181 17680
164.774 18020
165.392 18360
166.016 18700
166.665 19040
167.327 19380
167.989 19720
168.644 20060
169.332 20400
170.012 20740
170.725 21080
171.431 21420
172.156 21760
172.887 22100
173.625 22440
174.368 22780
175.119 23120
175.875 23460
176.493 11560
177.3 11900
177.527 12240
177.754 12580
178.176 12920
178.636 13260
179.096 13600
179.569 13940
180.055 14280
180.54 14620
181.038 14960
181.523 15300
182.04 15640
182.576 15980
183.118 16320
183.673 16660
184.228 17000
184.562 8330
185.274 8670
185.426 9010
185.59 9350
185.848 9690
186.188 10030
186.535 10370
186.894 10710
187.26 11050
187.619 11390
188.01 11730
188.407 12070
188.817 12410
189.246 12750
189.681 13090
190.122 13430
190.582 13770
191.036 14110
191.509 14450
192.007 14790
192.511 15130
193.009 15470
193.52 15810
194.031 16150
194.566 16490
195.102 16830
195.657 17170
196.218 17510
196.792 17850
197.397 18190
197.416 8840
198.223 9180
198.399 9520
198.62 9860
198.973 10200
199.332 10540
199.698 10880
200.076 11220
200.461 11560
200.839 11900
201.249 12240
201.658 12580
202.081 12920
202.219 6290
202.91 6630
203.024 6970
203.15 7310
203.368 7650
203.633 7990
203.927 8330
204.211 8670
204.517 9010
204.82 9350
205.128 9690
205.431 10030
205.765 10370
206.099 10710
206.446 11050
206.793 11390
207.171 11730
207.53 12070
207.927 12410
208.331 12750
208.747 13090
209.182 13430
209.617 13770
210.064 14110
210.537 14450
211.004 14790
211.489 15130
211.975 15470
212.479 15810
212.983 16150
213.494 16490
214.023 16830
214.553 17170
215.089 17510
215.656 17850
216.217 18190
216.81 18530
217.402 18870
218.039 19210
218.663 19550
219.3 19890
219.962 20230
220.617 20570
221.298 20910
221.979 21250
222.679 21590
223.379 21930
224.085 22270
224.721 22610
225.211 22950
225.712 23290
226.208 23630
226.347 11560
226.83 12240
227.256 12580
227.758 12920
228.247 13260
228.736 13600
229.232 13940
229.734 14280
230.229 14620
230.718 14960
231.214 15300
231.602 7480
232.085 8160
232.486 8500
232.976 8840
233.471 9180
233.973 9520
234.469 9860
234.958 10200
235.454 10540
235.955 10880
236.451 11220
236.94 11560
237.436 11900
237.925 12240
238.421 12580
238.922 12920
239.418 13260
239.907 13600
240.403 13940
240.905 14280
241.4 14620
241.89 14960
242.385 15300
242.887 15640
243.383 15980
243.695 7820
244.178 8500
244.611 8840
245.106 9180
245.596 9520
246.091 9860
246.58 10200
247.076 10540
247.578 10880
248.073 11220
248.563 11560
249.058 11900
249.56 12240
250.056 12580
250.545 12920
251.041 13260
251.542 13600
252.038 13940
252.527 14280
253.023 14620
253.525 14960
254.02 15300
254.509 15640
255.005 15980
255.513 16320
256.009 16660
256.498 17000
256.994 17340
257.495 17680
257.991 18020
258.48 18360
258.976 18700
259.478 19040
259.615 9350
260.581 10030
261.064 10370
261.559 10710
262.061 11050
262.55 11390
263.04 11730
263.535 12070
264.205 12410
264.701 12750
265.19 13090
265.686 13430
266.188 13770
266.683 14110
267.173 14450
267.668 14790
268.17 15130
268.666 15470
269.155 15810
269.65 16150
270.152 16490
270.648 16830
271.137 17170
271.633 17510
272.135 17850
272.63 18190
273.119 18530
273.615 18870
274.117 19210
274.612 19550
275.102 19890
275.597 20230
275.998 9860
276.481 10540
276.714 10880
277.21 11220
277.699 11560
278.195 11900
278.789 12240
279.284 12580
279.774 12920
280.269 13260
280.771 13600
281.267 13940
281.756 14280
282.251 14620
282.753 14960
283.249 15300
283.738 15640
284.234 15980
284.748 7820
285.237 8840
285.733 9180
286.235 9520
286.724 9860
287.407 10200
287.89 10540
288.392 10880
288.887 11220
289.377 11560
289.872 11900
290.462 12240
290.957 12580
291.446 12920
291.942 13260
292.444 13600
292.939 13940
293.429 14280
293.924 14620
294.426 14960
294.922 15300
295.411 15640
295.907 15980
296.408 16320
296.904 16660
297.368 8160
297.851 8840
298.108 9180
298.597 9520
299.099 9860
299.588 10200
300.084 10540
300.586 10880
301.081 11220
301.57 11560
302.066 11900
302.599 12240
303.094 12580
303.583 12920
304.079 13260
304.581 13600
305.076 13940
305.566 14280
306.061 14620
306.563 14960
307.059 15300
307.548 15640
308.044 15980
308.545 16320
309.041 16660
309.53 17000
310.026 17340
310.528 17680
311.023 18020
311.513 18360
312.008 18700
312.51 19040
313.006 19380
313.495 19720
313.99 20060
314.48 20400
314.975 20740
315.477 21080
315.973 21420
316.462 21760
316.957 22100
317.459 22440
317.955 22780
318.444 23120
318.814 11390
319.297 12070
319.635 12410
320.124 12750
320.626 13090
321.121 13430
321.611 13770
322.106 14110
322.608 14450
323.104 14790
323.593 15130
324.088 15470
324.59 15810
325.086 16150
325.575 16490
326.071 16830
326.572 17170
327.068 17510
327.557 17850
328.053 18190
328.555 18530
329.05 18870
329.54 19210
330.035 19550
330.524 19890
331.02 20230
331.333 9860
331.816 10540
332.148 10880
332.644 11220
333.133 11560
333.628 11900
334.143 12240
334.638 12580
335.128 12920
335.623 13260
336.125 13600
336.621 13940
337.11 14280
337.606 14620
338.107 14960
338.603 15300
338.842 7480
339.325 8160
339.626 8500
340.115 8840
340.598 4250
341.081 5270
341.576 5610
342.266 5950
342.755 6290
343.244 6630
343.927 6970
344.423 7310
344.912 7650
345.408 7990
345.909 8330
346.405 8670
346.894 9010
347.39 9350
347.892 9690
348.387 10030
348.876 10370
349.372 10710
349.874 11050
350.369 11390
350.859 11730
351.354 12070
351.856 12410
352.352 12750
352.841 13090
353.337 13430
353.838 13770
354.334 14110
354.823 14450
355.319 14790
355.808 15130
356.304 15470
356.806 15810
357.301 16150
357.79 16490
358.286 16830
358.788 17170
359.283 17510
359.773 17850
360.268 18190
360.77 18530
361.266 18870
361.755 19210
362.25 19550
362.882 19890
363.378 20230
363.867 20570
364.363 20910
364.865 21250
365.36 21590
365.486 10540
365.975 11220
366.402 11560
366.891 11900
367.393 12240
367.888 12580
368.378 12920
368.873 13260
369.375 13600
369.871 13940
370.36 14280
370.855 14620
371.357 14960
371.853 15300
372.342 15640
372.838 15980
373.34 16320
373.835 16660
374.261 8160
374.744 8840
375.114 9180
375.603 9520
376.105 9860
376.594 10200
377.09 10540
377.592 10880
378.087 11220
378.576 11560
379.072 11900
379.561 12240
380.057 12580
380.559 12920
381.054 13260
381.544 13600
382.039 13940
382.541 14280
383.037 14620
383.526 14960
384.021 15300
384.523 15640
385.019 15980
385.508 16320
386.004 16660
386.505 17000
387.001 17340
387.49 17680
387.986 18020
388.488 18360
388.983 18700
389.473 19040
389.968 19380
390.47 19720
390.966 20060
391.455 20400
391.95 20740
392.452 21080
392.948 21420
393.437 21760
393.945 22100
394.447 22440
394.943 22780
395.306 11220
395.789 11900
396.127 12240
396.629 12580
396.755 6120
397.238 6800
397.664 7140
398.166 7480
398.655 7820
399.157 8160
399.653 8500
