0.0 0
0.41554 3400
0.837256 3740
0.849864 4080
0.862472 4420
0.87508 4760
0.887688 5100
1.09399 5440
1.26441 5780
1.27702 6120
1.28963 6460
1.30224 6800
1.31484 7140
1.32745 7480
1.34006 7820
1.52115 8160
1.69157 8500
1.70418 8840
1.71678 9180
1.72939 9520
1.742 9860
1.75461 10200
1.76722 10540
1.77982 10880
1.79243 11220
1.80504 11560
1.942 11900
1.95461 12240
2.11873 12580
2.13133 12920
2.14394 13260
2.15655 13600
2.16916 13940
2.18177 14280
2.19437 14620
2.20698 14960
2.21959 15300
2.2322 15640
2.24481 15980
2.25741 16320
2.27002 16660
2.28263 17000
2.29524 17340
2.36916 17680
2.38177 18020
2.39437 18360
2.54588 18700
2.55849 19040
2.5711 19380
2.58371 19720
2.59631 20060
2.60892 20400
2.62153 20740
2.63414 21080
2.64675 21420
2.65935 21760
2.67196 22100
2.68457 22440
2.69718 22780
2.70979 23120
2.72239 23460
2.735 23800
2.74761 24140
2.76022 24480
2.77283 24820
2.78543 25160
2.79804 25500
2.81065 25840
2.82326 26180
2.83587 26520
2.84847 26860
2.86108 27200
2.87369 27540
2.97304 27880
2.98565 28220
2.99825 28560
3.01086 28900
3.02347 29240
3.03608 29580
3.04869 29920
3.06129 30260
3.0739 30600
3.08651 30940
3.09912 31280
3.11173 31620
3.12433 31960
3.13694 32300
3.14955 32640
3.16216 32980
3.17477 33320
3.18737 33660
3.19998 34000
3.21259 34340
3.2252 34680
3.23781 35020
3.25041 35360
3.26302 35700
3.27563 36040
3.28824 36380
3.30085 36720
3.31345 37060
3.32606 37400
3.33867 37740
3.35128 38080
3.36389 38420
3.37649 38760
3.3891 39100
3.40171 39440
3.41432 39780
3.42693 40120
3.43953 40460
3.45214 40800
3.46475 41140
3.47736 41480
3.48997 41820
3.50257 42160
3.51518 42500
3.52779 42840
3.5404 43180
3.55301 43520
3.56561 43860
3.57822 44200
3.59083 44540
3.60344 44880
3.61605 45220
3.62865 45560
3.64126 45900
3.65387 46240
3.66648 46580
3.67909 46920
3.69169 47260
3.7043 47600
3.71691 47940
3.72952 48280
3.74213 48620
3.75473 48960
3.76734 49300
3.77995 49640
3.79256 49980
3.80517 50320
3.81777 50660
3.83038 51000
3.84299 51340
3.8556 51680
3.86821 52020
3.88081 52360
3.89342 52700
3.90603 53040
3.91864 53380
3.93125 53720
3.94385 54060
3.95646 54400
3.96907 54740
3.98168 55080
3.99429 55420
4.00689 55760
4.0195 56100
4.03211 56440
4.04472 56780
4.05733 57120
4.06993 57460
4.08254 57800
4.09515 58140
4.10776 58480
4.12037 58820
4.13297 59160
4.14558 59500
4.15819 59840
4.1708 60180
4.18341 60520
4.19601 60860
4.20862 61200
4.22123 61540
4.23384 61880
4.24645 62220
4.25905 62560
4.27166 62900
4.28427 63240
4.29688 63580
4.30949 63920
4.32209 64260
4.3347 64600
4.34731 64940
4.35992 65280
4.37253 65620
4.38513 65960
4.39774 66300
4.41035 66640
4.42296 66980
4.43557 67320
4.44817 67660
4.46078 68000
4.47339 68340
4.486 68680
4.49861 69020
4.51121 69360
4.52382 69700
4.53643 70040
4.54904 70380
4.56165 70720
4.57425 71060
4.58686 71400
4.59947 71740
4.61208 72080
4.62469 72420
4.63729 72760
4.6499 73100
4.66251 73440
4.67512 73780
4.68773 74120
4.70033 74460
4.71294 74800
4.72555 75140
4.73816 75480
4.75077 75820
4.76337 76160
4.77598 76500
4.78859 76840
4.8012 77180
4.81381 77520
4.82641 77860
4.83902 78200
4.85163 78540
4.86424 78880
4.87685 79220
4.88945 79560
4.90206 79900
4.91467 80240
4.92728 80580
4.93989 80920
4.95249 81260
4.9651 81600
4.97771 81940
4.99032 82280
5.00293 82620
5.01553 82960
5.02814 83300
5.04075 83640
5.05336 83980
5.06597 84320
5.07857 84660
5.09118 85000
5.10379 85340
5.1164 85680
5.12901 86020
5.14161 86360
5.15422 86700
5.16683 87040
5.17944 87380
5.19205 87720
5.20465 88060
5.21726 88400
5.22987 88740
5.24248 89080
5.25509 89420
5.26769 89760
5.2803 90100
5.29291 90440
5.30552 90780
5.31813 91120
5.33073 91460
5.34334 91800
5.35595 92140
5.36856 92480
5.38117 92820
5.39377 93160
5.40638 93500
5.41899 93840
5.4316 94180
5.44421 94520
5.45681 94860
5.46942 95200
5.48203 95540
5.49464 95880
5.50725 96220
5.51985 96560
5.53246 96900
5.54507 97240
5.55768 97580
5.57029 97920
5.58289 98260
5.5955 98600
5.60811 98940
5.62072 99280
5.63333 99620
5.64593 99960
5.65854 100300
5.67115 100640
5.68376 100980
5.69637 101320
5.70897 101660
5.72158 102000
5.73419 102340
5.7468 102680
5.75941 103020
5.77201 103360
5.78462 103700
5.79723 104040
5.80984 104380
5.82245 104720
5.83505 105060
5.84766 105400
5.86027 105740
5.87288 106080
5.88549 106420
5.89809 106760
5.9107 107100
5.92331 107440
5.93592 107780
5.94853 108120
5.96113 108460
5.97374 108800
5.98635 109140
5.99896 109480
6.01157 109820
6.02417 110160
6.03678 110500
6.04939 110840
6.062 111180
6.07461 111520
6.08721 111860
6.09982 112200
6.11243 112540
6.12504 112880
6.13765 113220
6.15025 113560
6.16286 113900
6.17547 114240
6.18808 114580
6.20069 114920
6.21329 115260
6.2259 115600
6.23851 115940
6.25112 116280
6.26373 116620
6.27633 116960
6.28894 117300
6.30155 117640
6.32046 58650
9.32513 340
9.45379 680
9.87464 1020
10.2955 1360
10.7163 1700
10.7353 2040
12.29 340
12.7109 680
13.1317 1020
13.5526 1360
13.9734 1700
13.9923 2040
14.4258 2380
14.8656 2720
15.2801 3060
15.7073 3400
16.147 3740
16.5616 4080
16.9887 4420
17.4285 4760
17.843 5100
18.2702 5440
18.6911 5780
19.1245 6120
19.5517 6460
19.9725 6800
20.406 7140
20.8331 7480
21.254 7820
21.6874 8160
22.1146 8500
22.5165 4080
23.0383 4420
23.1706 4760
23.5285 5100
23.8926 5440
24.0754 5780
24.4458 6120
24.8099 6460
25.1803 6800
25.4625 7140
25.7588 7480
26.1355 7820
26.5186 8160
26.9142 8500
27.2972 8840
27.6929 9180
28.1011 9520
28.5093 9860
28.8419 10200
29.2628 10540
29.6836 10880
30.0919 11220
30.5253 11560
30.9351 11900
31.3686 12240
31.802 12580
32.2292 12920
32.6626 13260
33.1024 13600
33.5359 13940
33.963 14280
34.3965 14620
34.8236 14960
35.2571 15300
35.6969 15640
36.1303 15980
36.5575 16320
36.9909 16660
37.4307 17000
37.8642 17340
38.2913 17680
38.7248 18020
39.1645 18360
39.598 18700
40.0252 19040
40.4586 19380
40.8984 19720
41.3318 20060
41.759 20400
42.1925 20740
42.6322 21080
43.0657 21420
43.4928 21760
43.9263 22100
44.3661 22440
44.7995 22780
45.2267 23120
45.6601 23460
46.1014 23800
46.5427 24140
46.984 24480
47.4379 24820
47.9044 25160
48.3709 25500
48.8374 25840
49.3165 26180
49.8082 26520
50.2999 26860
50.7916 27200
51.2959 27540
51.8128 27880
52.3298 28220
52.8467 28560
53.3762 28900
53.9184 29240
54.4605 29580
55.0027 29920
55.5574 30260
56.1248 30600
56.4022 15130
56.9569 15810
57.2454 16150
57.6851 16490
58.1186 16830
58.5458 17170
58.9792 17510
59.4064 17850
59.8398 18190
60.2796 18530
60.7131 18870
61.1402 19210
61.5737 19550
62.0134 19890
62.4469 20230
62.8741 20570
63.3075 20910
63.7473 21250
64.1807 21590
64.6079 21930
65.0414 22270
65.4811 22610
65.9146 22950
66.3417 23290
66.7752 23630
67.2165 23970
67.6578 24310
68.099 24650
68.5529 24990
69.0194 25330
69.4859 25670
69.9524 26010
70.4315 26350
70.9232 26690
71.4149 27030
71.6923 13260
72.1777 13940
72.4725 14280
72.906 14620
73.3331 14960
73.7666 15300
74.2063 15640
74.6398 15980
75.067 16320
75.5004 16660
75.9402 17000
76.3736 17340
76.8008 17680
77.2343 18020
77.674 18360
78.1075 18700
78.5346 19040
78.9681 19380
79.4079 19720
79.8413 20060
80.2685 20400
80.7019 20740
81.1417 21080
81.5752 21420
82.0023 21760
82.4358 22100
82.8755 22440
83.309 22780
83.7362 23120
84.1696 23460
84.6109 23800
85.0522 24140
85.4935 24480
85.9474 24820
86.4138 25160
86.8803 25500
87.3468 25840
87.8259 26180
88.3177 26520
88.8094 26860
89.3011 27200
89.8054 27540
90.3223 27880
90.8393 28220
91.3562 28560
91.8857 28900
92.4279 29240
92.97 29580
93.5122 29920
94.0669 30260
94.6343 30600
95.2016 30940
95.769 31280
96.349 31620
96.9415 31960
97.5341 32300
98.1267 32640
98.7319 32980
99.3497 33320
99.9674 33660
100.585 34000
101.216 34340
101.846 34680
102.489 35020
103.145 35360
103.8 35700
104.456 36040
105.124 36380
105.805 36720
106.486 37060
107.167 37400
107.86 37740
108.566 38080
109.272 38420
109.978 38760
110.697 39100
111.428 39440
112.159 39780
112.891 40120
113.635 40460
114.391 40800
115.147 41140
115.904 41480
116.673 41820
117.455 42160
118.236 42500
119.018 42840
119.812 43180
120.619 43520
121.426 43860
122.233 44200
123.053 44540
123.885 44880
124.717 45220
125.549 45560
126.394 45900
127.251 46240
128.109 46580
128.966 46920
129.836 47260
130.718 47600
131.601 47940
132.483 48280
133.379 48620
134.286 48960
135.194 49300
136.102 49640
137.022 49980
137.955 50320
138.888 50660
139.821 51000
140.767 51340
141.725 51680
142.683 52020
143.642 52360
144.612 52700
145.596 53040
146.579 53380
147.563 53720
148.559 54060
149.567 54400
150.576 54740
151.585 55080
152.606 55420
153.64 55760
154.674 56100
155.707 56440
156.754 56780
157.813 57120
158.872 57460
159.931 57800
161.003 58140
162.087 58480
163.171 58820
164.256 59160
165.353 59500
166.462 29580
167.549 340
167.553 680
168.522 1020
168.728 1360
168.949 1700
169.155 2040
169.376 2380
169.576 2720
169.589 3060
169.803 3400
169.997 3740
170.01 4080
170.022 4420
170.224 4760
170.237 5100
170.424 5440
170.437 5780
170.449 6120
170.462 6460
170.645 6800
170.658 7140
170.67 7480
170.845 7820
170.858 8160
170.87 8500
170.883 8840
170.896 9180
170.908 9520
171.066 9860
171.079 10200
171.091 10540
171.104 10880
171.116 11220
171.272 11560
171.285 11900
171.297 12240
171.31 12580
171.323 12920
171.335 13260
171.348 13600
171.361 13940
171.373 14280
171.493 14620
171.506 14790
171.506 15130
171.945 15470
172.385 15810
172.819 16150
173.246 16490
173.679 16830
174.119 17170
174.553 17510
174.98 17850
175.413 18190
175.853 18530
176.286 18870
176.714 19210
177.147 19550
177.587 19890
178.02 20230
178.447 20570
178.881 20910
179.321 21250
179.754 21590
180.181 21930
180.615 22270
181.054 22610
181.488 22950
181.915 23290
182.349 23630
182.79 23970
183.231 24310
183.672 24650
184.126 24990
184.593 25330
185.059 25670
185.526 26010
186.005 26350
186.497 26690
186.988 27030
187.48 27370
187.984 27710
188.501 28050
189.018 28390
189.535 28730
190.065 29070
190.607 29410
191.149 29750
191.691 30090
192.246 30430
192.813 30770
193.381 31110
193.948 31450
194.528 31790
194.591 15640
195.171 16320
195.567 16660
196.006 17000
196.44 17340
196.867 17680
197.3 18020
197.74 18360
198.174 18700
198.601 19040
199.034 19380
199.474 19720
199.907 20060
200.335 20400
200.768 20740
201.25 21080
201.684 21420
202.111 21760
202.544 22100
202.972 22440
203.405 22780
203.845 23120
204.278 23460
204.707 23800
205.148 24140
205.602 24480
206.056 24820
206.51 25160
206.976 25500
207.456 25840
207.935 26180
208.414 26520
208.905 26860
209.41 27200
209.914 27540
210.418 27880
210.935 28220
211.465 28560
211.994 28900
212.524 29240
213.066 29580
213.621 29920
214.176 30260
214.73 30600
215.298 30940
215.525 15300
216.092 15980
216.406 16320
216.839 16660
217.279 17000
217.712 17340
218.14 17680
218.573 18020
219.013 18360
219.446 18700
219.873 19040
220.307 19380
220.734 19720
221.167 20060
221.342 9860
221.763 10540
222.085 10880
222.518 11220
222.945 11560
223.379 11900
223.819 12240
224.252 12580
224.679 12920
225.113 13260
225.552 13600
225.986 13940
226.413 14280
226.847 14620
227.274 14960
227.707 15300
228.147 15640
228.58 15980
229.008 16320
229.441 16660
229.881 17000
230.314 17340
230.741 17680
231.175 18020
231.708 18360
232.141 18700
232.568 19040
233.002 19380
233.442 19720
233.875 20060
234.302 20400
234.736 20740
235.175 21080
235.609 21420
236.036 21760
236.469 22100
236.909 22440
237.343 22780
237.77 23120
238.205 23460
238.646 23800
239.087 24140
239.529 24480
239.983 24820
240.449 25160
240.916 25500
241.382 25840
241.861 26180
242.353 26520
242.845 26860
243.336 27200
243.841 27540
244.357 27880
244.874 28220
245.391 28560
245.921 28900
246.463 29240
247.005 29580
247.547 29920
248.102 30260
248.669 30600
249.237 30940
249.804 31280
250.384 31620
250.977 31960
251.569 32300
252.162 32640
252.767 32980
253.385 33320
254.003 33660
254.62 34000
255.251 34340
255.894 34680
256.537 35020
257.18 35360
257.835 35700
258.504 36040
259.172 36380
259.84 36720
260.521 37060
261.214 37400
261.908 37740
262.601 38080
263.307 38420
264.026 38760
264.745 39100
265.463 39440
266.195 39780
266.938 40120
267.682 40460
268.426 40800
269.183 41140
269.952 41480
270.721 41820
271.49 42160
272.272 42500
273.066 42840
273.86 43180
274.655 43520
275.461 43860
276.281 44200
277.1 44540
277.92 44880
278.752 45220
279.584 45560
280.429 45900
281.286 46240
282.144 46580
283.001 46920
283.871 47260
284.754 47600
285.636 47940
286.519 48280
287.414 48620
288.322 48960
289.229 49300
290.137 49640
291.058 49980
291.991 50320
292.924 50660
293.857 51000
294.802 51340
295.76 51680
296.719 52020
297.677 52360
298.648 52700
299.631 53040
300.614 53380
301.598 53720
302.594 54060
303.602 54400
304.611 54740
305.62 55080
306.641 55420
307.675 55760
308.709 56100
309.743 56440
310.789 56780
311.848 57120
312.907 57460
313.966 57800
315.038 58140
316.122 58480
317.207 58820
318.291 59160
319.388 59500
319.779 29580
320.851 340
320.875 680
320.888 1020
320.901 1360
320.913 1700
320.926 2040
320.938 2380
320.951 2720
320.964 3060
320.976 3400
320.989 3740
321.002 4080
321.014 4420
321.027 4760
321.039 5100
321.052 5440
321.065 5780
321.077 6120
321.09 6460
321.102 6800
321.115 7140
321.128 7480
321.14 7820
321.153 8160
321.165 8500
321.178 8840
321.191 9180
321.203 9520
321.216 9860
321.228 10200
321.241 10540
321.254 10880
321.266 11220
321.279 11560
321.292 11900
321.304 12240
321.317 12580
321.329 12920
321.342 13260
321.355 13600
321.367 13940
321.38 14280
321.392 14620
321.424 7140
322.306 7480
322.445 7820
322.584 8160
322.886 8500
323.189 8840
323.511 9180
323.832 9520
324.172 9860
324.519 10200
324.872 10540
325.238 10880
325.597 11220
325.988 11560
326.379 11900
326.782 12240
327.205 12580
327.627 12920
328.068 13260
328.51 13600
328.97 13940
329.436 14280
329.884 14620
330.363 14960
330.848 15300
331.365 15640
331.87 15980
332.399 16320
332.941 16660
333.496 17000
334.063 17340
334.65 17680
335.242 18020
335.829 18360
336.446 18700
337.052 19040
337.663 19380
338.3 19720
338.943 20060
339.573 20400
340.229 20740
340.897 21080
341.578 21420
342.271 21760
342.984 22100
343.709 22440
344.427 22780
345.177 23120
345.921 23460
346.697 23800
347.472 24140
348.254 24480
349.061 24820
349.855 25160
350.668 25500
351.513 25840
352.345 26180
353.183 26520
354.047 26860
354.911 27200
355.8 27540
356.733 27880
357.653 28220
358.586 28560
359.532 28900
360.483 29240
361.448 29580
362.413 29920
363.383 30260
364.373 30600
365.35 30940
366.353 31280
367.367 31620
368.389 31960
369.429 32300
370.463 32640
371.509 32980
372.575 33320
373.646 33660
374.749 34000
375.834 34340
376.956 34680
378.078 35020
379.219 35360
380.366 35700
381.514 36040
382.692 36380
383.871 36720
384.93 37060
385.618 37400
386.311 37740
387.017 38080
387.71 38420
388.429 38760
389.148 39100
389.866 39440
390.598 39780
391.342 40120
392.085 40460
392.829 40800
393.586 41140
394.355 41480
395.124 41820
395.893 42160
396.675 42500
397.469 42840
398.263 43180
398.944 21420
