0.0 0
0.29133 3400
0.588835 3740
0.601443 4080
0.614051 4420
0.626659 4760
0.639267 5100
0.845571 5440
0.891781 5780
0.904389 6120
0.916997 6460
0.929605 6800
0.942213 7140
0.954821 7480
0.967429 7820
1.14852 8160
1.19473 8500
1.20733 8840
1.21994 9180
1.23255 9520
1.24516 9860
1.25777 10200
1.27037 10540
1.28298 10880
1.29559 11220
1.3082 11560
1.44516 11900
1.45777 12240
1.49767 12580
1.51028 12920
1.52289 13260
1.5355 13600
1.5481 13940
1.56071 14280
1.57332 14620
1.58593 14960
1.59854 15300
1.61114 15640
1.62375 15980
1.63636 16320
1.64897 16660
1.66158 17000
1.67418 17340
1.7481 17680
1.76071 18020
1.77332 18360
1.80062 18700
1.81323 19040
1.82583 19380
1.83844 19720
1.85105 20060
1.86366 20400
1.87627 20740
1.88887 21080
1.90148 21420
1.91409 21760
1.9267 22100
1.93931 22440
1.95191 22780
1.96452 23120
1.97713 23460
1.98974 23800
2.00235 24140
2.01495 24480
2.02756 24820
2.04017 25160
2.05278 25500
2.06539 25840
2.07799 26180
2.0906 26520
2.10321 26860
2.11582 27200
2.12843 27540
2.14103 27880
2.15364 28220
2.16625 28560
2.17886 28900
2.19147 29240
2.20407 29580
2.21668 29920
2.22929 30260
2.2419 30600
2.25451 30940
2.26711 31280
2.27972 31620
2.29233 31960
2.30494 32300
2.31755 32640
2.33015 32980
2.34276 33320
2.35537 33660
2.36798 34000
2.38059 34340
2.39319 34680
2.4058 35020
2.41841 35360
2.43102 35700
2.44363 36040
2.45623 36380
2.46884 36720
2.48145 37060
2.49406 37400
2.50667 37740
2.51927 38080
2.53188 38420
2.54449 38760
2.5571 39100
2.56971 39440
2.58231 39780
2.59492 40120
2.60753 40460
2.62014 40800
2.63275 41140
2.64535 41480
2.65796 41820
2.67057 42160
2.68318 42500
2.69579 42840
2.70839 43180
2.721 43520
2.73361 43860
2.74622 44200
2.75883 44540
2.77143 44880
2.78404 45220
2.79665 45560
2.80926 45900
2.82187 46240
2.83447 46580
2.84708 46920
2.85969 47260
2.8723 47600
2.88491 47940
2.89751 48280
2.91012 48620
2.92273 48960
2.93534 49300
2.94795 49640
2.96055 49980
2.97316 50320
2.98577 50660
2.99838 51000
3.01099 51340
3.02359 51680
3.0362 52020
3.04881 52360
3.06142 52700
3.07403 53040
3.08663 53380
3.09924 53720
3.11185 54060
3.12446 54400
3.13707 54740
3.14967 55080
3.16228 55420
3.17489 55760
3.1875 56100
3.20011 56440
3.21271 56780
3.22532 57120
3.23793 57460
3.25054 57800
3.26315 58140
3.27575 58480
3.28836 58820
3.30097 59160
3.31358 59500
3.32619 59840
3.33879 60180
3.3514 60520
3.36401 60860
3.37662 61200
3.38923 61540
3.40183 61880
3.41444 62220
3.42705 62560
3.43966 62900
3.45227 63240
3.46487 63580
3.47748 63920
3.49009 64260
3.5027 64600
3.51531 64940
3.52791 65280
3.54052 65620
3.55313 65960
3.56574 66300
3.57835 66640
3.59095 66980
3.60356 67320
3.61617 67660
3.62878 68000
3.64139 68340
3.65399 68680
3.6666 69020
3.67921 69360
3.69182 69700
3.70443 70040
3.71703 70380
3.72964 70720
3.74225 71060
3.75486 71400
3.76747 71740
3.78007 72080
3.79268 72420
3.80529 72760
3.8179 73100
3.83051 73440
3.84311 73780
3.85572 74120
3.86833 74460
3.88094 74800
3.89355 75140
3.90615 75480
3.91876 75820
3.93137 76160
3.94398 76500
3.95659 76840
3.96919 77180
3.9818 77520
3.99441 77860
4.00702 78200
4.01963 78540
4.03223 78880
4.04484 79220
4.05745 79560
4.07006 79900
4.08267 80240
4.09527 80580
4.10788 80920
4.12049 81260
4.1331 81600
4.14571 81940
4.15831 82280
4.17092 82620
4.18353 82960
4.19614 83300
4.20875 83640
4.22135 83980
4.23396 84320
4.24657 84660
4.25918 85000
4.27179 85340
4.28439 85680
4.297 86020
4.30961 86360
4.32222 86700
4.33483 87040
4.34743 87380
4.36004 87720
4.37265 88060
4.38526 88400
4.39787 88740
4.41047 89080
4.42308 89420
4.43569 89760
4.4483 90100
4.46091 90440
4.47351 90780
4.48612 91120
4.49873 91460
4.51134 91800
4.52395 92140
4.53655 92480
4.54916 92820
4.56177 93160
4.57438 93500
4.58699 93840
4.59959 94180
4.6122 94520
4.62481 94860
4.63742 95200
4.65003 95540
4.66263 95880
4.67524 96220
4.68785 96560
4.70046 96900
4.71307 97240
4.72567 97580
4.73828 97920
4.75089 98260
4.7698 48960
7.29605 340
7.55617 680
7.85281 1020
8.14945 1360
8.4461 1700
8.46501 2040
8.75534 2380
8.77426 2720
9.05199 3060
9.0709 3400
9.08981 3740
9.35493 4080
9.37384 4420
9.39276 4760
9.41167 5100
9.65788 5440
9.67679 5780
9.6957 6120
9.71461 6460
9.73353 6800
9.95452 7140
9.97343 7480
9.99234 7820
10.0113 8160
10.0302 8500
10.0491 8840
10.068 9180
10.2575 9520
10.2764 9860
10.2953 10200
10.3142 10540
10.3331 10880
10.352 11220
10.3709 11560
10.3898 11900
10.4088 12240
10.5541 12580
10.573 12920
10.5919 13260
10.6108 13600
10.6298 13940
10.6487 14280
10.6676 14620
10.6865 14960
10.7054 15300
10.7243 15640
10.7432 15980
10.7621 16320
10.8507 16660
10.8697 17000
10.8886 17340
10.9075 17680
10.9264 18020
10.9453 18360
10.9642 18700
10.9831 19040
11.002 19380
11.021 19720
11.0399 20060
11.0588 20400
11.0777 20740
11.0966 21080
11.1155 21420
11.1344 21760
11.1533 22100
11.1723 22440
11.1912 22780
11.2101 23120
11.229 23460
11.2479 23800
11.2668 24140
11.2857 24480
11.7018 12070
12.6285 12410
12.8995 12750
13.3534 13090
13.8199 13430
14.2864 13770
14.7529 14110
15.2509 14450
15.749 14790
16.2659 15130
16.7954 15470
17.3313 15810
17.8671 16150
18.4155 16490
18.9766 16830
19.544 17170
20.105 17510
20.6913 17850
21.2839 18190
21.8827 18530
22.5005 18870
23.0994 19210
23.755 19550
24.4043 19890
25.0474 20230
25.7219 20570
26.3838 20910
27.0835 21250
27.7959 21590
28.4956 21930
29.2017 22270
29.9456 22610
30.6831 22950
31.4459 23290
32.2024 23630
32.9715 23970
33.7406 24310
34.5223 24650
35.3418 24990
36.1613 25330
36.9808 25670
37.813 26010
38.664 26350
39.5024 26690
40.3598 27030
41.2108 27370
42.0934 27710
42.9696 28050
43.8585 28390
44.7789 28730
45.693 29070
46.6259 29410
47.5715 29750
48.5108 30090
49.4943 30430
50.4714 30770
51.4674 31110
52.4761 31450
53.491 31790
54.3925 32130
54.9914 32470
55.5839 32810
56.1891 33150
56.8069 33490
57.4247 33830
58.0425 34170
58.6729 34510
59.3159 34850
59.9589 35190
60.6019 35530
61.2575 35870
61.9258 36210
62.594 36550
63.2622 36890
63.943 37230
64.6365 37570
65.3299 37910
66.0234 38250
66.7294 38590
67.4481 38930
68.1667 39270
68.8854 39610
69.6166 39950
70.3605 40290
71.1044 40630
71.8483 40970
72.6047 41310
73.3738 41650
74.1303 41990
74.912 42330
75.6937 42670
76.4754 43010
77.2697 43350
78.0766 43690
78.8835 44030
79.6904 44370
80.5099 44710
81.3421 45050
82.1742 45390
83.0063 45730
83.8511 46070
84.7084 46410
85.5658 46750
86.4231 47090
87.2931 47430
88.1756 47770
89.0582 48110
89.9407 48450
90.8359 48790
91.7437 49130
92.6515 49470
93.5592 49810
94.4796 50150
95.4126 50490
96.3456 50830
97.2786 51170
98.2242 51510
99.1824 51850
100.141 52190
101.099 52530
102.07 52870
103.053 53210
104.036 53550
105.02 53890
106.016 54230
107.025 54570
108.033 54910
109.042 55250
110.063 55590
111.097 55930
112.131 56270
113.165 56610
114.211 56950
115.27 57290
116.329 57630
117.388 57970
118.46 58310
119.544 58650
120.629 58990
121.713 59330
122.81 59670
123.919 60010
125.029 60350
126.138 60690
127.26 61030
128.395 61370
129.53 61710
130.665 62050
131.812 62390
132.972 62730
134.132 63070
135.292 63410
136.464 63750
137.649 64090
138.835 64430
140.02 64770
141.217 65110
142.428 65450
143.638 65790
144.849 66130
144.867 32810
146.061 340
146.078 680
146.973 1020
147.18 1360
147.276 1700
147.483 2040
147.579 2380
147.779 2720
147.792 3060
147.882 3400
148.076 3740
148.089 4080
148.101 4420
148.179 4760
148.191 5100
148.379 5440
148.391 5780
148.404 6120
148.417 6460
148.475 6800
148.488 7140
148.501 7480
148.675 7820
148.688 8160
148.701 8500
148.713 8840
148.726 9180
148.739 9520
148.772 9860
148.785 10200
148.797 10540
148.81 10880
148.823 11220
148.978 11560
148.991 11900
149.004 12240
149.016 12580
149.029 12920
149.041 13260
149.054 13600
149.067 13940
149.079 14280
149.092 14620
149.105 14960
149.117 15300
149.13 15640
149.142 15980
149.155 16320
149.552 16660
149.755 8160
150.051 8840
150.253 9180
150.568 9520
150.878 9860
151.181 10200
151.49 10540
151.805 10880
152.115 11220
152.418 11560
152.727 11900
153.042 12240
153.352 12580
153.655 12920
153.964 13260
154.279 13600
154.589 13940
154.892 14280
155.201 14620
155.516 14960
155.826 15300
156.129 15640
156.438 15980
156.753 16320
157.063 16660
157.366 17000
157.681 17340
158.009 17680
158.336 18020
158.664 18360
159.005 18700
159.358 19040
159.711 19380
160.064 19720
160.429 20060
160.808 20400
161.173 20740
161.564 21080
161.955 21420
162.346 21760
162.749 22100
163.165 22440
163.581 22780
163.997 23120
164.426 23460
164.867 23800
165.309 24140
165.75 24480
166.204 24820
166.67 25160
167.137 25500
167.603 25840
168.082 26180
168.574 26520
169.066 26860
169.558 27200
170.062 27540
170.579 27880
171.096 28220
171.613 28560
172.142 28900
172.684 29240
173.227 29580
173.769 29920
174.323 30260
174.891 30600
175.458 30940
176.025 31280
176.605 31620
177.198 31960
177.791 32300
178.383 32640
178.988 32980
179.606 33320
180.224 33660
180.69 16660
181.308 17340
181.384 17680
181.712 18020
182.052 18360
182.393 18700
182.733 19040
183.086 19380
183.439 19720
183.805 20060
184.183 20400
184.561 20740
184.939 21080
185.33 21420
185.734 21760
186.137 22100
186.541 22440
186.957 22780
187.385 23120
187.814 23460
188.243 23800
188.684 24140
189.138 24480
189.592 24820
190.046 25160
190.512 25500
190.991 25840
191.47 26180
191.949 26520
192.441 26860
192.945 27200
193.45 27540
193.954 27880
194.471 28220
195.001 28560
195.53 28900
196.06 29240
196.602 29580
197.157 29920
197.711 30260
198.266 30600
198.833 30940
199.413 31280
199.993 31620
200.573 31960
201.166 32300
201.771 32640
202.376 32980
202.981 33320
203.599 33660
204.23 34000
204.86 34340
205.49 34680
206.133 35020
206.789 35360
207.445 35700
208.1 36040
208.768 36380
209.449 36720
210.13 37060
210.811 37400
211.504 37740
212.21 38080
212.917 38420
213.623 38760
214.341 39100
215.072 39440
215.804 39780
216.535 40120
217.279 40460
218.035 40800
218.792 41140
219.548 41480
220.317 41820
221.099 42160
221.881 42500
222.662 42840
223.457 43180
224.264 43520
225.071 43860
225.878 44200
226.697 44540
227.529 44880
228.361 45220
229.193 45560
230.038 45900
230.896 46240
231.753 46580
232.61 46920
233.48 47260
234.363 47600
235.245 47940
236.128 48280
237.023 48620
237.931 48960
238.839 49300
239.746 49640
240.667 49980
241.6 50320
242.533 50660
243.466 51000
244.411 51340
245.369 51680
246.328 52020
247.286 52360
248.257 52700
249.24 53040
250.224 53380
251.207 53720
252.203 54060
253.212 54400
254.22 54740
255.229 55080
256.25 55420
257.284 55760
258.318 56100
259.352 56440
260.398 56780
261.445 57120
262.504 57460
263.575 57800
264.647 58140
265.719 58480
266.803 58820
267.9 59160
268.997 59500
270.094 59840
271.203 60180
272.325 60520
273.448 60860
274.57 61200
275.704 61540
276.852 61880
277.999 62220
279.146 62560
280.306 62900
281.479 63240
282.651 63580
283.824 63920
285.009 64260
286.207 64600
287.405 64940
288.602 65280
289.813 65620
291.042 32640
292.235 340
292.252 680
292.265 1020
292.278 1360
292.29 1700
292.303 2040
292.315 2380
292.328 2720
292.341 3060
292.353 3400
292.366 3740
292.378 4080
292.391 4420
292.404 4760
292.416 5100
292.429 5440
292.441 5780
292.454 6120
292.467 6460
292.479 6800
292.492 7140
292.505 7480
292.517 7820
292.53 8160
292.542 8500
292.555 8840
292.568 9180
292.58 9520
292.593 9860
292.605 10200
292.618 10540
292.631 10880
292.643 11220
292.656 11560
292.668 11900
292.681 12240
292.694 12580
292.706 12920
292.719 13260
292.731 13600
292.744 13940
292.757 14280
292.769 14620
292.782 14960
292.794 15300
292.807 15640
292.82 15980
292.832 16320
292.832 16660
292.864 8160
293.91 8500
294.062 8840
294.282 9180
294.623 9520
294.957 9860
295.316 10200
295.675 10540
296.047 10880
296.426 11220
296.816 11560
297.214 11900
297.623 12240
298.027 12580
298.455 12920
298.878 13260
299.338 13600
299.798 13940
300.271 14280
300.756 14620
301.248 14960
301.759 15300
302.269 15640
302.793 15980
303.316 16320
303.852 16660
304.4 17000
304.955 17340
305.547 17680
306.115 18020
306.701 18360
307.319 18700
307.943 19040
308.58 19380
309.229 19720
309.878 20060
310.547 20400
311.234 20740
311.921 21080
312.627 21420
313.333 21760
314.045 22100
314.77 22440
315.501 22780
316.252 23120
317.014 23460
317.79 23800
318.578 24140
319.378 24480
320.192 24820
321.005 25160
321.843 25500
322.675 25840
323.533 26180
324.396 26520
325.26 26860
326.149 27200
327.019 27540
327.92 27880
328.822 28220
329.736 28560
330.663 28900
331.596 29240
332.522 29580
333.468 29920
334.426 30260
335.378 30600
336.361 30940
337.357 31280
338.347 31620
339.368 31960
340.396 32300
341.449 32640
342.514 32980
343.586 33320
344.695 33660
345.792 34000
345.931 16830
348.011 17850
348.276 18190
348.616 18530
348.982 18870
349.663 19210
350.344 19550
351.031 19890
351.737 20230
352.443 20570
353.149 20910
353.868 21250
354.618 21590
355.355 21930
356.106 22270
356.868 22610
357.637 22950
358.413 23290
359.195 23630
360.02 23970
360.84 24310
361.672 24650
362.51 24990
363.355 25330
364.213 25670
365.082 26010
365.959 26350
366.848 26690
367.749 27030
368.663 27370
369.596 27710
370.529 28050
371.468 28390
372.408 28730
373.391 29070
374.356 29410
375.352 29750
376.354 30090
377.363 30430
378.359 30770
379.374 31110
380.401 31450
381.435 31790
382.469 32130
383.515 32470
384.568 32810
385.633 33150
386.711 33490
387.808 33830
388.912 34170
390.027 34510
390.147 17000
392.227 18020
392.543 18360
392.883 18700
393.324 19040
394.018 19380
394.711 19720
395.405 20060
396.117 20400
396.842 20740
397.554 21080
398.286 21420
399.023 21760
399.78 22100
