0.0 0
0.0730333 3400
0.149155 3740
0.155459 4080
0.161763 4420
0.168067 4760
0.174371 5100
0.224844 5440
0.231148 5780
0.237452 6120
0.243756 6460
0.25006 6800
0.256364 7140
0.262668 7480
0.300533 7820
0.306837 8160
0.313141 8500
0.319445 8840
0.325749 9180
0.332053 9520
0.338357 9860
0.344661 10200
0.350965 10540
0.357269 10880
0.363573 11220
0.379374 11560
0.385678 11900
0.391982 12240
0.398286 12580
0.40459 12920
0.410894 13260
0.417198 13600
0.423502 13940
0.429806 14280
0.43611 14620
0.442414 14960
0.448718 15300
0.455022 15640
0.461326 15980
0.46763 16320
0.473934 16660
0.480238 17000
0.486542 17340
0.492846 17680
0.49915 18020
0.505454 18360
0.511758 18700
0.518062 19040
0.524366 19380
0.53067 19720
0.536974 20060
0.543278 20400
0.549582 20740
0.555886 21080
0.56219 21420
0.568494 21760
0.574798 22100
0.581102 22440
0.587406 22780
0.59371 23120
0.600014 23460
0.606318 23800
0.612622 24140
0.618926 24480
0.62523 24820
0.631534 25160
0.637838 25500
0.644142 25840
0.650446 26180
0.65675 26520
0.663054 26860
0.669358 27200
0.675662 27540
0.681966 27880
0.68827 28220
0.694574 28560
0.700878 28900
0.707182 29240
0.713486 29580
0.71979 29920
0.726094 30260
0.732398 30600
0.738702 30940
0.745006 31280
0.75131 31620
0.757614 31960
0.763918 32300
0.770222 32640
0.776526 32980
0.78283 33320
0.789134 33660
0.795438 34000
0.801742 34340
0.808046 34680
0.81435 35020
0.820654 35360
0.826958 35700
0.833262 36040
0.839566 36380
0.84587 36720
0.852174 37060
0.858478 37400
0.864782 37740
0.871086 38080
0.87739 38420
0.883694 38760
0.889998 39100
0.896302 39440
0.902606 39780
0.90891 40120
0.915214 40460
0.921518 40800
0.927822 41140
0.934126 41480
0.94043 41820
0.946734 42160
0.953038 42500
0.959342 42840
0.965646 43180
0.97195 43520
0.978254 43860
0.984558 44200
0.990862 44540
0.997166 44880
1.00347 45220
1.00977 45560
1.01923 45900
1.03184 22780
1.65278 23460
1.66539 23800
1.88603 24140
2.11297 24480
2.33992 24820
2.56686 25160
2.80011 25500
3.03336 25840
3.27291 26180
3.51877 26520
3.76462 26860
4.01048 27200
4.26264 27540
4.5211 27880
4.77957 28220
5.03803 28560
5.3028 28900
5.57387 29240
5.84494 29580
6.11601 29920
6.39339 30260
6.67707 30600
6.96075 30940
7.24443 31280
7.53441 31620
7.8307 31960
8.12699 32300
8.42328 32640
8.72587 32980
9.03477 33320
9.34366 33660
9.65256 34000
9.96776 34340
10.2893 34680
10.6108 35020
10.9323 35360
11.2601 35700
11.5942 36040
11.9283 36380
12.2624 36720
12.6028 37060
12.6848 18360
13.0252 19040
13.1576 19380
13.3404 19720
13.5232 20060
13.706 20400
13.8952 20740
14.0906 21080
14.286 21420
14.4814 21760
14.6832 22100
14.8912 22440
15.0992 22780
15.3072 23120
15.5216 23460
15.7422 23800
15.8746 11730
16.0921 12410
16.1299 12750
16.2497 13090
16.3695 13430
16.4892 13770
16.6153 14110
16.7477 14450
16.8801 14790
17.0125 15130
17.1512 15470
17.2962 15810
17.4348 16150
17.5861 16490
17.7374 16830
17.8887 17170
18.0463 17510
18.2102 17850
18.3741 18190
18.538 18530
18.7083 18870
18.8848 19210
19.0613 19550
19.2378 19890
19.4206 20230
19.6097 20570
19.7988 20910
19.9943 10200
20.1834 11220
20.278 5440
20.3757 6460
20.4861 6800
20.5681 7140
20.6469 7480
20.7289 7820
20.814 8160
20.896 8500
20.9749 8840
21.0569 9180
21.1451 9520
21.2334 9860
21.3216 10200
21.4162 10540
21.5171 10880
21.6179 11220
21.7188 11560
21.826 11900
21.9331 12240
22.0466 12580
22.1664 12920
22.2861 13260
22.4059 13600
22.532 13940
22.6644 14280
22.7968 14620
22.9292 14960
23.0678 15300
23.2128 15640
23.3389 7650
23.4808 8330
23.4934 8670
23.5722 9010
23.6542 9350
23.7425 9690
23.8307 10030
23.919 10370
24.0136 10710
24.1081 11050
24.209 11390
24.3162 11730
24.4233 12070
24.5305 12410
24.644 12750
24.7637 13090
24.8835 13430
25.0033 13770
25.1294 14110
25.2618 14450
25.3941 14790
25.5265 15130
25.6652 15470
25.8102 15810
25.9552 16150
26.1002 16490
26.2515 16830
26.4091 17170
26.428 8330
26.5824 9010
26.6455 9350
26.7338 9690
26.822 10030
26.9103 10370
27.0049 10710
27.1057 11050
27.2066 11390
27.3074 11730
27.4146 12070
27.5281 12410
27.6416 12750
27.755 13090
27.8748 13430
28.0009 13770
28.127 14110
28.253 14450
28.3854 14790
28.5241 15130
28.6628 15470
28.8015 15810
28.9465 16150
29.0978 16490
29.2491 16830
29.4004 17170
29.558 17510
29.7219 17850
29.8858 18190
30.0497 18530
30.2199 18870
30.3964 19210
30.5729 19550
30.7494 19890
30.9322 20230
31.1214 20570
31.3105 20910
31.4996 21250
31.695 21590
31.8968 21930
32.0922 22270
32.3002 22610
32.5082 22950
32.7163 23290
32.9306 23630
33.1513 23970
33.3719 24310
33.5925 24650
33.8195 24990
34.0527 25330
34.286 25670
34.5192 26010
34.7651 12750
34.9983 13770
35.1181 14110
35.2505 14450
35.3829 14790
35.5153 15130
35.6539 15470
35.7674 7480
35.903 8160
35.9251 8500
36.0102 8840
36.0922 9180
36.1741 9520
36.2624 9860
36.357 10200
36.4515 10540
36.5461 10880
36.6469 11220
36.7541 11560
36.8613 11900
36.9685 12240
37.0819 12580
37.2017 12920
37.3215 13260
37.4413 13600
37.5673 13940
37.6997 14280
37.8321 14620
37.9645 14960
38.1032 15300
38.2419 15640
38.3869 15980
38.5381 16320
38.6894 16660
38.8407 17000
38.9983 17340
39.1622 17680
39.3261 18020
39.4901 18360
39.6603 18700
39.8368 19040
40.0133 19380
40.1898 19720
40.3726 20060
40.5617 20400
40.7509 20740
40.94 21080
41.1354 21420
41.3371 21760
41.5389 22100
41.7406 22440
41.9486 22780
42.1629 23120
42.3773 23460
42.5916 23800
42.8186 24140
43.0392 24480
43.2661 24820
43.4931 25160
43.7263 25500
43.9659 25840
44.2054 26180
44.445 26520
44.6909 26860
44.943 27200
45.1952 27540
45.4473 27880
45.7058 28220
45.8382 13940
46.0966 14620
46.1597 14960
46.2984 7310
46.4308 8330
46.5191 8670
46.5979 9010
46.6799 9350
46.7618 9690
46.8501 10030
46.9447 10370
47.0392 10710
47.1338 11050
47.2346 11390
47.3418 11730
47.449 12070
47.5561 12410
47.6696 12750
47.7894 13090
47.9092 13430
48.0289 13770
48.155 14110
48.2874 14450
48.4198 14790
48.5522 15130
48.6909 15470
48.8359 15810
48.9808 16150
49.1258 16490
49.2771 16830
49.4347 17170
49.5923 17510
49.7499 17850
49.9138 18190
50.084 18530
50.2543 18870
50.4245 19210
50.601 19550
50.7838 19890
50.9666 20230
51.1494 20570
51.3385 20910
51.534 21250
51.7294 21590
51.9248 21930
52.1265 22270
52.3346 22610
52.5426 22950
52.7506 23290
52.965 23630
53.1289 11560
53.3401 12240
53.3653 12580
53.4851 12920
53.6048 13260
53.7246 13600
53.8507 13940
53.9831 14280
54.1155 14620
54.2478 14960
54.3865 15300
54.5315 15640
54.6765 15980
54.8215 16320
54.9728 16660
55.1304 17000
55.288 17340
55.4456 17680
55.6095 18020
55.7797 18360
55.9499 18700
56.1201 19040
56.2966 19380
56.4795 19720
56.6623 20060
56.8451 20400
57.0342 20740
57.2296 21080
57.4251 21420
57.6205 21760
57.8222 22100
58.0302 22440
58.2383 22780
58.4463 23120
58.6606 23460
58.8813 23800
59.1019 24140
59.3226 24480
59.5495 24820
59.7828 25160
60.016 25500
60.2492 25840
60.3753 12750
60.6117 13430
60.6622 13770
60.7882 14110
60.9206 14450
61.053 14790
61.1854 15130
61.3241 15470
61.4691 15810
61.6141 16150
61.7591 16490
61.8599 7990
62.0081 8670
62.0302 9010
62.1122 9350
62.2004 9690
62.2887 10030
62.3769 10370
62.4715 10710
62.5724 11050
62.6732 11390
62.7741 11730
62.8812 12070
62.9947 12410
63.1082 12750
63.2217 13090
63.3414 13430
63.4675 13770
63.5936 14110
63.7197 14450
63.8521 14790
63.9908 15130
64.1294 15470
64.2681 15810
64.4131 16150
64.5644 16490
64.7157 16830
64.867 17170
65.0246 17510
65.1885 17850
65.3524 18190
65.5163 18530
65.6865 18870
65.863 19210
66.0396 19550
66.2161 19890
66.3989 20230
66.588 20570
66.7771 20910
66.9662 21250
67.1617 21590
67.3634 21930
67.4958 10710
67.6912 11390
67.7227 11730
67.8299 12070
67.9371 12410
68.0505 12750
68.1703 13090
68.2901 13430
68.4099 13770
68.5359 14110
68.6683 14450
68.8007 14790
68.9331 15130
69.0718 15470
69.2168 15810
69.3618 16150
69.5068 16490
69.658 16830
69.8156 17170
69.9732 17510
70.1308 17850
70.2948 18190
70.465 18530
70.6352 18870
70.8054 19210
70.9819 19550
71.1647 19890
71.3475 20230
71.4358 9860
71.6154 10540
71.6659 10880
71.7667 11220
71.8676 11560
71.9748 11900
72.0882 12240
72.2017 12580
72.2648 6120
72.3751 6800
72.4224 7140
72.5075 7480
72.5895 7820
72.6684 8160
72.7504 8500
72.8355 8840
72.9175 9180
72.9995 9520
73.0877 9860
73.1823 10200
73.2768 10540
73.3714 10880
73.4723 11220
73.5794 11560
73.6866 11900
73.7938 12240
73.9072 12580
74.027 12920
74.1468 13260
74.2666 13600
74.3926 13940
74.5187 14280
74.6511 14620
74.7898 14960
74.9285 15300
75.0672 15640
75.2122 15980
75.3635 16320
75.5148 16660
75.666 17000
75.8236 17340
75.9876 17680
76.1515 18020
76.2082 8840
76.3689 9520
76.4257 9860
76.5202 10200
76.6148 10540
76.7094 10880
76.8102 11220
76.9174 11560
77.0183 11900
77.1317 12240
77.2452 12580
77.3587 12920
77.4784 13260
77.6045 13600
77.7306 13940
77.8567 14280
77.9891 14620
78.1278 14960
78.2664 15300
78.4051 15640
78.5501 15980
78.7014 16320
78.8527 16660
79.004 17000
79.1616 17340
79.2247 8500
79.3791 9180
79.4296 9520
79.5178 9860
79.6124 10200
79.707 10540
79.8015 10880
79.9024 11220
80.0095 11560
80.1167 11900
80.2239 12240
80.3374 12580
80.4571 12920
80.5643 6290
80.6778 7310
80.7819 7650
80.8639 7990
80.9427 8330
81.0247 8670
81.1098 9010
81.1918 9350
81.2738 9690
81.362 10030
81.4503 10370
81.5449 10710
81.6457 11050
81.7466 11390
81.8475 11730
81.9546 12070
82.0681 12410
82.1816 12750
82.295 13090
82.4148 13430
82.5409 13770
82.667 14110
82.7931 14450
82.9254 14790
83.0641 15130
83.2028 15470
83.3415 15810
83.4865 16150
83.6378 16490
83.7891 16830
83.9404 17170
84.098 17510
84.2619 17850
84.4258 18190
84.5897 18530
84.7599 18870
84.9364 19210
85.1129 19550
85.2894 19890
85.4723 20230
85.6614 20570
85.8505 20910
86.0396 21250
86.235 21590
86.4368 21930
86.6385 22270
86.8402 22610
87.0483 22950
87.2626 23290
87.3067 11390
87.5147 12070
87.5967 12410
87.7102 12750
87.8299 13090
87.9497 13430
88.0695 13770
88.1956 14110
88.328 14450
88.4603 14790
88.5927 15130
88.7314 15470
88.8701 15810
89.0151 16150
89.1664 16490
89.3177 16830
89.469 17170
89.6266 17510
89.7905 17850
89.9544 18190
90.1183 18530
90.2885 18870
90.465 19210
90.6415 19550
90.818 19890
91.0009 20230
91.0513 9860
91.2341 10540
91.3035 10880
91.4043 11220
91.5115 11560
91.6187 11900
91.7258 12240
91.8393 12580
91.9591 12920
92.0788 13260
92.1986 13600
92.3247 13940
92.4571 14280
92.5895 14620
92.7219 14960
92.8605 15300
92.9992 15640
93.1442 15980
93.2955 16320
93.4468 16660
93.5981 17000
93.7557 17340
93.9196 17680
94.0835 18020
94.2474 18360
94.4176 18700
94.5941 19040
94.7707 19380
94.8022 9520
94.9787 10200
95.0543 10540
95.1489 10880
95.2498 11220
95.3569 11560
95.4641 11900
95.5713 12240
95.6847 12580
95.8045 12920
95.9243 13260
96.0441 13600
96.1701 13940
96.3025 14280
96.4349 14620
96.5673 14960
96.706 15300
96.851 15640
96.996 15980
97.141 16320
97.2923 16660
97.4499 17000
97.6075 17340
97.7651 17680
97.929 18020
98.0992 18360
98.2694 18700
98.4396 19040
98.6161 19380
98.7989 19720
98.9817 20060
99.1645 20400
99.3537 20740
99.5491 21080
99.7445 21420
99.9399 21760
100.142 22100
100.35 22440
100.514 11050
100.715 11730
100.734 12070
100.841 12410
100.955 12750
101.075 13090
101.194 13430
101.314 13770
101.44 14110
101.573 14450
101.705 14790
101.837 15130
101.976 15470
102.121 15810
102.266 16150
102.411 16490
102.562 16830
102.72 17170
102.878 17510
103.035 17850
103.199 18190
103.369 18530
103.54 18870
103.71 19210
103.886 19550
104.069 19890
104.252 20230
104.435 20570
104.624 20910
104.819 21250
105.015 21590
105.21 21930
105.412 22270
105.614 22610
105.822 22950
106.036 23290
106.25 23630
106.465 23970
106.685 24310
106.912 24650
107.139 24990
107.366 25330
107.599 25670
107.839 26010
108.078 26350
108.318 26690
108.564 27030
108.816 27370
109.068 27710
109.32 28050
109.579 28390
109.844 28730
110.108 29070
110.373 29410
110.644 29750
110.921 30090
111.199 30430
111.476 30770
111.76 31110
112.05 31450
112.34 31790
112.63 32130
112.926 32470
113.229 32810
113.531 33150
113.834 33490
114.143 33830
114.458 34170
114.773 34510
115.088 34850
115.41 35190
115.574 17340
115.895 18020
115.977 18360
116.148 18700
116.318 19040
116.494 19380
116.677 19720
116.86 20060
117.043 20400
117.232 20740
117.427 21080
117.623 21420
117.818 21760
117.843 10710
118.042 11390
118.13 11730
118.237 12070
118.351 5780
118.458 6800
118.537 7140
118.622 7480
118.704 7820
118.783 8160
118.865 8500
118.95 8840
119.032 9180
119.114 9520
119.202 9860
119.29 10200
119.385 10540
119.486 10880
119.587 11220
119.688 11560
119.795 11900
119.908 12240
120.022 12580
120.135 12920
120.255 13260
120.381 13600
120.507 13940
120.633 14280
120.766 14620
120.904 14960
121.043 15300
121.182 15640
121.327 15980
121.478 16320
121.629 16660
121.78 17000
121.938 17340
121.976 8500
122.133 9180
122.197 9520
122.285 9860
122.379 10200
122.474 10540
122.568 10880
122.669 11220
122.77 11560
122.877 11900
122.991 12240
123.104 12580
123.218 12920
123.338 13260
123.464 13600
123.59 13940
123.716 14280
123.848 14620
123.987 14960
124.126 15300
124.264 15640
124.409 15980
124.561 16320
124.712 16660
124.863 17000
125.021 17340
125.185 17680
125.349 18020
125.512 18360
125.683 18700
125.859 19040
126.036 19380
126.212 19720
126.395 9690
126.572 10710
126.666 11050
126.767 11390
126.868 11730
126.975 12070
127.088 12410
127.202 12750
127.315 13090
127.435 13430
127.561 13770
127.687 14110
127.813 14450
127.946 14790
128.084 15130
128.223 15470
128.362 15810
128.507 16150
128.658 16490
128.809 16830
128.961 17170
129.118 17510
129.131 8500
129.289 9180
129.364 9520
129.452 9860
129.547 10200
129.642 10540
129.736 10880
129.837 11220
129.944 11560
130.051 11900
130.158 12240
130.272 12580
130.392 12920
130.512 13260
130.631 13600
130.757 13940
130.89 14280
131.022 14620
131.155 14960
131.293 15300
131.438 15640
131.577 15980
131.728 16320
131.879 16660
132.031 17000
132.188 17340
132.352 17680
132.516 18020
132.68 18360
132.85 18700
133.027 19040
133.203 19380
133.285 9520
133.459 10200
133.509 10540
133.61 10880
133.711 11220
133.812 11560
133.919 11900
134.026 12240
134.139 12580
134.259 12920
134.379 13260
134.499 13600
134.625 13940
134.757 14280
134.89 14620
135.022 14960
135.161 15300
135.306 15640
135.451 15980
135.596 16320
135.747 16660
135.905 17000
136.062 17340
136.22 17680
136.384 18020
136.554 18360
136.724 18700
136.894 19040
137.071 19380
137.254 19720
137.436 9690
137.616 10710
137.704 11050
137.805 11390
137.875 5440
137.972 6120
138.023 6460
138.108 6800
138.19 7140
138.269 7480
138.344 3570
138.42 4590
138.502 4930
138.584 5270
138.663 5610
138.745 5950
138.855 6290
138.937 6630
139.016 6970
139.098 7310
139.183 7650
139.265 7990
139.344 8330
139.426 8670
139.511 9010
139.587 9350
139.675 9690
139.763 10030
139.852 10370
139.946 10710
140.047 11050
140.148 11390
140.249 11730
140.356 12070
140.47 12410
140.583 12750
140.696 13090
140.816 13430
140.942 13770
141.068 14110
141.201 14450
141.308 6970
141.437 7650
141.459 7990
141.538 8330
141.62 8670
141.705 9010
141.787 9350
141.869 9690
141.957 10030
142.052 10370
142.147 10710
142.241 11050
142.342 11390
142.449 11730
142.556 12070
142.664 12410
142.777 12750
142.897 13090
143.017 13430
143.136 13770
143.262 14110
143.389 14450
143.521 14790
143.66 15130
143.798 15470
143.937 15810
144.082 16150
144.233 16490
144.385 16830
144.536 17170
144.693 17510
144.857 17850
145.021 18190
145.185 18530
145.355 18870
145.532 19210
145.708 19550
145.885 19890
146.068 20230
146.219 9860
146.399 10540
146.418 10880
146.518 11220
146.619 11560
146.726 11900
146.84 12240
146.953 12580
147.067 12920
147.187 13260
147.313 13600
147.439 13940
147.565 14280
147.697 14620
147.836 14960
147.975 15300
148.113 15640
148.258 15980
148.41 16320
148.561 16660
148.712 17000
148.87 17340
149.034 17680
149.198 18020
149.362 18360
149.532 18700
149.708 19040
149.885 19380
150.061 19720
150.244 20060
150.433 20400
150.622 20740
150.811 21080
151.007 21420
151.209 21760
151.41 22100
151.612 22440
151.82 22780
152.034 23120
152.249 23460
152.463 23800
152.684 24140
152.911 24480
153.138 24820
153.365 25160
153.598 25500
153.837 25840
153.995 12750
154.231 13430
154.269 13770
154.395 14110
154.521 14450
154.654 14790
154.673 7140
154.805 7820
154.827 3740
154.903 4420
154.963 4760
155.045 5100
155.124 5440
155.206 5780
155.291 6120
155.373 6460
155.452 6800
155.534 7140
155.619 7480
155.675 3570
155.751 4250
155.802 4590
155.88 4930
155.962 5270
156.048 5610
156.13 5950
156.208 6290
156.29 6630
156.376 6970
156.458 7310
156.536 7650
156.618 7990
156.704 8330
156.779 8670
156.864 9010
156.946 9350
157.028 9690
157.117 10030
157.211 10370
157.306 10710
157.4 11050
157.501 11390
157.608 11730
157.715 12070
157.823 12410
157.936 12750
158.056 13090
158.176 13430
158.295 13770
158.422 14110
158.554 14450
158.686 14790
158.819 15130
158.957 15470
159.102 15810
159.247 16150
159.304 7820
159.449 8500
159.496 8840
159.522 4250
159.597 4930
159.664 5270
159.749 5610
159.831 2550
159.906 3570
159.988 3910
160.067 4250
160.149 4590
160.275 4930
160.351 5270
160.436 5610
160.518 5950
160.597 6290
160.679 6630
160.764 6970
160.846 7310
160.925 7650
161.007 7990
161.092 8330
161.174 8670
161.253 9010
161.335 9350
161.423 9690
161.511 10030
161.593 4760
161.682 5780
161.795 6120
161.877 6460
161.956 6800
162.038 7140
162.123 7480
162.205 7820
162.284 8160
162.366 8500
162.445 8840
162.527 9180
162.615 9520
162.703 9860
162.792 10200
162.886 10540
162.987 10880
163.088 11220
163.189 11560
163.296 11900
163.409 12240
163.523 12580
163.636 12920
163.756 13260
163.882 13600
164.008 13940
164.134 14280
164.267 14620
164.405 14960
164.544 15300
164.683 15640
164.828 15980
164.979 16320
165.13 16660
165.282 17000
165.439 17340
165.603 17680
165.767 18020
165.931 18360
165.95 9010
166.117 9690
166.193 10030
166.281 10370
166.375 10710
166.476 11050
166.577 11390
166.678 11730
166.785 12070
166.892 12410
167.006 12750
167.126 13090
167.245 13430
167.365 13770
167.491 14110
167.624 14450
167.756 14790
167.888 15130
168.027 15470
168.172 15810
168.223 7650
168.364 8330
168.415 8670
168.494 9010
168.576 9350
168.664 9690
168.752 10030
168.84 10370
168.935 10710
169.036 11050
169.137 11390
169.238 11730
169.345 12070
169.458 12410
169.572 12750
169.685 13090
169.805 13430
169.931 13770
170.057 14110
170.183 14450
170.316 14790
170.454 15130
170.593 15470
170.732 15810
170.877 16150
171.022 16490
171.173 16830
171.331 17170
171.488 17510
171.646 17850
171.81 18190
171.98 18530
172.15 18870
172.32 19210
172.497 19550
172.68 19890
172.862 20230
173.007 9860
173.187 10540
173.206 10880
173.307 11220
173.414 11560
173.521 11900
173.628 12240
173.742 12580
173.862 12920
173.981 13260
174.101 13600
174.227 13940
174.36 14280
174.492 14620
174.624 14960
174.763 15300
174.908 15640
175.053 15980
175.198 16320
175.349 16660
175.507 17000
175.665 17340
175.696 8500
175.85 9180
175.923 9520
176.011 9860
176.1 10200
176.194 10540
176.289 10880
176.39 11220
176.421 5440
176.519 6120
176.585 6460
176.67 6800
176.752 7140
176.831 7480
176.913 7820
176.998 8160
177.08 8500
177.159 8840
177.241 9180
177.329 9520
177.417 9860
177.506 10200
177.6 10540
177.701 10880
177.802 11220
177.903 11560
178.01 11900
178.123 12240
178.218 5950
178.328 6970
178.414 7310
178.511 7650
178.593 7990
178.672 8330
178.754 8670
178.839 9010
178.921 9350
179.003 9690
179.091 10030
179.186 10370
179.281 10710
179.375 11050
179.476 11390
179.583 11730
179.69 12070
179.798 12410
179.911 12750
180.031 13090
180.151 13430
180.27 13770
180.396 14110
180.529 14450
180.661 14790
180.794 15130
180.932 15470
181.077 15810
181.216 16150
181.367 16490
181.519 16830
181.67 17170
181.827 17510
181.991 17850
182.155 18190
182.319 18530
182.489 18870
182.666 19210
182.842 19550
183.019 19890
183.202 20230
183.391 20570
183.58 20910
183.769 21250
183.964 21590
184.166 21930
184.368 22270
184.57 22610
184.778 22950
184.992 23290
185.206 23630
185.421 23970
185.641 24310
185.868 24650
186.095 24990
186.322 25330
186.555 25670
186.795 26010
187.035 26350
187.274 26690
187.52 27030
187.772 27370
188.024 27710
188.276 28050
188.535 28390
188.8 28730
189.064 29070
189.329 29410
189.6 29750
189.878 30090
190.155 30430
190.432 30770
190.716 31110
191.006 31450
191.296 31790
191.321 15640
191.608 16320
191.747 16660
191.898 17000
192.056 17340
192.22 17680
192.383 18020
192.547 18360
192.718 18700
192.812 9180
192.979 9860
193.023 10200
193.118 10540
193.212 10880
193.313 11220
193.42 11560
193.528 11900
193.635 12240
193.748 12580
193.862 12920
193.982 13260
194.108 13600
194.234 13940
194.36 14280
194.492 14620
194.631 14960
194.77 15300
194.908 15640
195.053 15980
195.205 16320
195.356 16660
195.494 8160
195.646 8840
195.652 9180
195.734 9520
195.822 9860
195.917 10200
196.011 10540
196.106 10880
196.175 5270
196.273 5950
196.314 6290
196.396 6630
196.475 6970
196.557 7310
196.642 7650
196.724 7990
196.803 8330
196.885 8670
196.97 9010
197.052 9350
197.134 9690
197.222 10030
197.317 10370
197.411 10710
197.506 11050
197.607 11390
197.714 11730
197.815 12070
197.928 12410
198.042 12750
198.155 13090
198.275 13430
198.401 13770
198.527 14110
198.653 14450
198.786 14790
198.924 15130
199.063 15470
199.202 15810
199.347 16150
199.498 16490
199.649 16830
199.801 17170
199.958 17510
200.122 17850
200.286 18190
200.45 18530
200.62 18870
200.797 19210
200.973 19550
201.15 19890
201.332 20230
201.522 20570
201.711 20910
201.9 21250
202.102 21590
202.297 21930
202.322 10710
202.518 11390
202.606 11730
202.713 12070
202.82 12410
202.934 12750
203.053 13090
203.173 13430
203.293 13770
203.419 14110
203.551 14450
203.684 14790
203.816 15130
203.955 15470
204.094 15810
204.239 16150
204.39 16490
204.541 16830
204.692 17170
204.85 17510
205.014 17850
205.071 8670
205.228 9350
205.279 9690
205.367 10030
205.462 10370
205.556 10710
205.651 11050
205.752 11390
205.859 11730
205.966 12070
206.073 12410
206.187 12750
206.3 13090
206.42 13430
206.546 13770
206.672 14110
206.798 14450
206.93 14790
207.069 15130
207.208 15470
207.347 15810
207.491 16150
207.643 16490
207.794 16830
207.945 17170
208.103 17510
208.267 17850
208.431 18190
208.595 18530
208.765 18870
208.941 19210
209.118 19550
209.294 19890
209.477 20230
209.666 20570
209.855 20910
210.045 21250
210.24 21590
210.442 21930
210.643 22270
210.845 22610
211.053 22950
211.268 23290
211.482 23630
211.696 23970
211.917 24310
212.144 24650
212.371 24990
212.598 25330
212.831 25670
213.071 26010
213.31 26350
213.55 26690
213.795 27030
214.048 13260
214.29 14280
214.423 14620
214.555 14960
214.694 15300
214.839 15640
214.984 15980
215.129 16320
215.28 16660
215.438 17000
215.595 17340
215.753 17680
215.917 18020
216.087 18360
216.257 18700
216.427 19040
216.604 19380
216.787 19720
216.97 20060
217.152 20400
217.341 20740
217.537 21080
217.732 21420
217.928 21760
218.129 22100
218.338 22440
218.546 22780
218.754 23120
218.968 23460
219.182 23800
219.403 24140
219.63 24480
219.857 24820
220.084 25160
220.317 25500
220.557 25840
220.695 12750
220.932 13430
220.976 13770
221.102 14110
221.196 6800
221.322 7480
221.354 7820
221.433 8160
221.515 8500
221.6 8840
221.682 9180
221.764 9520
221.852 9860
221.947 10200
222.041 10540
222.136 10880
222.237 11220
222.344 11560
222.451 11900
222.558 12240
222.672 12580
222.785 12920
222.823 6290
222.94 6970
222.996 7310
223.082 7650
223.164 7990
223.242 8330
223.324 8670
223.41 9010
223.485 9350
223.573 9690
223.662 10030
223.75 10370
223.845 10710
223.945 11050
224.046 11390
224.147 11730
224.254 12070
224.368 12410
224.481 12750
224.595 13090
224.715 13430
224.841 13770
224.967 14110
225.093 14450
225.225 14790
225.364 15130
225.503 15470
225.641 15810
225.786 16150
225.937 16490
226.089 16830
226.24 17170
226.398 17510
226.562 17850
226.725 18190
226.889 18530
227.06 18870
227.236 19210
227.413 19550
227.589 19890
227.772 20230
227.961 20570
228.15 20910
228.339 21250
228.535 21590
228.617 10540
228.812 11220
228.869 11560
228.976 11900
229.089 12240
229.203 12580
229.316 12920
229.436 13260
229.562 13600
229.688 13940
229.814 14280
229.947 14620
230.086 14960
230.224 15300
230.363 15640
230.508 15980
230.659 16320
230.81 16660
230.962 17000
231.119 17340
231.283 17680
231.447 18020
231.611 18360
231.781 18700
231.958 19040
232.134 19380
232.311 19720
232.494 20060
232.683 20400
232.872 20740
233.061 21080
233.256 21420
233.458 21760
233.66 22100
233.862 22440
234.07 22780
234.284 23120
234.498 23460
234.713 23800
234.933 24140
235.16 24480
235.387 24820
235.614 25160
235.847 25500
236.087 25840
236.326 26180
236.566 26520
236.812 26860
237.064 27200
237.316 27540
237.568 27880
237.827 28220
238.095 28560
238.104 14110
238.363 14790
238.489 15130
238.627 15470
238.766 15810
238.911 16150
239.062 16490
239.214 16830
239.365 17170
239.523 17510
239.687 17850
239.85 18190
240.014 18530
240.185 18870
240.355 19210
240.531 19550
240.714 19890
240.897 20230
241.08 20570
241.269 20910
241.464 21250
241.66 21590
241.855 21930
242.057 22270
242.17 10880
242.372 11560
242.422 11900
242.53 12240
242.643 12580
242.757 12920
242.876 13260
243.002 13600
243.129 13940
243.255 14280
243.387 14620
243.526 14960
243.664 15300
243.803 15640
243.948 15980
244.099 16320
244.251 16660
244.402 17000
244.56 17340
244.723 17680
244.887 18020
245.051 18360
245.221 18700
245.398 19040
245.574 19380
245.751 19720
245.934 20060
246.123 20400
246.312 20740
246.501 21080
246.697 21420
246.898 21760
247.1 22100
247.132 10880
247.333 11560
247.422 11900
247.529 12240
247.642 12580
247.762 12920
247.882 13260
248.001 13600
248.128 13940
248.26 14280
248.392 14620
248.525 14960
248.663 15300
248.808 15640
248.953 15980
249.098 16320
249.25 16660
249.407 17000
249.565 17340
249.722 17680
249.886 18020
250.057 18360
250.094 9010
250.261 9690
250.325 10030
250.413 10370
250.507 10710
250.608 11050
250.709 11390
250.81 11730
250.917 12070
251.031 12410
251.144 12750
251.258 13090
251.377 13430
251.503 13770
251.629 14110
251.756 14450
251.888 14790
252.027 15130
252.165 15470
252.304 15810
252.449 16150
252.6 16490
252.752 16830
252.903 17170
253.06 17510
253.224 17850
253.388 18190
253.552 18530
253.722 18870
253.899 19210
254.075 19550
254.252 19890
254.435 20230
254.618 20570
254.807 20910
255.002 21250
255.198 21590
255.393 21930
255.595 22270
255.803 22610
256.011 22950
256.219 23290
256.433 23630
256.654 23970
256.874 24310
257.095 24650
257.322 24990
257.555 25330
257.788 25670
258.022 26010
258.261 26350
258.507 26690
258.753 27030
258.999 27370
259.062 13430
259.308 14110
259.402 14450
259.535 14790
259.667 15130
259.806 15470
259.951 15810
260.096 16150
260.241 16490
260.392 16830
260.55 17170
260.707 17510
260.865 17850
261.029 18190
261.199 18530
261.369 18870
261.539 19210
261.716 19550
261.899 19890
262.081 20230
262.264 20570
262.453 20910
262.649 21250
262.844 21590
262.92 10540
263.112 11220
263.175 11560
263.282 11900
263.396 12240
263.509 12580
263.623 12920
263.743 13260
263.862 13600
263.932 6630
264.055 7310
264.096 7650
264.178 7990
264.263 8330
264.338 8670
264.424 9010
264.506 9350
264.588 9690
264.676 10030
264.77 10370
264.865 10710
264.96 11050
265.06 11390
265.168 11730
265.275 12070
265.382 12410
265.495 12750
265.615 13090
265.735 13430
265.855 13770
265.981 14110
266.113 14450
266.246 14790
266.378 15130
266.517 15470
266.662 15810
266.807 16150
266.952 16490
267.103 16830
267.26 17170
267.418 17510
267.576 17850
267.74 18190
267.897 8840
268.058 9520
268.064 9860
268.152 10200
268.247 10540
268.348 10880
268.449 11220
268.55 11560
268.657 11900
268.77 12240
268.884 12580
268.997 12920
269.117 13260
269.243 13600
269.344 6630
269.464 7310
269.489 7650
269.571 7990
269.656 8330
269.738 8670
269.817 9010
269.899 9350
269.987 9690
270.075 10030
270.164 10370
270.258 10710
270.359 11050
270.454 11390
270.561 11730
270.668 12070
270.775 12410
270.889 12750
271.008 13090
271.128 13430
271.248 13770
271.374 14110
271.506 14450
271.639 14790
271.771 15130
271.91 15470
272.055 15810
272.2 16150
272.345 16490
272.496 16830
272.654 17170
272.811 17510
272.969 17850
273.114 8670
273.272 9350
273.278 9690
273.366 10030
273.461 10370
273.555 10710
273.65 11050
273.751 11390
273.852 11730
273.959 12070
274.072 12410
274.186 12750
274.299 13090
274.419 13430
274.545 13770
274.671 14110
274.797 14450
274.93 14790
275.068 15130
275.207 15470
275.346 15810
275.491 16150
275.642 16490
275.793 16830
275.945 17170
276.102 17510
276.266 17850
276.43 18190
276.594 18530
276.764 18870
276.941 19210
277.004 9350
277.177 10030
277.227 10370
277.322 10710
277.423 11050
277.524 11390
277.625 11730
277.732 12070
277.845 12410
277.959 12750
278.072 13090
278.192 13430
278.318 13770
278.444 14110
278.57 14450
278.703 14790
278.841 15130
278.98 15470
279.119 15810
279.264 16150
279.415 16490
279.566 16830
279.717 17170
279.875 17510
280.039 17850
280.203 18190
280.367 18530
280.537 18870
280.713 19210
280.884 19550
281.003 9520
281.177 10200
281.208 10540
281.309 10880
281.41 11220
281.511 11560
281.618 11900
281.732 12240
281.845 12580
281.959 12920
282.078 13260
282.204 13600
282.324 6630
282.444 7650
282.532 7990
282.611 8330
282.693 8670
282.772 9010
282.854 9350
282.942 9690
283.03 10030
283.119 10370
283.213 10710
283.314 11050
283.415 11390
283.516 11730
283.623 12070
283.736 12410
283.85 12750
283.963 13090
284.083 13430
284.209 13770
284.335 14110
284.461 14450
284.594 14790
284.732 15130
284.777 7310
284.985 7990
285.01 8330
285.092 8670
285.177 9010
285.259 9350
285.341 9690
285.429 10030
285.524 10370
285.618 10710
285.713 11050
285.814 11390
285.915 11730
286.022 12070
286.135 12410
286.249 12750
286.362 13090
286.438 6290
286.551 6970
286.596 7310
286.681 7650
286.763 7990
286.842 8330
286.924 8670
287.009 9010
287.091 9350
287.173 9690
287.261 10030
287.349 10370
287.444 10710
287.545 11050
287.645 11390
287.746 11730
287.853 12070
287.967 12410
288.08 12750
288.194 13090
288.314 13430
288.44 13770
288.566 14110
288.692 14450
288.824 14790
288.963 15130
289.102 15470
289.24 15810
289.385 16150
289.537 16490
289.688 16830
289.713 8160
289.864 8840
289.928 9180
290.016 9520
290.104 9860
290.192 10200
290.287 10540
290.388 10880
290.489 11220
290.589 11560
290.697 11900
290.81 12240
290.924 12580
291.037 12920
291.157 13260
291.283 13600
291.409 13940
291.535 14280
291.667 14620
291.737 7140
291.866 7820
291.916 8160
291.998 8500
292.077 8840
292.159 9180
292.248 9520
292.336 9860
292.424 10200
292.519 10540
292.613 10880
292.714 11220
292.821 11560
292.928 11900
293.036 12240
293.124 5950
293.231 6630
293.269 6970
293.351 7310
293.43 7650
293.524 3570
293.6 4590
293.673 4930
293.755 5270
293.84 5610
293.922 5950
294 6290
294.082 6630
294.168 6970
294.25 7310
294.328 7650
294.41 7990
294.499 8330
294.581 8670
294.66 9010
294.742 9350
294.83 9690
294.918 10030
295.006 10370
295.101 10710
295.202 11050
295.303 11390
295.404 11730
295.511 12070
295.618 12410
295.731 12750
295.851 13090
295.971 13430
296.091 13770
296.217 14110
296.349 14450
296.374 6970
296.5 7650
296.567 7990
296.652 8330
296.734 8670
296.813 9010
296.895 9350
296.983 9690
297.071 10030
297.159 10370
297.254 10710
297.349 11050
297.449 11390
297.557 11730
297.664 12070
297.771 12410
297.884 12750
298.004 13090
298.124 13430
298.244 13770
298.37 14110
298.502 14450
298.635 14790
298.767 15130
298.906 15470
299.051 15810
299.196 16150
299.347 7820
299.489 8840
299.58 9180
299.662 9520
299.75 9860
299.839 10200
299.933 10540
300.034 10880
300.135 11220
300.236 11560
300.343 11900
300.456 12240
300.57 12580
300.683 12920
300.803 13260
300.929 13600
301.055 13940
301.181 14280
301.314 14620
301.452 14960
301.591 15300
301.73 15640
301.875 15980
302.026 16320
302.177 16660
302.196 8160
302.344 8840
302.417 9180
302.505 9520
302.594 9860
302.682 10200
302.776 10540
302.877 10880
302.978 11220
303.079 11560
303.186 11900
303.3 12240
303.413 12580
303.527 12920
303.646 13260
303.772 13600
303.892 13940
304.025 14280
304.157 14620
304.289 14960
304.428 15300
304.573 15640
304.718 15980
304.863 16320
305.014 16660
305.172 17000
305.329 17340
305.487 17680
305.651 18020
305.771 8840
305.935 9520
305.96 9860
306.048 10200
306.143 10540
306.244 10880
306.344 11220
306.445 11560
306.552 11900
306.666 12240
306.779 12580
306.893 12920
307.013 13260
307.139 13600
307.265 13940
307.391 14280
307.523 14620
307.662 14960
307.801 15300
307.939 15640
308.084 15980
308.236 16320
308.387 16660
308.538 17000
308.696 17340
308.86 17680
309.024 18020
309.188 18360
309.358 18700
309.528 19040
309.704 19380
309.887 19720
310.07 20060
310.253 20400
310.442 20740
310.637 21080
310.833 21420
311.028 21760
311.23 22100
311.438 22440
311.646 22780
311.854 23120
312.068 23460
312.289 23800
312.51 24140
312.73 24480
312.957 24820
313.191 25160
313.424 25500
313.657 25840
313.897 26180
314.142 26520
314.388 26860
314.634 27200
314.886 27540
314.937 13600
315.186 14280
315.293 14620
315.425 14960
315.564 15300
315.709 15640
315.854 15980
315.999 16320
316.15 16660
316.308 17000
316.465 17340
316.623 17680
316.787 18020
316.957 18360
317.127 18700
317.298 19040
317.474 19380
317.657 19720
317.84 20060
318.023 20400
318.212 20740
318.407 21080
318.603 21420
318.798 21760
319 22100
319.208 22440
319.416 22780
319.624 23120
319.838 23460
320.059 23800
320.279 24140
320.5 24480
320.55 12070
320.771 12750
320.859 13090
320.979 13430
321.099 13770
321.225 14110
321.357 14450
321.49 14790
321.622 15130
321.761 15470
321.906 15810
322.051 16150
322.196 16490
322.347 16830
322.505 17170
322.662 17510
322.82 17850
322.984 18190
323.154 18530
323.324 18870
323.494 19210
323.671 19550
323.854 19890
324.037 20230
324.219 20570
324.409 20910
324.604 21250
324.692 10370
324.884 11050
324.935 11390
325.036 11730
325.143 12070
325.256 12410
325.37 12750
325.483 13090
325.603 13430
325.691 6460
325.808 7140
325.846 7480
325.928 7820
326.007 8160
326.089 8500
326.174 8840
326.256 9180
326.338 9520
326.426 9860
326.521 10200
326.615 10540
326.71 10880
326.811 11220
326.918 11560
327.025 11900
327.132 12240
327.246 12580
327.365 12920
327.485 13260
327.605 13600
327.731 13940
327.863 14280
327.996 14620
328.128 14960
328.267 15300
328.412 15640
328.557 15980
328.702 16320
328.853 16660
329.011 17000
329.168 17340
329.326 17680
329.49 18020
329.66 18360
329.83 18700
329.944 9180
330.114 9860
330.139 10200
330.234 10540
330.335 10880
330.435 11220
330.536 11560
330.599 5610
330.7 6290
330.747 6630
330.833 6970
330.915 7310
330.993 7650
331.075 7990
331.161 8330
331.243 8670
331.321 9010
331.403 9350
331.485 9690
331.574 10030
331.668 10370
331.763 10710
331.801 5100
331.895 5780
331.955 6120
332.037 6460
332.116 6800
332.198 7140
332.283 7480
332.365 7820
332.444 8160
332.526 8500
332.611 8840
332.693 9180
332.775 9520
332.863 9860
332.951 10200
333.046 10540
333.147 10880
333.248 11220
333.349 11560
333.456 11900
333.569 12240
333.683 12580
333.796 12920
333.916 13260
334.042 13600
334.168 13940
334.294 14280
334.427 14620
334.565 14960
334.704 15300
334.843 15640
334.988 15980
335.139 16320
335.29 16660
335.442 17000
335.599 17340
335.763 17680
335.927 18020
336.091 18360
336.261 18700
336.438 19040
336.614 19380
336.74 9520
336.917 10200
336.942 10540
337.036 10880
337.137 11220
337.245 11560
337.352 11900
337.459 12240
337.572 12580
337.692 12920
337.812 13260
337.932 13600
338.058 13940
338.19 14280
338.322 14620
338.455 14960
338.594 15300
338.739 15640
338.884 15980
339.029 16320
339.18 16660
339.337 17000
339.495 17340
339.653 17680
339.817 18020
339.987 18360
340.157 18700
340.327 19040
340.504 19380
340.686 19720
340.869 20060
341.052 20400
341.203 10030
341.386 10710
341.405 11050
341.506 11390
341.607 11730
341.714 12070
341.828 12410
341.941 12750
342.054 13090
342.174 13430
342.294 13770
342.42 14110
342.552 14450
342.685 14790
342.817 15130
342.956 15470
343.101 15810
343.17 7650
343.312 8330
343.35 8670
343.435 9010
343.517 9350
343.599 9690
343.687 10030
343.782 10370
343.876 10710
343.971 11050
344.072 11390
344.179 11730
344.286 12070
344.393 12410
344.507 12750
344.627 13090
344.746 13430
344.778 6460
344.895 7140
344.958 7480
345.04 7820
345.125 8160
345.207 8500
345.286 8840
345.368 9180
345.431 4420
345.509 5100
345.56 5440
345.642 5780
345.721 6120
345.803 6460
345.888 6800
345.97 7140
346.049 7480
346.131 7820
346.184 3740
346.26 4420
346.307 4760
346.389 5100
346.481 2380
346.632 3060
346.711 3400
346.793 3740
346.872 4080
346.954 4420
347.074 4760
347.156 5100
347.234 5440
347.316 5780
347.402 6120
347.484 6460
347.562 6800
347.644 7140
347.723 7480
347.805 7820
347.89 8160
347.972 8500
348.051 8840
348.133 9180
348.222 9520
348.31 9860
348.398 10200
348.493 10540
348.593 10880
348.694 11220
348.795 11560
348.902 11900
349.016 12240
349.129 12580
349.243 12920
349.363 13260
349.489 13600
349.615 13940
349.741 14280
349.873 14620
350.012 14960
350.106 7310
350.239 7990
350.27 8330
350.352 8670
350.431 9010
350.513 9350
350.601 9690
350.69 10030
350.778 10370
350.803 4930
350.891 5610
350.958 5950
351.024 2720
351.1 3400
351.131 3740
351.241 4080
351.323 4420
351.402 4760
351.484 5100
351.569 5440
351.651 5780
351.73 6120
351.812 6460
351.897 6800
351.979 7140
352.058 7480
352.14 7820
352.219 8160
352.301 8500
352.386 8840
352.468 9180
352.55 9520
352.638 9860
352.733 10200
352.828 10540
352.922 10880
353.023 11220
353.13 11560
353.237 11900
353.344 12240
353.458 12580
353.578 12920
353.698 13260
353.817 13600
353.943 13940
354.076 14280
354.208 14620
354.341 14960
354.479 15300
354.624 15640
354.769 15980
354.914 16320
355.065 16660
355.223 17000
355.381 17340
355.538 17680
355.702 18020
355.872 18360
356.043 18700
356.213 19040
356.389 19380
356.572 19720
356.755 20060
356.938 20400
357.127 20740
357.196 10200
357.382 10880
357.445 11220
357.552 11560
357.66 11900
357.697 5780
357.805 6460
357.865 6800
357.946 7140
358.025 7480
358.107 7820
358.192 8160
358.274 8500
358.353 8840
358.435 9180
358.517 9520
358.606 9860
358.7 10200
358.795 10540
358.889 10880
358.99 11220
359.097 11560
359.204 11900
359.312 12240
359.425 12580
359.545 12920
359.665 13260
359.784 13600
359.91 13940
360.043 14280
360.175 14620
360.308 14960
360.446 15300
360.591 15640
360.736 15980
360.881 16320
361.033 16660
361.19 17000
361.348 17340
361.505 17680
361.669 18020
361.839 18360
362.01 9010
362.177 10030
362.259 10370
362.353 10710
362.454 11050
362.555 11390
362.656 11730
362.706 5610
362.81 6290
362.861 6630
362.94 6970
363.022 7310
363.107 7650
363.189 7990
363.268 8330
363.35 8670
363.435 9010
363.517 9350
363.599 9690
363.687 10030
363.781 10370
363.876 10710
363.971 11050
364.071 11390
364.179 11730
364.286 12070
364.393 12410
364.506 12750
364.626 13090
364.746 13430
364.866 13770
364.992 14110
365.124 14450
365.257 14790
365.389 15130
365.528 15470
365.673 15810
365.818 16150
365.963 16490
366.114 16830
366.272 17170
366.423 17510
366.587 17850
366.751 18190
366.915 18530
367.085 18870
367.261 19210
367.438 19550
367.614 19890
367.797 20230
367.879 9860
368.059 10540
368.115 10880
368.216 11220
368.317 11560
368.424 11900
368.538 12240
368.651 12580
368.765 12920
368.885 13260
369.011 13600
369.137 13940
369.263 14280
369.395 14620
369.534 14960
369.673 15300
369.811 15640
369.956 15980
370.108 16320
370.259 16660
370.41 17000
370.568 17340
370.732 17680
370.896 18020
371.059 18360
371.23 18700
371.406 19040
371.583 19380
371.759 19720
371.942 20060
372.125 20400
372.314 20740
372.509 21080
372.705 21420
372.9 21760
373.102 22100
373.31 22440
373.518 22780
373.726 23120
373.94 23460
374.161 23800
374.382 24140
374.602 24480
374.829 24820
375.062 25160
375.296 25500
375.529 25840
375.769 26180
376.014 26520
376.26 26860
376.506 27200
376.758 27540
377.017 27880
377.275 28220
377.445 13940
377.701 14620
377.745 14960
377.884 15300
378.029 15640
378.174 15980
378.318 16320
378.47 16660
378.627 17000
378.785 17340
378.943 17680
379.106 18020
379.277 18360
379.447 18700
379.617 19040
379.794 19380
379.976 19720
380.159 20060
380.342 20400
380.531 20740
380.727 21080
380.922 21420
381.117 21760
381.319 22100
381.527 22440
381.735 22780
381.943 23120
382.158 23460
382.227 11560
382.438 12240
382.514 12580
382.634 12920
382.753 13260
382.873 13600
382.999 13940
383.132 14280
383.264 14620
383.396 14960
383.535 15300
383.68 15640
383.825 15980
383.894 7820
384.039 8500
384.08 8840
384.162 9180
384.251 9520
384.339 9860
384.427 10200
384.522 10540
384.623 10880
384.723 11220
384.824 11560
384.931 11900
385.039 12240
385.152 12580
385.272 12920
385.392 13260
385.511 13600
385.638 13940
385.77 14280
385.902 14620
386.035 14960
386.173 15300
386.318 15640
386.463 15980
386.608 16320
386.76 16660
386.917 17000
387.075 17340
387.232 17680
387.396 18020
387.567 18360
387.737 18700
387.907 19040
388.083 19380
388.266 19720
388.449 20060
388.632 20400
388.821 20740
389.016 21080
389.212 21420
389.407 21760
389.609 22100
389.817 22440
390.025 22780
390.233 23120
390.447 23460
390.668 23800
390.889 24140
391.109 24480
391.336 24820
391.57 25160
391.803 12410
392.03 13430
392.15 13770
392.276 14110
392.402 14450
392.534 14790
392.673 15130
392.811 15470
392.95 15810
393.095 16150
393.246 16490
393.398 16830
393.426 8160
393.574 8840
393.64 9180
393.729 9520
393.817 9860
393.905 10200
394 10540
394.104 10880
394.113 5270
394.208 5950
394.284 6290
394.366 6630
394.444 6970
394.526 7310
394.605 7650
394.687 7990
394.772 8330
394.854 8670
394.933 9010
395.015 9350
395.072 4420
395.154 5100
395.201 5440
395.283 5780
395.368 6120
395.45 6460
395.529 6800
395.611 7140
395.696 7480
395.778 7820
395.857 8160
395.939 8500
396.024 8840
396.1 9180
396.188 9520
396.276 9860
396.365 10200
396.459 10540
396.56 10880
396.661 11220
396.762 11560
396.869 11900
396.983 12240
397.096 12580
397.209 12920
397.329 13260
397.455 13600
397.581 13940
397.707 14280
397.84 14620
397.979 14960
398.117 15300
398.256 15640
398.401 15980
398.552 16320
398.704 16660
398.855 17000
399.012 17340
399.176 17680
399.34 18020
399.504 18360
399.674 18700
399.851 19040
400.027 19380
400.078 9520
