0.0 0
0.569875 3400
1.14284 3740
1.14914 4080
1.15545 4420
1.16175 4760
1.16805 5100
1.37121 5440
1.71852 5780
1.72483 6120
1.73113 6460
1.73743 6800
1.74374 7140
1.75004 7480
1.75635 7820
1.94689 8160
2.29421 8500
2.30051 8840
2.30681 9180
2.31312 9520
2.31942 9860
2.32573 10200
2.33203 10540
2.33833 10880
2.34464 11220
2.35094 11560
2.51942 11900
2.52573 12240
2.86989 12580
2.87619 12920
2.8825 13260
2.8888 13600
2.8951 13940
2.90141 14280
2.90771 14620
2.91402 14960
2.92032 15300
2.92662 15640
2.93293 15980
2.93923 16320
2.94554 16660
2.95184 17000
2.95814 17340
3.0951 17680
3.10141 18020
3.10771 18360
3.44557 18700
3.45188 19040
3.45818 19380
3.46448 19720
3.47079 20060
3.47709 20400
3.4834 20740
3.4897 21080
3.496 21420
3.50231 21760
3.50861 22100
3.51492 22440
3.52122 22780
3.52752 23120
3.53383 23460
3.54013 23800
3.54644 24140
3.55274 24480
3.55904 24820
3.56535 25160
3.57165 25500
3.57796 25840
3.67079 26180
3.68024 12920
4.82846 13260
5.28294 6460
6.40099 340
6.54605 680
6.55236 1020
7.12174 680
7.69112 1020
8.11318 1360
8.48256 1700
9.05509 2040
9.62762 2380
10.2002 2720
10.779 3060
11.3515 3400
11.9304 3740
12.506 4080
13.0723 1870
13.6448 2890
14.4299 3230
15.1529 3570
15.7286 3910
16.3043 4250
16.8831 4590
17.6494 4930
18.2282 5270
18.8039 5610
19.3827 5950
19.9742 6290
20.553 6630
21.135 6970
21.717 7310
22.2927 7650
22.8242 3570
23.3967 4250
23.7724 4590
24.3481 4930
24.9301 5270
25.4995 2380
26.072 3400
26.654 3740
27.4202 4080
27.9991 4420
28.5747 4760
29.1536 5100
29.9198 5440
30.4986 5780
31.0743 6120
31.6532 6460
32.2288 6800
32.8014 3230
33.3739 4250
33.9401 1870
34.5127 2550
34.8978 2890
35.4735 3230
36.0492 3570
36.628 3910
37.3816 4250
37.9605 4590
38.5424 2040
39.115 3060
39.697 3400
40.2726 3740
40.8483 4080
41.6177 4420
42.1934 4760
42.7722 5100
43.5416 5440
44.1204 5780
44.6961 6120
45.275 6460
45.8506 3060
46.4232 4080
47.3619 4420
47.9376 4760
48.5196 5100
49.0953 5440
49.6741 5780
50.2561 6120
50.8349 6460
51.4106 6800
51.9895 7140
52.5652 7480
53.144 7820
53.8724 8160
54.4512 8500
55.0269 8840
55.6184 4250
56.7634 5270
57.3454 5610
57.9242 5950
58.4936 2720
59.0661 3400
59.6135 3740
60.1891 4080
60.7648 4420
61.3468 4760
61.9225 5100
62.5045 2380
63.077 3400
63.6527 3740
64.2284 1700
64.8009 2720
65.3861 3060
66.1649 3400
66.7406 3740
67.3163 4080
68.0919 4420
68.6676 2040
69.2402 3060
69.819 3400
70.3978 3740
70.9735 4080
71.5523 4420
72.2848 4760
72.8636 2210
73.4362 3230
74.015 3570
74.597 3910
75.1727 4250
75.7515 4590
76.5177 4930
76.8997 2210
77.4723 3230
78.0511 3570
78.6268 3910
79.3993 4250
79.975 1870
80.5475 2890
81.1169 3230
81.6989 3570
82.2746 3910
82.8566 4250
83.4354 4590
84.0111 4930
84.5899 5270
85.3498 5610
85.9287 5950
86.5044 6290
87.0832 6630
87.8125 6970
88.3913 7310
88.967 7650
89.5458 7990
90.3121 8330
90.8846 8670
91.4666 9010
91.6634 4250
92.236 4930
92.6274 5270
93.2031 5610
93.7851 5950
94.163 2720
94.9567 340
96.3018 680
96.8775 1020
97.4531 1360
98.0288 1700
98.6108 2040
99.3897 2380
99.9622 2720
100.738 3060
101.314 3400
101.892 3740
102.625 4080
103.201 4420
103.783 4760
104.201 2210
104.774 3230
105.353 3570
106.128 3910
106.704 4250
107.48 4590
108.056 4930
108.634 5270
109.357 5610
109.936 5950
110.512 6290
111.091 6630
111.673 6970
112.245 7310
112.827 7650
113.406 7990
113.982 8330
114.561 8670
115.143 9010
115.721 9350
116.297 9690
116.876 10030
117.42 4760
117.993 5440
118.54 5780
119.122 6120
119.707 2890
120.28 3910
120.855 4250
121.431 4590
122.013 4930
122.592 5270
123.167 5610
123.746 5950
124.506 6290
125.085 6630
125.661 6970
126.24 7310
127.006 7650
127.578 7990
128.16 8330
128.739 8670
129.321 9010
129.9 9350
130.601 9690
131.18 10030
131.755 10370
132.328 4930
132.9 5950
133.898 2720
135.043 3740
135.203 4080
135.782 4420
136.561 4760
137.137 5100
137.915 5440
138.494 5780
139.07 6120
139.649 6460
140.224 6800
140.803 7140
141.385 7480
141.964 7820
142.54 8160
143.119 8500
143.701 8840
144.392 4250
144.965 5270
145.54 5610
146.116 5950
146.698 6290
147.274 6630
147.849 6970
148.428 7310
149.188 7650
149.767 7990
150.343 8330
150.921 8670
151.688 9010
152.267 4250
153.412 4930
153.978 5270
154.553 5610
155.132 5950
155.714 6290
156.293 6630
156.869 6970
157.448 7310
158.03 7650
158.602 7990
159.184 8330
159.763 8670
160.339 9010
160.892 4250
161.465 4930
162.012 5270
162.588 5610
163.17 5950
163.746 6290
164.324 6630
164.9 6970
165.479 7310
165.504 3400
166.08 4080
166.649 4420
167.225 4760
167.801 5100
168.383 5440
168.958 5780
169.54 6120
170.119 6460
170.695 6800
171.274 7140
172.027 7480
172.606 7820
173.182 8160
173.761 8500
174.527 8840
175.106 9180
175.681 9520
176.398 4590
176.97 5610
177.543 5950
178.125 6290
178.701 6630
179.283 6970
180.055 7310
180.074 3400
181.647 340
181.792 680
181.798 1020
182.371 680
183.153 1020
183.522 1360
184.094 1700
184.67 680
185.243 1020
185.652 1360
185.821 1700
186.388 2040
186.951 2380
187.373 2720
187.752 3060
188.124 3400
188.697 3740
188.903 1700
189.823 2040
189.848 2380
190.411 2720
190.974 3060
191.396 3400
191.581 3740
192.151 4080
192.711 4420
193.286 4760
193.859 5100
194.441 5440
195.023 2550
195.595 3570
196.162 3910
196.741 4250
197.3 1870
197.75 340
197.873 680
197.898 850
198.449 680
199.018 1020
199.45 1360
199.797 1700
200.169 2040
200.742 2380
201.173 2720
201.752 3060
202.319 3400
202.897 3740
203.476 4080
204.049 4420
204.631 4760
205.206 5100
205.907 5440
206.486 5780
207.062 6120
207.828 6460
208.404 6800
209.205 3230
209.777 4250
210.35 4590
210.925 4930
211.504 5270
212.086 5610
212.665 5950
213.241 6290
213.82 6630
214.402 6970
214.98 7310
215.556 7650
216.135 7990
216.823 8330
217.283 3910
217.856 4930
218.438 5270
219.013 5610
219.789 5950
220.365 6290
220.715 2890
221.288 3570
221.857 3910
222.433 4250
223.008 4590
223.59 2040
224.163 3060
224.742 3400
225.318 3740
226.09 4080
226.666 4420
227.438 4760
228.011 5100
228.593 5440
229.172 5780
229.747 6120
230.326 6460
230.908 6800
231.487 7140
232.063 7480
232.641 7820
233.346 8160
233.924 8500
234.5 8840
235.079 9180
235.851 9520
236.43 9860
237.006 10200
237.585 10540
238.167 10880
238.746 11220
239.321 11560
239.906 5610
241.052 6630
241.399 3060
242.222 3400
242.804 3740
243.386 4080
243.927 1870
244.499 2550
244.734 2890
245.31 3230
246.085 3570
246.658 3910
247.24 4250
247.816 4590
248.513 4930
249.092 5270
249.668 5610
250.247 5950
250.681 2720
251.254 3400
251.592 3740
252.199 4080
252.778 4420
253.547 2040
254.692 2720
255.071 3060
255.647 3400
256.226 3740
256.986 1700
257.558 2720
258.14 3060
258.716 3400
259.298 3740
259.873 4080
260.452 4420
261.218 4760
261.797 5100
262.379 5440
262.958 5780
263.534 6120
264.113 6460
264.842 6800
265.414 3230
265.987 4250
266.96 1870
267.532 2890
268.105 3230
268.687 3570
269.262 3910
269.838 4250
270.417 4590
270.999 4930
271.578 5270
272.153 5610
272.732 5950
273.455 6290
274.034 6630
274.61 6970
275.188 7310
275.955 7650
276.527 7990
277.109 8330
277.688 8670
278.264 9010
278.843 9350
279.59 9690
279.972 4590
280.544 5270
280.917 5610
281.493 5950
282.075 6290
282.647 6630
282.838 3060
283.41 3740
283.811 4080
284.555 4420
285.131 4760
285.71 5100
286.292 5440
286.871 5780
287.819 2720
288.391 3740
288.967 4080
289.549 1870
290.694 2890
291.27 3230
291.852 3570
292.427 3910
293.003 4250
293.582 4590
294.336 4930
294.914 5270
295.49 5610
296.069 5950
296.835 6290
297.414 6630
297.99 6970
298.569 7310
298.751 3400
299.323 4080
299.892 4420
300.468 4760
301.044 5100
301.256 2380
302.401 3060
302.974 3400
303.553 3740
304.135 4080
304.71 4420
305.483 4760
306.062 5100
306.644 5440
307.223 5780
307.798 6120
308.377 6460
309.091 6800
309.291 3230
309.863 3910
310.242 4250
311.008 4590
311.584 4930
312.163 5270
312.745 5610
313.324 5950
313.899 6290
314.262 2890
315.408 3570
315.974 3910
316.549 4250
317.128 4590
317.704 4930
318.283 5270
318.865 5610
319.431 2550
320.004 3570
320.586 3910
321.161 4250
321.724 1870
322.297 2890
323.439 3230
324.021 3570
324.609 1530
325.182 2550
325.751 2890
326.327 3230
326.902 3570
327.484 3910
328.06 4250
328.639 4590
329.221 4930
329.8 5270
330.756 2380
331.329 3400
331.901 3740
332.483 4080
333.062 4420
333.638 2040
334.21 3060
334.796 3400
335.374 3740
335.95 4080
336.726 4420
337.301 4760
338.077 5100
338.653 5440
339.373 5780
339.948 6120
340.527 6460
341.103 6800
341.525 3230
342.097 3910
342.273 4250
342.852 4590
343.428 4930
344.007 5270
344.76 5610
345.333 2550
345.905 3570
346.484 3910
347.066 4250
347.642 4590
348.599 2040
349.172 3060
349.744 3400
350.323 3740
350.899 4080
351.478 4420
352.06 4760
352.807 2210
353.38 3230
353.784 3570
354.359 3910
355.097 4250
355.676 4590
356.252 4930
356.831 5270
357.031 2380
357.603 3060
358.172 3400
358.748 3740
359.33 4080
359.909 4420
360.485 4760
361.064 5100
361.823 5440
362.402 5780
362.978 6120
363.557 6460
364.292 6800
364.871 7140
365.447 7480
365.656 3570
366.229 4250
366.783 4590
367.365 4930
367.94 5270
368.162 2380
368.735 3060
369.104 3400
369.68 3740
370.456 4080
371.034 4420
371.61 4760
372.189 5100
372.546 2380
373.118 3060
373.691 3400
374.266 3740
374.842 4080
375.427 1870
376 2890
376.569 3230
377.145 3570
377.727 3910
378.303 4250
378.862 1870
379.312 340
379.435 680
379.651 850
380.011 680
380.58 1360
380.996 1700
381.562 2040
381.931 2380
382.51 2720
383.083 3060
383.658 3400
384.222 1530
384.794 2550
385.579 2890
386.155 3230
386.731 3570
387.309 3910
388.042 4250
388.621 4590
389.196 4930
389.775 5270
390.538 5610
391.117 5950
391.693 6290
392.272 6630
392.854 6970
393.432 7310
394.008 7650
394.587 7990
395.169 8330
395.748 8670
396.495 9010
397.074 9350
397.656 9690
398.235 10030
398.817 10370
399.396 10710
399.53 5100
