0.0 0
0.601856 3400
1.20989 3740
1.2225 4080
1.2351 4420
1.24771 4760
1.26032 5100
1.46662 5440
1.82336 5780
1.83597 6120
1.84858 6460
1.86118 6800
1.87379 7140
1.8864 7480
1.89901 7820
2.0801 8160
2.43683 8500
2.44944 8840
2.46205 9180
2.47466 9520
2.48726 9860
2.49987 10200
2.51248 10540
2.52509 10880
2.5377 11220
2.5503 11560
2.68726 11900
2.69987 12240
3.0503 12580
3.06291 12920
3.07552 13260
3.08813 13600
3.10074 13940
3.11334 14280
3.12595 14620
3.13856 14960
3.15117 15300
3.16378 15640
3.17638 15980
3.18899 16320
3.2016 16660
3.21421 17000
3.22682 17340
3.30074 17680
3.31334 18020
3.32595 18360
3.66378 18700
3.67638 19040
3.68899 19380
3.7016 19720
3.71421 20060
3.72682 20400
3.73942 20740
3.75203 21080
3.76464 21420
3.77725 21760
3.78986 22100
3.80246 22440
3.81507 22780
3.82768 23120
3.84029 23460
3.8529 23800
3.8655 24140
3.87811 24480
3.89072 24820
3.90333 25160
3.91594 25500
3.92854 25840
3.94115 26180
3.95376 26520
3.96637 26860
3.97898 27200
3.99158 27540
4.27725 27880
4.28986 28220
4.30246 28560
4.31507 28900
4.32768 29240
4.34029 29580
4.3529 29920
4.3655 30260
4.37811 30600
4.39072 30940
4.40333 31280
4.41594 31620
4.42854 31960
4.44115 32300
4.45376 32640
4.46637 32980
4.47898 33320
4.49158 33660
4.50419 34000
4.5168 34340
4.52941 34680
4.54202 35020
4.55462 35360
4.56723 35700
4.57984 36040
4.59245 36380
4.60506 36720
4.61766 37060
4.63027 37400
4.64288 37740
4.65549 38080
4.6681 38420
4.6807 38760
4.69331 39100
4.70592 39440
4.71853 39780
4.73114 40120
4.74374 40460
4.75635 40800
4.76896 41140
4.88442 41480
4.89702 41820
4.90963 42160
4.92224 42500
4.93485 42840
4.94746 43180
4.96006 43520
4.97267 43860
4.98528 44200
4.99789 44540
5.0105 44880
5.0231 45220
5.03571 45560
5.04832 45900
5.06093 46240
5.07354 46580
5.08614 46920
5.09875 47260
5.11136 47600
5.12397 47940
5.13658 48280
5.14918 48620
5.16179 48960
5.1744 49300
5.18701 49640
5.19962 49980
5.21853 50320
5.23744 24990
6.15782 25670
6.76499 26010
7.38477 26350
7.99824 26690
8.46672 13090
9.07389 13770
9.51715 14110
10.1306 14450
10.7567 14790
11.3702 15130
11.99 15470
12.6034 15810
13.2232 16150
13.8493 16490
14.4691 16830
15.0825 17170
15.7023 17510
16.3284 17850
16.9482 18190
17.5616 18530
18.1814 18870
18.8075 19210
19.4273 19550
20.0407 19890
20.6605 20230
21.2866 20570
21.9064 20910
22.5198 21250
23.1396 21590
23.7657 21930
24.3855 22270
24.9989 22610
25.6187 22950
26.2448 23290
26.8646 23630
27.478 23970
28.0978 24310
28.7239 24650
29.3437 24990
29.9572 25330
30.5769 25670
31.203 26010
31.8228 26350
32.4363 26690
33.056 27030
33.6821 27370
34.3019 27710
34.9154 28050
35.5351 28390
36.1612 28730
36.781 29070
37.3945 29410
38.0142 29750
38.6403 30090
39.2601 30430
39.8736 30770
40.4933 31110
41.1194 31450
41.7392 31790
42.3527 32130
42.9724 32470
43.5985 32810
44.2183 33150
44.8318 33490
45.4516 33830
46.082 34170
46.7124 34510
47.3428 34850
47.9858 35190
48.6414 35530
49.297 35870
49.9526 36210
50.6208 36550
51.3017 36890
51.9825 37230
52.6633 37570
53.3568 37910
54.0628 38250
54.7689 38590
55.4749 38930
56.1936 39270
56.9248 39610
57.6561 39950
58.3874 40290
59.1312 40630
59.8751 40970
60.6316 41310
61.4007 41650
62.1698 41990
62.9388 42330
63.7205 42670
64.5148 43010
65.3092 43350
66.1035 43690
66.9104 44030
67.7299 44370
68.5494 44710
69.3689 45050
70.2011 45390
71.0458 45730
71.8905 46070
72.7353 46410
73.5926 46750
74.4626 47090
75.3325 47430
76.2025 47770
77.085 48110
77.9802 48450
78.8754 48790
79.7705 49130
80.6783 49470
81.5987 49810
82.5191 50150
83.4395 50490
84.3724 50830
85.318 51170
86.2636 51510
87.2092 51850
88.1675 52190
89.1383 52530
90.1091 52870
91.0799 53210
92.0633 53550
93.0594 53890
94.0554 54230
95.0514 54570
96.0601 54910
97.0813 55250
98.1026 55590
99.1238 55930
100.158 56270
101.204 56610
102.251 56950
103.297 57290
104.356 57630
105.428 57970
106.499 58310
107.571 58650
108.655 58990
109.752 59330
110.849 59670
111.946 60010
113.056 60350
114.178 60690
115.3 61030
116.422 61370
117.557 61710
118.704 62050
119.851 62390
120.999 62730
122.159 63070
123.331 63410
124.504 63750
125.676 64090
126.861 64430
128.059 64770
129.257 65110
130.455 65450
131.665 65790
132.888 66130
134.111 66470
135.334 66810
136.57 67150
137.818 67490
139.066 67830
140.314 68170
141.575 68510
142.848 68850
144.122 69190
145.395 69530
146.681 69870
147.98 70210
149.278 70550
150.577 70890
151.888 71230
153.212 71570
154.536 71910
155.86 72250
157.196 72590
158.545 72930
159.894 73270
161.243 73610
162.605 73950
163.979 74290
165.354 74630
166.728 74970
168.115 75310
169.514 75650
170.914 75990
172.313 76330
173.725 76670
175.15 77010
176.575 77350
177.999 77690
179.437 78030
180.887 78370
182.337 78710
183.787 79050
185.249 79390
186.724 79730
188.199 80070
189.674 80410
191.162 80750
192.663 81090
194.163 81430
195.663 81770
197.176 82110
198.702 82450
200.227 82790
201.753 83130
203.291 83470
204.842 83810
206.393 84150
207.943 84490
209.507 84830
211.083 85170
212.659 85510
214.235 85850
215.823 86190
217.425 86530
219.026 86870
220.627 87210
222.241 87550
223.867 87890
225.494 88230
227.12 88570
228.759 88910
230.411 89250
232.063 89590
233.714 89930
235.378 90270
237.055 90610
238.732 90950
240.409 91290
242.099 91630
243.801 91970
245.503 92310
247.205 92650
248.919 92990
250.647 93330
252.374 93670
254.101 94010
255.841 94350
257.594 94690
259.346 95030
261.099 95370
262.864 95710
264.642 96050
266.419 96390
268.197 96730
269.987 97070
271.79 97410
273.593 97750
275.396 98090
277.212 98430
279.04 98770
280.868 99110
282.696 99450
282.715 49470
284.526 340
284.543 680
286.058 1020
286.265 1360
286.672 1700
286.878 2040
287.285 2380
287.485 2720
287.498 3060
287.899 3400
288.092 3740
288.105 4080
288.118 4420
288.324 4760
288.512 5100
288.7 5440
288.712 5780
288.725 6120
288.737 6460
288.75 6800
288.937 7140
289.126 7480
289.307 7820
289.319 8160
289.332 8500
289.345 8840
289.357 9180
289.37 9520
289.382 9860
289.395 10200
289.551 10540
289.733 10880
289.745 11220
289.92 11560
289.933 11900
289.945 12240
289.958 12580
289.971 12920
289.983 13260
289.996 13600
290.008 13940
290.021 14280
290.034 14620
290.046 14960
290.059 15300
290.164 15640
290.34 15980
290.353 16320
290.365 16660
290.527 17000
290.54 17340
290.553 17680
290.565 18020
290.578 18360
290.59 18700
290.603 19040
290.616 19380
290.628 19720
290.641 20060
290.653 20400
290.666 20740
290.679 21080
290.691 21420
290.704 21760
290.717 22100
290.729 22440
290.742 22780
290.772 23120
290.784 23460
290.953 23800
290.966 24140
290.979 24480
290.991 24650
291.624 24990
292.237 25330
292.857 25670
293.576 26010
294.196 26350
294.809 26690
295.429 27030
296.055 27370
296.675 27710
297.288 28050
297.908 28390
298.534 28730
299.154 29070
299.767 29410
300.387 29750
301.013 30090
301.633 30430
302.246 30770
302.866 31110
303.492 31450
304.112 31790
304.726 32130
305.345 32470
305.971 32810
306.591 33150
307.205 33490
307.824 33830
308.455 34170
309.085 34510
309.716 34850
310.359 35190
311.014 35530
311.67 35870
312.325 36210
312.994 36550
313.674 36890
314.355 37230
315.036 37570
315.73 37910
316.436 38250
317.142 38590
317.848 38930
318.566 39270
319.298 39610
320.029 39950
320.76 40290
321.504 40630
322.261 40970
323.017 41310
323.774 41650
324.543 41990
325.324 42330
326.106 42670
326.888 43010
327.682 43350
328.489 43690
329.296 44030
330.103 44370
330.922 44710
331.754 45050
332.586 45390
333.419 45730
334.263 46070
335.121 46410
335.978 46750
336.835 47090
337.705 47430
338.588 47770
339.47 48110
340.353 48450
341.248 48790
342.156 49130
343.064 49470
343.972 49810
344.892 50150
345.825 50490
346.758 50830
347.691 51170
348.636 51510
349.595 51850
350.553 52190
351.511 52530
352.482 52870
353.465 53210
354.436 53550
355.432 53890
356.428 54230
357.424 54570
358.433 54910
359.454 55250
360.475 55590
361.497 55930
362.53 56270
363.577 56610
364.623 56950
365.67 57290
366.729 57630
367.801 57970
368.872 58310
369.944 58650
371.028 58990
372.125 59330
373.222 59670
374.319 60010
375.428 60350
376.551 60690
377.673 61030
378.795 61370
379.93 61710
381.077 62050
382.224 62390
383.372 62730
384.531 63070
385.704 63410
386.877 63750
388.049 64090
389.234 64430
390.432 64770
391.63 65110
392.828 65450
394.038 65790
395.261 66130
396.484 66470
397.707 66810
398.942 67150
