0.0 0
0.569875 3400
1.14284 3740
1.14914 4080
1.15545 4420
1.16175 4760
1.16805 5100
1.37121 5440
1.71852 5780
1.72483 6120
1.73113 6460
1.73743 6800
1.74374 7140
1.75004 7480
1.75635 7820
1.94689 8160
2.29421 8500
2.30051 8840
2.30681 9180
2.31312 9520
2.31942 9860
2.32573 10200
2.33203 10540
2.33833 10880
2.34464 11220
2.35094 11560
2.51942 11900
2.52573 12240
2.86989 12580
2.87619 12920
2.8825 13260
2.8888 13600
2.8951 13940
2.90141 14280
2.90771 14620
2.91402 14960
2.92032 15300
2.92662 15640
2.93293 15980
2.93923 16320
2.94554 16660
2.95184 17000
2.95814 17340
3.0951 17680
3.10141 18020
3.10771 18360
3.44557 18700
3.45188 19040
3.45818 19380
3.46448 19720
3.47079 20060
3.47709 20400
3.4834 20740
3.4897 21080
3.496 21420
3.50231 21760
3.50861 22100
3.51492 22440
3.52122 22780
3.52752 23120
3.53383 23460
3.54013 23800
3.54644 24140
3.55274 24480
3.55904 24820
3.56535 25160
3.57165 25500
3.57796 25840
3.66764 26180
3.67394 26520
3.68024 26860
3.68655 27200
3.69285 27540
4.02126 27880
4.02756 28220
4.03386 28560
4.04017 28900
4.04647 29240
4.05278 29580
4.05908 29920
4.06538 30260
4.07169 30600
4.07799 30940
4.0843 31280
4.0906 31620
4.10321 31960
4.10951 32300
4.11582 32640
4.12212 32980
4.12842 33320
4.13473 33660
4.14103 34000
4.14734 34340
4.15364 34680
4.15994 35020
4.16625 35360
4.17255 35700
4.17886 36040
4.18516 36380
4.19146 36720
4.19777 37060
4.20407 37400
4.21038 37740
4.21668 38080
4.22298 38420
4.24332 38760
4.24962 39100
4.25593 39440
4.26223 39780
4.26854 40120
4.27484 40460
4.28114 40800
4.4843 41140
4.59694 41480
4.60324 41820
4.60955 42160
4.61585 42500
4.62215 42840
4.62846 43180
4.63476 43520
4.64107 43860
4.64737 44200
4.65367 44540
4.65998 44880
4.66628 45220
4.67259 45560
4.67889 45900
4.68519 46240
4.6915 46580
4.6978 46920
4.70411 47260
4.71041 47600
4.71671 47940
4.72302 48280
4.72932 48620
4.73563 48960
4.74193 49300
4.74823 49640
4.75454 49980
4.76084 50320
4.76715 50660
4.77345 51000
4.77975 51340
4.78606 51680
4.79236 52020
4.79867 52360
4.80497 52700
4.81127 53040
4.81758 53380
4.82388 53720
4.83019 54060
4.83649 54400
4.84279 54740
4.8491 55080
4.8554 55420
4.86171 55760
4.86801 56100
4.87431 56440
4.88062 56780
4.88692 57120
4.89323 57460
4.89953 57800
4.90583 58140
4.91214 58480
4.91844 58820
4.92475 59160
4.93105 59500
4.93735 59840
4.94366 60180
4.94996 60520
4.95627 60860
4.96257 61200
5.05683 61540
5.16947 61880
5.17577 62220
5.18208 62560
5.18838 62900
5.19469 63240
5.20099 63580
5.20729 63920
5.2136 64260
5.2199 64600
5.22621 64940
5.23251 65280
5.23881 65620
5.24512 65960
5.25142 66300
5.25773 66640
5.26403 66980
5.27033 67320
5.27664 67660
5.28294 68000
5.28925 68340
5.29555 68680
5.30185 69020
5.30816 69360
5.31446 69700
5.32077 70040
5.32707 70380
5.33337 70720
5.33968 71060
5.34598 71400
5.35229 71740
5.35859 72080
5.36489 72420
5.3712 72760
5.3775 73100
5.38381 73440
5.39011 73780
5.39641 74120
5.40272 74460
5.40902 74800
5.41533 75140
5.42163 75480
5.42793 75820
5.43424 76160
5.44054 76500
5.44685 76840
5.45315 77180
5.45945 77520
5.46576 77860
5.47206 78200
5.47837 78540
5.48467 78880
5.49097 79220
5.49728 79560
5.50358 79900
5.50989 80240
5.51619 80580
5.52249 80920
5.5288 81260
5.5351 81600
5.54141 81940
5.54771 82280
5.55401 82620
5.56032 82960
5.56662 83300
5.57293 83640
5.57923 83980
5.58553 84320
5.59184 84660
5.59814 85000
5.60445 85340
5.61075 85680
5.61705 86020
5.62336 86360
5.62966 86700
5.63597 87040
5.64227 87380
5.64857 87720
5.65488 88060
5.66118 88400
5.66749 88740
5.67379 89080
5.68009 89420
5.6864 89760
5.6927 90100
5.69901 90440
5.70531 90780
5.71161 91120
5.71792 91460
5.72422 91800
5.73053 92140
5.742 92480
5.74831 92820
5.75461 93160
5.76091 93500
5.76722 93840
5.77352 94180
5.77983 94520
5.78613 94860
5.79243 95200
5.79874 95540
5.80504 95880
5.81135 96220
5.81765 96560
5.82395 96900
5.83026 97240
5.83656 97580
5.84287 97920
5.84917 98260
5.85547 98600
5.86178 98940
5.86808 99280
5.87439 99620
5.88069 99960
5.88699 100300
5.8933 100640
5.8996 100980
5.90591 101320
5.91221 101660
5.91851 102000
5.92482 102340
5.93112 102680
5.93743 103020
5.94373 103360
5.95003 103700
5.95634 104040
5.96264 104380
5.96895 104720
5.97525 105060
5.98155 105400
5.98786 105740
5.99416 106080
6.00047 106420
6.00677 106760
6.01307 107100
6.01938 107440
6.02568 107780
6.03199 108120
6.03829 108460
6.04459 108800
6.0509 109140
6.0572 109480
6.06351 109820
6.06981 110160
6.07611 110500
6.08242 110840
6.08872 111180
6.09503 111520
6.10133 111860
6.10763 112200
6.11394 112540
6.12024 112880
6.12655 113220
6.13285 113560
6.13915 113900
6.14546 114240
6.15176 114580
6.15807 114920
6.16437 115260
6.17067 115600
6.17698 115940
6.18328 116280
6.18959 116620
6.19589 116960
6.20219 117300
6.2085 117640
6.2148 117980
6.22111 118320
6.22741 118660
6.23371 119000
6.24002 119340
6.24632 119680
6.25263 120020
6.25893 120360
6.26523 120700
6.27154 121040
6.27784 121380
6.28415 121720
6.29045 122060
6.29675 122400
6.30306 122740
6.30936 123080
6.31567 123420
6.32197 123760
6.32827 124100
6.33458 124440
6.34088 124780
6.34719 125120
6.35349 125460
6.35979 125800
6.3661 126140
6.3724 126480
6.37871 126820
6.38501 127160
6.39131 127500
6.39762 127840
6.40392 128180
6.41023 128520
6.41653 128860
6.42283 129200
6.42914 129540
6.43544 129880
6.44175 130220
6.44805 130560
6.45435 130900
6.46066 131240
6.46696 131580
6.47327 131920
6.47957 132260
6.48587 132600
6.49218 132940
6.49848 133280
6.50479 133620
6.51109 133960
6.51739 134300
6.5237 134640
6.53 134980
6.53631 135320
6.54261 135660
6.54891 136000
6.55522 136340
6.56152 136680
6.56783 137020
6.57413 137360
6.58043 137700
6.58674 138040
6.59304 138380
6.59935 138720
6.60565 139060
6.61195 139400
6.61826 139740
6.62456 140080
6.63087 140420
6.63717 140760
6.64347 141100
6.64978 141440
6.65608 141780
6.66239 142120
6.66869 142460
6.67499 142800
6.6813 143140
6.6876 143480
6.69391 143820
6.70021 144160
6.70651 144500
6.71282 144840
6.71912 145180
6.72543 145520
6.73173 145860
6.73803 146200
6.74434 146540
6.75064 146880
6.75695 147220
6.76325 147560
6.76955 147900
6.77586 148240
6.78216 148580
6.78847 148920
6.79477 149260
6.80107 149600
6.80738 149940
6.81368 150280
6.81999 150620
6.82629 150960
6.83259 151300
6.8389 151640
6.8452 151980
6.85151 152320
6.85781 152660
6.86411 153000
6.87042 153340
6.87672 153680
6.88303 154020
6.88933 154360
6.89563 154700
6.90194 155040
6.90824 155380
6.91455 155720
6.92085 156060
6.92715 156400
6.93346 156740
6.93976 157080
6.94607 157420
6.95237 157760
6.95867 158100
6.96498 158440
6.97128 158780
6.97759 159120
6.98389 159460
6.99019 159800
6.9965 160140
7.0028 160480
7.00911 160820
7.01541 161160
7.02171 161500
7.02802 161840
7.03432 162180
7.04063 162520
7.04693 162860
7.05323 163200
7.05954 163540
7.06584 163880
7.07215 164220
7.07845 164560
7.08475 164900
7.09106 165240
7.09736 165580
7.10367 165920
7.10997 166260
7.11627 166600
7.12258 166940
7.12888 167280
7.13519 167620
7.14149 167960
7.14779 168300
7.1541 168640
7.1604 168980
7.16671 169320
7.17301 169660
7.17931 170000
7.18562 170340
7.19192 170680
7.19823 171020
7.20453 171360
7.21083 171700
7.21714 172040
7.22344 172380
7.22975 172720
7.23605 173060
7.24235 173400
7.24866 173740
7.25496 174080
7.26127 174420
7.26757 174760
7.27387 175100
7.28018 175440
7.28648 175780
7.29279 176120
7.29909 176460
7.30539 176800
7.3117 177140
7.318 177480
7.32431 177820
7.33061 178160
7.33691 178500
7.34322 178840
7.34952 179180
7.36213 89420
8.50965 340
8.80575 680
9.37828 1020
9.95081 1360
10.5233 1700
10.5328 2040
11.1022 2380
11.1116 2720
11.6747 3060
11.6842 3400
11.6936 3740
12.2504 4080
12.2598 4420
12.2693 4760
12.2788 5100
12.8261 5440
12.8355 5780
12.845 6120
12.8544 6460
12.8639 6800
13.3986 7140
13.4081 7480
13.4175 7820
13.427 8160
13.4364 8500
13.4459 8840
13.4553 9180
13.9743 9520
13.9837 9860
13.9932 10200
14.0027 10540
14.0121 10880
14.0216 11220
14.031 11560
14.0405 11900
14.0499 12240
14.5468 12580
14.5563 12920
14.5657 13260
14.5752 13600
14.5846 13940
14.5941 14280
14.6036 14620
14.613 14960
14.6225 15300
14.6319 15640
14.6414 15980
14.6508 16320
15.1194 16660
15.1288 17000
15.1383 17340
15.1477 17680
15.1572 18020
15.1666 18360
15.1761 18700
15.1855 19040
15.195 19380
15.2045 19720
15.2139 20060
15.2234 20400
15.2328 20740
15.2423 21080
15.2517 21420
15.2612 21760
15.6919 22100
15.7013 22440
15.7108 22780
15.7203 23120
15.7297 23460
15.7486 11560
16.922 11900
17.1427 12240
17.6175 12580
18.0892 12920
18.5035 13260
18.7878 13600
19.2563 13940
19.7217 14280
19.977 14620
20.4486 14960
20.9298 15300
21.1914 15640
21.6725 15980
22.1505 16320
22.6348 16660
22.909 17000
23.3145 8330
23.991 8670
24.073 9010
24.3555 9350
24.4375 9690
24.865 10030
25.1172 10370
25.488 10710
25.7401 11050
26.1172 11390
26.519 11730
26.5731 5610
27.256 5950
27.3127 6290
27.4356 6630
27.4955 6970
27.8348 7310
28.0145 7650
28.3884 7990
28.5807 8330
28.9547 8670
29.1595 9010
29.543 9350
29.751 9690
30.1407 10030
30.3645 10370
30.7605 10710
31.0992 11050
31.4245 11390
31.8362 11730
32.0663 12070
32.4844 12410
32.9498 12750
33.1988 13090
33.6326 13430
34.1074 13770
34.3565 14110
34.8029 14450
35.284 14790
35.5519 15130
35.6858 7310
36.4953 7650
36.5835 7990
36.6529 8330
37.0174 8670
37.1844 9010
37.5962 9350
37.7727 9690
38.2003 10030
38.3799 10370
38.8201 10710
39.0029 11050
39.4525 11390
39.8926 11730
40.0912 12070
40.5471 12410
40.7457 12750
41.2111 13090
41.6701 13430
41.8845 13770
42.3593 14110
42.8278 14450
43.1287 14790
43.5453 15130
44.0264 15470
44.5107 15810
44.7692 16150
45.2692 16490
45.7756 16830
46.2819 17170
46.7882 17510
47.0782 17850
47.594 18190
48.1193 18530
48.6351 18870
49.1572 19210
49.6761 19550
50.1919 19890
50.5355 20230
51.0702 20570
51.6017 20910
52.1396 21250
52.6743 21590
53.2185 21930
53.7595 22270
54.3068 22610
54.8541 22950
55.4014 23290
55.955 23630
56.2639 11560
57.1348 11900
57.2483 12240
57.3617 12580
57.8302 12920
58.3145 13260
58.5541 13600
59.0541 13940
59.5447 14280
60.0447 14620
60.2149 7140
61.1236 7480
61.1992 7820
61.2749 8160
61.3505 8500
61.8127 8840
62.275 9180
62.3632 4420
62.9956 4760
63.0398 5100
63.0902 5440
63.4421 5780
63.4925 6120
63.6438 6460
64.0461 6800
64.2006 7140
64.6092 7480
64.7731 7820
65.188 8160
65.3614 8500
65.7858 8840
65.9686 9180
66.4308 9520
66.8584 9860
67.0601 10200
67.5034 10540
67.7051 10880
68.1768 11220
68.6327 11560
68.8439 11900
69.2557 5780
69.9196 6120
69.9763 6460
70.2904 6800
70.3534 7140
70.5268 7480
70.9039 7820
71.1056 8160
71.4922 8500
71.6971 8840
72.0931 9180
72.3043 9520
72.7098 9860
73.172 10200
73.3926 10540
73.8107 10880
74.0376 11220
74.4935 11560
74.9337 11900
75.1732 12240
75.6575 12580
76.1134 12920
76.6072 13260
76.8656 13600
77.1828 6630
77.8657 6970
77.9634 7310
78.0264 7650
78.4067 7990
78.5769 8330
79.0139 8670
79.1904 9010
79.6558 9350
80.036 9690
80.2913 10030
80.7504 10370
80.9458 10710
81.427 11050
81.8892 11390
82.1003 11730
82.5846 12070
83.0563 12410
83.4712 12750
83.7707 13090
84.2612 13430
84.7487 13770
85.1825 14110
85.4977 14450
86.0041 14790
86.5072 15130
87.0199 15470
87.3901 15810
87.8036 16150
88.3194 16490
88.8415 7990
89.4991 8330
89.5748 8670
89.9015 9010
90.0874 9350
90.4897 9690
90.8284 10030
91.2356 10370
91.638 10710
92.0623 11050
92.3996 11390
92.824 11730
93.3303 12070
93.6974 12410
94.1235 12750
94.5574 13090
95.0668 13430
95.5038 13770
95.8695 14110
96.3821 14450
96.8412 14790
97.357 15130
97.8665 15470
98.0997 7480
98.77 7820
99.043 8160
99.125 8500
99.429 8840
99.7133 9180
100.194 9520
100.488 9860
100.849 10200
101.333 10540
101.633 10880
102.003 11220
102.491 11560
102.864 11900
103.183 12240
103.683 12580
104.177 12920
104.508 13260
104.913 13600
105.426 13940
105.939 14280
106.454 14620
106.804 14960
107.226 15300
107.744 15640
108.27 15980
108.798 16320
109.33 16660
109.741 17000
110.233 17340
110.774 17680
111.132 8670
111.818 9010
112.015 9350
112.227 9690
112.526 10030
112.945 10370
113.359 10710
113.694 11050
114.118 11390
114.539 11730
114.976 12070
115.377 12410
115.807 12750
116.241 13090
116.618 13430
117.094 13770
117.537 14110
117.987 14450
118.5 14790
118.886 15130
119.372 15470
119.84 15810
120.296 16150
120.815 16490
121.34 16830
121.755 17170
122.272 17510
122.75 17850
123.288 18190
123.829 18530
124.247 9010
124.977 9350
125.116 9690
125.138 4590
125.927 4930
126.113 5270
126.157 5610
126.255 5950
126.531 6290
126.815 6630
127.103 6970
127.393 7310
127.682 7650
127.979 7990
128.274 8330
128.579 8670
129.016 9010
129.368 9350
129.69 9690
130.139 10030
130.438 10370
130.829 10710
131.284 11050
131.652 11390
131.993 11730
132.458 12070
132.844 12410
133.221 12750
133.691 13090
134.179 13430
134.568 13770
134.957 14110
135.45 14450
135.947 14790
136.462 15130
136.871 15470
137.393 15810
137.775 16150
138.29 16490
138.797 16830
139.319 17170
139.74 17510
140.268 17850
140.67 18190
141.194 18530
141.713 18870
142.254 19210
142.801 19550
143.352 19890
143.905 20230
144.459 20570
144.506 10030
145.269 10370
145.497 10710
145.848 11050
146.359 11390
146.781 11730
147.303 12070
147.749 12410
148.265 12750
148.679 13090
149.209 13430
149.643 13770
150.178 14110
150.637 14450
151.159 14790
151.7 15130
152.127 15470
152.664 15810
153.205 16150
153.667 16490
154.217 16830
154.771 17170
155.324 17510
155.812 17850
156.372 18190
156.929 18530
157.489 18870
158.048 19210
158.608 19550
158.933 9520
159.753 9860
159.842 10200
160.069 10540
160.521 10880
160.99 11220
161.506 11560
162.021 11900
162.274 12240
162.78 12580
163.277 12920
163.799 13260
164.318 13600
164.649 13940
165.127 14280
165.662 14620
166.196 14960
166.718 15300
167.272 15640
167.455 7650
168.59 8670
168.942 9010
169.024 9350
169.131 9690
169.594 10030
170.1 10370
170.289 10710
170.789 11050
171.302 11390
171.818 11730
172.026 12070
172.538 12410
173.063 12750
173.582 13090
174.101 13430
174.322 13770
174.844 14110
175.369 14450
175.891 14790
176.417 15130
176.647 15470
177.178 15810
177.716 16150
178.26 16490
178.798 16830
179.346 17170
179.902 17510
180.456 17850
181.01 18190
181.192 8840
182.328 10200
182.544 10540
182.784 10880
182.885 11220
183.385 11560
183.91 11900
184.432 12240
184.647 12580
185.175 12920
185.7 13260
186.229 13600
186.748 13940
187.276 14280
187.522 14620
188.06 14960
188.601 15300
189.138 15640
189.673 15980
190.221 16320
190.391 7990
191.35 8330
191.425 8670
191.501 9010
191.995 9350
192.495 9690
192.662 10030
193.165 10370
193.668 10710
193.845 11050
194.351 11390
194.864 11730
195.364 12070
195.572 12410
196.075 12750
196.6 13090
197.119 13430
197.635 13770
197.875 14110
198.406 14450
198.947 14790
199.485 15130
200.023 15470
200.561 15810
201.095 16150
201.649 16490
202.048 16830
202.483 17170
203.04 17510
203.389 8500
204.097 8840
204.179 9180
204.619 9520
204.789 9860
205.299 10200
205.799 10540
206.226 10880
206.494 11220
206.997 11560
207.513 11900
207.944 12240
208.231 12580
208.75 12920
209.269 13260
209.784 13600
210.234 13940
210.54 14280
211.062 14620
211.584 14960
212.1 15300
212.559 15640
212.932 15980
213.421 16320
213.956 16660
214.494 17000
215.028 17340
215.56 17680
216.101 18020
216.648 18360
217.142 18700
217.702 19040
218.262 19380
218.828 19720
219.394 20060
219.426 9860
220.235 10200
220.333 10540
220.814 10880
221.333 11220
221.703 11560
222.066 11900
222.594 12240
223.123 12580
223.648 12920
224.186 13260
224.566 13600
224.955 13940
225.492 14280
226.023 14620
226.564 14960
227.102 15300
227.64 15640
228.175 15980
228.593 16320
229.159 16660
229.725 17000
230.298 17340
230.87 17680
231.449 18020
232.025 18360
232.604 18700
233.186 19040
233.764 19380
234.34 19720
234.919 20060
235.501 20400
236.08 20740
236.655 21080
237.234 21420
237.923 21760
238.502 22100
238.628 10880
239.201 11560
239.717 11900
240.292 12240
240.874 12580
241.45 12920
242.029 13260
242.611 13600
243.19 13940
243.765 14280
244.344 14620
244.926 14960
245.505 15300
246.081 15640
246.66 15980
247.242 16320
247.82 16660
248.396 17000
248.975 17340
249.557 17680
250.136 18020
250.711 18360
251.29 18700
252.038 19040
252.616 19380
253.192 19720
253.771 20060
254.439 20400
255.017 20740
255.593 21080
256.172 21420
256.754 21760
257.333 22100
257.908 22440
258.487 22780
259.069 23120
259.648 23460
260.224 23800
260.803 24140
261.378 24480
261.957 24820
262.194 12240
263.339 13260
263.87 13600
264.446 13940
265.025 14280
265.607 14620
266.186 14960
266.761 15300
267.34 15640
267.922 15980
268.501 16320
269.077 16660
269.655 17000
270.237 17340
270.816 17680
271.395 18020
271.971 18360
272.553 18700
273.128 19040
273.714 19380
274.296 19720
274.874 20060
275.45 20400
276.029 20740
276.611 21080
277.19 21420
277.765 21760
278.344 22100
278.926 22440
279.505 22780
280.081 23120
280.66 23460
281.242 23800
281.82 24140
282.396 24480
282.975 24820
283.684 25160
284.263 25500
284.839 25840
285.418 26180
286.174 26520
286.753 26860
287.328 27200
287.907 27540
288.495 27880
289.074 28220
289.65 28560
290.229 28900
290.811 29240
291.389 29580
291.965 29920
292.544 30260
293.126 30600
293.705 30940
294.281 31280
294.859 31620
295.441 31960
296.02 32300
296.596 32640
297.175 32980
297.757 33320
298.342 33660
298.918 34000
299.496 34340
300.078 34680
300.657 35020
301.233 35360
301.673 17510
302.246 18190
302.482 18530
303.061 18870
303.643 19210
304.222 19550
304.797 19890
305.376 20230
305.958 20570
306.537 20910
307.113 21250
307.691 21590
308.273 21930
308.852 22270
309.428 22610
310.007 22950
310.589 23290
311.168 23630
311.743 23970
312.322 24310
312.904 24650
313.483 24990
314.059 25330
314.637 25670
315.219 26010
315.798 26350
316.374 26690
316.953 27030
317.535 27370
318.114 27710
318.557 13600
319.129 14280
319.472 14620
320.048 14960
320.626 15300
321.372 15640
321.951 15980
322.527 16320
323.106 16660
323.688 17000
324.266 17340
324.842 17680
325.421 18020
326.003 18360
326.582 18700
327.12 9180
327.692 9860
327.888 10200
328.466 10540
329.042 10880
329.621 11220
330.203 11560
330.782 11900
331.358 12240
331.936 12580
332.518 12920
333.097 13260
333.673 13600
334.252 13940
334.834 14280
335.413 14620
335.988 14960
336.567 15300
337.149 15640
337.728 15980
338.304 16320
338.882 16660
339.464 17000
340.043 17340
340.619 17680
341.198 18020
341.78 18360
342.359 18700
342.934 19040
343.513 19380
344.154 19720
344.733 20060
345.308 20400
345.887 20740
346.469 21080
347.048 21420
347.624 21760
348.202 22100
348.549 10880
349.122 11560
349.508 11900
350.26 12240
350.839 12580
351.415 12920
351.641 6290
352.213 6970
352.689 7310
353.265 7650
353.847 7990
354.423 8330
355.051 8670
355.076 4080
355.652 4760
356.212 5100
356.794 5440
357.369 5780
357.951 6120
358.527 6460
359.109 6800
359.681 7140
360.263 7480
360.842 7820
361.418 8160
361.997 8500
362.744 8840
363.323 9180
363.899 9520
364.477 9860
365.244 10200
365.823 10540
366.398 10880
366.977 11220
367.635 11560
368.214 11900
368.79 12240
369.368 12580
369.984 12920
370.563 6290
371.135 7310
371.717 7650
372.293 7990
373.065 8330
373.638 8670
374.22 9010
374.799 9350
375.375 9690
375.953 10030
376.535 10370
377.114 10710
377.69 11050
378.269 11390
379.019 11730
379.598 12070
380.174 12410
380.753 12750
381.334 13090
381.913 13430
382.495 6460
383.068 7480
383.644 7820
384.226 8160
384.801 8500
385.574 8840
386.153 9180
386.728 9520
387.307 9860
388.014 10200
388.593 10540
388.822 5100
389.394 5780
389.938 6120
390.514 6460
391.096 6800
391.675 7140
392.25 7480
392.829 7820
393.405 8160
393.984 8500
394.566 8840
395.145 9180
395.72 9520
396.299 9860
396.881 10200
397.46 10540
398.042 10880
398.624 11220
399.2 11560
399.778 11900
