0.0 0
0.569875 3400
1.14284 3740
1.14914 4080
1.15545 4420
1.16175 4760
1.16805 5100
1.37121 5440
1.71852 5780
1.72483 6120
1.73113 6460
1.73743 6800
1.74374 7140
1.75004 7480
1.75635 7820
1.94689 8160
2.29421 8500
2.30051 8840
2.30681 9180
2.31312 9520
2.31942 9860
2.32573 10200
2.33203 10540
2.33833 10880
2.34464 11220
2.35094 11560
2.51942 11900
2.52573 12240
2.86989 12580
2.87619 12920
2.8825 13260
2.8888 13600
2.8951 13940
2.90141 14280
2.90771 14620
2.91402 14960
2.92032 15300
2.92662 15640
2.93293 15980
2.93923 16320
2.94554 16660
2.95184 17000
2.95814 17340
3.0951 17680
3.10141 18020
3.30456 18360
3.45188 9010
4.68835 4250
5.73885 4590
6.31769 4930
6.3366 2210
7.48166 2890
7.68481 3230
8.4605 3570
9.03618 3910
9.76548 4250
10.3443 4590
10.92 4930
11.4988 5270
12.0808 5610
12.6597 5950
13.2353 6290
13.4259 2890
13.9984 3570
14.393 1530
14.9655 2550
15.5412 2890
16.1169 3230
16.8926 3570
17.262 1530
17.8345 2550
18.4133 2890
18.989 3230
19.7616 3570
20.3372 3910
21.1098 4250
21.6886 4590
22.0611 2040
22.6337 2720
23.0125 3060
23.7819 1360
24.3544 2380
24.9301 2720
25.5058 3060
26.0878 3400
26.6635 3740
27.2391 4080
27.818 4420
28.3937 2040
28.9662 3060
29.545 3400
30.3207 3740
30.8964 4080
31.6721 4420
32.2478 4760
32.8266 5100
33.5496 5440
34.1284 5780
34.6978 2720
35.2703 3740
36.0555 4080
36.6312 4420
37.2131 4760
37.792 5100
38.3677 5440
38.7181 2550
39.2907 3230
39.8569 3570
40.4326 3910
41.0146 4250
41.5902 4590
42.1722 4930
42.7511 5270
43.3267 5610
43.9056 5950
44.6624 6290
44.8876 2890
45.4601 3570
45.8326 3910
46.4083 4250
46.9872 4590
47.7565 4930
48.3354 5270
48.9111 5610
49.0804 2550
49.653 3230
50.0624 3570
50.6444 3910
51.2201 4250
51.7989 4590
52.5219 4930
52.9314 2210
53.5039 2890
53.6733 3230
54.249 3570
54.8278 3910
55.594 4250
55.9792 1870
57.1242 2890
57.7062 3230
58.2756 1360
58.9637 340
60.3088 680
60.8845 1020
61.4601 1360
62.2358 1700
62.8115 2040
63.3872 2380
64.1597 2720
64.7386 3060
65.3142 3400
65.8931 3740
66.6318 4080
67.2107 4420
67.7864 4760
68.1832 2210
68.7557 2890
69.1283 3230
69.8976 3570
70.4733 3910
71.0553 4250
71.6342 4590
72.2098 4930
72.7887 5270
73.3644 5610
73.9432 5950
74.5252 6290
75.104 6630
75.6797 6970
76.2585 7310
76.9995 7650
77.5784 7990
77.9509 3740
78.5234 4420
79.0928 4760
79.6717 5100
80.2473 5440
80.8262 5780
81.4082 6120
81.987 6460
82.5627 6800
83.1415 7140
83.7172 3400
84.2897 4420
84.8686 4760
85.6443 5100
86.2199 5440
86.9956 5780
87.5713 6120
88.1501 6460
88.8605 6800
89.4394 7140
90.015 7480
90.5939 7820
91.0286 3740
92.1736 4760
92.7556 5100
93.4881 5440
94.0669 5780
94.6489 2720
95.7939 3400
96.3602 3740
96.9359 4080
97.5147 4420
98.0967 4760
98.6755 5100
98.8661 2380
99.4386 3060
100.008 3400
100.584 3740
101.166 4080
101.738 4420
102.32 4760
102.899 5100
103.475 5440
104.054 5780
104.807 6120
105.386 6460
105.962 3060
106.534 4080
107.119 4420
107.695 4760
108.471 2210
109.043 3230
109.616 3570
110.191 3910
110.773 4250
111.352 4590
111.934 4930
112.513 5270
113.267 5610
114.005 2550
114.578 3570
115.147 3910
115.385 1700
115.958 2380
116.305 2720
116.881 3060
117.653 3400
118.229 3740
118.805 4080
119.383 4420
119.972 4760
120.551 5100
121.126 5440
121.705 2550
122.278 3570
122.853 3910
123.429 4250
124.011 4590
124.587 4930
125.162 5270
125.732 2380
126.877 2720
127.08 3060
127.856 3400
128.431 3740
129.164 4080
129.743 4420
130.318 2040
130.891 3060
131.476 3400
132.055 3740
132.63 4080
133.406 1870
133.979 2890
134.551 3230
135.133 3570
135.709 3910
136.291 4250
136.87 4590
137.445 4930
138.024 5270
138.784 5610
139.16 2550
139.732 3230
140.095 3570
140.671 3910
141.441 4250
142.019 4590
142.595 4930
143.174 5270
143.75 5610
144.328 5950
144.91 6290
145.489 6630
146.065 6970
146.644 7310
147.4 7650
147.979 7990
148.555 8330
149.134 8670
149.716 9010
150.295 9350
150.87 9690
151.449 10030
152.153 10370
152.732 10710
153.142 5100
153.714 5780
154.09 6120
154.665 6460
155.247 6800
155.826 7140
156.402 7480
156.981 7820
157.725 8160
158.298 8500
158.879 8840
159.458 9180
159.847 4420
160.419 5100
160.963 5440
161.545 5780
162.121 6120
162.7 6460
163.276 6800
163.835 3230
164.408 3910
164.446 4250
165.025 1870
165.597 2890
166.17 3230
166.752 3570
167.327 3910
167.909 4250
168.679 4590
169.261 4930
169.843 5270
170.599 5610
171.178 5950
171.754 6290
172.333 6630
172.715 3060
173.287 3740
173.644 4080
174.22 4420
174.795 4760
175.374 5100
175.937 2380
176.51 3060
176.732 3400
177.314 3740
177.893 4080
178.459 1870
179.032 2890
179.607 3230
180.189 3570
180.765 3910
181.537 4250
182.113 4590
182.827 4930
183.399 5270
183.981 5610
184.56 5950
185.136 6290
185.361 2890
185.933 3570
186.497 3910
187.079 4250
187.654 4590
188.23 4930
188.812 5270
189.388 5610
189.966 5950
190.733 6290
191.311 6630
191.887 6970
192.453 3230
193.026 4250
193.611 4590
194.39 4930
194.756 2210
195.329 3230
196.114 3570
196.689 3910
197.468 4250
198.044 4590
198.767 4930
199.346 5270
199.921 5610
200.5 5950
201.082 6290
201.655 6630
202.237 6970
202.816 7310
203.36 3400
203.932 4080
204.154 4420
204.73 4760
205.309 5100
205.885 5440
206.463 5780
206.849 2720
207.421 3400
207.953 3740
208.528 4080
209.132 4420
209.708 4760
210.246 2210
210.721 340
210.818 680
210.869 1020
211.066 1360
211.394 680
211.964 1020
212.414 1360
212.542 1700
212.993 2040
213.559 2380
214.132 2720
214.144 1190
214.883 1530
215.289 1870
215.855 2210
216.237 2550
216.434 1020
217.023 1360
217.379 1700
217.583 2040
217.965 2380
218.321 2720
218.894 3060
219.319 3400
219.892 3740
220.451 4080
221.03 4420
221.603 4760
222.191 5100
222.767 5440
223.346 5780
224.05 6120
224.622 6460
224.857 3060
226.002 3400
226.578 3740
227.35 4080
227.929 4420
228.505 4760
229.084 5100
229.659 5440
230.238 5780
230.945 6120
231.521 6460
232.294 6800
232.872 7140
233.467 3400
234.04 4420
234.625 4760
234.966 2210
235.538 2890
235.773 3230
236.549 3570
237.134 3910
237.709 4250
238.291 4590
238.867 4930
239.446 5270
240.131 5610
240.71 5950
241.286 6290
241.864 6630
242.44 6970
243.019 7310
243.454 3400
244.026 4080
244.386 4420
245.159 4760
245.737 5100
246.307 2380
246.879 3060
247.046 3400
247.624 3740
248.2 4080
248.779 4420
249.361 4760
249.94 5100
250.7 5440
251.279 5780
251.854 6120
252.433 6460
253.193 6800
253.772 7140
254.347 7480
254.926 7820
255.511 8160
255.668 3910
256.241 4590
256.81 4930
257.392 5270
257.968 5610
258.547 5950
259.129 6290
259.707 6630
260.283 6970
260.862 7310
261.616 7650
262.194 7990
262.567 3740
263.712 4080
264.275 4420
264.851 4760
265.06 2210
266.205 2550
266.784 2890
267.357 3230
267.939 3570
268.514 3910
269.29 4250
269.65 1870
270.222 2550
270.598 2890
271.368 3230
271.943 3570
272.522 3910
273.098 4250
273.677 4590
274.259 4930
274.825 2210
275.397 3230
276.542 1360
276.995 340
277.887 680
278.463 1020
279.039 1360
279.614 1700
280.19 2040
280.766 2380
281.532 2720
282.111 3060
282.687 3400
283.265 3740
284.032 4080
284.611 4420
285.186 4760
285.765 5100
286.341 5440
286.92 5780
287.655 6120
288.234 6460
288.81 6800
289.389 7140
290.142 7480
290.721 7820
291.297 8160
291.882 8500
292.464 8840
293.043 9180
293.593 4420
294.166 5100
294.385 5440
294.967 5780
295.545 6120
296.124 6460
296.7 6800
297.476 7140
298.051 7480
298.411 3570
298.984 4250
299.337 4590
299.919 4930
300.495 5270
301.071 5610
301.649 5950
302.409 6290
302.988 2890
303.561 3910
304.133 4250
304.715 4590
305.291 4930
305.87 5270
306.446 5610
307.024 5950
307.784 6290
308.363 6630
308.939 6970
309.296 3230
310.441 3570
311.016 3910
311.592 4250
312.171 4590
312.937 4930
313.516 5270
313.71 2380
314.283 3060
314.849 3400
315.431 3740
316.007 4080
316.586 4420
317.168 4760
317.74 5100
318.31 2380
319.455 3060
320.03 3400
320.606 3740
321.185 4080
321.767 4420
322.346 4760
322.921 5100
323.494 2380
324.639 2720
325.196 3060
325.771 3400
326.353 3740
326.929 4080
327.508 4420
328.084 4760
328.662 5100
329.244 5440
329.798 2550
330.371 3230
330.577 3570
331.156 3910
331.935 4250
332.51 4590
333.243 4930
333.815 5270
334.397 5610
334.976 5950
335.552 6290
336.131 6630
336.713 6970
337.291 7310
337.867 7650
338.446 7990
339.031 8330
339.196 3910
340.341 4590
340.742 4930
341.321 5270
341.903 5610
342.457 2550
343.029 3230
343.207 3570
343.786 3910
344.362 4250
344.944 4590
345.15 2040
346.295 2380
346.674 2720
347.253 3060
347.829 3400
348.592 3740
349.167 4080
349.746 1870
350.891 2550
351.457 2890
352.033 3230
352.625 1360
353.197 2380
353.773 2720
354.348 3060
354.924 3400
355.49 1530
355.934 340
356.063 680
356.063 2040
357.217 2380
357.79 2720
358.369 3060
358.951 3400
359.526 3740
360.289 4080
360.868 4420
361.444 4760
362.023 5100
362.789 5440
363.368 5780
363.944 6120
364.522 6460
365.255 6800
365.834 7140
366.409 7480
366.988 7820
367.564 8160
367.961 3910
368.533 4590
368.903 4930
369.103 2210
369.675 2890
370.057 3230
370.633 3570
371.209 3910
371.965 4250
372.544 4590
373.12 4930
373.699 5270
374.281 5610
374.866 5950
375.442 6290
376.02 6630
376.768 6970
377.346 7310
377.922 7650
378.501 7990
379.24 8330
379.812 3910
380.385 4930
380.964 5270
381.546 5610
382.121 5950
382.894 6290
383.473 6630
384.048 6970
384.627 7310
384.993 3400
385.566 4080
385.963 4420
386.539 4760
387.274 5100
387.284 2380
387.859 3060
388.435 3400
389.011 3740
389.593 4080
390.168 4420
390.744 2040
391.317 3060
391.895 3400
392.671 3740
393.247 4080
394.022 4420
394.598 4760
395.177 5100
395.753 5440
396.331 5780
397.048 6120
397.627 6460
398.203 6800
398.781 7140
399.363 7480
399.942 7820
