0.0 0
0.260277 3400
0.52673 3740
0.539338 4080
0.551946 4420
0.564554 4760
0.577162 5100
0.783466 5440
0.798623 5780
0.811231 6120
0.823839 6460
0.836447 6800
0.849055 7140
0.861663 7480
0.874271 7820
1.05536 8160
1.07052 8500
1.08312 8840
1.09573 9180
1.10834 9520
1.12095 9860
1.13356 10200
1.14616 10540
1.15877 10880
1.17138 11220
1.18399 11560
1.32095 11900
1.33356 12240
1.34616 12580
1.35877 12920
1.37138 13260
1.38399 13600
1.3966 13940
1.4092 14280
1.42181 14620
1.43442 14960
1.44703 15300
1.45964 15640
1.47224 15980
1.48485 16320
1.49746 16660
1.51007 17000
1.52268 17340
1.59284 17680
1.60545 18020
1.61806 18360
1.63067 18700
1.64327 19040
1.65588 19380
1.66849 19720
1.6811 20060
1.69371 20400
1.70631 20740
1.71892 21080
1.73153 21420
1.74414 21760
1.75675 22100
1.76935 22440
1.78196 22780
1.79457 23120
1.80718 23460
1.81979 23800
1.83239 24140
1.845 24480
1.85761 24820
1.87022 25160
1.88283 25500
1.89543 25840
1.90804 26180
1.92065 26520
1.93326 26860
1.94587 27200
1.95847 27540
1.97108 27880
1.98369 28220
1.9963 28560
2.00891 28900
2.02151 29240
2.03412 29580
2.04673 29920
2.05934 30260
2.07195 30600
2.08455 30940
2.09716 31280
2.10977 31620
2.12238 31960
2.13499 32300
2.14759 32640
2.1602 32980
2.17281 33320
2.18542 33660
2.19803 34000
2.21063 34340
2.22324 34680
2.23585 35020
2.24846 35360
2.26107 35700
2.27367 36040
2.28628 36380
2.29889 36720
2.3115 37060
2.32411 37400
2.33671 37740
2.34932 38080
2.36193 38420
2.37454 38760
2.38715 39100
2.39975 39440
2.41236 39780
2.42497 40120
2.43758 40460
2.45019 40800
2.46279 41140
2.4754 41480
2.48801 41820
2.50062 42160
2.51323 42500
2.52583 42840
2.53844 43180
2.55105 43520
2.56366 43860
2.57627 44200
2.58887 44540
2.60148 44880
2.61409 45220
2.6267 45560
2.63931 45900
2.65191 46240
2.66452 46580
2.67713 46920
2.68974 47260
2.70235 47600
2.71495 47940
2.72756 48280
2.74017 48620
2.75278 48960
2.76539 49300
2.77799 49640
2.7906 49980
2.80321 50320
2.81582 50660
2.82843 51000
2.84103 51340
2.85364 51680
2.86625 52020
2.87886 52360
2.89147 52700
2.90407 53040
2.91668 53380
2.92929 53720
2.9419 54060
2.95451 54400
2.96711 54740
2.97972 55080
2.99233 55420
3.00494 55760
3.01755 56100
3.03015 56440
3.04276 56780
3.05537 57120
3.06798 57460
3.08059 57800
3.09319 58140
3.1058 58480
3.11841 58820
3.13102 59160
3.14363 59500
3.15623 59840
3.16884 60180
3.18145 60520
3.19406 60860
3.20667 61200
3.21927 61540
3.23188 61880
3.24449 62220
3.2571 62560
3.26971 62900
3.28231 63240
3.29492 63580
3.30753 63920
3.32014 64260
3.33275 64600
3.34535 64940
3.35796 65280
3.37057 65620
3.38318 65960
3.39579 66300
3.40839 66640
3.421 66980
3.43361 67320
3.44622 67660
3.45883 68000
3.47143 68340
3.48404 68680
3.49665 69020
3.50926 69360
3.52187 69700
3.53447 70040
3.54708 70380
3.55969 70720
3.5723 71060
3.58491 71400
3.59751 71740
3.61012 72080
3.62273 72420
3.63534 72760
3.64795 73100
3.66055 73440
3.67316 73780
3.68577 74120
3.69838 74460
3.71099 74800
3.72359 75140
3.7362 75480
3.74881 75820
3.76142 76160
3.77403 76500
3.78663 76840
3.79924 77180
3.81185 77520
3.82446 77860
3.83707 78200
3.84967 78540
3.86228 78880
3.87489 79220
3.8875 79560
3.90011 79900
3.91271 80240
3.92532 80580
3.93793 80920
3.95054 81260
3.96315 81600
3.97575 81940
3.98836 82280
4.00097 82620
4.01358 82960
4.02619 83300
4.03879 83640
4.0514 83980
4.06401 84320
4.07662 84660
4.08923 85000
4.10183 85340
4.11444 85680
4.12705 86020
4.13966 86360
4.15227 86700
4.16487 87040
4.17748 87380
4.19009 87720
4.2027 88060
4.21531 88400
4.22791 88740
4.24052 89080
4.25313 89420
4.26574 89760
4.27835 90100
4.29095 90440
4.30356 90780
4.31617 91120
4.32878 91460
4.34139 91800
4.35399 92140
4.3666 92480
4.37921 92820
4.39182 93160
4.41073 46410
6.8107 340
7.0395 680
7.30509 1020
7.57068 1360
7.83626 1700
7.85518 2040
8.11446 2380
8.13337 2720
8.38005 3060
8.39896 3400
8.41787 3740
8.65194 4080
8.67086 4420
8.68977 4760
8.70868 5100
8.92384 5440
8.94275 5780
8.96166 6120
8.98057 6460
8.99948 6800
9.18943 7140
9.20834 7480
9.22725 7820
9.24616 8160
9.26507 8500
9.28399 8840
9.3029 9180
9.46132 9520
9.48023 9860
9.49914 10200
9.51805 10540
9.53697 10880
9.55588 11220
9.57479 11560
9.5937 11900
9.61261 12240
9.72691 12580
9.74582 12920
9.76473 13260
9.78364 13600
9.80256 13940
9.82147 14280
9.84038 14620
9.85929 14960
9.8782 15300
9.89712 15640
9.91603 15980
9.93494 16320
9.9925 16660
10.0114 17000
10.0303 17340
10.0492 17680
10.0681 18020
10.0871 18360
10.106 18700
10.1249 19040
10.1438 19380
10.1627 19720
10.1816 20060
10.2005 20400
10.2194 20740
10.2384 21080
10.2573 21420
10.2762 21760
10.2951 22100
10.314 22440
10.3329 22780
10.3518 23120
10.749 11390
11.6252 11730
11.8837 12070
12.3124 12410
12.7536 12750
13.1949 13090
13.6362 13430
14.109 13770
14.5818 14110
15.0735 14450
15.5778 14790
16.0885 15130
16.5991 15470
17.1223 15810
17.6582 16150
18.2003 16490
18.7424 16830
19.2846 17170
19.852 17510
20.4256 17850
20.9867 18190
21.5792 18530
22.1844 18870
22.8085 19210
23.4263 19550
24.063 19890
24.7123 20230
25.3743 20570
26.0677 20910
26.7737 21250
27.4672 21590
28.1858 21930
28.9171 22270
29.661 22610
30.4238 22950
31.1802 23290
31.9556 23630
32.7373 23970
33.5253 24310
34.3133 24650
35.1139 24990
35.9272 25330
36.7404 25670
37.5599 26010
38.3983 26350
39.2431 26690
40.0941 27030
40.9704 27370
41.8655 27710
42.7607 28050
43.6937 28390
44.633 28730
45.4966 29070
46.0577 29410
46.6313 29750
47.1924 30090
47.7661 30430
48.3271 30770
48.8945 31110
49.4744 31450
50.0544 31790
50.6344 32130
51.227 32470
51.8321 32810
52.4373 33150
53.0425 33490
53.6603 33830
54.2907 34170
54.9211 34510
55.5515 34850
56.1945 35190
56.8501 35530
57.5057 35870
58.1614 36210
58.8296 36550
59.5104 36890
60.1912 37230
60.8721 37570
61.5655 37910
62.2716 38250
62.5489 18870
63.2487 19550
63.4504 19890
63.816 20230
64.1943 20570
64.5725 20910
64.9508 21250
65.3416 21590
65.7451 21930
66.1485 22270
66.552 22610
66.968 22950
67.3967 23290
67.8254 23630
68.2541 23970
68.6953 24310
69.1492 24650
69.6031 24990
70.057 25330
70.5235 25670
71.0026 26010
71.4817 26350
71.9608 26690
72.4525 27030
72.9568 27370
73.4612 27710
73.9655 28050
74.4824 28390
75.012 28730
75.5415 29070
76.071 29410
76.6132 29750
77.1679 30090
77.7227 30430
78.2774 30770
78.8448 31110
79.4248 31450
80.0047 31790
80.5847 32130
81.1773 32470
81.7824 32810
82.3876 33150
82.9928 33490
83.6106 33830
84.241 34170
84.8714 34510
85.5018 34850
86.1448 35190
86.8004 35530
87.456 35870
88.1117 36210
88.7799 36550
89.4607 36890
90.1416 37230
90.8224 37570
91.5158 37910
92.2219 38250
92.9279 38590
93.634 38930
94.3526 39270
95.0839 39610
95.8152 39950
96.5464 40290
97.2903 40630
98.0342 40970
98.7906 41310
99.5597 41650
100.329 41990
101.098 42330
101.88 42670
102.674 43010
103.468 43350
104.263 43690
105.069 44030
105.889 44370
106.708 44710
107.528 45050
108.36 45390
109.205 45730
110.05 46070
110.894 46410
111.752 46750
112.622 47090
113.492 47430
114.362 47770
115.244 48110
116.139 48450
117.034 48790
117.93 49130
118.837 49470
119.758 49810
120.678 50150
121.599 50490
122.532 50830
123.477 51170
124.423 51510
125.368 51850
126.327 52190
127.297 52530
128.268 52870
129.239 53210
130.222 53550
131.218 53890
132.214 54230
133.21 54570
134.219 54910
135.24 55250
136.262 55590
137.283 55930
138.317 56270
139.363 56610
140.41 56950
141.456 57290
142.515 57630
143.587 57970
144.659 58310
145.73 58650
146.815 58990
147.911 59330
149.008 59670
150.105 60010
151.215 60350
152.337 60690
153.459 61030
154.581 61370
155.716 61710
156.863 62050
158.01 62390
159.158 62730
159.177 31110
160.307 340
160.324 680
161.157 1020
161.363 1360
161.429 1700
161.635 2040
161.701 2380
161.901 2720
161.913 3060
161.973 3400
162.166 3740
162.179 4080
162.192 4420
162.238 4760
162.251 5100
162.438 5440
162.451 5780
162.463 6120
162.476 6460
162.504 6800
162.516 7140
162.529 7480
162.704 7820
162.716 8160
162.729 8500
162.742 8840
162.754 9180
162.767 9520
162.779 9860
162.792 10200
162.805 10540
162.817 10880
162.83 11220
162.976 11560
162.988 11900
163.001 12240
163.014 12580
163.026 12920
163.039 13260
163.051 13600
163.064 13940
163.077 14280
163.089 14620
163.102 14960
163.114 15300
163.127 15470
163.468 15810
163.758 16150
164.061 16490
164.162 7990
164.458 8670
164.667 9010
164.945 9350
165.229 9690
165.508 10030
165.78 10370
166.058 10710
166.342 11050
166.62 11390
166.892 11730
167.171 12070
167.455 12410
167.733 12750
168.005 13090
168.283 13430
168.568 13770
168.846 14110
169.118 14450
169.396 14790
169.681 15130
169.959 15470
170.236 15810
170.526 16150
170.829 16490
171.131 16830
171.434 17170
171.749 17510
172.077 17850
172.405 18190
172.733 18530
173.073 18870
173.426 19210
173.779 19550
174.132 19890
174.498 20230
174.863 20570
175.242 20910
175.632 21250
176.023 21590
176.414 21930
176.818 22270
177.234 22610
177.65 22950
178.066 23290
178.494 23630
178.936 23970
179.377 24310
179.818 24650
180.272 24990
180.739 25330
181.205 25670
181.672 26010
182.151 26350
182.642 26690
183.134 27030
183.626 27370
184.13 27710
184.647 28050
185.164 28390
185.681 28730
186.211 29070
186.753 29410
187.295 29750
187.837 30090
188.392 30430
188.959 30770
189.526 31110
190.094 31450
190.674 31790
191.266 32130
191.859 32470
192.452 32810
193.057 33150
193.674 33490
194.292 33830
194.91 34170
195.54 34510
196.183 34850
196.826 35190
197.47 35530
198.125 35870
198.793 36210
199.462 36550
200.13 36890
200.811 37230
201.504 37570
202.198 37910
202.891 38250
203.597 38590
204.316 38930
205.034 39270
205.753 39610
206.484 39950
207.228 40290
207.972 40630
208.716 40970
209.472 41310
210.241 41650
211.01 41990
211.78 42330
212.561 42670
213.356 43010
214.15 43350
214.944 43690
215.751 44030
216.571 44370
217.39 44710
218.21 45050
219.042 45390
219.887 45730
220.731 46070
221.576 46410
222.433 46750
223.303 47090
224.173 47430
225.043 47770
225.926 48110
226.821 48450
227.716 48790
228.611 49130
229.519 49470
230.439 49810
231.36 50150
232.28 50490
233.213 50830
234.159 51170
235.104 51510
236.05 51850
237.008 52190
237.979 52530
238.95 52870
239.921 53210
240.904 53550
241.9 53890
242.896 54230
243.892 54570
244.901 54910
245.922 55250
246.943 55590
247.965 55930
248.998 56270
250.045 56610
251.091 56950
252.138 57290
253.197 57630
254.269 57970
255.328 58310
256.412 58650
257.496 58990
258.58 59330
259.677 59670
260.787 60010
261.896 60350
263.006 60690
264.128 61030
265.263 61370
266.397 61710
267.532 62050
268.679 62390
269.846 30940
270.976 340
270.993 680
271.006 1020
271.018 1360
271.031 1700
271.043 2040
271.056 2380
271.069 2720
271.081 3060
271.094 3400
271.107 3740
271.119 4080
271.132 4420
271.144 4760
271.157 5100
271.17 5440
271.182 5780
271.195 6120
271.207 6460
271.22 6800
271.233 7140
271.245 7480
271.258 7820
271.27 8160
271.283 8500
271.296 8840
271.308 9180
271.321 9520
271.333 9860
271.346 10200
271.359 10540
271.371 10880
271.384 11220
271.397 11560
271.409 11900
271.422 12240
271.434 12580
271.447 12920
271.46 13260
271.472 13600
271.485 13940
271.497 14280
271.51 14620
271.523 14960
271.535 15300
271.567 7480
272.411 7820
272.563 8160
272.701 8500
272.909 8840
273.231 9180
273.546 9520
273.893 9860
274.24 10200
274.599 10540
274.958 10880
275.349 11220
275.727 11560
276.125 11900
276.522 12240
276.938 12580
277.36 12920
277.814 13260
278.268 13600
278.741 13940
279.226 14280
279.718 14620
280.228 14960
280.726 15300
281.243 15640
281.76 15980
282.29 16320
282.851 16660
283.393 17000
283.96 17340
284.566 17680
285.139 18020
285.751 18360
286.381 18700
286.993 19040
287.655 19380
288.316 19720
288.991 20060
289.678 20400
290.365 20740
291.09 21080
291.803 21420
292.521 21760
293.24 22100
293.996 22440
294.728 22780
295.484 23120
296.241 23460
297.047 23800
297.835 24140
298.623 24480
299.449 24820
300.269 25160
301.107 25500
301.952 25840
302.809 26180
303.679 26520
304.562 26860
305.457 27200
306.384 27540
307.298 27880
308.224 28220
309.17 28560
310.122 28900
311.068 29240
312.038 29580
312.997 29920
313.986 30260
314.976 30600
315.985 30940
317.006 31280
318.046 31620
319.08 31960
319.219 15810
321.192 16830
321.444 17170
321.759 17510
322.1 17850
322.743 18190
323.386 18530
324.035 18870
324.703 19210
325.371 19550
326.04 19890
326.72 20230
327.42 20570
328.12 20910
328.813 21250
329.526 21590
330.263 21930
330.995 22270
331.745 22610
332.501 22950
333.27 23290
334.046 23630
334.853 23970
335.647 24310
336.454 24650
337.28 24990
338.124 25330
338.963 25670
339.82 26010
340.677 26350
341.541 26690
342.43 27030
343.3 27370
344.22 27710
345.141 28050
346.074 28390
347.019 28730
347.965 29070
348.936 29410
349.919 29750
350.915 30090
351.936 30430
352.951 30770
353.966 31110
355.006 31450
356.059 31790
357.125 32130
357.232 15810
359.205 16830
359.47 17170
359.709 8330
360.642 8670
360.794 9010
360.957 9350
361.134 9690
361.329 10030
361.682 10370
362.048 10710
362.414 11050
362.798 11390
363.183 11730
363.586 12070
363.996 12410
364.412 12750
364.841 13090
365.295 13430
365.742 13770
366.215 14110
366.694 14450
367.186 14790
367.69 15130
368.194 15470
368.724 15810
369.254 16150
369.802 16490
370.357 16830
370.911 17170
371.491 17510
372.078 17850
372.683 18190
373.294 18530
373.906 18870
374.549 19210
375.186 19550
375.854 19890
376.522 20230
377.19 20570
377.89 20910
378.565 21250
379.258 21590
379.983 21930
380.702 22270
381.445 22610
382.196 22950
382.946 23290
383.734 23630
384.515 23970
385.329 24310
386.136 24650
386.961 24990
387.8 25330
388.657 25670
389.521 26010
390.403 26350
391.299 26690
392.194 27030
393.108 27370
394.028 27710
394.961 28050
395.882 28390
396.827 28730
397.785 29070
398.75 29410
399.74 29750
