0.0 0
0.229224 3400
0.464625 3740
0.477233 4080
0.489841 4420
0.502449 4760
0.515057 5100
0.699161 5440
0.711769 5780
0.724377 6120
0.736985 6460
0.749593 6800
0.762201 7140
0.774809 7480
0.933698 7820
0.946306 8160
0.958914 8500
0.971522 8840
0.98413 9180
0.996738 9520
1.00935 9860
1.02195 10200
1.03456 10540
1.04717 10880
1.05978 11220
1.17454 11560
1.18715 11900
1.19975 12240
1.21236 12580
1.22497 12920
1.23758 13260
1.25019 13600
1.26279 13940
1.2754 14280
1.28801 14620
1.30062 14960
1.31323 15300
1.32583 15640
1.33844 15980
1.35105 16320
1.36366 16660
1.40907 17000
1.42168 17340
1.43429 17680
1.4469 18020
1.45951 18360
1.47211 18700
1.48472 19040
1.49733 19380
1.50994 19720
1.52255 20060
1.53515 20400
1.54776 20740
1.56037 21080
1.57298 21420
1.58559 21760
1.59819 22100
1.6108 22440
1.62341 22780
1.63602 23120
1.64863 23460
1.66123 23800
1.67384 24140
1.68645 24480
1.69906 24820
1.71167 25160
1.72427 25500
1.73688 25840
1.74949 26180
1.7621 26520
1.77471 26860
1.78731 27200
1.79992 27540
1.81253 27880
1.82514 28220
1.83775 28560
1.85035 28900
1.86296 29240
1.87557 29580
1.88818 29920
1.90079 30260
1.91339 30600
1.926 30940
1.93861 31280
1.95122 31620
1.96383 31960
1.97643 32300
1.98904 32640
2.00165 32980
2.01426 33320
2.02687 33660
2.03947 34000
2.05208 34340
2.06469 34680
2.0773 35020
2.08991 35360
2.10251 35700
2.11512 36040
2.12773 36380
2.14034 36720
2.15295 37060
2.16555 37400
2.17816 37740
2.19077 38080
2.20338 38420
2.21599 38760
2.22859 39100
2.2412 39440
2.25381 39780
2.26642 40120
2.27903 40460
2.29163 40800
2.30424 41140
2.31685 41480
2.32946 41820
2.34207 42160
2.35467 42500
2.36728 42840
2.37989 43180
2.3925 43520
2.40511 43860
2.41771 44200
2.43032 44540
2.44293 44880
2.45554 45220
2.46815 45560
2.48075 45900
2.49336 46240
2.50597 46580
2.51858 46920
2.53119 47260
2.54379 47600
2.5564 47940
2.56901 48280
2.58162 48620
2.59423 48960
2.60683 49300
2.61944 49640
2.63205 49980
2.64466 50320
2.65727 50660
2.66987 51000
2.68248 51340
2.69509 51680
2.7077 52020
2.72031 52360
2.73291 52700
2.74552 53040
2.75813 53380
2.77074 53720
2.78335 54060
2.79595 54400
2.80856 54740
2.82117 55080
2.83378 55420
2.84639 55760
2.85899 56100
2.8716 56440
2.88421 56780
2.89682 57120
2.90943 57460
2.92203 57800
2.93464 58140
2.94725 58480
2.95986 58820
2.97247 59160
2.98507 59500
2.99768 59840
3.01029 60180
3.0229 60520
3.03551 60860
3.04811 61200
3.06072 61540
3.07333 61880
3.08594 62220
3.09855 62560
3.11115 62900
3.12376 63240
3.13637 63580
3.14898 63920
3.16159 64260
3.17419 64600
3.1868 64940
3.19941 65280
3.21202 65620
3.22463 65960
3.23723 66300
3.24984 66640
3.26245 66980
3.27506 67320
3.28767 67660
3.30027 68000
3.31288 68340
3.32549 68680
3.3381 69020
3.35071 69360
3.36331 69700
3.37592 70040
3.38853 70380
3.40114 70720
3.41375 71060
3.42635 71400
3.43896 71740
3.45157 72080
3.46418 72420
3.47679 72760
3.48939 73100
3.502 73440
3.51461 73780
3.52722 74120
3.53983 74460
3.55243 74800
3.56504 75140
3.57765 75480
3.59026 75820
3.60287 76160
3.61547 76500
3.62808 76840
3.64069 77180
3.6533 77520
3.66591 77860
3.67851 78200
3.69112 78540
3.70373 78880
3.71634 79220
3.72895 79560
3.74155 79900
3.75416 80240
3.76677 80580
3.77938 80920
3.79199 81260
3.80459 81600
3.8172 81940
3.82981 82280
3.84242 82620
3.85503 82960
3.88024 41310
6.08568 340
6.23163 680
6.46617 1020
6.70071 1360
6.93524 1700
6.95416 2040
7.18239 2380
7.2013 2720
7.41692 3060
7.43584 3400
7.45475 3740
7.65777 4080
7.67668 4420
7.69559 4760
7.7145 5100
7.89861 5440
7.91752 5780
7.93643 6120
7.95534 6460
7.97425 6800
8.13314 7140
8.15205 7480
8.17097 7820
8.18988 8160
8.20879 8500
8.2277 8840
8.24661 9180
8.37398 9520
8.39289 9860
8.41181 10200
8.43072 10540
8.44963 10880
8.46854 11220
8.48745 11560
8.50637 11900
8.52528 12240
8.60852 12580
8.62743 12920
8.64634 13260
8.66525 13600
8.68417 13940
8.70308 14280
8.72199 14620
8.7409 14960
8.75981 15300
8.77873 15640
8.79764 15980
8.81655 16320
8.84306 16660
8.86197 17000
8.88088 17340
8.89979 17680
8.9187 18020
8.93762 18360
8.95653 18700
8.97544 19040
8.99435 19380
9.01326 19720
9.03218 20060
9.05109 20400
9.07 20570
9.25912 10030
10.1102 10370
10.4191 10710
10.791 11050
11.1818 11390
11.579 11730
11.9635 12070
12.3859 12410
12.8146 12750
13.2496 13090
13.6971 13430
14.1699 13770
14.6301 14110
15.0966 14450
15.582 14790
16.08 15130
16.5718 15470
17.0572 15810
17.5867 16150
18.1162 16490
18.6836 16830
19.251 17170
19.8372 17510
20.4235 17850
21.0224 18190
21.6465 18530
22.2769 18870
22.901 19210
23.5566 19550
24.2122 19890
24.8804 20230
25.555 20570
25.9899 10030
26.8032 10370
26.9923 10710
27.1814 11050
27.5281 11390
27.9316 11730
28.3287 12070
28.7511 12410
29.1924 12750
29.64 13090
30.0938 13430
30.5603 13770
31.0394 14110
31.5185 14450
32.0166 14790
32.5209 15130
33.0252 15470
33.561 15810
34.0843 16150
34.6201 16490
35.1812 16830
35.7359 17170
36.3096 17510
36.9022 17850
37.4821 18190
38.0747 18530
38.6736 18870
38.932 9180
39.7264 9520
39.9029 9860
40.092 10200
40.4324 10540
40.8043 10880
40.9241 5270
41.5545 5610
41.6428 5950
41.7562 6290
41.8697 6630
42.0651 6970
42.3047 7310
42.5568 7650
42.8027 7990
43.0738 8330
43.3512 8670
43.6474 9010
43.95 9350
44.2652 9690
44.593 10030
44.9335 10370
45.2739 10710
45.6206 11050
45.9799 11390
46.3392 11730
46.7238 12070
47.1083 12410
47.4992 12750
47.9089 13090
48.3376 13430
48.7663 13770
49.2202 14110
49.6678 14450
50.1406 14790
50.6071 15130
51.0925 15470
51.5716 15810
52.0822 16150
52.5802 16490
53.0908 16830
53.633 17170
54.1625 17510
54.7236 17850
55.2783 18190
55.8646 18530
56.4635 18870
57.0687 19210
57.6738 19550
58.3295 19890
58.9662 20230
59.6281 20570
60.3026 20910
60.9834 21250
61.1789 10370
62.0614 10710
62.2505 11050
62.4964 11390
62.8999 11730
63.3096 12070
63.732 12410
64.1544 12750
64.583 13090
65.0306 13430
65.4845 13770
65.9258 14110
66.4049 14450
66.8903 14790
67.1866 7140
67.8611 7480
67.9998 7820
68.1385 8160
68.3402 8500
68.6428 8840
68.9391 9180
69.2606 9520
69.5884 9860
69.9288 10200
70.2944 10540
70.6475 10880
71.0257 11220
71.404 11560
71.8011 11900
72.2046 12240
72.6269 12580
73.0619 12920
73.4906 13260
73.9571 13600
74.4173 13940
74.8964 14280
75.3881 14620
75.8798 14960
76.3841 15300
76.9073 15640
77.4432 15980
77.9727 16320
78.5086 16660
79.0507 17000
79.5928 17340
80.0152 8500
80.7213 8840
80.8852 9180
81.0491 9520
81.3138 9860
81.6669 10200
82.0199 10540
82.3855 10880
82.7638 11220
83.1483 11560
83.5581 11900
83.9678 12240
84.1254 5950
84.7684 6290
84.8819 6630
84.9954 6970
85.1341 7310
85.3862 7650
85.651 7990
85.9221 8330
86.2057 8670
86.4831 9010
86.792 9350
87.1009 9690
87.4224 10030
87.7565 10370
88.0843 10710
88.4374 11050
88.7967 11390
89.1812 11730
89.5469 12070
89.9566 12410
90.3664 12750
90.7888 13090
91.2237 13430
91.6713 13770
92.1252 14110
92.5791 14450
93.0582 14790
93.5436 15130
94.0416 15470
94.5522 15810
95.0692 16150
95.5924 16490
96.1156 16830
96.6641 17170
96.7839 8330
97.5529 8670
97.7168 9010
97.8681 9350
98.196 9690
98.5301 10030
98.8768 10370
99.2298 10710
99.5891 11050
99.9485 11390
100.333 11730
100.724 12070
101.115 12410
101.55 12750
101.985 13090
102.439 13430
102.886 13770
103.346 14110
103.819 14450
104.323 14790
104.815 15130
105.319 15470
105.843 15810
106.397 16150
106.946 16490
107.513 16830
108.081 17170
108.661 17510
109.241 17850
109.827 18190
110.419 18530
111.025 18870
111.636 19210
112.254 19550
112.884 19890
113.508 20230
114.158 20570
114.807 20910
115.475 21250
116.175 21590
116.862 21930
117.587 22270
118.236 22610
118.76 22950
119.182 23290
119.611 23630
120.052 23970
120.493 24310
120.934 24650
121.363 12070
121.811 13090
122.064 13430
122.318 13770
122.57 14110
122.822 14450
123.087 14790
123.364 15130
123.641 15470
123.919 15810
124.209 16150
124.511 16490
124.814 16830
124.991 8160
125.293 8840
125.439 9180
125.693 9520
125.94 9860
126.181 10200
126.428 10540
126.669 10880
126.916 11220
127.169 11560
127.417 11900
127.657 12240
127.905 12580
128.158 12920
128.405 13260
128.646 13600
128.898 13940
129.163 14280
129.428 14620
129.655 7140
129.919 7820
130.034 8160
130.281 8500
130.535 8840
130.782 9180
131.023 9520
131.27 9860
131.523 10200
131.77 10540
132.011 10880
132.258 11220
132.512 11560
132.759 11900
133 12240
133.247 12580
133.5 12920
133.748 13260
133.988 13600
134.241 13940
134.505 14280
134.77 14620
135.035 14960
135.312 15300
135.602 15640
135.892 15980
136.182 16320
136.485 16660
136.8 17000
137.115 17340
137.43 17680
137.758 18020
138.099 18360
138.439 18700
138.779 19040
139.133 19380
139.498 19720
139.864 20060
140.229 20400
140.608 20740
140.986 21080
141.377 21420
141.78 21760
142.184 22100
142.587 22440
143.003 22780
143.432 23120
143.861 23460
144.289 23800
144.73 24140
145.184 24480
145.638 24820
145.79 12240
146.243 12920
146.402 13260
146.656 13600
146.908 13940
147.16 14280
147.425 14620
147.702 14960
147.98 15300
148.055 7480
148.326 8160
148.542 8500
148.783 8840
149.03 9180
149.283 9520
149.531 9860
149.771 10200
150.019 10540
150.259 10880
150.506 11220
150.76 11560
150.957 5610
151.191 6290
151.337 6630
151.578 3060
151.813 4080
152.073 4420
152.358 4760
152.605 5100
152.846 5440
153.08 2550
153.315 3570
153.555 3910
153.809 4250
154.056 4590
154.297 4930
154.544 5270
154.912 5610
155.159 5950
155.4 6290
155.647 6630
155.888 6970
156.135 7310
156.389 7650
156.636 7990
156.877 8330
157.124 8670
157.377 9010
157.625 9350
157.865 9690
158.113 10030
158.366 10370
158.613 10710
158.854 11050
159.101 11390
159.355 11730
159.602 12070
159.843 12410
160.09 12750
160.343 13090
160.59 13430
160.831 13770
161.083 14110
161.348 14450
161.613 14790
161.878 15130
162.155 15470
162.445 15810
162.735 16150
163.025 16490
163.327 16830
163.643 17170
163.958 17510
164.273 17850
164.601 18190
164.941 18530
165.042 9010
165.376 9690
165.56 10030
165.801 10370
166.048 10710
166.302 11050
166.549 11390
166.79 11730
167.037 12070
167.29 12410
167.538 12750
167.778 13090
168.026 13430
168.279 13770
168.519 14110
168.783 14450
169.048 14790
169.313 15130
169.59 15470
169.88 15810
170.17 16150
170.46 16490
170.763 16830
171.078 17170
171.393 17510
171.708 17850
172.036 18190
172.377 18530
172.679 9010
173.013 9690
173.097 10030
173.337 10370
173.585 10710
173.838 11050
174.085 11390
174.326 11730
174.573 12070
174.814 12410
175.061 12750
175.315 13090
175.562 13430
175.803 13770
176.055 14110
176.319 14450
176.584 14790
176.849 15130
177.126 15470
177.416 15810
177.706 16150
177.996 16490
178.299 16830
178.614 17170
178.929 17510
179.245 17850
179.572 18190
179.913 18530
180.064 9010
180.398 9690
180.557 10030
180.607 4760
180.848 5440
181.058 5780
181.311 6120
181.558 6460
181.799 6800
182.046 7140
182.3 7480
182.547 7820
182.788 8160
183.035 8500
183.288 8840
183.535 9180
183.776 9520
184.023 9860
184.264 10200
184.511 10540
184.81 10880
185.057 11220
185.298 11560
185.545 11900
185.799 12240
186.046 12580
186.287 12920
186.534 13260
186.787 13600
187.04 13940
187.292 14280
187.556 14620
187.834 14960
188.111 15300
188.389 15640
188.679 15980
188.981 16320
189.284 16660
189.586 17000
189.902 17340
190.229 17680
190.557 18020
190.885 18360
191.225 18700
191.578 19040
191.931 19380
192.284 19720
192.65 20060
193.028 20400
193.407 20740
193.785 21080
194.176 21420
194.579 21760
194.983 22100
195.386 22440
195.802 22780
196.231 23120
196.659 23460
197.088 23800
197.529 24140
197.971 24480
198.425 24820
198.891 25160
199.093 12410
199.553 13090
199.687 13430
199.927 13770
200.18 14110
200.444 14450
200.709 14790
200.974 15130
201.251 15470
201.541 15810
201.693 7650
201.97 8330
202.135 8670
202.389 9010
202.623 9350
202.877 9690
203.124 10030
203.365 10370
203.612 10710
203.865 11050
204.112 11390
204.353 11730
204.6 12070
204.854 12410
205.101 12750
205.342 13090
205.392 6290
205.627 6970
205.842 7310
206.096 7650
206.343 7990
206.584 8330
206.831 8670
207.084 9010
207.331 9350
207.572 9690
207.819 10030
208.073 10370
208.32 10710
208.561 11050
208.808 11390
209.094 11730
209.341 12070
209.582 12410
209.829 12750
210.083 13090
210.33 13430
210.571 13770
210.823 14110
211.088 14450
211.353 14790
211.617 15130
211.895 15470
212.172 15810
212.462 16150
212.765 16490
213.067 16830
213.37 17170
213.685 17510
214.013 17850
214.341 18190
214.668 18530
215.009 18870
215.362 19210
215.715 19550
216.068 19890
216.244 9690
216.604 10370
216.75 10710
217.004 11050
217.251 11390
217.492 11730
217.739 12070
217.979 12410
218.227 12750
218.48 13090
218.727 13430
218.968 13770
219.22 14110
219.485 14450
219.75 14790
220.015 15130
220.292 15470
220.582 15810
220.872 16150
221.162 16490
221.464 16830
221.78 17170
222.095 17510
222.41 17850
222.738 18190
223.078 18530
223.419 18870
223.759 19210
224.112 19550
224.478 19890
224.843 20230
225.209 20570
225.587 20910
225.978 21250
226.369 21590
226.76 21930
227.163 22270
227.579 22610
227.995 22950
228.411 23290
228.84 23630
229.281 23970
229.723 24310
230.164 24650
230.618 24990
231.084 25330
231.551 25670
232.017 26010
232.496 26350
232.988 26690
233.48 27030
233.972 27370
234.476 27710
234.993 28050
235.51 28390
236.027 28730
236.556 29070
237.098 29410
237.641 29750
238.183 30090
238.737 30430
239.305 30770
239.872 31110
240.44 31450
241.019 31790
241.612 32130
242.205 32470
242.797 32810
243.402 33150
244.02 33490
244.638 33830
245.256 34170
245.747 16830
246.365 17510
246.428 17850
246.504 8670
246.819 9350
247.028 9690
247.276 10030
247.516 10370
247.764 10710
248.017 11050
248.264 11390
248.505 11730
248.752 12070
249.006 12410
249.253 12750
249.494 13090
249.741 13430
249.994 13770
250.246 14110
250.499 14450
250.763 14790
251.041 15130
251.305 15470
251.595 15810
251.885 16150
252.175 16490
252.478 16830
252.793 17170
252.932 8330
253.234 9010
253.419 9350
253.659 9690
253.907 10030
254.16 10370
254.407 10710
254.648 11050
254.895 11390
255.136 11730
255.383 12070
255.637 12410
255.884 12750
256.125 13090
256.372 13430
256.625 13770
256.877 14110
257.129 14450
257.394 14790
257.672 15130
257.949 15470
258.226 15810
258.516 16150
258.819 16490
259.122 16830
259.424 17170
259.739 17510
260.067 17850
260.395 18190
260.723 18530
261.063 18870
261.139 9180
261.473 9860
261.682 10200
261.929 10540
262.183 10880
262.43 11220
262.671 11560
262.918 11900
263.171 12240
263.419 12580
263.659 12920
263.907 13260
264.16 13600
264.412 13940
264.664 14280
264.929 14620
265.206 14960
265.484 15300
265.761 15640
266.051 15980
266.354 16320
266.656 16660
266.959 17000
267.274 17340
267.413 8500
267.722 9180
267.906 9520
268.153 9860
268.394 10200
268.641 10540
268.894 10880
269.142 11220
269.382 11560
269.63 11900
269.883 12240
270.13 12580
270.371 12920
270.618 13260
270.872 13600
271.111 13940
271.376 14280
271.641 14620
271.905 14960
272.183 15300
272.473 15640
272.763 15980
273.053 16320
273.355 16660
273.671 17000
273.834 8330
274.143 9010
274.29 9350
274.543 9690
274.79 10030
275.031 10370
275.215 4930
275.45 5610
275.569 5950
275.823 6290
276.057 6630
276.311 6970
276.558 7310
276.799 7650
277.046 7990
277.299 8330
277.547 8670
277.787 9010
278.035 9350
278.288 9690
278.535 10030
278.776 10370
279.023 10710
279.277 11050
279.524 11390
279.765 11730
280.012 12070
280.265 12410
280.512 12750
280.753 13090
281 13430
281.254 13770
281.506 14110
281.758 14450
282.023 14790
282.3 15130
282.578 15470
282.855 15810
283.145 16150
283.448 16490
283.75 16830
284.053 17170
284.368 17510
284.696 17850
285.024 18190
285.351 18530
285.692 18870
286.032 19210
286.385 19550
286.751 19890
287.117 20230
287.482 20570
287.86 20910
288.251 21250
288.642 21590
289.033 21930
289.436 22270
289.852 22610
290.269 22950
290.685 23290
291.113 23630
291.555 23970
291.996 24310
292.437 24650
292.891 24990
293.357 25330
293.824 25670
294.29 26010
294.77 26350
295.261 26690
295.753 27030
296.245 27370
296.749 27710
297.266 28050
297.783 28390
298.3 28730
298.829 29070
299.372 29410
299.914 29750
300.456 30090
301.011 30430
301.578 30770
302.145 31110
302.713 31450
303.293 31790
303.885 32130
304.112 15810
304.698 16490
304.875 16830
305.177 17170
305.493 17510
305.82 17850
306.148 18190
306.476 18530
306.817 18870
307.17 19210
307.523 19550
307.876 19890
308.241 20230
308.619 20570
308.998 20910
309.376 21250
309.767 21590
310.17 21930
310.574 22270
310.977 22610
311.393 22950
311.822 23290
312.251 23630
312.679 23970
313.121 24310
313.574 24650
314.028 24990
314.482 25330
314.949 25670
315.428 26010
315.907 26350
316.386 26690
316.878 27030
317.382 27370
317.722 13430
318.214 14110
318.29 14450
318.555 14790
318.819 15130
319.097 15470
319.387 15810
319.677 16150
319.967 16490
320.269 16830
320.584 17170
320.9 17510
321.215 17850
321.543 18190
321.883 18530
322.224 18870
322.564 19210
322.917 19550
323.283 19890
323.648 20230
324.014 20570
324.392 20910
324.783 21250
325.174 21590
325.565 21930
325.968 22270
326.384 22610
326.8 22950
327.216 23290
327.645 23630
328.086 23970
328.528 24310
328.969 24650
329.423 24990
329.889 25330
330.356 25670
330.646 12580
331.106 13260
331.202 13600
331.454 13940
331.719 14280
331.983 14620
332.248 14960
332.526 15300
332.816 15640
333.105 15980
333.395 16320
333.698 16660
334.013 17000
334.328 17340
334.644 17680
334.971 18020
335.312 18360
335.652 18700
335.993 19040
336.346 19380
336.711 19720
337.077 20060
337.443 20400
337.821 20740
338.212 21080
338.603 21420
338.993 21760
339.397 22100
339.8 22440
340.216 22780
340.645 23120
341.074 23460
341.502 23800
341.944 24140
342.398 24480
342.851 24820
343.305 25160
343.772 25500
344.251 25840
344.73 26180
345.209 26520
345.701 26860
346.205 27200
346.71 27540
347.214 27880
347.731 28220
348.26 28560
348.79 28900
349.282 14280
349.805 14960
349.83 15300
350.107 15640
350.397 15980
350.7 16320
351.003 16660
351.305 17000
351.62 17340
351.948 17680
352.276 18020
352.604 18360
352.944 18700
353.297 19040
353.65 19380
354.003 19720
354.369 20060
354.747 20400
355.125 20740
355.504 21080
355.894 21420
356.298 21760
356.689 22100
357.105 22440
357.521 22780
357.937 23120
358.366 23460
358.807 23800
359.248 24140
359.689 24480
360.143 24820
360.61 25160
361.076 25500
361.543 25840
362.022 26180
362.514 26520
363.005 26860
363.497 27200
364.001 27540
364.518 27880
365.035 28220
365.552 28560
366.082 28900
366.624 29240
367.166 29580
367.708 29920
368.263 30260
368.83 30600
369.398 30940
369.965 31280
370.545 31620
370.885 15640
371.459 16320
371.585 16660
371.9 17000
372.216 17340
372.531 17680
372.859 18020
373.199 18360
373.539 18700
373.88 19040
374.233 19380
374.598 19720
374.964 20060
375.33 20400
375.708 20740
376.099 21080
376.49 21420
376.88 21760
377.284 22100
377.7 22440
378.116 22780
378.532 23120
378.961 23460
379.389 23800
379.831 24140
380.285 24480
380.739 24820
381.192 25160
381.659 25500
382.138 25840
382.617 26180
383.096 26520
383.588 13090
384.067 14110
384.32 14450
384.585 14790
384.863 15130
385.14 15470
385.417 15810
385.707 16150
386.01 16490
386.313 16830
386.615 17170
386.93 17510
387.157 8500
387.466 9180
387.6 9520
387.847 9860
388.088 10200
388.335 10540
388.601 10880
388.848 11220
389.089 11560
389.336 11900
389.59 12240
389.837 12580
390.078 12920
390.325 13260
390.578 13600
390.83 13940
391.083 14280
391.347 14620
391.625 14960
391.902 15300
392.179 15640
392.469 15980
392.772 16320
393.075 16660
393.377 17000
393.692 17340
394.02 17680
394.348 18020
394.676 18360
395.016 18700
395.319 9180
395.659 9860
395.749 10200
395.996 10540
396.237 10880
396.484 11220
396.725 11560
396.972 11900
397.225 12240
397.472 12580
397.713 12920
397.96 13260
398.214 13600
398.466 13940
398.63 6800
398.882 7480
399.041 7820
399.282 8160
399.529 8500
399.782 8840
400.017 9180
