0.0 0
0.569875 3400
1.14284 3740
1.14914 4080
1.15545 4420
1.16175 4760
1.16805 5100
1.37121 5440
1.71852 5780
1.72483 6120
1.73113 6460
1.73743 6800
1.74374 7140
1.75004 7480
1.75635 7820
1.94689 8160
2.29421 8500
2.30051 8840
2.30681 9180
2.31312 9520
2.31942 9860
2.32573 10200
2.33203 10540
2.33833 10880
2.34464 11220
2.35094 11560
2.51942 11900
2.52573 12240
2.86989 12580
2.87619 12920
2.8825 13260
2.8888 13600
2.8951 13940
2.90141 14280
2.90771 14620
2.91402 14960
2.92032 15300
2.92662 15640
2.93293 15980
2.93923 16320
2.94554 16660
2.95184 17000
2.95814 17340
3.0951 17680
3.10141 18020
3.10771 18360
3.44557 18700
3.45188 19040
3.45818 19380
3.46448 19720
3.47079 20060
3.47709 20400
3.4834 20740
3.4897 21080
3.496 21420
3.50231 21760
3.50861 22100
3.51492 22440
3.52122 22780
3.52752 23120
3.53383 23460
3.54013 23800
3.54644 24140
3.55274 24480
3.55904 24820
3.56535 25160
3.57165 25500
3.57796 25840
3.66764 26180
3.67394 26520
3.68024 26860
3.68655 27200
3.69285 27540
4.02126 27880
4.02756 28220
4.03386 28560
4.04017 28900
4.04647 29240
4.05278 29580
4.05908 29920
4.06538 30260
4.07169 30600
4.07799 30940
4.0843 31280
4.0906 31620
4.0969 31960
4.10321 32300
4.10951 32640
4.11582 32980
4.12212 33320
4.12842 33660
4.13473 34000
4.14103 34340
4.14734 34680
4.15364 35020
4.15994 35360
4.16625 35700
4.17255 36040
4.17886 36380
4.18516 36720
4.19146 37060
4.19777 37400
4.20407 37740
4.21038 38080
4.21668 38420
4.22298 38760
4.24332 39100
4.24962 39440
4.25593 39780
4.26223 40120
4.26854 40460
4.27484 40800
4.28114 41140
4.4843 41480
4.59694 41820
4.60324 42160
4.60955 42500
4.61585 42840
4.62215 43180
4.62846 43520
4.63476 43860
4.64107 44200
4.64737 44540
4.65367 44880
4.65998 45220
4.66628 45560
4.67259 45900
4.67889 46240
4.68519 46580
4.6915 46920
4.6978 47260
4.70411 47600
4.71041 47940
4.71671 48280
4.72302 48620
4.72932 48960
4.73563 49300
4.74193 49640
4.74823 49980
4.75454 50320
4.76084 50660
4.76715 51000
4.77345 51340
4.77975 51680
4.78606 52020
4.79236 52360
4.79867 52700
4.80497 53040
4.81127 53380
4.81758 53720
4.82388 54060
4.83019 54400
4.83649 54740
4.84279 55080
4.8491 55420
4.8554 55760
4.86171 56100
4.86801 56440
4.87431 56780
4.88062 57120
4.88692 57460
4.89323 57800
4.89953 58140
4.90583 58480
4.91214 58820
4.91844 59160
4.92475 59500
4.93105 59840
4.93735 60180
4.94366 60520
4.94996 60860
4.95627 61200
4.96257 61540
4.96887 61880
5.05998 62220
5.17262 62560
5.17893 62900
5.18523 63240
5.19153 63580
5.19784 63920
5.20414 64260
5.21045 64600
5.21675 64940
5.22305 65280
5.22936 65620
5.23566 65960
5.24197 66300
5.24827 66640
5.25457 66980
5.26088 67320
5.26718 67660
5.27349 68000
5.27979 68340
5.28609 68680
5.2924 69020
5.2987 69360
5.30501 69700
5.31131 70040
5.31761 70380
5.32392 70720
5.33022 71060
5.33653 71400
5.34283 71740
5.34913 72080
5.35544 72420
5.36174 72760
5.36805 73100
5.37435 73440
5.38065 73780
5.38696 74120
5.39326 74460
5.39957 74800
5.40587 75140
5.41217 75480
5.41848 75820
5.42478 76160
5.43109 76500
5.43739 76840
5.44369 77180
5.45 77520
5.4563 77860
5.46261 78200
5.46891 78540
5.47521 78880
5.48152 79220
5.48782 79560
5.49413 79900
5.50043 80240
5.50673 80580
5.51304 80920
5.51934 81260
5.52565 81600
5.53195 81940
5.53825 82280
5.54456 82620
5.55086 82960
5.55717 83300
5.56347 83640
5.56977 83980
5.57608 84320
5.58238 84660
5.58869 85000
5.59499 85340
5.60129 85680
5.6076 86020
5.6139 86360
5.62021 86700
5.62651 87040
5.63281 87380
5.63912 87720
5.64542 88060
5.65173 88400
5.65803 88740
5.66433 89080
5.67064 89420
5.67694 89760
5.68325 90100
5.68955 90440
5.69585 90780
5.70216 91120
5.70846 91460
5.71477 91800
5.72107 92140
5.72737 92480
5.73368 92820
5.73998 93160
5.74629 93500
5.75259 93840
5.75889 94180
5.7652 94520
5.7715 94860
5.77781 95200
5.78411 95540
5.79041 95880
5.79672 96220
5.80302 96560
5.80933 96900
5.81563 97240
5.82193 97580
5.82824 97920
5.83454 98260
5.84085 98600
5.84715 98940
5.85345 99280
5.85976 99620
5.86606 99960
5.87237 100300
5.87867 100640
5.88497 100980
5.89128 101320
5.89758 101660
5.90389 102000
5.91019 102340
5.91649 102680
5.9228 103020
5.9291 103360
5.93541 103700
5.94171 104040
5.94801 104380
5.95432 104720
5.96062 105060
5.96693 105400
5.97323 105740
5.97953 106080
5.98584 106420
5.99214 106760
5.99845 107100
6.00475 107440
6.01105 107780
6.01736 108120
6.02366 108460
6.02997 108800
6.03627 109140
6.04257 109480
6.04888 109820
6.05518 110160
6.06149 110500
6.06779 110840
6.07409 111180
6.0804 111520
6.0867 111860
6.09301 112200
6.09931 112540
6.10561 112880
6.11192 113220
6.11822 113560
6.12453 113900
6.13083 114240
6.13713 114580
6.14344 114920
6.14974 115260
6.15605 115600
6.16235 115940
6.16865 116280
6.17496 116620
6.18126 116960
6.18757 117300
6.19387 117640
6.20017 117980
6.20648 118320
6.21278 118660
6.21909 119000
6.22539 119340
6.23169 119680
6.238 120020
6.2443 120360
6.25061 120700
6.25691 121040
6.26321 121380
6.26952 121720
6.27582 122060
6.28213 122400
6.28843 122740
6.29473 123080
6.30104 123420
6.30734 123760
6.31365 124100
6.31995 124440
6.32625 124780
6.33256 125120
6.33886 125460
6.34517 125800
6.35147 126140
6.35777 126480
6.36408 126820
6.37038 127160
6.37669 127500
6.38299 127840
6.38929 128180
6.3956 128520
6.4019 128860
6.40821 129200
6.41451 129540
6.42081 129880
6.42712 130220
6.43342 130560
6.43973 130900
6.44603 131240
6.45233 131580
6.45864 131920
6.46494 132260
6.47125 132600
6.47755 132940
6.48385 133280
6.49016 133620
6.49646 133960
6.50277 134300
6.50907 134640
6.51537 134980
6.52168 135320
6.52798 135660
6.53429 136000
6.54059 136340
6.54689 136680
6.5532 137020
6.5595 137360
6.56581 137700
6.57211 138040
6.57841 138380
6.58472 138720
6.59102 139060
6.59733 139400
6.60363 139740
6.60993 140080
6.61624 140420
6.62254 140760
6.62885 141100
6.63515 141440
6.64145 141780
6.64776 142120
6.65406 142460
6.66037 142800
6.66667 143140
6.67297 143480
6.67928 143820
6.68558 144160
6.69189 144500
6.69819 144840
6.70449 145180
6.7108 145520
6.7171 145860
6.72341 146200
6.72971 146540
6.73601 146880
6.74232 147220
6.74862 147560
6.75493 147900
6.76123 148240
6.76753 148580
6.77384 148920
6.78014 149260
6.78645 149600
6.79275 149940
6.79905 150280
6.80536 150620
6.81166 150960
6.81797 151300
6.82427 151640
6.83057 151980
6.83688 152320
6.84318 152660
6.84949 153000
6.85579 153340
6.86209 153680
6.8684 154020
6.8747 154360
6.88101 154700
6.88731 155040
6.89361 155380
6.89992 155720
6.90622 156060
6.91253 156400
6.91883 156740
6.92513 157080
6.93144 157420
6.93774 157760
6.94405 158100
6.95035 158440
6.95665 158780
6.96296 159120
6.96926 159460
6.97557 159800
6.98187 160140
6.98817 160480
6.99448 160820
7.00078 161160
7.00709 161500
7.01339 161840
7.01969 162180
7.026 162520
7.0323 162860
7.03861 163200
7.04491 163540
7.05121 163880
7.05752 164220
7.06382 164560
7.07013 164900
7.07643 165240
7.08273 165580
7.08904 165920
7.09534 166260
7.10165 166600
7.10795 166940
7.11425 167280
7.12056 167620
7.12686 167960
7.13317 168300
7.13947 168640
7.14577 168980
7.15208 169320
7.15838 169660
7.16469 170000
7.17099 170340
7.17729 170680
7.1836 171020
7.1899 171360
7.19621 171700
7.20251 172040
7.20881 172380
7.21512 172720
7.22142 173060
7.22773 173400
7.23403 173740
7.24033 174080
7.24664 174420
7.25294 174760
7.25925 175100
7.26555 175440
7.27185 175780
7.27816 176120
7.28446 176460
7.29077 176800
7.29707 177140
7.30337 177480
7.30968 177820
7.31598 178160
7.32229 178500
7.32859 178840
7.33489 179180
7.3412 179520
7.3475 179860
7.35381 180200
7.36011 180540
7.36641 180880
7.37272 181220
7.37902 181560
7.38533 181900
7.39163 182240
7.39793 182580
7.40424 182920
7.41054 183260
7.41685 183600
7.42315 183940
7.42945 184280
7.43576 184620
7.44206 184960
7.44837 185300
7.45467 185640
7.46097 185980
7.46728 186320
7.47358 186660
7.47989 187000
7.48619 187340
7.49249 187680
7.4988 188020
7.5051 188360
7.51141 188700
7.51771 189040
7.52401 189380
7.53032 189720
7.53662 190060
7.54293 190400
7.54923 190740
7.55553 191080
7.56184 191420
7.56814 191760
7.57445 192100
7.58075 192440
7.58705 192780
7.59336 193120
7.59966 193460
7.60597 193800
7.61227 194140
7.61857 194480
7.62488 194820
7.63118 195160
7.63749 195500
7.64379 195840
7.65009 196180
7.6564 196520
7.6627 196860
7.66901 197200
7.67531 197540
7.68161 197880
7.68792 198220
7.69422 198560
7.70053 198900
7.70683 199240
7.71313 199580
7.71944 199920
7.72574 200260
7.73205 200600
7.73835 200940
7.74465 201280
7.75096 201620
7.75726 201960
7.76357 202300
7.76987 202640
7.77617 202980
7.78248 203320
7.78878 203660
7.79509 204000
7.80139 204340
7.80769 204680
7.814 205020
7.8203 205360
7.82661 205700
7.83291 206040
7.83921 206380
7.84552 206720
7.85182 207060
7.85813 207400
7.86443 207740
7.87073 208080
7.87704 208420
7.88334 208760
7.88965 209100
7.89595 209440
7.90225 209780
7.90856 210120
7.91486 210460
7.92117 210800
7.92747 211140
7.93377 211480
7.94008 211820
7.94638 212160
7.95269 212500
7.95899 212840
7.96529 213180
7.9716 213520
7.9779 213860
7.98421 214200
7.99051 214540
7.99681 214880
8.00312 215220
8.00942 215560
8.01573 215900
8.02203 216240
8.02833 216580
8.03464 216920
8.04094 217260
8.04725 217600
8.05355 217940
8.05985 218280
8.06616 218620
8.07246 218960
8.07877 219300
8.08507 219640
8.09137 219980
8.09768 220320
8.10398 220660
8.11029 221000
8.11659 221340
8.12289 221680
8.1292 222020
8.1355 222360
8.14181 222700
8.14811 223040
8.15441 223380
8.16072 223720
8.16702 224060
8.17333 224400
8.17963 224740
8.18593 225080
8.19224 225420
8.19854 225760
8.20485 226100
8.21115 226440
8.21745 226780
8.22376 227120
8.23006 227460
8.23637 227800
8.24267 228140
8.24897 228480
8.25528 228820
8.26158 229160
8.26789 229500
8.27419 229840
8.28049 230180
8.2868 230520
8.2931 230860
8.29941 231200
8.30571 231540
8.31201 231880
8.31832 232220
8.32462 232560
8.33093 232900
8.33723 233240
8.34353 233580
8.34984 233920
8.35614 234260
8.36245 234600
8.3719 117130
11.3219 340
11.5363 680
12.1088 1020
12.6813 1360
13.2539 1700
13.2633 2040
13.8327 2380
13.8421 2720
14.4052 3060
14.4147 3400
14.4241 3740
14.9809 4080
14.9904 4420
14.9998 4760
15.0093 5100
15.5566 5440
15.566 5780
15.5755 6120
15.585 6460
15.5944 6800
16.1291 7140
16.1386 7480
16.148 7820
16.1575 8160
16.1669 8500
16.1764 8840
16.1859 9180
16.7048 9520
16.7143 9860
16.7237 10200
16.7332 10540
16.7426 10880
16.7521 11220
16.7615 11560
16.771 11900
16.7805 12240
17.2773 12580
17.2868 12920
17.2963 13260
17.3057 13600
17.3152 13940
17.3246 14280
17.3341 14620
17.3435 14960
17.353 15300
17.3624 15640
17.3719 15980
17.3814 16320
17.8499 16660
17.8593 17000
17.8688 17340
17.8782 17680
17.8877 18020
17.8971 18360
17.9066 18700
17.9161 19040
17.9255 19380
17.935 19720
17.9444 20060
17.9539 20400
17.9633 20740
17.9728 21080
17.9823 21420
17.9917 21760
18.4224 22100
18.4319 22440
18.4413 22780
18.4508 23120
18.4602 23460
18.4697 23800
18.4791 24140
18.4886 24480
18.498 24820
18.5075 25160
18.517 25500
18.5264 25840
18.5359 26180
18.5453 26520
18.5548 26860
18.5642 27200
18.5737 27540
18.5832 27880
18.5926 28220
18.6021 28560
18.6115 28900
18.621 29240
19.0012 29580
19.0107 29920
19.0201 30260
19.0296 30600
19.0391 30940
19.0485 31280
19.058 31620
19.0674 31960
19.0769 32300
19.0863 32640
19.0958 32980
19.1053 33320
19.1147 33660
19.1242 34000
19.1336 34340
19.1431 34680
19.1525 35020
19.162 35360
19.1714 35700
19.1809 36040
19.1904 36380
19.1998 36720
19.2093 37060
19.2187 37400
19.2282 37740
19.2376 38080
19.2471 38420
19.2565 38760
19.266 39100
19.5769 39440
19.5864 39780
19.5958 40120
19.6053 40460
19.6147 40800
19.6242 41140
19.6337 41480
19.6431 41820
19.6526 42160
19.662 42500
19.6715 42840
19.6809 43180
19.6904 43520
19.6998 43860
19.7093 44200
19.7188 44540
19.7282 44880
19.7377 45220
19.7471 45560
19.7566 45900
19.766 46240
19.7755 46580
19.785 46920
19.7944 47260
19.8039 47600
19.8133 47940
19.8228 48280
19.8322 48620
19.8417 48960
19.8511 49300
19.8606 49640
19.8701 49980
19.8795 50320
19.889 50660
19.8984 51000
19.9079 51340
19.9173 51680
19.9268 52020
19.9362 52360
20.1558 52700
20.1652 53040
20.1747 53380
20.1841 53720
20.1936 54060
20.203 54400
20.2125 54740
20.2219 55080
20.2314 55420
20.2409 55760
20.2503 56100
20.2598 56440
20.2692 56780
20.2787 57120
20.2881 57460
20.2976 57800
20.3071 58140
20.3165 58480
20.9426 29070
22.0604 29410
22.3473 29750
22.8894 30090
23.4379 30430
23.9863 30770
24.5348 31110
25.099 31450
25.6632 31790
26.2368 32130
26.8168 32470
27.3999 32810
27.9862 33150
28.5788 33490
29.1745 33830
29.7734 34170
30.3786 34510
30.9869 34850
31.5952 35190
32.2099 35530
32.8277 35870
33.4518 36210
34.0853 36550
34.7189 36890
35.3556 37230
36.0017 37570
36.6479 37910
37.3035 38250
37.9654 38590
38.6274 38930
39.3082 39270
39.9859 39610
40.6762 39950
41.3664 40290
42.0599 40630
42.7659 40970
43.4751 41310
44.1812 41650
44.8935 41990
45.6185 42330
46.3403 42670
47.0653 43010
47.7902 43350
48.5278 43690
49.2717 44030
50.0218 44370
50.7626 44710
51.5127 45050
52.2755 45390
53.0446 45730
53.8137 46070
54.5765 46410
55.3582 46750
56.1493 47090
56.9436 47430
57.7474 47770
58.5448 48110
59.3518 48450
60.1713 48790
60.994 49130
61.8198 49470
62.6456 49810
63.4714 50150
64.3099 50490
65.164 50830
66.0182 51170
66.8724 51510
67.7329 51850
68.5966 52190
69.4665 52530
70.3617 52870
71.2537 53210
72.1583 53550
73.0661 53890
73.977 54230
74.8911 54570
75.7989 54910
76.7287 55250
77.6617 55590
78.6105 55930
79.5624 56270
80.5206 56610
81.4851 56950
82.4528 57290
83.4204 57630
84.3944 57970
85.3715 58310
86.3549 58650
87.351 58990
88.347 59330
89.3493 59670
90.3548 60010
91.3572 60350
92.3721 60690
93.4028 61030
94.4209 61370
95.4485 61710
96.4949 62050
97.5414 62390
98.591 62730
99.6501 63070
100.709 63410
101.771 63750
102.843 64090
103.915 64430
105.005 64770
106.093 65110
107.187 65450
108.29 65790
109.406 66130
110.515 66470
111.64 66810
112.766 67150
113.894 67490
115.026 67830
116.176 68170
117.323 68510
118.477 68850
119.643 69190
120.809 69530
121.979 69870
123.161 70210
124.233 70550
124.888 70890
125.544 71230
126.199 71570
126.861 71910
127.53 72250
128.198 72590
128.866 72930
129.54 73270
130.221 73610
130.902 73950
131.583 74290
132.27 74630
132.964 74970
133.657 75310
134.35 75650
135.05 75990
135.756 76330
136.462 76670
137.168 77010
137.881 77350
138.599 77690
139.318 78030
140.037 78370
140.762 78710
141.493 79050
142.224 79390
142.955 79730
143.693 80070
144.437 80410
145.181 80750
145.925 81090
146.675 81430
147.431 81770
148.188 82110
148.944 82450
149.707 82790
150.476 83130
151.245 83470
152.014 83810
152.79 84150
153.571 84490
154.353 84830
155.135 85170
155.923 85510
156.717 85850
157.511 86190
158.306 86530
158.867 43010
159.664 43690
159.959 44030
160.535 44370
161.114 44710
161.696 45050
162.275 45390
162.85 45730
163.429 46070
164.011 46410
164.59 46750
165.166 47090
165.745 47430
166.327 47770
166.899 48110
167.481 48450
168.06 48790
168.636 49130
169.214 49470
169.796 49810
170.375 50150
170.495 24820
171.068 25500
171.59 25840
172.165 26180
172.747 26520
173.326 26860
173.902 27200
174.481 27540
175.063 27880
175.641 28220
176.217 28560
176.796 28900
177.378 29240
177.957 29580
178.532 29920
179.111 30260
179.693 30600
180.272 30940
180.848 31280
181.427 31620
182.009 31960
182.587 32300
183.163 32640
183.742 32980
184.324 33320
184.903 33660
185.479 34000
186.057 34340
186.639 34680
187.218 35020
187.794 35360
188.373 35700
188.955 36040
189.534 36380
190.109 36720
190.688 37060
191.27 37400
191.849 37740
192.425 38080
193.003 38420
193.662 38760
194.241 39100
194.817 39440
195.396 39780
196.108 40120
196.686 40460
197.262 40800
197.841 41140
198.417 41480
198.995 41820
199.577 42160
200.156 42500
200.732 42840
201.311 43180
201.893 43520
202.472 43860
203.047 44200
203.626 44540
204.208 44880
204.787 45220
205.363 45560
205.941 45900
206.523 46240
207.102 46580
207.678 46920
208.257 47260
208.839 47600
209.418 47940
209.993 48280
210.572 48620
211.154 48960
211.733 49300
212.309 49640
212.888 49980
213.47 50320
214.048 50660
214.624 51000
215.203 51340
215.785 51680
216.364 52020
216.939 52360
217.518 52700
218.1 53040
218.679 53380
219.255 53720
219.834 54060
220.416 54400
220.994 54740
221.57 55080
222.149 55420
222.731 55760
223.31 56100
223.885 56440
224.464 56780
225.046 57120
225.631 57460
226.207 57800
226.786 58140
227.368 58480
227.947 58820
228.522 59160
229.101 59500
229.683 59840
230.262 60180
230.838 60520
231.417 60860
231.999 61200
232.577 61540
233.153 61880
233.732 62220
234.314 62560
234.894 62900
235.474 63240
236.06 63580
236.653 63920
237.245 64260
237.838 64600
238.437 64940
239.042 65280
239.647 65620
240.252 65960
240.864 66300
241.482 66640
242.099 66980
242.717 67320
243.341 67660
243.972 68000
244.602 68340
245.232 68680
245.869 69020
246.512 69360
247.155 69700
247.559 34680
248.198 35360
248.572 35700
249.154 36040
249.73 36380
250.312 36720
250.891 37060
251.467 37400
252.045 37740
252.627 38080
253.206 38420
253.782 38760
254.361 39100
254.943 39440
255.522 39780
256.097 40120
256.676 40460
257.258 40800
257.837 41140
258.413 41480
258.991 41820
259.573 42160
260.152 42500
260.728 42840
261.307 43180
261.889 43520
262.468 43860
263.043 44200
263.622 44540
264.204 44880
264.783 45220
265.359 45560
265.937 45900
266.519 46240
267.098 46580
267.674 46920
268.253 47260
268.835 47600
269.414 47940
269.989 48280
270.568 48620
271.15 48960
271.729 49300
272.305 49640
272.883 49980
273.465 50320
274.044 50660
274.62 51000
275.199 51340
275.781 51680
276.36 52020
276.935 52360
277.514 52700
278.096 53040
278.675 53380
279.251 53720
279.83 54060
280.411 54400
280.99 54740
281.566 55080
282.145 55420
282.727 55760
283.306 56100
283.881 56440
284.46 56780
285.042 57120
285.621 57460
286.197 57800
286.776 58140
287.358 58480
287.936 58820
288.512 59160
289.091 59500
289.673 59840
290.252 60180
290.827 60520
291.406 60860
291.988 61200
292.567 61540
293.143 61880
293.722 62220
294.304 62560
294.72 31110
295.296 31790
295.658 32130
296.24 32470
296.815 32810
297.394 33150
297.976 33490
298.555 33830
299.131 34170
299.71 34510
300.292 34850
300.87 35190
301.446 35530
302.025 35870
302.607 36210
303.186 36550
303.761 36890
304.34 37230
304.922 37570
305.501 37910
306.077 38250
306.656 38590
307.238 38930
307.816 39270
308.392 39610
308.971 39950
309.553 40290
310.132 40630
310.707 40970
311.286 41310
311.868 41650
312.447 41990
313.023 42330
313.602 42670
314.177 43010
314.756 43350
315.338 43690
315.917 44030
316.493 44370
317.072 44710
317.654 45050
318.232 45390
318.808 45730
319.387 46070
319.969 46410
320.548 46750
321.123 47090
321.702 47430
322.284 47770
322.863 48110
323.439 48450
324.018 48790
324.6 49130
325.178 49470
325.754 49810
326.333 50150
326.915 50490
327.494 50830
328.069 51170
328.648 51510
329.23 51850
329.809 52190
330.385 52530
330.964 52870
331.546 53210
332.124 53550
332.7 53890
333.279 54230
333.861 54570
334.44 54910
335.015 55250
335.594 55590
336.176 55930
336.755 56270
337.331 56610
337.91 56950
338.492 57290
339.07 57630
339.646 57970
340.225 58310
340.807 58650
341.386 58990
341.961 59330
342.54 59670
343.122 60010
343.701 60350
344.277 60690
344.856 61030
345.438 61370
346.016 61710
346.592 62050
347.171 62390
347.753 62730
348.333 63070
348.913 63410
349.499 63750
350.092 64090
350.684 64430
351.277 64770
351.876 65110
352.481 65450
353.086 65790
353.691 66130
354.303 66470
354.921 66810
355.538 67150
356.156 67490
356.44 33490
357.058 34170
357.495 34510
358.07 34850
358.652 35190
359.228 35530
359.807 35870
360.389 36210
360.968 36550
361.543 36890
362.122 37230
362.704 37570
363.283 37910
363.859 38250
364.438 38590
365.02 38930
365.598 39270
366.174 39610
366.753 39950
367.335 40290
367.914 40630
368.489 40970
369.068 41310
369.65 41650
370.229 41990
370.805 42330
371.384 42670
371.966 43010
372.544 43350
373.12 43690
373.699 44030
374.281 44370
374.86 44710
375.435 45050
376.014 45390
376.596 45730
377.175 46070
377.751 46410
378.33 46750
378.912 47090
379.49 47430
380.066 47770
380.645 48110
381.227 48450
381.806 48790
382.381 49130
382.96 49470
383.542 49810
384.121 50150
384.697 50490
385.276 50830
385.858 51170
386.436 51510
387.012 51850
387.591 52190
388.173 52530
388.361 26010
388.933 26690
389.365 27030
389.947 27370
390.523 27710
391.105 28050
391.684 28390
392.259 28730
392.838 29070
393.428 29410
394.007 29750
394.583 30090
395.161 30430
395.791 30770
396.37 31110
396.946 31450
397.525 31790
398.107 32130
398.685 32470
399.261 32810
399.84 33150
