0.0 0
0.167119 3400
0.340414 3740
0.353022 4080
0.36563 4420
0.378238 4760
0.390846 5100
0.512845 5440
0.525453 5780
0.538061 6120
0.550669 6460
0.563277 6800
0.575885 7140
0.588493 7480
0.685277 7820
0.697885 8160
0.710493 8500
0.723101 8840
0.735709 9180
0.748317 9520
0.760925 9860
0.773533 10200
0.786141 10540
0.798749 10880
0.811357 11220
0.864012 11560
0.87662 11900
0.889228 12240
0.901836 12580
0.914444 12920
0.927052 13260
0.93966 13600
0.952268 13940
0.964876 14280
0.977484 14620
0.990092 14960
1.0027 15300
1.01531 15640
1.02792 15980
1.04052 16320
1.05313 16660
1.06574 17000
1.07835 17340
1.09096 17680
1.10356 18020
1.11617 18360
1.12878 18700
1.14139 19040
1.154 19380
1.1666 19720
1.17921 20060
1.19182 20400
1.20443 20740
1.21704 21080
1.22964 21420
1.24225 21760
1.25486 22100
1.26747 22440
1.28008 22780
1.29268 23120
1.30529 23460
1.3179 23800
1.33051 24140
1.35572 11900
1.99873 12240
2.19416 5950
2.74705 6970
2.84383 7310
2.93839 3400
3.11082 4080
3.24543 4420
3.42417 4760
3.60921 5100
3.81316 2380
3.98559 3400
4.17693 3740
4.35567 4080
4.54071 4420
4.71944 4760
4.90448 5100
5.02018 2380
5.19261 3060
5.35873 3400
5.54377 3740
5.72251 4080
5.90755 4420
6.1115 4760
6.29654 5100
6.47527 5440
6.59727 2550
6.94213 2890
7.01778 3230
7.19652 3570
7.38156 3910
7.5729 4250
7.75794 4590
7.94928 4930
8.13432 5270
8.31306 5610
8.52553 2550
8.69797 3570
8.8704 3910
9.02169 1700
9.19412 2380
9.36025 2720
9.37916 1190
9.5579 2210
9.74294 2550
9.93428 2890
10.1193 3230
10.2981 3570
10.4831 3910
10.6492 1700
10.8217 2720
11.013 3060
11.3263 3400
11.5114 3740
11.6901 4080
11.8752 4420
11.913 2040
12.0854 2720
12.2515 3060
12.4303 3400
12.4555 1530
12.6342 2550
12.8067 1020
12.9791 2040
13.1704 2380
13.4964 2720
13.6814 3060
13.8601 3400
14.0452 3740
14.2491 1700
14.4216 2720
14.6066 3060
14.7853 3400
14.9704 3740
15.1617 4080
15.3342 4420
15.5255 4760
15.7105 5100
15.8893 5440
16.0743 5780
16.3372 6120
16.5223 6460
16.6884 3060
16.8608 4080
17.1089 1870
17.2813 2890
17.4475 3230
17.6262 3570
17.8112 3910
18.0026 4250
18.1876 4590
18.3664 4930
18.5514 5270
18.7301 5610
18.9152 5950
19.1065 6290
19.2915 6630
19.4703 6970
19.6553 7310
19.8489 7650
20.0339 7990
20.2127 8330
20.3072 3910
20.6521 4250
20.7804 4590
20.9717 4930
21.1568 5270
21.3355 5610
21.3733 2550
21.5521 3230
21.7056 3570
21.878 3910
22.0694 4250
22.2544 4590
22.4331 4930
22.6182 5270
22.8221 5610
23.0072 5950
23.1481 2720
23.3205 3400
23.4425 3740
23.6402 4080
23.8252 4420
24.0039 4760
24.0417 2210
24.3929 2890
24.5653 3230
24.7567 3570
24.9417 3910
25.1205 4250
25.3055 4590
25.4842 4930
25.6315 2210
25.8039 2890
25.9637 1190
26.1361 2550
26.3275 2890
26.5125 3230
26.6913 3570
26.8763 3910
27.177 4250
27.2149 1870
27.3936 2890
27.5849 3230
27.7637 3570
27.9487 3910
28.2494 4250
28.2747 1870
28.4534 2550
28.6069 2890
28.792 3230
28.9707 3570
29.1557 3910
29.3471 4250
29.5321 4590
29.7108 4930
29.8959 5270
30.0746 5610
30.2597 5950
30.451 6290
30.636 6630
30.8148 6970
30.9998 7310
31.2375 7650
31.4099 3570
31.5824 4590
31.7548 2040
31.9272 3060
32.1123 3400
32.2973 3740
32.4508 1700
32.6233 2380
32.7894 2720
32.9744 3060
33.1532 3400
33.3382 3740
33.5169 4080
33.702 4420
33.8807 2040
34.0531 3060
34.3728 1360
34.5452 2380
34.7177 2720
34.8901 1190
35.0625 2210
35.1066 2550
35.4137 2890
35.5987 3230
35.7775 3570
35.9625 1530
36.1349 2550
36.3137 2890
36.4987 3230
36.6774 3570
36.8751 1530
37.0475 2550
37.2073 2890
37.3924 3230
37.5711 3570
37.7561 3910
37.9475 4250
38.1325 4590
38.3113 4930
38.4963 5270
38.6876 5610
38.8727 5950
39.0514 6290
39.2365 6630
39.4868 6970
39.6718 7310
39.8505 7650
40.0356 7990
40.2269 8330
40.412 8670
40.5907 9010
40.7757 9350
40.9545 9690
41.1395 10030
41.3435 10370
41.5326 10710
41.7217 5100
42.0769 6120
42.2368 6460
42.4281 6800
42.6132 7140
42.7919 7480
42.9769 7820
43.1557 8160
43.3407 8500
43.532 8840
43.7171 9180
43.8958 4420
44.0682 5440
44.2659 5780
44.5225 6120
44.7075 6460
44.8863 6800
45.0713 7140
45.2501 7480
45.3131 3570
45.4918 4250
45.6264 4590
45.8178 4930
46.028 2210
46.2005 3230
46.3792 3570
46.5516 1530
46.7241 2550
46.8965 2890
47.0815 3230
47.2603 3570
47.4453 3910
47.6366 4250
47.8217 4590
48.0004 4930
48.1855 5270
48.3642 5610
48.5492 5950
48.8121 6290
48.9972 6630
49.1759 6970
49.361 7310
49.5523 7650
49.7373 7990
49.9161 8330
50.0759 3910
50.3366 4930
50.5342 5270
50.7256 5610
50.9106 5950
51.0894 6290
51.2744 6630
51.4531 6970
51.5877 3230
51.7602 3910
51.8484 4250
52.0209 4590
52.2122 4930
52.3972 5270
52.576 5610
52.6349 2550
52.8074 3230
52.9334 3570
53.1185 3910
53.3247 4250
53.457 1870
53.6295 2890
53.8271 1190
53.9995 2210
54.172 2550
54.3633 2890
54.5484 3230
54.7271 3570
54.9121 3910
55.0783 1700
55.2507 2720
55.442 3060
55.7554 3400
55.9404 3740
56.1192 4080
56.3042 4420
56.4955 4760
56.6806 5100
56.8593 5440
57.0443 5780
57.2231 6120
57.4081 6460
57.5995 6800
57.7845 7140
57.9632 7480
58.0474 3570
58.2198 4250
58.386 4590
58.5647 4930
58.7497 5270
58.9411 5610
59.1261 5950
59.3049 6290
59.4899 6630
59.6686 3060
59.8411 4080
59.982 1870
60.1544 2550
60.2111 2890
60.3962 3230
60.5749 3570
60.76 3910
61.0229 4250
61.2079 4590
61.3866 4930
61.5717 5270
61.7504 5610
61.9355 5950
62.1268 6290
62.3118 6630
62.4906 6970
62.6756 7310
62.867 7650
63.052 7990
63.2307 8330
63.4158 8670
63.6071 9010
63.7922 9350
63.9961 4420
64.1685 5440
64.3473 5780
64.5386 6120
64.7237 6460
64.8709 3060
65.3882 3740
65.5165 1700
65.7772 2040
65.9433 2380
66.122 2720
66.3197 1190
66.4921 2550
66.8307 2890
67.0031 3230
67.1944 3570
67.3795 3910
67.5582 4250
67.7432 4590
67.9346 4930
68.1196 5270
68.311 5610
68.496 5950
68.6747 6290
68.8598 6630
69.0511 6970
69.2362 7310
69.4149 7650
69.5999 7990
69.6778 3740
70.0227 4080
70.1046 4420
70.2834 4760
70.4684 2210
70.6408 3230
70.8133 3570
70.9983 3910
71.1896 4250
71.3873 4590
71.566 4930
71.7637 5270
72.0266 5610
72.199 5950
72.3904 6290
72.5754 6630
72.7541 6970
72.9392 7310
73.1305 7650
73.3156 7990
73.5069 8330
73.6919 8670
73.8833 9010
74.0809 9350
74.2597 9690
74.4447 10030
74.636 10370
74.8252 10710
75.0143 11050
75.216 11390
75.4303 11730
75.5816 5610
75.7834 6290
75.8865 6630
76.0652 6970
76.2628 7310
76.3259 3400
76.5109 4080
76.6707 4420
76.8495 4760
77.0345 5100
77.2259 5440
77.4109 5780
77.6022 6120
77.7873 6460
77.966 6800
78.1511 7140
78.2289 3400
78.4014 4080
78.5274 4420
78.7062 4760
78.8912 5100
79.0974 5440
79.2824 5780
79.4612 6120
79.6462 6460
79.8375 6800
80.0226 7140
80.1635 3400
80.5084 4080
80.6281 4420
80.8343 4760
81.0193 5100
81.1981 5440
81.3831 5780
81.5871 6120
81.7595 6460
81.9508 6800
82.1359 7140
82.3146 7480
82.4997 7820
82.691 8160
82.7878 3910
83.2461 1700
83.4775 2380
83.4901 2720
83.6752 3060
83.9295 3400
84.1735 1530
84.346 2550
84.5121 2890
84.6971 3230
84.8759 3570
85.0609 3910
85.2333 1700
85.5782 2720
85.7632 1190
85.9357 2210
86.1018 2550
86.2931 2890
86.4782 3230
86.6569 3570
86.842 3910
87.0207 4250
87.2057 4590
87.3971 4930
87.5821 5270
87.7608 5610
88.0364 5950
88.2277 6290
88.4001 6630
88.5915 6970
88.7765 3230
88.949 4250
89.1277 4590
89.3821 2040
89.7269 2720
89.912 3060
90.1033 3400
90.2884 3740
90.4671 4080
90.6395 1870
90.812 2890
91.0096 3230
91.2009 3570
91.386 3910
91.5647 4250
91.7498 4590
91.9285 4930
92.1135 5270
92.3764 5610
92.4458 2550
92.6182 3230
92.7591 3570
92.9442 3910
93.1229 4250
93.1481 1870
93.3269 2550
93.4804 2890
93.6654 3230
93.8441 3570
94.0292 3910
94.2205 4250
94.4056 4590
94.5843 4930
94.7693 5270
94.9607 5610
95.1457 5950
95.3245 6290
95.5095 6630
95.7598 6970
95.9448 7310
96.1236 3400
96.296 4420
96.4874 4760
96.6724 5100
96.8953 5440
97.0803 5780
97.259 6120
97.4441 6460
97.6228 3060
97.9677 3400
98.0708 3740
98.2495 4080
98.4597 4420
98.485 2040
98.6574 2720
98.8235 3060
99.0149 3400
99.1999 3740
99.3786 4080
99.5763 4420
99.7676 4760
99.9527 5100
100.131 5440
100.316 5780
100.567 6120
100.752 6460
100.84 3060
101.012 3740
101.16 4080
101.345 4420
101.511 2040
101.856 3060
102.041 3400
102.226 3740
102.43 4080
102.615 4420
102.794 4760
102.979 5100
103.235 5440
103.42 5780
103.599 6120
103.784 6460
103.834 3060
104.013 3740
104.167 4080
104.352 4420
104.53 4760
104.715 5100
104.907 5440
105.092 5780
105.296 2720
105.468 3740
105.66 4080
105.845 4420
106.023 4760
106.208 5100
106.387 5440
106.585 5780
106.829 6120
107.014 6460
107.193 6800
107.378 7140
107.569 7480
107.754 7820
107.933 8160
108.118 8500
108.322 8840
108.372 4250
108.557 4930
108.698 5270
108.889 5610
109.074 5950
109.253 6290
109.438 6630
109.642 6970
109.827 7310
109.968 3400
110.141 4080
110.281 4420
110.473 2040
110.645 3060
110.824 3400
111.009 3740
111.2 4080
111.385 4420
111.564 4760
111.749 5100
112.025 5440
112.088 2550
112.26 3230
112.407 3570
112.592 3910
112.771 4250
112.956 4590
113.148 4930
113.333 5270
113.524 5610
113.709 5950
113.888 6290
114.073 6630
114.188 3060
114.361 3740
114.521 4080
114.706 4420
114.897 4760
115.082 5100
115.273 5440
115.318 2550
115.49 3230
115.644 3570
115.816 3910
116.007 4250
116.192 4590
116.371 4930
116.556 5270
116.735 2380
116.907 3400
117.099 3740
117.29 4080
117.475 4420
117.776 4760
117.961 5100
118.14 5440
118.325 5780
118.516 6120
118.701 6460
118.751 3060
118.93 3740
119.071 4080
119.256 4420
119.447 4760
119.632 5100
119.811 2380
119.984 3400
120.175 3740
120.354 4080
120.539 4420
120.717 4760
120.903 5100
121.178 5440
121.363 5780
121.542 6120
121.727 6460
121.918 6800
122.103 7140
122.282 7480
122.442 3570
122.614 4590
122.869 4930
122.94 2210
123.113 2890
123.22 3230
123.445 3570
123.63 3910
123.821 4250
124.006 4590
124.198 4930
124.383 5270
124.561 5610
124.759 5950
124.95 6290
125.135 6630
125.289 3060
125.461 3740
125.59 4080
125.775 4420
125.953 4760
126.138 5100
126.33 5440
126.368 2550
126.546 3230
126.687 3570
126.872 3910
127.064 4250
127.261 4590
127.44 4930
127.625 5270
127.816 5610
127.989 5950
128.18 6290
128.365 6630
128.544 6970
128.729 7310
128.92 7650
129.118 7990
129.297 8330
129.482 8670
129.673 9010
129.871 9350
130.05 9690
130.235 10030
130.363 4760
130.535 5440
130.649 5780
130.84 6120
131.025 6460
131.216 6800
131.402 7140
131.593 7480
131.778 7820
131.969 8160
132.186 3910
132.531 4930
132.64 5270
132.831 5610
133.016 5950
133.195 6290
133.38 6630
133.584 6970
133.769 7310
133.961 7650
134.146 7990
134.337 8330
134.522 8670
134.625 4080
134.797 4760
134.911 5100
135.123 5440
135.308 5780
135.487 6120
135.672 6460
135.864 6800
136.036 7140
136.227 7480
136.412 7820
136.591 8160
136.776 8500
136.833 4080
137.005 4760
137.153 5100
137.35 5440
137.491 2550
137.664 3570
137.861 3910
138.156 4250
138.347 4590
138.378 2040
138.551 2720
138.717 3060
138.908 3400
139.093 3740
139.272 4080
139.457 4420
139.649 4760
139.834 5100
140.012 5440
140.197 5780
140.454 6120
140.639 6460
140.818 6800
141.003 7140
141.194 7480
141.367 7820
141.558 8160
141.743 8500
141.922 8840
142.107 9180
142.298 9520
142.483 9860
142.63 4760
143.148 5780
143.32 6120
143.505 6460
143.696 6800
143.856 3230
144.029 4250
144.226 4590
144.405 4930
144.59 5270
144.851 5610
145.048 5950
145.227 6290
145.412 6630
145.578 3060
145.923 3400
145.986 3740
146.165 4080
146.35 4420
146.541 4760
146.726 5100
146.905 5440
147.149 2550
147.322 3570
147.488 3910
147.666 4250
147.851 4590
148.043 4930
148.228 5270
148.407 5610
148.592 5950
148.821 6290
149.006 6630
149.185 6970
149.37 7310
149.561 7650
149.746 7990
149.925 8330
150.059 3910
150.232 4590
150.32 4930
150.492 2210
150.749 3230
150.921 3570
151.107 3910
151.298 4250
151.483 4590
151.662 4930
151.847 5270
152.038 5610
152.223 5950
152.402 6290
152.587 6630
152.766 6970
152.951 7310
153.142 7650
153.327 7990
153.506 8330
153.577 3910
153.75 4590
153.91 4930
154.095 5270
154.299 2380
154.471 3400
154.656 3740
154.835 4080
155.02 4420
155.211 4760
155.396 5100
155.588 5440
155.773 5780
155.964 6120
156.149 6460
156.368 6800
156.553 7140
156.731 7480
156.917 7820
157.108 8160
157.293 8500
157.472 8840
157.631 4250
157.804 5270
158.071 5610
158.243 5950
158.435 6290
158.462 2890
158.811 3230
158.946 3570
159.131 3910
159.309 4250
159.494 4590
159.686 4930
159.858 5270
160.05 5610
160.235 5950
160.426 6290
160.611 6630
160.802 6970
160.987 7310
161.116 3400
161.288 4080
161.41 4420
161.62 4760
161.805 5100
161.984 2380
162.157 3400
162.354 3740
162.533 4080
162.68 1870
162.853 2890
163.044 3230
163.21 1360
163.383 2040
163.549 2380
163.727 2720
163.912 3060
164.104 3400
164.289 3740
164.468 4080
164.615 1870
164.787 2550
164.947 2890
165.119 3230
165.311 3570
165.496 3910
165.675 4250
165.86 4590
166.051 4930
166.236 5270
166.415 5610
166.6 5950
166.791 6290
167.001 6630
167.252 6970
167.424 3230
167.597 4250
167.794 4590
168.023 2040
168.196 3060
168.368 3400
168.553 3740
168.745 4080
168.917 4420
169.108 4760
169.293 5100
169.472 5440
169.607 2550
169.952 2890
170.137 3230
170.315 3570
170.513 3910
170.814 4250
170.986 4590
171.178 4930
171.363 5270
171.541 5610
171.592 2550
171.764 3230
171.911 3570
172.096 3910
172.288 4250
172.473 4590
172.652 4930
172.837 5270
173.028 5610
173.213 5950
173.392 6290
173.577 6630
173.768 3060
173.94 4080
174.138 4420
174.317 4760
174.502 5100
174.784 2380
174.956 3400
175.141 3740
175.32 4080
175.505 4420
175.703 4760
175.818 2210
175.991 2890
176.073 3230
176.251 3570
176.436 3910
176.615 4250
176.8 4590
177.044 4930
177.229 5270
177.408 5610
177.593 5950
177.784 6290
177.969 6630
178.148 6970
178.333 7310
178.512 7650
178.697 7990
178.888 8330
179.073 8670
179.252 9010
179.437 9350
179.628 9690
179.814 10030
179.898 4760
180.415 5440
180.547 5780
180.745 6120
180.764 2890
181.077 3570
181.109 3910
181.306 4250
181.504 4590
181.683 4930
181.868 5270
182.131 5610
182.316 5950
182.495 6290
182.68 6630
182.871 6970
183.056 7310
183.235 7650
183.42 7990
183.624 8330
183.809 8670
183.987 9010
184.173 9350
184.351 9690
184.486 4590
184.658 5270
184.78 5610
184.94 2550
185.113 3570
185.367 1530
185.539 2550
185.705 2890
185.891 3230
186.082 3570
186.254 3910
186.458 4250
186.618 1870
186.791 2890
186.982 3230
187.161 3570
187.346 3910
187.524 4250
187.709 4590
187.998 4930
188.183 5270
188.361 5610
188.546 5950
188.738 6290
188.923 6630
189.101 6970
189.286 7310
189.465 7650
189.663 3570
190.008 4590
190.168 4930
190.353 5270
190.531 5610
190.716 5950
190.895 6290
191.08 6630
191.271 6970
191.457 7310
191.635 7650
191.82 7990
192.012 8330
192.184 3910
192.357 4930
192.535 5270
192.651 2380
192.823 3060
192.99 3400
193.175 3740
193.353 4080
193.538 4420
193.755 2040
193.927 3060
194.1 3400
194.285 3740
194.464 4080
194.649 4420
194.802 2040
194.975 2720
195.109 3060
195.3 3400
195.485 3740
195.664 4080
195.849 4420
196.028 4760
196.213 5100
196.404 5440
196.602 2550
196.774 3570
196.947 3910
197.126 4250
197.311 4590
197.502 4930
197.687 2210
197.859 3230
198.026 1360
198.198 2380
198.383 2720
198.568 3060
198.881 3400
199.067 3740
199.245 4080
199.43 4420
199.609 2040
199.781 3060
199.966 3400
200.152 3740
200.452 4080
200.637 4420
200.816 4760
201.001 5100
201.18 5440
201.365 5780
201.556 6120
201.741 6460
201.779 3060
201.951 3740
202.111 4080
202.296 4420
202.45 2040
202.622 2720
202.673 3060
202.955 3400
203.14 3740
203.318 4080
203.503 4420
203.695 2040
204.04 2720
204.218 3060
204.41 3400
204.576 1530
204.921 2210
205.087 2550
205.278 2890
205.463 3230
205.642 3570
205.827 3910
206.006 4250
206.191 4590
206.382 4930
206.567 5270
206.746 5610
206.931 2550
207.103 3570
207.301 3910
207.48 4250
207.665 4590
207.934 2040
208.106 3060
208.298 3400
208.47 1530
208.643 2550
208.821 2890
209.006 3230
209.198 3570
209.383 3910
209.561 4250
209.746 4590
210.035 4930
210.22 5270
210.398 5610
210.583 5950
210.775 6290
210.8 2890
210.979 3570
211.139 1530
211.311 2550
211.49 2890
211.662 3230
211.853 3570
212.026 1530
212.198 2550
212.371 2890
212.556 3230
212.735 3570
212.92 3910
213.111 4250
213.296 4590
213.475 4930
213.66 5270
213.813 2380
213.986 3060
214.152 3400
214.324 3740
214.516 4080
214.701 4420
214.879 4760
215.064 5100
215.256 5440
215.441 5780
215.62 6120
215.767 2890
216.112 3230
216.265 3570
216.45 3910
216.629 4250
216.814 4590
217.005 4930
217.14 2210
217.312 2890
217.369 3230
217.548 3570
217.733 3910
217.996 4250
218.181 4590
218.36 4930
218.545 5270
218.736 5610
218.883 2550
219.056 3230
219.137 3570
219.228 1530
219.4 2550
219.585 2890
219.77 3230
220.084 3570
220.269 3910
220.448 4250
220.633 4590
220.824 4930
220.996 5270
221.188 5610
221.373 5950
221.552 6290
221.686 2890
221.859 3570
221.928 3910
222.178 4250
222.363 4590
222.542 4930
222.752 2210
223.097 2550
223.238 2890
223.41 3230
223.602 3570
223.787 3910
223.966 4250
224.151 4590
224.292 2040
224.464 2720
224.63 3060
224.809 3400
224.994 3740
225.185 4080
225.37 4420
225.562 4760
225.747 5100
225.925 5440
226.098 2550
226.27 3570
226.468 3910
226.647 4250
226.832 4590
226.985 2040
227.158 2720
227.311 3060
227.502 3400
227.687 3740
227.866 4080
228.051 4420
228.076 2040
228.255 2720
228.415 3060
228.606 3400
228.791 3740
228.97 4080
229.155 4420
229.334 4760
229.519 5100
229.71 5440
229.895 5780
230.074 6120
230.259 6460
230.509 6800
230.694 7140
230.873 7480
231.071 7820
231.262 8160
231.287 3910
231.466 4590
231.62 4930
231.805 5270
231.996 5610
232.181 5950
232.372 6290
232.557 6630
232.736 3060
233.081 3400
233.222 3740
233.401 4080
233.586 4420
233.777 4760
233.962 5100
234.141 5440
234.326 5780
234.53 6120
234.715 6460
234.894 6800
235.091 7140
235.283 7480
235.468 7820
235.646 8160
235.831 8500
236.01 8840
236.195 9180
236.387 9520
236.572 9860
236.75 10200
236.961 10540
237.162 10880
237.364 11220
237.604 5440
238.466 6800
238.586 7140
238.764 7480
238.84 3570
239.012 4250
239.166 1870
239.338 2890
239.511 3230
239.689 3570
239.715 1530
239.893 2550
240.226 2890
240.411 3230
240.589 3570
240.787 3910
240.978 4250
241.151 4590
241.342 4930
241.527 5270
241.706 5610
241.891 5950
242.082 2720
242.255 3740
242.44 4080
242.625 4420
242.804 4760
243.001 5100
243.264 5440
243.449 5780
243.628 6120
243.813 6460
243.992 6800
244.139 3230
244.311 3910
244.387 4250
244.572 4590
244.751 4930
244.948 2210
245.121 3230
245.3 3570
245.485 3910
245.663 4250
245.798 1870
246.143 2210
246.315 2550
246.494 2890
246.679 3230
246.858 3570
247.043 3910
247.234 4250
247.419 4590
247.598 4930
247.783 5270
247.974 5610
248.159 5950
248.338 6290
248.523 6630
248.714 6970
248.9 3230
249.072 4250
249.251 4590
249.392 2040
249.564 2720
249.73 3060
249.909 3400
250.094 3740
250.285 4080
250.47 4420
250.649 4760
250.834 5100
251.013 5440
251.198 5780
251.461 2720
251.633 3740
251.806 4080
252.003 4420
252.195 4760
252.38 5100
252.546 2380
252.718 3400
252.91 3740
253.088 4080
253.273 4420
253.502 4760
253.74 5100
253.919 5440
254.104 5780
254.295 6120
254.48 6460
254.659 6800
254.844 7140
255.035 7480
255.073 3570
255.246 4250
255.399 4590
255.597 4930
255.616 2210
255.795 2890
255.961 3230
256.139 3570
256.324 3910
256.516 4250
256.688 4590
256.854 2040
257.027 2720
257.18 3060
257.359 3400
257.544 3740
257.735 4080
257.92 4420
258.112 4760
258.309 2210
259.291 340
259.463 680
259.814 1020
259.814 1360
259.999 1700
260.338 2040
260.51 2380
260.695 1020
261.04 1700
261.231 2040
261.404 850
261.576 2210
261.78 2550
262.106 2890
262.279 3230
262.47 3570
262.655 3910
262.834 4250
263.019 4590
263.21 4930
263.395 5270
263.536 2380
263.708 3060
263.765 3400
263.95 3740
264.213 4080
264.398 4420
264.577 4760
264.762 5100
264.953 5440
265.138 5780
265.317 6120
265.502 6460
265.693 6800
265.891 7140
266.07 7480
266.267 7820
266.465 3740
267.079 4760
267.277 5100
267.468 5440
267.653 5780
267.832 6120
268.004 2890
268.349 3570
268.484 3910
268.675 4250
268.86 4590
269.039 4930
269.224 5270
269.415 5610
269.6 5950
269.779 6290
269.964 6630
270.156 6970
270.347 7310
270.418 3400
270.763 3740
270.839 4080
271.024 4420
271.215 4760
271.4 5100
271.579 5440
271.764 5780
271.955 6120
272.141 6460
272.319 6800
272.504 7140
272.696 7480
272.805 3570
272.977 4250
273.112 4590
273.291 4930
273.476 5270
273.667 5610
273.852 5950
274.031 6290
274.216 6630
274.407 6970
274.592 7310
274.618 3400
274.796 4080
274.937 1870
275.11 2890
275.307 3230
275.486 3570
275.671 3910
275.972 4250
276.157 4590
276.336 4930
276.521 5270
276.699 5610
276.884 5950
277.076 6290
277.261 6630
277.44 6970
277.625 7310
277.816 7650
277.976 3570
278.148 4590
278.333 4930
278.518 5270
278.794 5610
278.979 5950
279.158 6290
279.343 6630
279.534 6970
279.706 3230
279.879 4250
280.058 4590
280.249 4930
280.434 5270
280.613 5610
280.798 5950
280.939 2720
281.111 3400
281.246 3740
281.437 4080
281.609 4420
281.801 4760
281.986 5100
282.165 5440
282.35 5780
282.541 6120
282.739 6460
282.917 6800
283.102 7140
283.294 7480
283.479 7820
283.657 8160
283.842 8500
283.958 4080
284.131 4760
284.284 5100
284.463 5440
284.501 2550
284.673 3230
284.833 1360
285.005 2380
285.19 2720
285.375 3060
285.554 3400
285.739 3740
285.931 4080
286.116 4420
286.391 4760
286.576 5100
286.755 5440
286.94 5780
287.138 6120
287.157 2890
287.335 3570
287.501 3910
287.68 4250
287.884 1870
288.229 2890
288.389 3230
288.58 3570
288.765 3910
288.956 4250
289.142 1870
289.314 2890
289.493 3230
289.684 3570
289.869 3910
290.182 1700
290.355 2720
290.527 3060
290.719 3400
290.891 3740
291.082 4080
291.267 4420
291.446 4760
291.631 5100
291.772 2380
291.945 3060
292.104 3400
292.289 3740
292.468 4080
292.653 4420
292.845 4760
293.042 5100
293.183 2380
293.356 3060
293.503 3400
293.534 1530
293.707 2550
294.045 2890
294.23 3230
294.409 3570
294.594 3910
294.773 4250
294.958 4590
295.149 4930
295.334 5270
295.513 5610
295.698 5950
295.889 6290
296.062 6630
296.253 6970
296.451 7310
296.629 7650
296.815 7990
297.04 8330
297.225 8670
297.403 9010
297.588 9350
297.78 9690
297.977 10030
298.144 4760
298.665 5440
298.678 5780
298.812 2720
299.17 3060
299.348 3400
299.533 3740
299.803 4080
300.007 4420
300.185 4760
300.37 5100
300.549 5440
300.721 2550
300.894 3570
301.092 3910
301.27 4250
301.455 4590
301.659 4930
301.832 5270
302.023 5610
302.208 5950
302.387 6290
302.572 6630
302.822 3060
303.064 4080
303.249 4420
303.274 2040
303.453 2720
303.619 3060
303.81 3400
303.995 3740
304.174 4080
304.359 4420
304.551 4760
304.736 5100
304.914 5440
305.112 5780
305.362 6120
305.535 6460
305.739 3060
305.911 4080
306.09 4420
306.269 4760
306.454 5100
306.645 5440
306.83 5780
307.009 6120
307.194 6460
307.398 6800
307.545 3230
307.89 4250
308.094 4590
308.272 4930
308.567 5270
308.586 2380
308.765 3060
308.95 3400
309.135 3740
309.313 4080
309.511 4420
309.799 4760
309.984 5100
310.163 5440
310.323 2550
310.495 3570
310.687 3910
310.909 4250
311.082 4590
311.273 4930
311.458 5270
311.637 5610
311.822 5950
312.013 6290
312.198 6630
312.377 6970
312.562 7310
312.806 7650
312.991 7990
313.17 8330
313.355 8670
313.546 9010
313.731 9350
313.91 9690
314.095 10030
314.274 10370
314.463 10710
314.667 11050
314.869 11390
314.957 5440
315.159 6120
315.293 6460
315.472 6800
315.657 7140
315.848 7480
316.033 7820
316.212 8160
316.416 3910
316.933 4930
317.062 2210
317.451 2550
317.476 2890
317.661 3230
317.924 3570
318.109 3910
318.288 4250
318.473 4590
318.677 4930
318.799 2210
318.971 2890
319.047 3230
319.225 3570
319.41 3910
319.602 4250
319.774 4590
319.966 4930
320.151 5270
320.329 5610
320.514 5950
320.721 6290
320.906 6630
321.084 6970
321.269 7310
321.461 7650
321.555 3570
321.728 4250
321.875 4590
322.054 4930
322.201 2210
322.373 3230
322.615 3570
322.787 3910
322.979 4250
323.164 4590
323.343 4930
323.49 2210
323.662 2890
323.772 3230
323.95 3570
324.135 3910
324.314 4250
324.499 4590
324.691 4930
324.876 5270
325.054 2380
325.227 3400
325.424 3740
325.719 4080
325.916 1870
326.089 2890
326.255 3230
326.434 3570
326.619 3910
326.81 4250
326.945 1870
327.117 2550
327.168 2890
327.34 3230
327.531 3570
327.716 3910
327.895 4250
328.08 4590
328.272 4930
328.457 5270
328.635 5610
328.82 5950
329.052 6290
329.237 6630
329.416 6970
329.601 7310
329.798 7650
329.971 7990
330.162 8330
330.347 8670
330.538 9010
330.723 9350
330.915 9690
331.1 10030
331.291 10370
331.405 4930
331.587 5610
331.697 5950
331.888 6290
332.073 6630
332.124 3060
332.302 3740
332.456 4080
332.641 4420
332.82 4760
332.992 2210
333.165 3230
333.35 3570
333.522 3910
333.713 4250
334.008 4590
334.027 2040
334.205 2720
334.372 3060
334.563 3400
334.748 3740
334.927 4080
335.112 4420
335.303 2040
335.475 3060
335.673 3400
335.833 1530
336.005 2550
336.19 2890
336.375 3230
336.554 3570
336.739 3910
337.04 4250
337.225 4590
337.404 4930
337.589 5270
337.767 5610
337.953 5950
337.978 2720
338.156 3400
338.329 1530
338.501 2550
338.68 2890
338.853 3230
339.044 3570
339.241 3910
339.42 4250
339.605 4590
339.797 4930
339.982 5270
340.173 5610
340.423 2550
340.596 3570
340.762 3910
340.953 4250
341.126 4590
341.317 4930
341.502 5270
341.681 5610
341.866 5950
342.057 6290
342.242 6630
342.421 6970
342.619 7310
342.81 7650
342.957 3570
343.302 4250
343.487 4590
343.756 4930
343.929 2210
344.101 3230
344.292 3570
344.477 3910
344.656 4250
344.841 4590
345.052 4930
345.237 5270
345.415 5610
345.6 5950
345.779 6290
345.964 6630
346.168 6970
346.353 7310
346.532 7650
346.704 3570
346.877 4590
347.146 4930
347.331 5270
347.51 5610
347.695 5950
347.873 6290
348.058 6630
348.25 6970
348.435 7310
348.614 7650
348.799 7990
348.99 8330
349.175 8670
349.354 9010
349.539 9350
349.73 9690
349.915 10030
349.98 4760
350.342 5100
350.483 5440
350.668 5780
350.847 6120
351.032 6460
351.236 6800
351.421 7140
351.599 7480
351.784 7820
351.976 8160
352.161 8500
352.245 4080
352.762 4420
352.851 4760
353.036 5100
353.214 5440
353.38 2550
353.725 3570
353.923 3910
354.102 4250
354.287 4590
354.499 4930
354.625 2210
354.798 3230
355.13 3570
355.315 3910
355.494 4250
355.679 4590
355.717 2040
355.895 2720
356.055 3060
356.234 3400
356.419 3740
356.61 4080
356.808 1870
356.98 2890
357.165 3230
357.344 3570
357.369 1530
357.548 2550
357.88 2890
358.053 3230
358.257 1360
358.429 2380
358.627 1020
358.799 2040
358.965 2380
359.144 2720
359.329 3060
359.521 3400
359.706 3740
359.884 4080
360.069 4420
360.261 4760
360.421 2210
360.593 3230
360.778 3570
360.963 3910
361.142 4250
361.327 4590
361.615 4930
361.8 5270
361.979 5610
362.164 5950
362.355 6290
362.54 6630
362.719 6970
362.853 3230
363.198 3910
363.287 4250
363.472 4590
363.65 4930
363.835 5270
363.995 2380
364.34 3060
364.424 3400
364.609 3740
364.845 4080
365.03 4420
365.209 4760
365.394 5100
365.547 2380
365.72 3060
365.776 3400
365.961 3740
366.18 4080
366.365 4420
366.544 4760
366.729 5100
366.908 5440
367.093 5780
367.29 6120
367.475 6460
367.654 6800
367.852 7140
367.936 3400
368.108 4080
368.228 4420
368.419 4760
368.604 5100
368.783 5440
368.93 2550
369.103 3230
369.168 3570
369.353 3910
369.532 4250
369.717 4590
369.965 4930
370.15 5270
370.329 5610
370.489 2550
370.833 3230
371.012 3570
371.197 3910
371.441 4250
371.639 1870
371.811 2890
371.984 3230
372.175 3570
372.36 3910
372.552 4250
372.737 4590
372.928 2040
373.1 3060
373.273 3400
373.458 3740
373.649 4080
373.822 4420
374.013 4760
374.198 5100
374.377 5440
374.562 5780
374.825 6120
374.862 2890
375.041 3570
375.195 3910
375.386 4250
375.558 4590
375.756 4930
375.941 5270
376.12 5610
376.305 5950
376.496 6290
376.681 6630
376.86 6970
377.045 7310
377.192 3400
377.365 4080
377.499 4420
377.678 4760
377.863 5100
378.017 2380
378.189 3060
378.246 3400
378.368 1530
378.54 2550
378.732 2890
378.917 3230
379.083 1360
379.255 2380
379.587 2720
379.772 3060
379.951 3400
380.136 3740
380.328 4080
380.513 4420
380.691 4760
380.876 5100
381.055 5440
381.24 5780
381.432 6120
381.617 6460
381.77 3060
381.943 3740
382.071 4080
382.256 4420
382.435 4760
382.62 5100
382.824 5440
382.946 2550
383.118 3230
383.194 3570
383.379 3910
383.557 4250
383.742 4590
383.934 4930
384.106 5270
384.298 5610
384.483 5950
384.661 6290
384.846 6630
385.038 6970
385.16 3230
385.332 3910
385.479 4250
385.664 4590
385.856 4930
385.894 2210
386.066 2890
386.22 3230
386.411 3570
386.596 3910
386.775 4250
386.96 4590
387.138 4930
387.323 5270
387.515 5610
387.637 2550
387.809 3230
387.969 3570
388.154 3910
388.333 4250
388.518 4590
388.697 2040
388.869 3060
389.06 3400
389.245 3740
389.546 4080
389.719 4420
389.91 4760
390.095 5100
390.286 2380
390.459 3400
390.644 3740
390.835 4080
391.02 4420
391.199 4760
391.321 2210
391.493 2890
391.666 3230
391.845 3570
392.03 3910
392.208 4250
392.406 4590
392.597 4930
392.77 5270
392.974 5610
393.159 5950
393.337 6290
393.541 2890
393.886 3910
394.027 4250
394.212 4590
394.391 4930
394.576 5270
394.755 5610
394.94 5950
395.131 6290
395.316 6630
395.495 6970
395.693 7310
395.884 7650
396.082 7990
396.26 8330
396.407 3910
396.58 4590
396.683 4930
396.855 2210
397.028 3230
397.219 3570
397.455 3910
397.633 4250
397.818 4590
398.01 4930
398.195 5270
398.386 5610
398.577 2550
398.922 3570
399.114 3910
399.305 4250
399.49 4590
399.772 4930
399.944 2210
