0.0 0
0.353435 3400
0.713046 3740
0.725654 4080
0.738262 4420
0.75087 4760
0.763478 5100
0.969782 5440
1.0781 5780
1.0907 6120
1.10331 6460
1.11592 6800
1.12853 7140
1.14114 7480
1.15374 7820
1.33483 8160
1.44315 8500
1.45576 8840
1.46836 9180
1.48097 9520
1.49358 9860
1.50619 10200
1.5188 10540
1.5314 10880
1.54401 11220
1.55662 11560
1.69358 11900
1.70619 12240
1.8082 12580
1.82081 12920
1.83341 13260
1.84602 13600
1.85863 13940
1.87124 14280
1.88385 14620
1.89645 14960
1.90906 15300
1.92167 15640
1.93428 15980
1.94689 16320
1.95949 16660
1.9721 17000
1.98471 17340
2.05863 17680
2.07124 18020
2.08385 18360
2.17325 18700
2.18586 19040
2.19847 19380
2.21107 19720
2.22368 20060
2.23629 20400
2.2489 20740
2.26151 21080
2.27411 21420
2.28672 21760
2.29933 22100
2.31194 22440
2.32455 22780
2.33715 23120
2.34976 23460
2.36237 23800
2.37498 24140
2.38759 24480
2.40019 24820
2.4128 25160
2.42541 25500
2.43802 25840
2.45063 26180
2.46323 26520
2.47584 26860
2.48845 27200
2.50106 27540
2.5383 27880
2.55091 28220
2.56352 28560
2.57612 28900
2.58873 29240
2.60134 29580
2.61395 29920
2.62656 30260
2.63916 30600
2.65177 30940
2.66438 31280
2.67699 31620
2.6896 31960
2.7022 32300
2.71481 32640
2.72742 32980
2.74003 33320
2.75264 33660
2.76524 34000
2.77785 34340
2.79046 34680
2.80307 35020
2.81568 35360
2.82828 35700
2.8535 36040
2.86611 36380
2.87872 36720
2.89132 37060
2.90393 37400
2.91654 37740
2.92915 38080
2.94176 38420
2.95436 38760
2.96697 39100
2.97958 39440
2.99219 39780
3.0048 40120
3.0174 40460
3.03001 40800
3.04262 41140
3.05523 41480
3.06784 41820
3.08044 42160
3.09305 42500
3.10566 42840
3.11827 43180
3.13088 43520
3.14348 43860
3.15609 44200
3.1687 44540
3.18131 44880
3.19392 45220
3.20652 45560
3.21913 45900
3.23174 46240
3.24435 46580
3.25696 46920
3.26956 47260
3.28217 47600
3.29478 47940
3.30739 48280
3.32 48620
3.3326 48960
3.34521 49300
3.35782 49640
3.37043 49980
3.38304 50320
3.39564 50660
3.40825 51000
3.42086 51340
3.43347 51680
3.44608 52020
3.45868 52360
3.47129 52700
3.4839 53040
3.49651 53380
3.50912 53720
3.52172 54060
3.53433 54400
3.54694 54740
3.55955 55080
3.57216 55420
3.58476 55760
3.59737 56100
3.60998 56440
3.62259 56780
3.6352 57120
3.6478 57460
3.66041 57800
3.67302 58140
3.68563 58480
3.69824 58820
3.71084 59160
3.72345 59500
3.73606 59840
3.74867 60180
3.76128 60520
3.77388 60860
3.78649 61200
3.7991 61540
3.81171 61880
3.82432 62220
3.83692 62560
3.84953 62900
3.86214 63240
3.87475 63580
3.88736 63920
3.89996 64260
3.91257 64600
3.92518 64940
3.93779 65280
3.9504 65620
3.963 65960
3.97561 66300
3.98822 66640
4.00083 66980
4.01344 67320
4.02604 67660
4.03865 68000
4.05126 68340
4.06387 68680
4.07648 69020
4.08908 69360
4.10169 69700
4.1143 70040
4.12691 70380
4.13952 70720
4.15212 71060
4.16473 71400
4.17734 71740
4.18995 72080
4.20256 72420
4.21516 72760
4.22777 73100
4.24038 73440
4.25299 73780
4.2656 74120
4.2782 74460
4.29081 74800
4.30342 75140
4.31603 75480
4.32864 75820
4.34124 76160
4.35385 76500
4.36646 76840
4.37907 77180
4.39168 77520
4.40428 77860
4.41689 78200
4.4295 78540
4.44211 78880
4.45472 79220
4.46732 79560
4.47993 79900
4.49254 80240
4.50515 80580
4.51776 80920
4.53036 81260
4.54297 81600
4.55558 81940
4.56819 82280
4.5808 82620
4.5934 82960
4.60601 83300
4.61862 83640
4.63123 83980
4.64384 84320
4.65644 84660
4.66905 85000
4.68166 85340
4.69427 85680
4.70688 86020
4.71948 86360
4.73209 86700
4.7447 87040
4.75731 87380
4.76992 87720
4.78252 88060
4.79513 88400
4.80774 88740
4.82035 89080
4.83296 89420
4.84556 89760
4.85817 90100
4.87078 90440
4.88339 90780
4.896 91120
4.9086 91460
4.92121 91800
4.93382 92140
4.94643 92480
4.95904 92820
4.97164 93160
4.98425 93500
4.99686 93840
5.00947 94180
5.02208 94520
5.03468 94860
5.04729 95200
5.0599 95540
5.07251 95880
5.08512 96220
5.09772 96560
5.11033 96900
5.12294 97240
5.13555 97580
5.14816 97920
5.16076 98260
5.17337 98600
5.18598 98940
5.19859 99280
5.2112 99620
5.2238 99960
5.23641 100300
5.24902 100640
5.26163 100980
5.27424 101320
5.28684 101660
5.29945 102000
5.31206 102340
5.32467 102680
5.33728 103020
5.34988 103360
5.36249 103700
5.3751 104040
5.38771 104380
5.40032 104720
5.41292 105060
5.42553 105400
5.43814 105740
5.45075 106080
5.46336 106420
5.47596 106760
5.48857 107100
5.50118 107440
5.51379 107780
5.5264 108120
5.54531 53890
8.31876 340
8.66919 680
9.02793 1020
9.38668 1360
10.83 340
11.1887 680
11.1887 1360
11.5475 1700
11.9188 2040
12.2839 2380
12.6426 2720
12.6805 3060
13.0518 3400
13.4295 3740
13.7819 4080
14.147 4420
14.5246 4760
14.8771 5100
15.2421 5440
15.6009 5780
15.9722 6120
16.3373 6460
16.696 6800
17.0674 7140
17.4324 7480
17.7912 7820
18.1625 8160
18.5276 3910
19.025 4250
19.2829 4590
19.566 4930
19.7362 5270
20.0256 5610
20.3402 5950
20.6422 6290
20.8503 6630
21.1775 6970
21.4984 7310
21.8193 7650
22.1529 7990
22.4738 8330
22.7947 8670
23.0721 9010
23.4119 9350
23.7581 9690
24.1105 10030
24.4566 10370
24.7965 10710
25.1678 11050
25.2624 5270
25.8223 5610
25.9232 5950
26.2252 6290
26.5524 6630
26.8733 6970
27.0877 7310
27.4338 7650
27.7421 7990
28.0819 8330
28.4344 8670
28.7868 9010
29.133 9350
29.4917 9690
29.8631 10030
30.2344 10370
30.5995 10710
30.9771 11050
31.3485 11390
31.7135 11730
32.0849 12070
32.4626 12410
32.8339 12750
33.199 13090
33.5703 13430
33.948 13770
34.3193 14110
34.6844 14450
35.0557 14790
35.4334 15130
35.8047 15470
36.1698 15810
36.5412 16150
36.9188 16490
37.2902 16830
37.6552 17170
38.0266 17510
38.3916 8500
38.7504 9520
39.128 9860
39.4931 10200
39.877 10540
40.4117 10880
40.7831 11220
41.1481 11560
41.5195 11900
41.8971 12240
42.2685 12580
42.6335 12920
43.0049 13260
43.3826 13600
43.7539 13940
44.119 14280
44.4903 14620
44.868 14960
45.2393 15300
45.6044 15640
45.9757 15980
46.3534 16320
46.7248 16660
47.0898 17000
47.4612 17340
47.8388 17680
48.2102 18020
48.5752 18360
48.9466 18700
49.3242 19040
49.6956 19380
50.0606 19720
50.432 20060
50.8102 20400
51.1885 20740
51.5667 21080
51.9576 21420
52.3232 10540
52.7077 11220
52.89 11560
53.2613 11900
53.639 12240
54.0103 12580
54.3754 12920
54.7468 13260
55.1244 13600
55.4958 13940
55.8608 14280
56.2322 14620
56.6098 14960
56.9812 15300
57.3462 15640
57.7176 15980
58.0953 16320
58.4666 16660
58.8317 17000
59.14 8330
59.4987 9010
59.6815 9350
60.0592 9690
60.4179 10030
60.7956 10370
61.167 10710
61.532 11050
61.9034 11390
62.2867 11730
62.6581 12070
63.0231 12410
63.3945 12750
63.779 13090
64.1504 13430
64.5155 13770
64.8868 14110
65.2645 14450
65.5224 6970
65.8811 7650
66.0639 7990
66.429 8330
66.8003 8670
67.178 9010
67.5493 9350
67.9144 9690
68.2857 10030
68.7069 10370
69.0783 10710
69.4434 11050
69.8147 11390
70.1798 11730
70.5511 12070
70.9288 12410
71.3001 12750
71.6652 13090
72.0365 13430
72.4142 13770
72.7855 14110
73.1506 14450
73.522 14790
73.9059 15130
73.9248 7310
74.2899 7990
74.6486 8330
75.0137 8670
75.3913 9010
75.7627 9350
75.9954 4420
76.3541 5100
76.6739 5440
77.0452 5780
77.4303 6120
77.8017 6460
78.1667 6800
78.5381 7140
78.9158 7480
79.2871 7820
79.6522 8160
80.0235 8500
80.3886 8840
80.7599 9180
81.1565 9520
81.5279 9860
81.8929 10200
82.2643 10540
82.6419 10880
83.0133 11220
83.3783 11560
83.7497 11900
84.1273 12240
84.4987 12580
84.8637 12920
85.2351 13260
85.6128 13600
85.9841 13940
86.2483 6800
86.607 7480
86.8712 7820
87.2489 8160
87.6139 8500
87.9853 8840
88.3567 9180
88.7343 9520
89.0994 9860
89.477 10200
89.8484 10540
90.2134 10880
90.5848 11220
90.9624 11560
91.3338 11900
91.6989 12240
91.9819 5950
92.3407 6630
92.6301 6970
93.0015 7310
93.3665 7650
93.7379 7990
94.1155 8330
94.4869 8670
94.8519 9010
95.2233 9350
95.6009 9690
95.9723 10030
96.3373 10370
96.7087 10710
97.0864 11050
97.4577 11390
97.8228 11730
98.1941 12070
98.5592 12410
98.9305 12750
99.3082 13090
99.6795 13430
100.057 13770
100.391 6630
100.749 7310
100.988 7650
101.353 7990
101.725 8330
102.096 8670
102.474 9010
102.839 9350
103.217 9690
103.588 10030
103.953 10370
104.324 10710
104.387 5100
104.752 5780
105.08 6120
105.457 6460
105.822 6800
106.194 7140
106.571 7480
106.943 7820
107.308 8160
107.679 8500
108.057 8840
108.428 9180
108.793 9520
109.127 4590
109.485 5270
109.775 5610
110.153 5950
110.511 6290
110.883 6630
111.26 6970
111.625 7310
112.003 7650
112.374 7990
112.739 8330
113.111 8670
113.488 9010
113.86 9350
114.225 9690
114.596 10030
114.974 10370
115.345 10710
115.71 11050
116.082 11390
116.459 11730
116.831 12070
117.196 12410
117.567 12750
117.945 13090
118.316 13430
118.681 13770
118.901 6630
119.26 7310
119.562 7650
119.933 7990
120.311 8330
120.682 8670
121.047 9010
121.419 9350
121.796 9690
122.168 10030
122.533 10370
122.904 10710
123.282 11050
123.653 11390
124.018 11730
124.39 12070
124.767 12410
125.139 12750
125.504 13090
125.875 13430
126.253 13770
126.624 14110
126.989 14450
127.36 14790
127.738 15130
127.983 7310
128.342 7990
128.619 8330
128.99 8670
129.368 9010
129.739 9350
130.104 9690
130.476 10030
130.841 10370
131.212 10710
131.59 11050
131.961 11390
132.326 11730
132.697 12070
133.075 12410
133.446 12750
133.812 13090
134.183 13430
134.561 13770
134.932 14110
135.297 14450
135.479 6970
135.838 7650
136.059 7990
136.485 8330
136.856 8670
137.221 9010
137.593 9350
137.997 9690
138.368 10030
138.733 10370
139.104 10710
139.482 11050
139.853 11390
140.219 11730
140.59 12070
140.968 12410
141.339 12750
141.704 13090
142.075 13430
142.497 13770
142.711 6630
143.07 7310
143.29 7650
143.662 7990
144.027 8330
144.398 8670
144.776 9010
145.147 9350
145.512 9690
145.883 10030
146.261 10370
146.632 10710
146.997 11050
147.369 11390
147.759 11730
148.13 12070
148.496 12410
148.867 12750
149.245 13090
149.616 13430
149.981 13770
150.352 14110
150.717 14450
151.089 14790
151.466 15130
151.838 15470
152.203 15810
152.574 16150
152.952 16490
153.323 16830
153.688 17170
154.06 17510
154.468 17850
154.839 18190
155.205 18530
155.576 18870
155.954 19210
156.325 19550
156.69 19890
157.061 20230
157.44 20570
157.818 20910
158.196 21250
158.587 21590
158.99 21930
159.116 10710
159.507 11390
159.816 11730
160.187 12070
160.552 12410
160.923 12750
161.301 13090
161.672 13430
162.037 13770
162.409 14110
162.786 14450
163.145 14790
163.523 15130
163.894 15470
164.259 15810
164.631 16150
165.008 16490
165.38 16830
165.745 17170
166.116 17510
166.494 17850
166.789 8670
167.148 9350
167.374 9690
167.746 10030
168.123 10370
168.495 10710
168.86 11050
169.231 11390
169.609 11730
169.98 12070
170.345 12410
170.717 12750
171.094 13090
171.466 13430
171.831 13770
172.202 14110
172.58 14450
172.951 14790
173.203 7140
173.561 7820
173.757 8160
174.128 8500
174.493 8840
174.865 9180
175.242 9520
175.614 9860
175.979 10200
176.35 10540
176.771 10880
177.143 11220
177.508 11560
177.879 11900
178.257 12240
178.628 12580
178.993 12920
179.364 13260
179.742 13600
180.113 13940
180.478 14280
180.85 14620
181.227 14960
181.599 15300
181.964 15640
182.335 15980
182.713 16320
183.072 16660
183.449 17000
183.821 17340
184.186 17680
184.557 18020
184.935 18360
185.306 18700
185.671 19040
186.043 19380
186.42 19720
186.792 20060
187.157 20400
187.535 20740
187.926 21080
188.317 21420
188.708 21760
189.111 22100
189.527 22440
189.944 22780
190.36 23120
190.788 23460
191.23 23800
191.671 24140
192.112 24480
192.566 24820
193.032 25160
193.499 25500
193.965 25840
194.445 26180
194.936 26520
195.428 26860
195.92 27200
196.424 27540
196.954 13600
197.452 14620
197.829 14960
198.201 15300
198.566 15640
198.937 15980
199.383 16320
199.755 16660
200.12 17000
200.491 17340
200.869 17680
201.24 18020
201.605 18360
201.977 18700
202.354 19040
202.726 19380
203.091 19720
203.462 20060
203.84 20400
204.219 20740
204.597 21080
204.988 21420
205.391 21760
205.795 22100
206.198 22440
206.614 22780
206.816 11220
207.226 11900
207.496 12240
207.867 12580
208.245 12920
208.616 13260
208.981 13600
209.353 13940
209.73 14280
210.102 14620
210.467 14960
210.838 15300
211.203 15640
211.575 15980
211.952 16320
212.324 16660
212.689 17000
213.06 17340
213.438 17680
213.809 18020
214.174 18360
214.545 18700
214.923 19040
215.294 19380
215.66 19720
216.031 20060
216.409 20400
216.46 10030
216.825 10710
217.171 11050
217.543 11390
217.908 11730
218.279 12070
218.657 12410
219.028 12750
219.393 13090
219.764 13430
220.142 13770
220.513 14110
220.879 14450
221.25 14790
221.722 15130
222.093 15470
222.458 15810
222.829 16150
223.207 16490
223.578 16830
223.943 17170
224.315 17510
224.68 17850
225.051 18190
225.429 18530
225.8 18870
226.165 19210
226.537 19550
226.914 19890
227.286 20230
227.651 20570
227.765 10030
228.137 10710
228.439 11050
228.81 11390
229.188 11730
229.559 12070
229.924 12410
230.295 12750
230.673 13090
231.044 13430
231.409 13770
231.781 14110
232.158 14450
232.517 6970
232.876 7990
233.247 8330
233.612 8670
234.171 9010
234.542 9350
234.908 9690
235.279 10030
235.658 10370
236.029 10710
236.394 11050
236.765 11390
237.143 11730
237.514 12070
237.88 12410
238.251 12750
238.629 13090
238.987 13430
239.365 13770
239.736 14110
240.101 14450
240.473 14790
240.85 15130
241.222 15470
241.587 15810
241.958 16150
242.336 16490
242.707 16830
243.072 17170
243.444 17510
243.821 17850
244.193 18190
244.558 18530
244.929 18870
245.307 19210
245.678 19550
246.056 19890
246.427 20230
246.805 20570
247.183 20910
247.562 21250
247.953 21590
248.356 21930
248.759 22270
249.163 22610
249.579 22950
250.008 23290
250.436 23630
250.865 23970
251.306 24310
251.76 24650
252.214 24990
252.668 25330
253.134 25670
253.614 26010
254.093 26350
254.572 26690
255.063 27030
255.568 27370
256.072 27710
256.576 28050
257.093 28390
257.623 28730
258.152 29070
258.682 29410
259.224 29750
259.779 30090
260.233 14790
260.775 15470
260.907 15810
261.278 16150
261.656 16490
261.82 7990
262.178 8670
262.461 9010
262.826 9350
263.204 9690
263.576 10030
263.941 10370
264.312 10710
264.69 11050
265.061 11390
265.426 11730
265.797 12070
266.175 12410
266.546 12750
266.911 13090
267.283 13430
267.66 13770
268.032 14110
268.397 14450
268.768 14790
269.146 15130
269.517 15470
269.882 15810
270.254 16150
270.631 16490
271.003 16830
271.368 17170
271.739 17510
272.117 17850
272.488 18190
272.853 18530
273.224 18870
273.607 19210
273.978 19550
274.343 19890
274.714 20230
274.979 9860
275.339 10540
275.571 10880
275.943 11220
276.32 11560
276.692 11900
277.057 12240
277.428 12580
277.806 12920
278.177 13260
278.542 13600
278.913 13940
279.291 14280
279.662 14620
280.027 14960
280.399 15300
280.776 15640
281.148 15980
281.513 16320
281.884 16660
282.262 17000
282.633 17340
282.998 17680
283.37 18020
283.747 18360
284.119 18700
284.484 19040
284.855 19380
285.233 19720
285.604 20060
285.97 20400
286.348 20740
286.739 21080
287.13 21420
287.52 21760
287.924 22100
288.34 22440
288.756 22780
289.172 23120
289.601 23460
290.042 23800
290.483 24140
290.887 11900
291.322 12580
291.491 12920
291.863 13260
292.228 13600
292.599 13940
292.977 14280
293.348 14620
293.713 14960
294.085 15300
294.45 15640
294.821 15980
295.199 16320
295.57 16660
295.935 17000
296.306 17340
296.684 17680
297.055 18020
297.421 18360
297.792 18700
298.17 19040
298.541 19380
298.906 19720
299.277 20060
299.656 20400
300.034 20740
300.412 21080
300.803 21420
301.206 21760
301.61 22100
302.013 22440
302.429 22780
302.858 23120
303.287 23460
303.514 11560
303.942 12240
304.188 12580
304.565 12920
304.937 13260
305.302 13600
305.673 13940
306.051 14280
306.422 14620
306.787 14960
307.158 15300
307.536 15640
307.907 15980
308.272 16320
308.644 16660
309.021 17000
309.393 17340
309.758 17680
310.129 18020
310.494 18360
310.866 18700
311.243 19040
311.615 19380
311.98 19720
312.124 9690
312.483 10370
312.779 10710
313.144 11050
313.516 11390
313.893 11730
314.265 12070
314.63 12410
315.001 12750
315.379 13090
315.75 13430
316.115 13770
316.486 14110
316.864 14450
317.235 14790
317.6 15130
317.972 15470
318.349 15810
318.721 16150
319.086 16490
319.457 16830
319.835 17170
320.206 17510
320.571 17850
320.88 8670
321.238 9350
321.465 9690
321.83 10030
321.868 4760
322.226 5440
322.547 2550
322.911 3570
323.403 3910
323.775 4250
324.146 4590
324.511 4930
324.883 5270
325.422 5610
325.794 5950
326.159 6290
326.53 6630
326.895 6970
327.267 7310
327.644 7650
328.016 7990
328.381 8330
328.752 8670
329.13 9010
329.501 9350
329.866 9690
330.237 10030
330.635 10370
331.006 10710
331.371 11050
331.743 11390
332.121 11730
332.492 12070
332.857 12410
333.228 12750
333.606 13090
333.977 13430
334.342 13770
334.714 14110
335.091 14450
335.463 14790
335.828 15130
336.199 15470
336.638 15810
337.009 16150
337.374 16490
337.746 16830
338.123 17170
338.495 17510
338.86 17850
339.231 18190
339.609 18530
339.98 18870
340.345 19210
340.717 19550
341.094 19890
341.466 20230
341.793 9860
342.159 10540
342.348 10880
342.719 11220
343.097 11560
343.468 11900
343.833 12240
344.204 12580
344.582 12920
344.953 13260
345.319 13600
345.69 13940
346.068 14280
346.439 14620
346.804 14960
347.175 15300
347.553 15640
347.924 15980
348.289 16320
348.661 16660
349.026 17000
349.397 17340
349.775 17680
350.146 18020
350.511 18360
350.883 18700
351.26 19040
351.632 19380
351.997 19720
352.368 20060
352.557 9860
352.916 10540
353.199 10880
353.571 11220
353.936 11560
354.307 11900
354.685 12240
355.056 12580
355.421 12920
355.818 6290
356.177 7310
356.542 7650
356.907 7990
357.284 8330
357.656 8670
358.021 9010
358.392 9350
358.926 9690
359.297 10030
359.662 10370
360.033 10710
360.419 11050
360.79 11390
361.161 11730
361.18 5610
361.545 6290
361.898 6630
362.275 6970
362.647 7310
363.012 7650
363.383 7990
363.761 8330
364.132 8670
364.497 9010
364.869 9350
365.234 9690
365.605 10030
366.001 10370
366.373 10710
366.738 11050
367.109 11390
367.611 11730
367.983 12070
368.348 12410
368.719 12750
369.097 13090
369.468 13430
369.833 13770
370.204 14110
370.582 14450
370.953 14790
371.319 15130
371.69 15470
372.068 15810
372.439 16150
372.804 16490
373.175 16830
373.553 17170
373.924 17510
374.289 17850
374.661 18190
375.038 18530
375.41 18870
375.775 19210
376.146 19550
376.524 19890
376.895 20230
377.261 20570
377.639 20910
378.03 21250
378.421 21590
378.812 21930
379.215 22270
379.631 22610
380.047 22950
380.463 23290
380.892 23630
381.333 23970
381.648 11730
382.083 12410
382.278 12750
382.656 13090
382.769 6290
383.128 6970
383.43 7310
383.808 7650
384.173 7990
384.55 8330
384.922 8670
385.287 9010
385.658 9350
386.036 9690
386.407 10030
386.772 10370
387.144 10710
387.521 11050
387.893 11390
388.258 11730
388.629 12070
389.007 12410
389.378 12750
389.743 13090
390.114 13430
390.48 13770
390.851 14110
391.229 14450
391.6 14790
391.965 15130
392.336 15470
392.756 15810
393.128 16150
393.493 16490
393.864 16830
394.256 17170
394.627 17510
394.992 17850
395.363 18190
395.741 18530
396.112 18870
396.477 19210
396.849 19550
397.226 19890
397.598 20230
397.963 20570
398.342 20910
398.732 21250
399.123 21590
399.514 21930
399.665 10710
400.063 11390
