0.0 0
0.508698 3400
1.02357 3740
1.03618 4080
1.04879 4420
1.0614 4760
1.074 5100
1.28031 5440
1.54389 5780
1.55649 6120
1.5691 6460
1.58171 6800
1.59432 7140
1.60693 7480
1.61953 7820
1.80062 8160
2.0642 8500
2.07681 8840
2.08942 9180
2.10202 9520
2.11463 9860
2.12724 10200
2.13985 10540
2.15246 10880
2.16506 11220
2.17767 11560
2.31463 11900
2.32724 12240
2.58451 12580
2.59712 12920
2.60973 13260
2.62234 13600
2.63495 13940
2.64755 14280
2.66016 14620
2.67277 14960
2.68538 15300
2.69799 15640
2.71059 15980
2.7232 16320
2.73581 16660
2.74842 17000
2.76103 17340
2.83495 17680
2.84755 18020
2.86016 18360
3.10483 18700
3.11744 19040
3.13004 19380
3.14265 19720
3.15526 20060
3.16787 20400
3.18048 20740
3.19308 21080
3.20569 21420
3.2183 21760
3.23091 22100
3.24352 22440
3.25612 22780
3.26873 23120
3.28134 23460
3.29395 23800
3.30656 24140
3.31916 24480
3.33177 24820
3.34438 25160
3.35699 25500
3.3696 25840
3.3822 26180
3.39481 26520
3.40742 26860
3.42003 27200
3.43264 27540
3.62514 27880
3.63775 28220
3.65036 28560
3.66297 28900
3.67557 29240
3.68818 29580
3.70079 29920
3.7134 30260
3.72601 30600
3.73861 30940
3.75122 31280
3.76383 31620
3.77644 31960
3.78905 32300
3.80165 32640
3.81426 32980
3.82687 33320
3.83948 33660
3.85209 34000
3.86469 34340
3.8773 34680
3.88991 35020
3.90252 35360
3.91513 35700
3.92773 36040
3.94034 36380
3.95295 36720
3.96556 37060
3.97817 37400
3.99077 37740
4.00338 38080
4.01599 38420
4.0286 38760
4.04121 39100
4.05381 39440
4.06642 39780
4.07903 40120
4.09164 40460
4.10425 40800
4.11685 41140
4.14546 41480
4.16437 20570
4.92085 21250
5.42855 21590
5.96148 21930
6.4881 22270
7.00841 22610
7.53503 22950
8.06795 23290
8.59457 23630
9.11488 23970
9.6415 24310
10.2472 24650
10.7738 24990
11.2941 25330
11.8207 25670
12.3536 26010
12.8802 26350
13.4006 26690
13.9272 27030
14.4601 27370
14.9867 27710
15.507 28050
16.0336 28390
16.5666 28730
17.0961 29070
17.1465 14280
17.6761 14960
18.1775 15300
18.6978 15640
19.2307 15980
19.751 16320
20.2776 16660
20.798 17000
21.3246 17340
21.8701 17680
22.3967 18020
22.917 18360
23.4437 18700
24.0946 19040
24.6212 19380
25.1416 19720
25.6682 20060
26.2188 20400
26.7454 20740
27.2658 21080
27.7924 21420
28.3253 21760
28.8519 22100
29.3722 22440
29.8988 22780
30.4318 23120
30.9584 23460
31.4787 23800
32.0053 24140
32.5382 24480
33.0649 24820
33.5852 25160
34.1118 25500
34.2379 12580
34.7519 13260
35.2155 13600
35.2533 6630
35.7673 7310
36.2687 7650
36.8016 7990
37.3219 8330
37.8549 8670
38.3752 9010
38.9018 9350
39.5906 9690
40.1172 10030
40.6375 10370
41.1641 10710
41.8655 11050
42.3921 11390
42.9125 11730
43.4391 12070
43.972 12410
44.4986 12750
45.0189 13090
45.5456 13430
46.0785 13770
46.6051 14110
47.1254 14450
47.652 14790
48.1849 15130
48.7116 15470
49.2319 15810
49.7585 16150
50.2914 16490
50.818 16830
51.3384 17170
51.865 17510
52.3979 17850
52.9245 18190
53.4448 18530
53.9714 18870
54.5044 19210
55.031 19550
55.5513 19890
56.0779 20230
56.6234 20570
57.1501 20910
57.6704 21250
58.197 21590
58.7173 21930
59.2439 22270
59.7768 22610
60.3035 22950
60.8238 23290
61.3504 23630
61.8833 23970
62.4225 24310
62.9429 24650
63.4695 24990
64.0024 25330
64.529 25670
65.0493 26010
65.5381 12750
66.0521 13430
66.3329 13770
66.8532 14110
67.3861 14450
67.487 6970
68.001 7650
68.4709 7990
69.0038 8330
69.5241 8670
70.0571 9010
70.5711 9350
71.104 9690
71.6306 10030
72.1509 10370
72.7028 4930
73.2168 5950
73.7371 6290
74.2574 6630
74.7903 6970
75.3106 7310
76.012 7650
76.5386 7990
77.059 8330
77.5856 8670
78.287 9010
78.8136 9350
79.3339 9690
79.8605 10030
80.3935 10370
80.9075 10710
81.4404 11050
81.967 11390
82.4873 11730
82.732 5610
83.246 6290
83.5721 6630
84.105 6970
84.6253 7310
85.1456 7650
85.6722 7990
86.2052 8330
86.349 3910
86.863 4590
87.2584 4930
87.7787 5270
88.3987 5610
88.9253 5950
89.4456 6290
89.9723 6630
90.5052 6970
91.0192 7310
91.5521 7650
92.0787 7990
92.599 8330
93.1257 8670
93.7892 9010
94.3159 9350
94.8362 9690
95.3628 10030
96.0155 10370
96.5421 10710
97.0624 11050
97.589 11390
98.122 11730
98.6486 12070
99.1689 12410
99.6955 12750
100.228 13090
100.755 13430
101.275 13770
101.777 6630
102.291 7310
102.578 7650
103.098 7990
103.618 8330
104.145 8670
104.678 9010
105.205 9350
105.725 9690
106.252 10030
106.784 10370
107.311 10710
107.831 11050
108.358 11390
108.935 11730
109.462 12070
109.982 12410
110.509 12750
111.042 13090
111.568 13430
112.088 13770
112.615 14110
113.148 14450
113.675 14790
114.195 15130
114.722 15470
115.254 15810
115.781 16150
116.301 16490
116.828 16830
117.361 17170
117.762 8330
118.276 9010
118.663 9350
119.196 9690
119.717 10030
120.25 10370
120.776 10710
121.297 11050
121.823 11390
122.356 11730
122.883 12070
123.403 12410
123.453 5950
123.974 6630
124.469 6970
124.989 7310
125.509 7650
126.042 7990
126.563 8330
127.089 8670
127.622 9010
128.149 9350
128.669 9690
129.196 10030
129.666 4760
130.18 5440
130.643 5780
131.164 6120
131.697 6460
132.217 6800
132.737 7140
133.27 7480
133.797 7820
134.317 8160
134.844 8500
135.377 8840
135.903 9180
136.423 9520
136.95 9860
137.483 10200
138.01 10540
138.53 10880
139.057 11220
139.589 11560
140.116 11900
140.636 12240
141.163 12580
141.764 12920
142.29 13260
142.811 13600
143.312 6630
143.826 7650
144.359 7990
145.085 8330
145.606 8670
146.24 9010
146.767 9350
147.287 9690
147.814 10030
148.347 10370
148.861 10710
149.393 11050
149.92 11390
150.44 11730
150.967 12070
151.5 12410
152.027 12750
152.547 13090
153.074 13430
153.606 13770
154.133 14110
154.653 14450
155.18 14790
155.713 15130
156.126 7310
156.64 7990
156.829 8330
157.356 8670
157.876 9010
158.403 9350
159.052 9690
159.579 10030
160.099 10370
160.626 10710
161.235 11050
161.761 11390
162.282 11730
162.808 12070
163.341 12410
163.868 12750
164.388 13090
164.915 13430
165.448 13770
165.974 14110
166.495 14450
166.677 6970
167.191 7650
167.655 7990
168.175 8330
168.696 8670
169.228 9010
169.755 9350
170.275 9690
170.802 10030
171.335 10370
171.862 10710
172.382 11050
172.908 11390
173.441 11730
173.968 12070
174.488 12410
175.015 12750
175.548 13090
176.075 13430
176.595 13770
176.995 6630
177.509 7310
177.904 7650
178.43 7990
178.951 8330
179.477 8670
180.01 9010
180.537 9350
181.057 9690
181.584 10030
182.104 10370
182.631 10710
183.163 11050
183.69 11390
184.223 11730
184.75 12070
185.283 12410
185.809 12750
186.329 13090
186.856 13430
187.389 13770
187.916 14110
188.436 14450
188.963 14790
189.496 15130
190.022 15470
190.542 15810
191.069 16150
191.608 16490
192.135 16830
192.655 17170
193.182 17510
193.776 17850
194.303 18190
194.823 18530
195.35 18870
195.976 19210
196.503 19550
197.023 19890
197.549 20230
198.082 20570
198.609 10030
199.123 11050
199.643 11390
200.164 11730
200.69 12070
201.223 12410
201.75 12750
202.27 13090
202.797 13430
203.462 13770
203.989 14110
204.509 14450
205.036 14790
205.569 15130
206.095 15470
206.615 15810
207.142 16150
207.675 16490
208.202 16830
208.722 17170
209.249 17510
209.781 17850
210.308 18190
210.828 18530
211.355 18870
211.888 19210
212.415 19550
212.935 19890
213.461 20230
213.994 20570
214.521 20910
215.041 21250
215.568 21590
216.101 21930
216.627 22270
217.148 22610
217.274 11050
217.794 11730
218.245 12070
218.778 12410
219.298 12750
219.831 13090
220.345 13430
220.878 13770
221.405 14110
221.925 14450
222.452 14790
222.985 15130
223.511 15470
224.032 15810
224.558 16150
225.091 16490
225.618 16830
226.138 17170
226.665 17510
227.198 17850
227.724 18190
228.245 18530
228.771 18870
229.304 19210
229.831 19550
230.351 19890
230.878 20230
231.453 20570
231.98 20910
232.5 21250
233.027 21590
233.64 21930
234.167 22270
234.687 22610
235.214 22950
235.747 23290
236.273 23630
236.794 23970
237.32 24310
237.853 24650
238.38 24990
238.9 25330
239.427 25670
239.96 26010
240.486 26350
241.007 26690
241.533 27030
242.066 27370
242.593 27710
243.113 28050
243.64 28390
244.173 28730
244.702 29070
245.235 29410
245.777 29750
246.332 30090
246.887 30430
247.441 30770
248.009 31110
248.589 31450
249.106 15470
249.679 16150
249.935 16490
250.455 16830
250.988 17170
251.502 17510
252.035 17850
252.562 18190
253.082 18530
253.609 18870
254.142 19210
254.668 19550
255.189 19890
255.715 20230
256.198 9860
256.712 10540
256.92 10880
257.446 11220
257.967 11560
258.493 11900
259.026 12240
259.553 12580
260.073 12920
260.6 13260
261.133 13600
261.659 13940
262.18 14280
262.706 14620
263.239 14960
263.766 15300
264.286 15640
264.813 15980
265.333 16320
265.86 16660
266.392 17000
266.919 17340
267.439 17680
267.966 18020
268.499 18360
269.026 18700
269.546 19040
270.073 19380
270.605 19720
271.145 20060
271.665 20400
272.192 20740
272.725 21080
273.251 21420
273.771 21760
274.298 22100
274.831 22440
275.358 22780
275.878 23120
276.405 23460
276.937 23800
277.464 24140
277.984 24480
278.511 24820
279.044 25160
279.571 25500
280.091 25840
280.617 26180
281.15 26520
281.614 13090
282.128 13770
282.415 14110
282.935 14450
283.468 14790
283.989 15130
284.515 15470
285.048 15810
285.575 16150
286.095 16490
286.622 16830
287.155 17170
287.669 17510
288.202 17850
288.728 18190
289.248 18530
289.775 18870
290.308 19210
290.835 19550
291.355 19890
291.882 20230
292.414 20570
292.941 20910
293.461 21250
293.988 21590
294.521 21930
295.048 22270
295.568 22610
296.095 22950
296.627 23290
297.154 23630
297.674 23970
298.201 24310
298.734 24650
299.261 24990
299.311 12240
299.831 12920
300.333 13260
300.853 13600
301.386 13940
301.906 14280
302.433 14620
302.953 14960
303.48 15300
304.013 15640
304.539 15980
305.06 16320
305.586 16660
306.25 17000
306.776 17340
307.297 17680
307.823 18020
308.412 18360
308.938 18700
309.459 19040
309.629 9350
310.143 10030
310.575 10370
311.108 10710
311.628 11050
312.155 11390
312.688 11730
313.202 12070
313.735 12410
314.261 12750
314.782 13090
315.308 13430
315.841 13770
316.368 14110
316.888 14450
317.415 14790
317.948 15130
318.474 15470
318.995 15810
319.521 16150
320.054 16490
320.581 16830
321.101 17170
321.628 17510
322.161 17850
322.687 18190
323.208 18530
323.734 18870
324.267 19210
324.794 19550
325.314 19890
325.576 9690
326.09 10370
326.554 10710
327.086 11050
327.613 11390
328.133 11730
328.66 12070
329.206 12410
329.732 12750
330.252 13090
330.779 13430
331.312 13770
331.839 14110
332.359 14450
332.886 14790
333.418 15130
333.945 15470
334.465 15810
334.992 16150
335.525 16490
336.052 16830
336.572 17170
337.098 17510
337.663 17850
338.19 18190
338.71 18530
339.236 18870
339.769 19210
340.296 19550
340.816 19890
341.343 20230
341.876 20570
342.402 20910
342.923 21250
343.449 21590
343.982 21930
344.509 22270
344.796 10880
345.31 11560
345.723 11900
346.256 12240
346.776 12580
347.309 12920
347.823 13260
348.356 13600
348.883 13940
349.403 14280
349.93 14620
350.463 14960
350.989 15300
351.51 15640
352.036 15980
352.569 16320
353.096 16660
353.616 17000
354.143 17340
354.676 17680
355.202 18020
355.723 18360
356.249 18700
356.782 19040
357.309 19380
357.829 19720
358.356 20060
358.889 20400
359.415 20740
359.936 21080
360.462 21420
360.995 21760
361.522 22100
362.042 22440
362.569 22780
363.026 11220
363.54 11900
363.884 12240
364.404 12580
364.937 12920
365.464 13260
365.984 13600
366.511 13940
367.043 14280
367.507 6970
368.021 7650
368.166 7990
368.699 8330
369.226 8670
369.746 9010
370.272 9350
370.805 9690
371.332 10030
371.852 10370
372.379 10710
372.912 11050
373.439 11390
373.959 11730
374.485 12070
375.018 12410
375.545 12750
376.065 13090
376.592 13430
377.125 13770
377.651 14110
378.172 14450
378.698 14790
379.248 15130
379.775 15470
380.295 15810
380.822 16150
381.436 16490
381.962 16830
382.483 17170
383.009 17510
383.542 17850
384.069 18190
384.589 18530
385.116 18870
385.649 19210
386.175 19550
386.696 19890
387.222 20230
387.755 20570
388.282 20910
388.802 21250
389.329 21590
389.549 10540
390.063 11220
390.495 11560
391.016 11900
391.549 12240
392.075 12580
392.596 12920
393.122 13260
393.643 13600
394.169 13940
394.702 14280
395.229 14620
395.749 14960
396.276 15300
396.809 15640
397.335 15980
397.855 16320
398.382 16660
398.915 17000
399.442 17340
399.962 17680
