0.0 0
0.322382 3400
0.650941 3740
0.663549 4080
0.676157 4420
0.688765 4760
0.701373 5100
0.907677 5440
0.984939 5780
0.997547 6120
1.01015 6460
1.02276 6800
1.03537 7140
1.04798 7480
1.06059 7820
1.24167 8160
1.31894 8500
1.33155 8840
1.34415 9180
1.35676 9520
1.36937 9860
1.38198 10200
1.39459 10540
1.40719 10880
1.4198 11220
1.43241 11560
1.56937 11900
1.58198 12240
1.65294 12580
1.66554 12920
1.67815 13260
1.69076 13600
1.70337 13940
1.71598 14280
1.72858 14620
1.74119 14960
1.7538 15300
1.76641 15640
1.77902 15980
1.79162 16320
1.80423 16660
1.81684 17000
1.82945 17340
1.90337 17680
1.91598 18020
1.92858 18360
1.98693 18700
1.99954 19040
2.01215 19380
2.02476 19720
2.03737 20060
2.04997 20400
2.06258 20740
2.07519 21080
2.0878 21420
2.10041 21760
2.11301 22100
2.12562 22440
2.13823 22780
2.15084 23120
2.16345 23460
2.17605 23800
2.18866 24140
2.20127 24480
2.21388 24820
2.22649 25160
2.23909 25500
2.2517 25840
2.26431 26180
2.27692 26520
2.28953 26860
2.30213 27200
2.31474 27540
2.32735 27880
2.33996 28220
2.35257 28560
2.36517 28900
2.37778 29240
2.39039 29580
2.403 29920
2.41561 30260
2.42821 30600
2.44082 30940
2.45343 31280
2.46604 31620
2.47865 31960
2.49125 32300
2.50386 32640
2.51647 32980
2.52908 33320
2.54169 33660
2.55429 34000
2.5669 34340
2.57951 34680
2.59212 35020
2.60473 35360
2.61733 35700
2.62994 36040
2.64255 36380
2.65516 36720
2.66777 37060
2.68037 37400
2.69298 37740
2.70559 38080
2.7182 38420
2.73081 38760
2.74341 39100
2.75602 39440
2.76863 39780
2.78124 40120
2.79385 40460
2.80645 40800
2.81906 41140
2.83167 41480
2.84428 41820
2.85689 42160
2.86949 42500
2.8821 42840
2.89471 43180
2.90732 43520
2.91993 43860
2.93253 44200
2.94514 44540
2.95775 44880
2.97036 45220
2.98297 45560
2.99557 45900
3.00818 46240
3.02079 46580
3.0334 46920
3.04601 47260
3.05861 47600
3.07122 47940
3.08383 48280
3.09644 48620
3.10905 48960
3.12165 49300
3.13426 49640
3.14687 49980
3.15948 50320
3.17209 50660
3.18469 51000
3.1973 51340
3.20991 51680
3.22252 52020
3.23513 52360
3.24773 52700
3.26034 53040
3.27295 53380
3.28556 53720
3.29817 54060
3.31077 54400
3.32338 54740
3.33599 55080
3.3486 55420
3.36121 55760
3.37381 56100
3.38642 56440
3.39903 56780
3.41164 57120
3.42425 57460
3.43685 57800
3.44946 58140
3.46207 58480
3.47468 58820
3.48729 59160
3.49989 59500
3.5125 59840
3.52511 60180
3.53772 60520
3.55033 60860
3.56293 61200
3.57554 61540
3.58815 61880
3.60076 62220
3.61337 62560
3.62597 62900
3.63858 63240
3.65119 63580
3.6638 63920
3.67641 64260
3.68901 64600
3.70162 64940
3.71423 65280
3.72684 65620
3.73945 65960
3.75205 66300
3.76466 66640
3.77727 66980
3.78988 67320
3.80249 67660
3.81509 68000
3.8277 68340
3.84031 68680
3.85292 69020
3.86553 69360
3.87813 69700
3.89074 70040
3.90335 70380
3.91596 70720
3.92857 71060
3.94117 71400
3.95378 71740
3.96639 72080
3.979 72420
3.99161 72760
4.00421 73100
4.01682 73440
4.02943 73780
4.04204 74120
4.05465 74460
4.06725 74800
4.07986 75140
4.09247 75480
4.10508 75820
4.11769 76160
4.13029 76500
4.1429 76840
4.15551 77180
4.16812 77520
4.18073 77860
4.19333 78200
4.20594 78540
4.21855 78880
4.23116 79220
4.24377 79560
4.25637 79900
4.26898 80240
4.28159 80580
4.2942 80920
4.30681 81260
4.31941 81600
4.33202 81940
4.34463 82280
4.35724 82620
4.36985 82960
4.38245 83300
4.39506 83640
4.40767 83980
4.42028 84320
4.43289 84660
4.44549 85000
4.4581 85340
4.47071 85680
4.48332 86020
4.49593 86360
4.50853 86700
4.52114 87040
4.53375 87380
4.54636 87720
4.55897 88060
4.57157 88400
4.58418 88740
4.59679 89080
4.6094 89420
4.62201 89760
4.63461 90100
4.64722 90440
4.65983 90780
4.67244 91120
4.68505 91460
4.69765 91800
4.71026 92140
4.72287 92480
4.73548 92820
4.74809 93160
4.76069 93500
4.7733 93840
4.78591 94180
4.79852 94520
4.81113 94860
4.82373 95200
4.83634 95540
4.84895 95880
4.86156 96220
4.87417 96560
4.88677 96900
4.89938 97240
4.91199 97580
4.9246 97920
4.93721 98260
4.94981 98600
4.96242 98940
4.97503 99280
4.98764 99620
5.00025 99960
5.01285 100300
5.02546 100640
5.03807 100980
5.05068 101320
5.06329 101660
5.07589 102000
5.0885 102340
5.10111 102680
5.11372 103020
5.13263 51340
7.77967 340
8.05746 680
8.38515 1020
8.71285 1360
9.04054 1700
9.05945 2040
9.38084 2380
9.39976 2720
9.70854 3060
9.72745 3400
9.74636 3740
10.0425 4080
10.0614 4420
10.0804 4760
10.0993 5100
10.3765 5440
10.3954 5780
10.4144 6120
10.4333 6460
10.4522 6800
10.7042 7140
10.7231 7480
10.7421 7820
10.761 8160
10.7799 8500
10.7988 8840
10.8177 9180
11.0382 9520
11.0571 9860
11.0761 10200
11.095 10540
11.1139 10880
11.1328 11220
11.1517 11560
11.1706 11900
11.1895 12240
11.3659 12580
11.3848 12920
11.4037 13260
11.4227 13600
11.4416 13940
11.4605 14280
11.4794 14620
11.4983 14960
11.5172 15300
11.5361 15640
11.555 15980
11.574 16320
11.6936 16660
11.7125 17000
11.7314 17340
11.7504 17680
11.7693 18020
11.7882 18360
11.8071 18700
11.826 19040
11.8449 19380
11.8638 19720
11.8827 20060
11.9016 20400
11.9206 20740
11.9395 21080
11.9584 21420
11.9773 21760
12.0213 22100
12.0402 22440
12.0591 22780
12.078 23120
12.097 23460
12.1159 23800
12.1348 24140
12.1537 24480
12.1726 24820
12.1915 25160
12.2104 25500
12.2293 25670
12.6454 12580
13.6225 12920
13.9314 13260
14.4168 13600
14.9085 13940
15.4003 14280
15.9109 14620
16.4278 14960
16.9447 15300
17.4806 15640
18.0227 15980
18.5649 16320
19.1196 16660
19.687 17000
20.2543 17340
20.828 17680
21.4143 18020
22.0132 18360
22.6246 18700
23.2361 19040
23.8791 19380
24.5348 19720
25.1841 20060
25.8523 20400
26.5079 20740
27.1824 21080
27.8696 21420
28.5693 21760
29.2628 22100
29.9751 22440
30.6748 22780
31.4061 23120
32.15 23460
32.9065 23800
33.6756 24140
34.4572 24480
35.2642 24820
36.09 25160
36.9095 25500
37.7479 25840
38.6242 26180
39.4878 26520
40.3704 26860
40.8873 13260
41.9653 13600
42.2175 13940
42.4696 14280
42.9298 14620
43.4468 14960
43.9889 15300
44.531 15640
45.0984 15980
45.6468 16320
46.2268 16660
46.8131 17000
47.4057 17340
47.9982 17680
48.6223 18020
49.2401 18360
49.8705 18700
50.5135 19040
51.1692 19380
51.8311 19720
52.5056 20060
53.199 20400
53.8862 20740
54.1068 10200
55.1028 10540
55.292 10880
55.4937 11220
55.8026 11560
56.2187 11900
56.6473 12240
57.0823 12580
57.5236 12920
57.9712 13260
58.4314 13600
58.8979 13940
59.3833 14280
59.8624 14620
60.3541 14960
60.8584 15300
61.3564 15640
61.8923 15980
62.4281 16320
62.9702 16660
63.525 17000
64.086 17340
64.6849 17680
65.2712 18020
65.8701 18360
66.5005 18700
67.1309 19040
67.7613 19380
68.4295 19720
69.0851 20060
69.766 20400
70.472 20740
71.1654 21080
71.8652 21420
72.5712 21760
73.3277 22100
74.0716 22440
74.8407 22780
75.5972 23120
76.3662 23460
77.1416 23800
77.9422 24140
78.7492 24480
79.5876 24820
80.4323 25160
81.2771 25500
82.1407 25840
83.017 26180
83.8869 26520
84.7632 26860
85.6646 27200
86.5661 27540
87.4802 27880
88.4195 28220
89.3588 28560
90.3233 28900
91.2941 29240
92.2838 29580
93.261 29920
94.2759 30260
95.2782 30600
96.3184 30940
97.3586 31280
98.4113 31620
99.4704 31960
100.448 32300
101.046 32640
101.652 32980
102.269 33320
102.887 33660
103.505 34000
104.135 34340
104.778 34680
105.421 35020
106.064 35360
106.72 35700
107.388 36040
108.056 36380
108.725 36720
109.406 37060
110.099 37400
110.792 37740
111.486 38080
112.192 38420
112.911 38760
113.629 39100
114.348 39440
115.079 39780
115.823 40120
116.567 40460
117.311 40800
118.067 41140
118.836 41480
119.605 41820
120.374 42160
121.156 42500
121.95 42840
122.745 43180
123.539 43520
124.346 43860
125.166 44200
125.985 44540
126.805 44880
127.637 45220
128.481 45560
129.326 45900
130.171 46240
131.028 46580
131.898 46920
132.768 47260
133.638 47600
134.521 47940
135.416 48280
136.311 48620
137.206 48960
138.114 49300
139.034 49640
139.955 49980
140.875 50320
141.808 50660
142.754 51000
143.699 51340
144.645 51680
145.376 25670
146.328 26350
146.429 26690
146.921 27030
147.425 27370
147.929 27710
148.434 28050
148.95 28390
149.48 28730
150.01 29070
150.539 29410
151.081 29750
151.636 30090
152.191 30430
152.746 30770
153.313 31110
153.893 31450
154.473 31790
155.053 32130
155.645 32470
156.251 32810
156.856 33150
157.461 33490
158.079 33830
158.709 34170
159.339 34510
159.97 34850
160.613 35190
161.269 35530
161.924 35870
162.58 36210
163.248 36550
163.929 36890
164.61 37230
165.29 37570
165.984 37910
166.69 38250
167.396 38590
168.102 38930
168.342 19210
169.054 19890
169.294 20230
169.659 20570
170.037 20910
170.428 21250
170.819 21590
171.21 21930
171.613 22270
172.029 22610
172.446 22950
172.862 23290
173.29 23630
173.732 23970
174.173 24310
174.614 24650
175.068 24990
175.534 25330
176.001 25670
176.467 26010
176.947 26350
177.438 26690
177.917 27030
178.422 27370
178.926 27710
179.43 28050
179.947 28390
180.477 28730
181.006 29070
181.536 29410
182.078 29750
182.633 30090
183.188 30430
183.742 30770
184.31 31110
184.89 31450
185.47 31790
186.05 32130
186.642 32470
187.247 32810
187.764 16150
188.363 16830
188.432 17170
188.773 17510
189.107 17850
189.447 18190
189.794 18530
190.134 18870
190.474 19210
190.827 19550
191.193 19890
191.559 20230
191.924 20570
192.303 20910
192.391 10200
192.769 10880
193.059 11220
193.406 11560
193.746 11900
194.08 12240
194.42 12580
194.754 12920
195.094 13260
195.441 13600
195.781 13940
196.115 14280
196.456 14620
196.802 14960
197.143 15300
197.477 15640
197.817 15980
198.163 16320
198.504 16660
198.838 17000
199.178 17340
199.537 17680
199.877 18020
200.211 18360
200.552 18700
200.905 19040
201.258 19380
201.611 19720
201.977 20060
202.355 20400
202.733 20740
203.111 21080
203.502 21420
203.906 21760
204.309 22100
204.712 22440
205.129 22780
205.557 23120
205.721 11390
206.137 12070
206.389 12410
206.73 12750
207.076 13090
207.416 13430
207.75 13770
208.091 14110
208.425 14450
208.765 14790
209.112 15130
209.452 15470
209.786 15810
210.126 16150
210.473 16490
210.813 16830
211.147 17170
211.487 17510
211.834 17850
212.174 18190
212.508 18530
212.849 18870
213.202 19210
213.555 19550
213.908 19890
214.274 20230
214.652 20570
215.03 20910
215.408 21250
215.799 21590
216.203 21930
216.606 22270
217.009 22610
217.426 22950
217.854 23290
218.283 23630
218.712 23970
219.153 24310
219.607 24650
220.061 24990
220.514 25330
220.981 25670
221.46 26010
221.939 26350
222.418 26690
222.91 27030
223.414 27370
223.919 27710
224.423 28050
224.94 28390
225.469 28730
225.999 29070
226.528 29410
227.071 29750
227.625 30090
228.18 30430
228.735 30770
229.302 31110
229.882 31450
230.462 31790
231.042 32130
231.635 32470
232.24 32810
232.845 33150
233.45 33490
234.068 33830
234.698 34170
235.329 34510
235.959 34850
236.602 35190
237.258 35530
237.914 35870
238.569 36210
239.237 36550
239.918 36890
240.599 37230
241.28 37570
241.973 37910
242.679 38250
243.385 38590
244.091 38930
244.81 39270
245.541 39610
246.26 39950
247.004 40290
247.748 40630
248.492 40970
249.248 41310
250.017 41650
250.786 41990
251.555 42330
252.337 42670
253.131 43010
253.926 43350
254.72 43690
255.527 44030
256.346 44370
257.166 44710
257.985 45050
258.818 45390
259.662 45730
260.507 46070
261.352 46410
262.209 46750
263.079 47090
263.949 47430
264.819 47770
265.702 48110
266.597 48450
267.492 48790
268.387 49130
269.295 49470
270.215 49810
271.136 50150
272.056 50490
272.989 50830
273.935 51170
274.88 51510
275.826 51850
276.784 52190
277.755 52530
278.726 52870
279.696 53210
280.68 53550
281.676 53890
282.672 54230
283.668 54570
284.677 54910
285.698 55250
286.719 55590
287.74 55930
288.762 27710
289.771 340
289.789 680
289.802 1020
289.814 1360
289.827 1700
289.84 2040
289.852 2380
289.865 2720
289.877 3060
289.89 3400
289.903 3740
289.915 4080
289.928 4420
289.94 4760
289.953 5100
289.966 5440
289.978 5780
289.991 6120
290.003 6460
290.016 6800
290.029 7140
290.041 7480
290.054 7820
290.066 8160
290.079 8500
290.092 8840
290.104 9180
290.117 9520
290.13 9860
290.142 10200
290.155 10540
290.167 10880
290.18 11220
290.193 11560
290.205 11900
290.218 12240
290.23 12580
290.243 12920
290.256 13260
290.268 13600
290.3 6630
291.044 6970
291.176 7310
291.302 7650
291.485 7990
291.762 8330
292.052 8670
292.355 9010
292.664 9350
292.985 9690
293.313 10030
293.666 10370
294 10710
294.372 11050
294.738 11390
295.122 11730
295.526 12070
295.936 12410
296.364 12750
296.805 13090
297.259 13430
297.701 13770
298.167 14110
298.634 14450
299.119 14790
299.611 15130
300.128 15470
300.645 15810
301.174 16150
301.729 16490
302.277 16830
302.851 17170
303.425 17510
304.011 17850
304.616 18190
305.202 18530
305.833 18870
306.457 19210
307.106 19550
307.762 19890
308.424 20230
309.098 20570
309.785 20910
310.491 21250
311.191 21590
311.897 21930
312.603 22270
313.341 22610
314.091 22950
314.829 23290
315.604 23630
316.373 23970
317.161 24310
317.955 24650
318.781 24990
319.588 25330
320.414 25670
321.259 26010
322.116 26350
322.98 26690
323.869 27030
324.751 27370
325.659 27710
326.56 28050
327.474 28390
328.389 28730
329.315 29070
330.248 29410
331.181 29750
332.127 30090
333.098 30430
334.05 30770
335.033 31110
336.01 31450
337.019 31790
338.027 32130
339.036 32470
340.057 32810
341.097 33150
342.144 33490
343.197 33830
344.281 34170
345.371 34510
346.487 34850
347.603 35190
348.732 35530
349.866 35870
351.026 36210
352.022 36550
352.703 36890
353.384 37230
354.065 37570
354.758 37910
355.464 38250
356.17 38590
356.876 38930
357.595 39270
358.326 39610
359.057 39950
359.789 40290
360.533 40630
361.289 40970
362.046 41310
362.802 41650
363.571 41990
364.353 42330
365.135 42670
365.916 43010
366.711 43350
367.517 43690
368.324 44030
369.131 44370
369.951 44710
370.783 45050
371.615 45390
372.447 45730
373.292 46070
374.149 46410
375.007 46750
375.864 47090
376.734 47430
377.616 47770
378.499 48110
379.382 48450
380.277 48790
381.185 49130
382.092 49470
383 49810
383.92 50150
384.853 50490
385.786 50830
386.719 51170
387.665 51510
388.623 51850
389.581 52190
390.54 52530
391.51 52870
392.494 53210
393.477 53550
394.461 53890
395.457 54230
396.465 54570
397.474 54910
398.382 27200
399.367 340
399.39 680
399.403 1020
399.416 1360
399.428 1700
399.441 2040
399.454 2380
399.466 2720
399.479 3060
399.491 3400
399.504 3740
399.517 4080
399.529 4420
399.542 4760
399.554 5100
399.567 5440
399.58 5780
399.592 6120
399.605 6460
399.617 6800
399.63 7140
399.643 7480
399.655 7820
399.668 8160
399.68 8500
399.693 8840
399.706 9180
399.718 9520
399.731 9860
399.743 10200
399.756 10540
399.769 10880
399.781 11220
399.794 11560
399.807 11900
399.819 12240
399.832 12580
399.844 12920
399.857 13260
399.888 6460
