0.0 0
0.38356 3400
0.770207 3740
0.782815 4080
0.795423 1870
1.18164 2550
1.57101 2890
1.95722 1190
2.93596 1530
3.32532 1870
3.71469 680
4.10091 1700
4.48712 2040
4.87649 850
5.26271 2210
5.66468 2550
6.2572 2890
6.65287 3230
7.04224 1360
7.42846 2040
7.81467 850
8.20089 2210
8.59026 2550
8.97962 1020
9.75205 1700
10.3509 2040
10.9202 2380
11.7052 1020
12.0914 2040
12.4808 2380
12.8765 2720
13.2658 3060
13.6552 3400
14.0351 1530
14.4213 2550
14.8201 1020
15.2064 2040
15.6083 2380
15.9977 2720
16.3871 3060
16.9733 3400
17.5394 1530
18.3382 2890
18.9434 3230
19.1201 1360
19.5063 2040
19.8862 2380
20.2819 2720
20.6776 1190
22.0638 340
22.2256 680
22.2256 1020
23.6181 340
27.763 680
28.1524 1020
28.7449 1360
29.5141 680
30.2866 1020
30.6759 1360
31.2653 1700
31.8377 680
34.1964 340
35.1688 680
35.5582 1020
36.5582 340
36.9444 680
37.9444 340
38.3306 680
38.3306 1020
39.1094 1360
39.5019 680
39.8881 1700
40.2838 2040
40.6731 850
41.4487 1190
41.8381 1530
42.6105 680
42.8381 340
44.9692 680
45.3585 1020
46.1341 680
46.3585 340
46.5203 680
46.5203 1360
46.916 680
47.3022 1700
48.0746 680
48.4609 2040
48.8534 2380
49.2427 1020
49.629 2040
50.0278 850
50.414 2210
50.8034 2550
51.1959 1020
51.5821 2040
52.1809 2380
52.364 1020
53.1809 340
53.9195 680
54.9195 340
55.8919 680
56.2813 1020
56.8738 1360
57.2632 1700
58.0419 680
58.2632 340
59.0143 680
59.4037 1020
59.9962 1360
60.7655 680
61.1517 1700
61.5474 680
61.9336 1700
62.3198 2040
62.7155 850
63.4911 1190
64.0836 1530
64.473 1870
65.0485 680
65.6592 340
68.6316 680
69.021 1020
69.4103 1360
69.7997 1700
70.9997 340
71.9721 680
72.3615 850
72.3615 1190
72.954 1530
73.5296 1870
73.9253 2210
74.3147 2550
74.704 1020
75.4765 1700
75.8627 2040
76.2552 2380
76.6509 2720
77.417 1190
78.1894 1870
78.5851 680
78.9713 2040
79.75 2380
80.1457 1020
80.75 340
81.1363 680
81.5225 850
81.5256 1190
82.3012 1530
82.6937 1870
83.463 680
83.8492 2040
84.4449 850
85.2173 1530
85.9929 680
86.2173 340
86.3791 680
86.3791 1020
87.161 1360
87.5472 1700
88.1366 680
88.5228 1700
88.9122 2040
89.3015 2380
89.7035 2720
90.4823 1190
91.8685 340
92.0271 680
92.0271 1700
92.8059 2040
93.5783 850
93.9645 2210
94.3602 2550
94.7495 1020
95.522 1360
96.3007 1700
96.6901 2040
97.0826 2380
97.4783 2720
97.8708 1190
98.6814 340
99.0676 680
99.0676 1020
99.4538 1360
100.229 1700
100.616 2040
100.822 850
101.598 1190
102.19 1530
102.579 1870
102.969 2210
103.927 850
105.314 340
106.286 680
106.675 1020
107.065 1360
107.454 1700
108.622 680
108.972 340
109.359 680
109.359 1020
109.745 1360
110.144 1700
110.736 2040
111.125 2380
111.318 1020
111.704 2040
112.1 2380
112.885 1020
114.271 340
115.244 680
116.244 340
117.216 680
117.605 1020
117.995 1360
118.584 1700
119.163 680
119.549 2040
120.325 850
121.097 1870
121.493 2210
121.885 2550
122.478 2890
122.661 1190
123.047 2210
123.44 2550
123.823 1020
124.209 2040
125.194 850
125.808 340
126.194 680
126.194 1020
126.969 1360
126.976 1700
127.368 2040
127.764 2380
128.543 1020
128.929 2040
129.315 2380
129.711 2720
130.113 1190
130.499 2550
131.101 2890
131.49 3230
131.877 1360
133.263 340
133.421 680
133.421 2040
133.827 2380
134.599 1020
135.586 340
136.559 680
136.948 1020
137.948 340
138.334 680
139.11 1020
139.313 1360
139.702 1700
140.092 2040
140.661 2380
141.054 2720
141.446 3060
142.611 1360
142.836 340
142.997 680
143.384 1020
143.387 1360
143.786 1700
144.172 680
144.944 1020
145.147 1360
145.537 1700
145.926 680
146.537 340
146.923 680
146.923 1020
147.702 1360
148.088 1700
148.487 2040
148.876 2380
149.272 2720
150.041 1190
150.813 1870
151.412 2210
151.808 2550
152.368 1020
153.14 1360
153.343 1700
153.73 2040
154.122 850
154.508 2210
154.904 850
155.29 2210
156.066 850
156.683 340
157.655 680
158.044 1020
158.434 1360
158.826 1700
159.409 680
160.182 1020
161.574 340
161.961 680
161.961 1020
162.553 1360
162.942 1700
163.718 2040
164.107 2380
164.509 2720
164.905 3060
165.668 1360
166.827 2040
167.216 2380
167.229 1020
167.618 2040
168.394 850
169.007 340
169.394 680
170.559 1360
171.534 2040
171.93 2380
172.319 2720
172.705 1190
173.478 1530
174.067 1870
174.457 2210
174.846 2550
175.242 2890
175.825 1190
176.628 340
183.014 680
183.014 1700
183.413 2040
184.565 850
186.025 340
188.456 680
189.043 1020
190.043 340
190.429 680
191.815 340
192.201 680
192.591 1020
192.98 1360
194.145 680
194.372 340
195.117 680
195.507 1020
195.896 1360
196.485 1700
197.061 2040
197.453 2380
197.65 1020
198.037 2040
198.435 2380
199.028 2720
199.607 1190
200.22 340
200.607 680
200.607 1020
200.993 1700
201.775 2040
202.161 2380
202.557 2720
202.946 1190
203.563 340
203.715 680
204.694 1020
205.083 1360
205.859 680
206.631 1360
207.021 1700
207.607 2040
207.996 850
208.383 2210
209.161 2550
209.551 2890
209.956 1190
210.946 340
211.919 680
212.308 1020
213.308 340
213.694 680
213.694 1020
214.47 1360
215.246 1700
215.644 680
216.417 1360
216.62 1700
217.192 2040
217.579 2380
218.168 1020
218.968 340
225.354 680
225.354 1360
225.75 680
226.142 1020
226.522 680
226.908 1020
227.298 1360
227.897 680
228.669 1360
229.834 680
230.062 340
233.979 680
234.979 340
235.951 680
236.341 1020
236.73 1360
237.123 680
237.509 1700
238.104 2040
238.671 2380
238.883 1020
239.269 2040
239.668 2380
240.434 2720
240.824 3060
241.226 1360
242.612 340
242.774 680
243.16 1020
243.549 1360
244.525 680
244.911 1700
245.3 2040
245.699 2380
246.086 1020
246.472 2040
246.874 2380
247.637 1020
248.023 2040
248.412 2380
248.805 1020
249.577 1700
250.967 340
251.353 680
252.128 850
252.128 1190
252.518 1530
252.91 1870
253.3 2210
253.889 2550
254.278 2890
254.86 1190
255.633 1870
256.028 680
256.633 340
263.605 680
263.994 1020
264.77 680
264.994 340
265.156 680
265.156 1360
265.929 680
266.321 1360
266.714 1700
267.109 2040
267.502 850
267.888 2210
268.664 2550
269.053 1020
269.439 2040
270.215 2380
270.604 2720
270.991 1190
271.377 2210
271.769 850
272.155 2210
272.548 2550
272.937 2890
273.33 1190
274.105 1530
275.081 680
275.495 340
275.881 680
275.881 1020
276.267 1360
276.86 1700
277.249 680
278.022 1360
278.411 1700
278.8 2040
279.187 850
279.573 2210
279.975 850
280.965 340
281.938 680
283.524 340
283.91 680
283.91 1020
285.303 340
287.861 680
288.251 1020
288.64 1360
289.033 680
289.419 1700
290.194 2040
290.593 2380
291.366 1020
291.593 340
291.752 680
293.138 340
293.524 680
293.524 1020
294.117 1360
294.692 680
295.468 1020
295.857 1360
296.247 1700
296.833 2040
297.225 2380
297.615 2720
298.184 3060
298.384 1360
299.74 2040
300.142 2380
300.525 1020
301.142 340
304.114 680
304.503 1020
305.096 1360
306.096 340
307.068 680
307.458 1020
308.05 1360
308.44 1700
309.788 680
310.015 340
310.174 680
310.949 1020
311.152 1360
311.542 1700
312.321 680
312.707 2040
313.306 2380
313.692 1020
314.258 2040
314.657 2380
315.052 1020
316.211 1360
316.804 1700
317.202 2040
317.589 850
319.561 340
321.92 680
322.309 1020
322.698 1360
323.471 680
323.698 340
323.857 680
324.243 1360
324.639 1700
325.232 2040
325.801 2380
326.193 1020
327.004 340
327.746 680
328.135 1020
328.524 1360
328.914 1700
329.5 2040
329.893 2380
330.282 2720
330.662 1190
331.048 2210
331.444 850
331.833 2210
332.232 2550
332.612 1020
332.998 2040
333.783 2380
334.182 1020
334.568 2040
334.954 2380
335.341 1020
336.499 1360
336.889 680
337.275 1700
338.047 2040
338.437 850
338.823 2210
339.808 850
340.966 1530
341.17 1870
342.556 340
342.942 680
343.331 850
343.331 1190
344.11 1530
344.503 1870
344.892 2210
345.281 2550
345.664 1020
346.051 2040
346.446 850
346.833 2210
347.235 850
348.007 1530
348.399 680
349.007 340
349.979 680
351.566 340
351.952 680
351.952 1020
352.952 340
355.924 680
356.314 1020
357.706 340
358.679 680
359.068 1020
359.457 1360
360.236 1700
360.625 2040
361.015 2380
361.61 1020
362.386 1360
362.775 1700
363.165 2040
363.94 850
364.327 2210
365.105 2550
365.495 2890
365.884 3230
366.277 3570
366.682 1530
367.669 340
370.641 680
371.031 1020
371.42 1360
372.193 680
372.42 340
373.165 680
373.751 1020
374.751 340
375.138 680
375.138 1020
376.73 340
379.116 680
379.116 1020
379.895 1360
380.281 1700
380.677 2040
381.066 2380
381.456 2720
381.848 3060
382.225 1360
382.848 340
383.821 680
384.21 1020
384.802 1360
385.192 1700
385.767 680
386.378 340
386.764 680
386.764 1360
387.54 1700
387.929 2040
388.322 850
388.708 2210
389.104 850
389.49 2210
389.882 2550
390.278 2890
390.658 1190
391.278 340
391.427 680
391.427 1020
392.203 1360
392.412 1700
393.571 680
393.957 2040
394.353 2380
395.122 1020
395.898 1360
396.873 680
397.259 1700
397.649 2040
398.038 2380
398.434 1020
399.206 1700
399.982 680
