0.0 0
0.260277 3400
0.52673 3740
0.539338 4080
0.551946 4420
0.564554 4760
0.577162 5100
0.783466 5440
0.798623 5780
0.811231 6120
0.823839 6460
0.836447 6800
0.849055 7140
0.861663 7480
0.874271 7820
1.05536 8160
1.07052 8500
1.08312 8840
1.09573 9180
1.10834 9520
1.12095 9860
1.13356 10200
1.14616 10540
1.15877 10880
1.17138 11220
1.18399 11560
1.32095 11900
1.33356 12240
1.34616 12580
1.35877 12920
1.37138 13260
1.38399 13600
1.3966 13940
1.4092 14280
1.42181 14620
1.43442 14960
1.44703 15300
1.45964 15640
1.47224 15980
1.48485 16320
1.49746 16660
1.51007 17000
1.52268 17340
1.59284 17680
1.60545 18020
1.61806 18360
1.63067 18700
1.64327 19040
1.65588 19380
1.66849 19720
1.6811 20060
1.69371 20400
1.70631 20740
1.71892 21080
1.73153 21420
1.74414 21760
1.75675 22100
1.76935 22440
1.78196 22780
1.79457 23120
1.80718 23460
1.81979 23800
1.83239 24140
1.845 24480
1.86391 24820
1.88283 12240
2.596 12580
2.66616 6120
3.12718 6800
3.36755 7140
3.63944 7480
3.91764 7820
4.18953 8160
4.4173 3910
4.68289 4590
4.77114 4930
5.06195 2210
5.32754 3230
5.59313 3570
5.86502 3910
6.13691 4250
6.41511 4590
6.69961 4930
6.97781 5270
7.26231 5610
7.54051 5950
7.95566 6290
8.23386 6630
8.50575 6970
8.79656 7310
8.87475 3400
9.14034 4080
9.37186 4420
9.65636 4760
9.93456 5100
10.2065 2380
10.472 3400
10.7565 3740
11.0663 4080
11.3445 4420
11.6164 4760
11.8945 5100
12.3186 5440
12.5968 2550
12.8623 3570
13.1342 3910
13.4313 1700
13.6969 2720
13.9751 3060
14.247 3400
14.5189 3740
14.8034 4080
15.0816 4420
15.3535 4760
15.6317 5100
16.0721 5440
16.3503 5780
16.6222 6120
16.9004 6460
17.1849 6800
17.4631 7140
17.735 7480
18.0132 7820
18.2977 8160
18.3355 3910
18.6074 4590
18.8604 4930
18.8856 2210
19.1575 2890
19.3978 3230
19.6823 3570
19.9542 3910
20.2387 4250
20.5169 4590
20.7888 4930
21.067 5270
21.3389 5610
21.6171 5950
21.9016 6290
22.1798 6630
22.4517 6970
22.7299 7310
22.9261 3400
23.1917 4080
23.4321 4420
23.7166 4760
24.0074 2210
24.273 3230
24.5449 3570
24.8168 3910
25.0887 4250
25.3669 4590
25.6577 4930
25.8665 2210
26.1321 2890
26.3699 3230
26.6418 3570
26.92 3910
27.2071 4250
27.4916 1870
28.0228 2890
28.2947 3230
28.5666 3570
28.8448 3910
29.1293 4250
29.4074 4590
29.6793 4930
29.9575 5270
30.2294 5610
30.5076 5950
30.9102 6290
31.1884 6630
31.4603 6970
31.5574 3230
32.0886 3910
32.3163 4250
32.5945 4590
32.8664 4930
32.8916 2210
33.1635 2890
33.4165 3230
33.701 3570
33.9855 3910
34.2574 4250
34.5356 4590
34.8075 2040
35.3387 2720
35.5979 3060
35.8698 3400
36.148 3740
36.4325 4080
36.7107 4420
36.9826 4760
37.2608 5100
37.6886 5440
37.9668 5780
38.2387 6120
38.5169 6460
38.7888 6800
39.067 7140
39.3136 3400
39.8448 4080
39.9419 4420
40.3571 4760
40.6227 5100
40.9072 5440
41.1854 5780
41.4573 6120
41.6976 2890
41.9632 3570
42.0389 3910
42.3108 4250
42.589 4590
42.8735 4930
43.1517 5270
43.4236 5610
43.7018 5950
43.9737 6290
44.2518 6630
44.5364 6970
44.8145 7310
45.0864 7650
45.3646 7990
45.7508 8330
46.029 8670
46.3009 9010
46.3829 4250
47.1796 4930
47.4641 5270
47.7612 5610
48.0394 5950
48.3113 6290
48.5895 6630
48.9883 6970
49.2665 7310
49.5384 7650
49.8166 7990
50.1011 8330
50.3793 8670
50.6512 9010
50.8664 4250
51.6631 4930
51.9287 5270
52.2132 2380
52.4788 3400
52.757 3740
53.0415 4080
53.3197 4420
53.6042 4760
53.8824 5100
54.3442 5440
54.6224 5780
54.8943 6120
55.1725 6460
55.4444 6800
55.7226 7140
56.0071 7480
56.2853 7820
56.5572 8160
56.8354 8500
57.1199 8840
57.3981 9180
57.67 9520
57.9482 9860
58.2327 10200
58.5109 10540
58.7828 10880
59.061 11220
59.3455 11560
59.6237 11900
59.7317 5780
59.9973 6460
60.2502 6800
60.5284 7140
60.8129 7480
61.0911 7820
61.3756 8160
61.6538 8500
61.9257 8840
62.2039 9180
62.4884 9520
62.7792 9860
63.0511 10200
63.0952 4930
63.3608 5610
63.6138 5950
63.8857 6290
64.1639 6630
64.4358 6970
64.714 3230
64.9796 4250
65.2578 4590
65.5423 4930
65.8331 5270
66.105 5610
66.3832 5950
66.8135 6290
67.1043 2890
67.7174 3910
68.0019 4250
68.2801 4590
68.552 4930
68.9571 2210
69.2227 3230
69.482 3570
69.7602 3910
70.0321 4250
70.3103 4590
70.5948 4930
70.873 5270
71.1449 5610
71.3978 2550
71.6634 3570
71.9479 3910
72.2198 4250
72.6917 4590
72.9636 4930
73.2418 5270
73.5263 5610
73.8045 5950
74.0638 2720
74.3294 3740
74.658 4080
74.9362 4420
75.2081 4760
75.6573 2210
75.9229 3230
76.1948 3570
76.473 3910
76.7449 4250
77.0231 4590
77.295 4930
77.5732 5270
77.8577 5610
78.1359 5950
78.4267 2720
78.6923 3740
78.9579 4080
79.2424 4420
79.5143 4760
79.7925 5100
80.2454 5440
80.5236 5780
80.7955 6120
81.0737 6460
81.1368 3060
81.6743 3400
81.9146 1530
82.4458 2210
82.7177 2550
83.1833 1020
83.4489 2040
83.5271 2380
83.799 2720
84.0772 3060
84.5238 3400
84.802 3740
85.0739 1700
86.055 340
88.7862 680
89.0581 1020
89.33 1360
89.6019 1700
90.0675 2040
90.3457 2380
90.6302 2720
90.9424 3060
91.208 3400
91.4862 3740
91.7707 4080
92.0489 4420
92.283 2040
92.5486 2720
92.8079 3060
93.0797 3400
93.3579 3740
93.6424 4080
93.908 4420
94.1925 4760
94.4707 5100
94.7426 5440
95.0208 5780
95.3053 6120
95.5835 6460
95.8554 6800
96.1336 7140
96.5299 7480
96.8081 7820
96.9052 3740
97.1708 4420
97.3922 4760
97.6452 2210
97.9108 3230
98.2331 3570
98.5113 3910
98.7832 4250
99.0614 4590
99.3459 4930
99.6241 5270
99.896 5610
100.174 5950
100.598 6290
100.864 6630
101.009 3060
101.274 3740
101.483 4080
101.761 4420
102.033 4760
102.312 5100
102.583 5440
102.874 5780
103.159 6120
103.437 6460
103.709 6800
103.924 3230
104.19 3910
104.278 4250
104.556 4590
104.828 4930
105.068 2210
105.599 2550
105.796 2890
106.137 1190
106.403 2550
106.9 2890
107.172 3230
107.477 3570
107.749 3910
108.034 4250
108.312 4590
108.584 4930
108.862 5270
109.147 2380
109.897 3400
110.15 3740
110.422 4080
110.7 4420
110.984 4760
111.263 5100
111.534 5440
111.813 5780
112.084 6120
112.363 6460
112.647 6800
112.925 7140
113.21 7480
113.488 7820
113.785 8160
114.063 8500
114.335 8840
114.613 9180
114.911 9520
115.189 9860
115.284 4760
115.55 5440
115.79 5780
116.081 6120
116.359 6460
116.631 6800
116.909 7140
117.194 7480
117.472 7820
117.744 8160
118.022 8500
118.11 4080
118.641 4420
118.894 4760
119.173 5100
119.432 2380
119.698 3400
119.988 3740
120.26 4080
120.538 4420
120.772 2040
121.038 2720
121.241 3060
121.512 3400
121.791 3740
122.107 4080
122.385 4420
122.657 4760
122.935 5100
123.22 5440
123.485 5780
123.662 2720
123.928 3400
124.187 3740
124.472 4080
124.737 1870
125.003 2890
125.294 3230
125.566 3570
125.85 3910
126.122 4250
126.4 4590
126.853 4930
127.131 5270
127.403 5610
127.694 5950
127.979 6290
128.257 6630
128.529 6970
128.807 7310
129.091 7650
129.37 7990
129.642 8330
129.882 3910
130.147 4590
130.356 4930
130.635 5270
130.906 5610
131.185 5950
131.469 6290
131.747 6630
132.019 3060
132.285 4080
132.576 4420
132.848 4760
133.126 5100
133.581 5440
133.859 5780
134.131 6120
134.41 6460
134.694 6800
134.972 7140
135.244 7480
135.522 7820
135.807 8160
136.009 3910
136.275 4590
136.388 4930
136.667 5270
136.939 5610
137.217 5950
137.501 6290
137.779 6630
138.051 6970
138.329 7310
138.627 7650
138.905 7990
139.063 3740
139.329 4420
139.5 4760
139.778 5100
140.132 5440
140.41 5780
140.682 6120
140.96 6460
141.301 6800
141.58 7140
141.851 7480
142.13 7820
142.414 8160
142.692 8500
142.964 8840
143.255 9180
143.54 9520
143.818 9860
144.09 10200
144.368 10540
144.64 10880
144.918 11220
145.215 11560
145.392 5610
145.658 6290
145.804 6630
146.088 6970
146.367 7310
146.638 7650
146.917 7990
147.176 3740
147.707 4420
147.814 4760
148.092 5100
148.465 5440
148.731 5780
149.015 6120
149.293 6460
149.565 6800
149.844 7140
150.128 7480
150.406 7820
150.678 8160
150.969 8500
151.253 8840
151.532 9180
151.804 9520
152.082 9860
152.366 10200
152.531 4930
152.797 5610
152.942 5950
153.213 6290
153.492 6630
153.827 6970
154.106 7310
154.276 3400
154.541 4080
154.681 4420
155.054 4760
155.344 5100
155.616 5440
155.895 5780
156.166 6120
156.445 6460
156.729 6800
157.007 7140
157.279 3400
157.545 4420
157.823 4760
158.089 2210
158.354 3230
158.639 3570
158.873 1530
159.61 1870
159.882 2210
160.16 850
160.426 2210
160.704 2550
160.989 2890
161.261 3230
161.726 3570
161.992 3910
162.276 4250
162.554 4590
162.826 2040
163.092 3060
163.37 3400
163.642 3740
164.108 4080
164.386 4420
164.658 4760
164.936 5100
165.22 5440
165.499 5780
165.77 6120
166.049 6460
166.333 6800
166.611 7140
166.883 7480
167.061 3570
167.326 4250
167.433 4590
167.718 4930
167.996 5270
168.268 5610
168.546 5950
168.932 6290
169.21 6630
169.482 6970
169.735 3230
170.001 4250
170.292 4590
170.658 4930
170.936 5270
171.208 5610
171.354 2550
171.62 3230
171.765 3570
172.157 1530
172.948 2550
173.154 2890
173.426 3230
173.698 3570
174.048 1530
174.579 2550
174.785 2890
175.057 3230
175.382 3570
175.66 3910
175.932 4250
176.21 4590
176.482 4930
176.76 5270
177.058 5610
177.336 5950
177.608 6290
177.886 6630
178.17 6970
178.449 7310
178.72 7650
178.898 3570
179.163 4250
179.351 4590
179.688 4930
179.966 5270
180.238 5610
180.517 5950
180.801 6290
181.079 6630
181.351 6970
181.629 7310
181.933 7650
182.211 7990
182.483 8330
182.761 8670
183.033 9010
183.311 9350
183.596 9690
183.823 4590
185.089 340
185.826 680
186.098 1020
186.37 1360
186.576 1700
186.641 2040
186.841 2210
187.179 850
188.445 340
188.71 680
188.71 1020
189.248 1360
189.513 1700
189.785 2040
190.063 2380
190.335 2720
190.613 3060
191.066 3400
191.345 3740
191.616 4080
191.895 4420
192.201 4760
192.479 5100
192.751 5440
193.029 5780
193.241 2720
193.507 3400
193.747 3740
194.019 4080
194.298 4420
194.569 4760
194.822 2210
195.088 3230
195.41 3570
195.689 3910
195.96 4250
196.239 4590
196.545 4930
196.823 5270
197.095 5610
197.373 5950
197.775 6290
198.041 6630
198.325 6970
198.435 3230
198.701 3910
198.901 4250
199.179 4590
199.451 4930
199.51 2210
199.776 2890
200.014 3230
200.285 3570
200.57 3910
200.842 4250
201.12 4590
201.145 2040
201.417 2720
201.67 3060
201.955 3400
202.239 1530
202.505 2550
202.758 2890
203.03 3230
203.314 3570
203.592 1530
203.858 2550
204.111 2890
204.395 3230
204.667 3570
204.945 3910
205.217 1700
205.483 2380
205.683 2720
205.949 3060
206.233 1360
206.499 2380
206.764 2720
207.055 1190
207.586 2210
207.793 2550
208.117 2890
208.383 3230
208.667 3570
208.946 3910
209.218 4250
209.496 4590
209.78 4930
210.058 5270
210.33 5610
210.609 5950
211.011 6290
211.277 6630
211.561 6970
211.839 7310
212.111 7650
212.389 7990
212.683 8330
212.961 8670
213.233 9010
213.511 9350
213.796 9690
214.074 10030
214.346 10370
214.586 4930
214.852 5610
215.033 5950
215.305 6290
215.583 6630
215.867 6970
216.146 7310
216.43 7650
216.708 7990
216.993 8330
217.258 8670
217.543 9010
217.821 9350
218.093 9690
218.143 4590
218.415 5270
218.662 5610
218.94 2550
219.206 3570
219.484 3910
219.756 4250
220.028 4590
220.306 4930
220.584 5270
220.869 5610
221.147 5950
221.419 6290
221.697 6630
222.134 6970
222.412 7310
222.684 7650
222.949 3570
223.215 4590
223.493 4930
223.771 5270
224.043 5610
224.321 5950
224.593 2720
224.859 3740
225.35 4080
225.621 4420
225.906 4760
226.184 5100
226.456 5440
226.734 5780
227.019 6120
227.297 6460
227.518 3060
227.784 3740
227.866 4080
228.144 4420
228.416 4760
228.694 5100
228.979 5440
229.257 5780
229.529 6120
229.807 6460
230.193 6800
230.326 3230
230.857 4250
231.129 4590
231.401 2040
231.666 3060
231.951 3400
232.423 3740
232.694 4080
232.973 4420
233.26 4760
233.538 5100
233.81 5440
234.088 5780
234.372 6120
234.651 6460
234.923 6800
235.201 7140
235.485 7480
235.763 3570
236.029 4590
236.301 4930
236.579 5270
236.851 5610
237.129 5950
237.585 6290
237.863 6630
238.135 6970
238.413 7310
238.698 7650
238.976 7990
239.248 8330
239.526 8670
239.81 9010
240.089 9350
240.36 9690
240.639 10030
240.676 4760
240.942 5440
241.201 5780
241.486 6120
241.764 6460
242.036 6800
242.314 7140
242.599 7480
242.877 7820
243.149 8160
243.427 8500
243.826 8840
244.104 9180
244.376 9520
244.641 4590
244.907 5610
245.204 5950
245.476 6290
245.704 2890
245.969 3570
246.108 3910
246.254 1700
246.519 2380
246.677 2720
246.943 3060
247.227 3400
247.505 3740
247.854 4080
248.132 4420
248.416 4760
248.695 5100
248.966 5440
249.245 5780
249.517 6120
249.795 6460
250.079 6800
250.357 7140
250.579 3400
250.844 4080
251.072 4420
251.357 4760
251.635 5100
251.907 5440
252.185 5780
252.47 6120
252.735 2890
253.266 3230
253.473 3570
253.744 3910
254.038 4250
254.316 4590
254.354 2040
254.891 2720
255.17 3060
255.629 3400
255.907 3740
256.179 4080
256.457 4420
256.75 4760
257.029 5100
257.301 5440
257.579 5780
257.863 6120
258.129 6460
258.413 6800
258.692 7140
258.963 7480
259.242 7820
259.657 8160
259.935 8500
260.207 8840
260.485 9180
260.77 9520
261.048 9860
261.32 10200
261.598 10540
261.882 10880
262.161 11220
262.432 11560
262.711 11900
262.894 5780
263.425 6120
263.552 2890
263.817 3910
264.102 4250
264.38 4590
264.652 4930
264.93 5270
265.202 5610
265.455 2550
265.72 3570
266.011 3910
266.489 4250
266.761 4590
267.046 4930
267.324 5270
267.583 2380
267.849 3060
267.906 3400
268.184 3740
268.456 4080
268.746 4420
269.031 4760
269.309 5100
269.581 5440
269.859 5780
270.131 6120
270.409 6460
270.796 6800
270.896 3230
271.162 3910
271.352 4250
271.63 4590
271.952 4930
272.231 5270
272.503 5610
272.781 5950
273.065 6290
273.343 6630
273.615 6970
273.894 7310
274.305 7650
274.571 7990
274.855 3740
275.121 4760
275.393 5100
275.677 5440
275.955 5780
276.227 6120
276.505 6460
276.815 6800
277.093 7140
277.365 7480
277.643 7820
277.928 8160
278.206 8500
278.478 8840
278.756 9180
279.041 9520
279.155 4590
279.42 5270
279.673 5610
279.952 5950
280.224 6290
280.35 2890
280.615 3570
280.78 3910
281.064 4250
281.343 4590
281.627 4930
281.855 2210
282.12 2890
282.228 3230
282.645 3570
282.924 3910
283.195 4250
283.474 4590
283.758 4930
284.036 5270
284.308 5610
284.586 5950
284.871 6290
285.326 2890
285.592 3910
285.87 4250
286.136 4590
286.42 4930
286.699 5270
286.97 5610
287.052 2550
287.318 3230
287.527 3570
287.792 1530
288.058 2550
288.324 2890
288.608 3230
288.88 3570
289.158 3910
289.43 4250
289.708 4590
290.149 4930
290.427 5270
290.699 5610
290.977 5950
291.043 2720
291.308 3400
291.58 1530
292.111 1870
292.377 2210
292.649 2550
292.933 2890
293.211 3230
293.483 3570
293.936 1530
294.202 2550
294.293 2890
294.571 3230
294.843 3570
295.121 3910
295.542 4250
295.821 4590
296.092 4930
296.371 5270
296.655 5610
296.946 5950
297.218 6290
297.496 6630
297.783 6970
298.034 3230
298.299 4250
298.59 4590
298.849 2040
299.115 3060
299.599 3400
299.871 3740
300.165 4080
300.436 4420
300.721 4760
300.999 5100
301.271 5440
301.562 5780
301.834 6120
302.112 6460
302.396 6800
302.599 3230
302.865 3910
303.09 4250
303.368 1870
303.634 2890
303.893 3230
304.028 1360
304.293 2040
304.553 2380
304.825 2720
305.096 3060
305.381 3400
305.659 3740
305.931 4080
306.209 4420
306.481 4760
306.759 5100
307.044 5440
307.297 2550
307.562 3570
307.847 3910
308.119 4250
308.591 4590
308.863 4930
309.141 5270
309.425 5610
309.703 5950
309.988 6290
310.266 6630
310.538 6970
310.816 7310
311.038 3400
311.569 3740
311.657 1700
311.916 2040
312.201 2380
312.473 2720
312.738 1190
313.004 2210
313.282 2550
313.554 2890
313.839 3230
314.111 3570
314.576 1530
314.842 2550
314.92 2890
315.198 3230
315.47 3570
315.748 3910
316.182 4250
316.46 4590
316.745 4930
317.023 5270
317.295 2380
317.561 3400
317.851 3740
318.183 4080
318.461 4420
318.733 4760
319.16 2210
319.426 3230
319.704 3570
319.982 3910
320.254 4250
320.533 4590
320.817 4930
321.095 5270
321.367 5610
321.645 5950
321.958 6290
322.236 6630
322.417 3060
322.682 3740
322.917 4080
323.195 4420
323.479 4760
323.757 5100
324.029 5440
324.308 5780
324.592 6120
324.845 2890
325.376 3910
325.661 4250
325.914 1870
326.895 340
327.16 680
327.432 850
327.704 1190
327.976 1530
328.448 1870
328.72 2210
328.998 2550
329.323 2890
329.788 3230
329.807 1360
330.079 2040
330.339 2380
330.61 2720
330.895 3060
331.167 3400
331.445 3740
331.911 1700
332.176 2720
332.267 3060
332.714 3400
332.992 3740
333.264 4080
333.542 4420
333.814 4760
334.105 5100
334.389 5440
334.667 5780
334.939 6120
335.217 6460
335.502 6800
335.692 3230
335.957 3910
336.204 4250
336.47 1870
336.735 2890
337.02 3230
337.292 3570
337.57 3910
337.867 4250
338.145 4590
338.417 4930
338.695 5270
339.011 5610
339.29 5950
339.561 6290
339.84 6630
340.245 6970
340.523 7310
340.795 7650
341.073 7990
341.345 8330
341.623 8670
341.908 9010
342.186 9350
342.236 4420
342.508 5100
342.755 5440
343.033 5780
343.305 6120
343.583 6460
343.855 3060
344.121 4080
344.411 4420
344.886 4760
344.911 2210
345.177 2890
345.436 3230
345.708 3570
345.98 3910
346.264 4250
346.542 4590
346.814 4930
347.093 5270
347.377 5610
347.655 5950
347.927 6290
348.355 2890
348.62 3910
348.886 4250
349.164 4590
349.449 2040
349.98 2380
350.077 2720
350.355 3060
350.764 3400
351.042 3740
351.314 4080
351.592 4420
351.877 4760
352.155 5100
352.427 5440
352.705 5780
352.927 2720
353.192 3400
353.315 3740
353.717 4080
353.839 1870
354.105 2890
354.389 3230
354.661 3570
354.94 3910
355.361 4250
355.639 4590
355.911 4930
356.189 5270
356.474 5610
356.752 5950
357.024 6290
357.09 2890
357.355 3570
357.621 3910
357.893 4250
358.171 4590
358.455 4930
358.733 5270
359.018 5610
359.296 5950
359.568 6290
359.846 6630
360.131 6970
360.409 7310
360.593 3400
360.858 4080
361.117 4420
361.389 4760
361.668 5100
361.952 5440
362.23 5780
362.452 2720
362.983 3060
363.255 3400
363.533 3740
363.843 4080
364.121 4420
364.393 4760
364.583 2210
364.848 2890
364.949 3230
365.127 1360
365.392 2040
365.651 2380
365.923 2720
366.208 3060
366.48 3400
366.758 3740
367.042 4080
367.321 4420
367.592 4760
367.871 5100
368.298 5440
368.564 5780
368.849 6120
369.127 6460
369.399 6800
369.677 7140
369.961 7480
370.24 7820
370.511 8160
370.79 8500
371.074 8840
371.352 9180
371.624 9520
371.902 9860
372.187 10200
372.465 10540
372.737 10880
373.015 11220
373.3 11560
373.578 11900
373.85 12240
374.128 12580
374.412 12920
374.703 13260
374.975 13600
375.253 13940
375.538 14280
375.677 6970
375.943 7650
376.138 7990
376.41 8330
376.688 8670
376.973 9010
377.163 4250
377.429 4930
377.548 5270
377.82 5610
378.098 5950
378.383 6290
378.648 6630
378.933 6970
379.211 7310
379.483 7650
379.761 7990
380.046 8330
380.324 8670
380.596 9010
380.874 9350
381.185 9690
381.463 10030
381.735 10370
382.013 10710
382.297 11050
382.449 5270
382.714 5950
382.936 6290
383.214 6630
383.486 6970
383.764 7310
384.048 7650
384.327 7990
384.611 8330
384.889 8670
385.174 9010
385.452 9350
385.724 4420
386.255 5100
386.439 5440
386.717 5780
387.001 6120
387.28 2890
387.545 3910
387.817 4250
388.089 1870
388.355 2890
388.639 3230
388.924 3570
389.196 3910
389.661 4250
389.939 4590
390.211 4930
390.489 5270
390.761 5610
391.04 5950
391.324 6290
391.602 6630
391.874 6970
392.152 7310
392.424 3400
392.955 3740
393.152 4080
393.43 4420
393.702 2040
393.967 3060
394.246 3400
394.524 3740
394.827 4080
395.093 4420
395.377 4760
395.655 5100
395.858 2380
396.124 3060
396.37 3400
396.648 3740
396.933 4080
397.199 4420
397.502 2040
398.033 3060
398.324 1360
398.589 2380
398.874 2720
399.152 1190
399.418 2210
399.702 850
399.968 2210
