0.0 0
0.38356 3400
0.770207 3740
0.782815 4080
0.789119 4420
0.998575 4760
1.17849 2210
2.33713 2890
2.54029 3230
2.9265 3570
3.49578 1530
4.31272 340
4.69893 680
4.69893 1360
5.08515 2040
5.68712 2380
6.07964 2720
6.46586 1190
7.23829 1870
7.44144 2210
8.02018 850
9.17882 1190
9.77134 1530
10.1607 680
11.5469 340
12.5194 680
12.9087 1020
13.5012 1360
14.2705 680
14.6567 1700
15.4355 680
16.8217 340
17.2079 680
17.2079 1020
17.9929 1360
18.3855 1700
18.7717 2040
19.1579 2380
19.5504 2720
19.9398 1190
20.326 2210
21.0984 850
21.4846 2210
21.8803 2550
22.2697 2890
22.6591 1190
23.4791 340
23.8654 680
23.8654 1360
24.6441 1700
25.0303 2040
25.426 2380
25.8153 2720
26.2079 3060
26.5972 1360
27.7559 1700
28.1452 2040
28.5378 2380
28.9271 2720
29.3228 3060
30.0889 1360
30.7059 340
31.0921 680
31.0921 1700
31.4878 680
32.2728 1020
32.659 1360
33.0484 1700
33.4377 2040
33.8303 2380
34.4291 2720
34.8185 3060
35.2047 1360
35.9921 340
36.3783 680
37.1539 1020
37.9432 1360
38.3326 1700
39.8121 340
40.1983 680
41.1739 850
42.2216 340
43.194 680
43.5834 1020
44.5834 340
44.9696 680
45.7452 1020
46.1345 1360
47.1345 340
48.107 680
49.107 340
53.6656 680
54.055 1020
54.8306 680
55.055 340
55.2168 680
55.2168 1360
56.0274 1700
56.4199 680
57.0274 340
57.4136 680
57.4136 1360
58.3987 680
58.9743 1020
59.351 1360
59.7372 680
60.5191 1360
60.9148 1700
61.6904 680
62.4628 1360
63.2447 680
63.6309 1700
64.0203 2040
64.6159 850
65.0022 2210
65.3884 2550
65.784 1020
66.1703 2040
66.5565 2380
66.9458 2720
67.5447 3060
67.7372 1360
68.5096 2040
68.899 850
69.7128 340
70.099 680
70.099 1360
70.6915 1700
70.8777 680
71.2608 1020
71.4702 680
72.0427 1020
72.4226 1360
72.8151 1700
73.0151 2040
73.5812 2380
74.1769 1020
75.3356 1700
75.7249 2040
76.1174 2380
76.5131 1020
76.8993 2040
77.2918 2380
77.6844 1020
78.4568 1700
78.6599 2040
78.8525 850
79.2387 2210
79.6407 2550
80.2332 2890
80.6225 3230
81.2013 1360
82.3599 1700
82.5631 2040
82.9493 850
83.3355 2210
84.1174 850
84.8898 1870
85.2792 2210
85.6686 2550
86.4441 2890
86.8335 3230
87.2292 3570
87.6091 1530
88.2292 340
88.6154 680
88.6154 1020
89.0016 1360
89.3973 680
89.7898 1020
90.1697 680
90.5559 1020
90.9453 1360
91.3315 680
91.7177 1700
91.9272 2040
92.4996 2380
92.8858 1020
93.4721 2040
93.8614 2380
94.2602 2720
94.6402 1190
95.2602 340
95.6465 680
95.6465 1700
96.2453 2040
97.024 850
97.4102 2210
97.7996 2550
97.8122 1020
98.2016 2040
98.9772 2380
99.3665 2720
99.7622 3060
99.9685 1360
100.355 2040
100.544 2380
101.13 1020
101.517 2040
101.903 2380
102.298 2720
102.688 3060
103.08 1360
103.853 2040
104.255 2380
104.638 1020
105.024 2040
105.42 850
106.192 1870
106.581 2210
107.177 850
107.791 340
108.533 680
109.119 1020
109.891 680
110.119 340
110.864 680
111.864 340
112.836 680
113.836 340
122.395 680
123.395 340
124.367 680
124.757 1020
125.349 1360
125.738 1700
126.311 2040
126.7 2380
127.286 1020
128.445 2040
129.23 850
129.616 2210
130.006 2550
130.395 2890
130.784 3230
131.171 1360
131.784 340
132.171 680
132.171 1020
132.953 1360
134.351 340
141.394 680
141.783 1020
142.172 1360
142.762 1700
143.157 2040
143.747 2380
144.136 2720
144.532 3060
144.927 3400
145.314 3740
145.716 4080
146.102 1870
147.488 340
147.64 680
148.413 1020
148.625 1360
149.018 1700
149.395 2040
149.781 850
150.167 2210
150.946 2550
151.342 2890
151.731 3230
152.114 1360
153.09 2040
153.868 850
154.255 2210
154.644 2550
155.049 1020
155.821 1700
156.211 2040
156.603 850
157.217 340
158.19 680
158.579 1020
158.968 1360
159.361 680
159.968 340
162.941 680
163.33 1020
163.923 1360
164.312 1700
165.097 680
166.256 1020
166.645 1360
167.034 1700
167.621 2040
168.013 2380
168.402 1020
169.789 340
170.761 680
171.151 1020
171.54 1360
172.129 1700
172.519 2040
172.911 2380
173.684 1020
174.3 340
174.687 680
175.465 1020
175.855 1360
176.244 1700
177.023 680
178.409 340
179.382 680
179.771 1020
180.16 1360
180.55 1700
181.136 2040
181.528 850
182.301 1530
182.69 1870
183.469 2210
184.604 340
187.26 680
187.646 1360
188.628 680
189.014 1020
189.407 1360
189.796 1700
190.189 680
190.575 1700
190.971 2040
191.36 2380
191.756 2720
192.136 1190
192.908 1530
193.108 1870
193.497 680
193.884 1700
194.276 2040
194.666 2380
195.058 1020
195.447 2040
195.843 850
196.229 2210
196.622 2550
197.018 1020
197.404 2040
197.806 850
198.404 340
199.376 680
200.376 340
201.349 680
202.349 340
203.321 680
203.71 1020
204.1 1360
204.692 1700
205.082 680
206.468 340
206.854 680
206.854 1020
207.447 1360
208.405 680
208.633 340
208.791 680
209.791 340
212.764 680
213.153 1020
213.746 1360
214.135 1700
214.531 680
215.141 340
215.528 680
215.528 1360
216.31 1700
216.699 2040
217.091 2380
217.864 1020
218.478 340
220.864 680
220.864 1020
221.864 340
222.836 680
223.226 1020
223.615 1360
224.004 1700
224.78 2040
225.552 850
225.893 340
225.939 680
226.325 850
226.325 1190
227.1 1530
227.493 1870
227.873 2210
228.272 850
228.658 2210
229.054 2550
229.832 1020
230.605 1700
230.994 2040
231.384 2380
231.773 2720
232.165 3060
232.561 3400
233.334 1530
234.72 340
235.106 680
235.492 1020
235.495 2040
235.9 850
236.287 2210
237.075 850
238.461 340
241.02 680
242.02 340
244.578 680
244.968 1020
245.743 680
245.968 340
246.13 680
246.13 1360
246.525 1700
247.298 680
247.525 340
247.684 680
248.684 340
251.07 680
251.07 1020
251.846 1360
252.235 1700
252.631 2040
253.22 850
254.014 340
256.4 680
256.4 2040
257.562 850
258.948 340
259.92 680
260.31 1020
260.699 1360
261.292 1700
261.681 2040
262.277 850
262.663 2210
263.052 2550
263.442 2890
264.037 3230
264.43 1360
265.816 340
266.202 680
266.202 1020
266.795 1360
267.19 1700
267.583 680
268.559 1700
269.157 2040
269.547 2380
269.942 2720
270.335 1190
271.107 2210
271.509 2550
272.272 1020
273.048 1360
273.437 1700
273.83 680
274.437 340
274.823 680
275.599 1020
275.802 1360
276.192 1700
277.767 340
284.153 680
284.54 1020
285.138 1360
285.531 1700
285.917 2040
286.307 850
286.693 2210
287.088 2550
287.478 2890
287.873 1190
289.26 340
289.646 680
289.646 1020
291.014 680
291.238 340
293.597 680
294.597 340
295.569 680
295.959 1020
296.734 680
296.959 340
297.121 680
297.121 1360
297.513 1700
297.906 2040
298.298 2380
298.688 2720
299.071 1190
299.688 340
302.074 680
302.074 1020
302.46 1360
303.822 1700
304.217 680
305.594 340
305.98 680
305.98 2380
306.367 2720
307.367 340
308.339 680
308.728 1020
309.118 1360
309.893 680
310.118 340
310.28 680
311.055 1020
311.641 1360
312.414 680
312.641 340
312.8 680
313.576 1020
315.162 340
315.548 680
316.327 1020
316.916 1360
317.872 680
317.916 340
318.258 680
318.258 1020
319.243 1360
319.632 1700
319.806 2040
320.198 850
320.585 2210
320.98 850
321.367 2210
321.765 850
322.152 2210
322.554 850
322.94 2210
323.342 2550
323.737 2890
324.127 3230
324.327 1360
324.713 2040
324.909 2380
325.492 1020
325.878 2040
326.264 2380
326.654 2720
327.049 3060
327.448 1360
328.607 1700
328.996 2040
329.392 2380
329.784 1020
331.17 340
331.922 680
333.508 340
336.066 680
337.066 340
340.039 680
340.428 1020
340.818 1360
341.207 1700
341.793 2040
342.372 850
342.758 2210
343.148 2550
343.537 2890
344.312 1190
345.085 1870
345.474 2210
345.87 850
346.642 1870
347.032 2210
348.194 850
348.418 340
348.58 680
348.966 850
348.966 1190
349.352 1530
350.131 1870
350.527 2210
351.116 850
351.913 340
352.299 680
352.299 1360
352.695 1700
353.081 680
353.467 1700
353.853 2040
354.243 2380
354.638 2720
355.031 3060
355.8 1360
356.962 1700
357.351 2040
357.744 850
358.358 340
360.744 680
360.744 1020
361.744 340
362.716 680
363.106 1020
363.698 1360
364.094 1700
364.49 2040
364.885 850
365.271 2210
365.667 2550
366.063 2890
366.452 3230
367.054 1360
367.827 2380
368.219 1020
369.378 1360
369.773 680
370.16 1700
370.546 2040
370.935 2380
371.325 1020
372.483 1360
372.873 1700
373.268 2040
373.658 2380
374.053 2720
374.446 3060
375.038 3400
375.434 1530
376.593 1870
376.982 2210
377.368 850
377.754 2210
378.15 850
378.754 340
379.727 680
380.116 1020
380.709 1360
381.104 1700
381.494 2040
382.083 2380
382.662 1020
383.048 2040
383.444 2380
383.833 2720
384.219 1190
384.992 2210
385.378 2550
385.774 2890
386.166 3230
386.752 1360
388.139 340
388.297 680
388.297 2040
388.687 850
389.07 1530
389.085 680
389.475 1020
390.25 1360
390.64 1700
391.029 680
391.415 1700
391.805 2040
392.197 850
392.583 2210
393.365 850
393.752 2210
394.141 2550
394.53 2890
394.92 3230
395.325 1360
396.312 340
396.698 680
396.698 1020
397.698 340
398.085 680
398.085 1700
398.474 2040
399.073 2380
399.462 1020
