0.0 0
0.0739613 3400
0.154099 3740
0.166707 4080
0.179315 4420
0.191923 4760
0.204531 5100
0.233372 5440
0.24598 5780
0.258588 6120
0.271196 6460
0.283804 6800
0.296412 7140
0.30902 7480
0.321628 7820
0.334236 8160
0.346844 8500
0.359452 8840
0.37206 9180
0.384668 9520
0.397276 9860
0.409884 10200
0.422492 10540
0.4351 10880
0.447708 11220
0.460316 11560
0.472924 11900
0.485532 12240
0.49814 12580
0.510748 12920
0.523356 13260
0.535964 13600
0.548572 13940
0.56118 14280
0.573788 14620
0.586396 14960
0.599004 15300
0.611612 15640
0.62422 15980
0.636828 16320
0.649436 16660
0.662044 17000
0.674652 17340
0.68726 17680
0.699868 18020
0.712476 18360
0.725084 18700
0.737692 19040
0.7503 19380
0.769212 19720
0.788124 9690
1.14115 10370
1.30505 10710
1.50678 11050
1.70851 11390
1.91024 11730
2.12457 12070
2.35152 12410
2.57846 12750
2.8054 13090
3.04496 13430
3.29712 13770
3.54928 14110
3.80144 14450
4.0662 14790
4.34358 15130
4.62096 15470
4.89833 15810
5.18832 16150
5.49091 16490
5.7935 16830
6.09609 17170
6.41129 17510
6.7391 17850
7.06691 18190
7.39472 18530
7.73513 18870
8.08816 19210
8.44118 19550
8.57987 9520
9.09049 10200
9.11571 10540
9.30483 10880
9.50656 11220
9.72089 11560
9.93523 11900
10.1496 12240
10.3765 12580
10.6161 12920
10.8556 13260
11.0952 13600
11.3473 13940
11.6121 14280
11.8769 14620
12.1416 14960
12.419 15300
12.709 15640
12.999 15980
13.289 16320
13.5915 16660
13.9067 17000
14.1085 8330
14.4111 9010
14.4615 9350
14.6254 9690
14.7263 4590
14.8965 5270
14.9217 5610
15.0226 5950
15.136 6290
15.2495 6630
15.363 6970
15.4891 7310
15.6277 7650
15.7664 7990
15.9051 8330
16.0564 8670
16.2203 9010
16.3842 9350
16.5481 9690
16.7246 10030
16.9138 10370
17.1029 10710
17.292 11050
17.4937 11390
17.7081 11730
17.9224 12070
18.143 12410
18.1619 5950
18.3763 6630
18.4771 6970
18.6032 7310
18.7293 7650
18.868 7990
19.0193 8330
19.1706 8670
19.3219 9010
19.4858 9350
19.6623 9690
19.8388 10030
20.0153 10370
20.2044 10710
20.3936 11050
20.5953 11390
20.8096 11730
21.024 12070
21.2383 12410
21.4652 12750
21.7048 13090
21.9443 13430
22.1839 13770
22.4361 14110
22.6252 6800
22.8773 7480
22.9152 7820
23.0539 8160
23.2051 8500
23.3691 8840
23.533 9180
23.6969 9520
23.8734 9860
24.0625 10200
24.2516 10540
24.4407 10880
24.6425 11220
24.8568 5440
25.0522 6460
25.1657 6800
25.2918 7140
25.4305 7480
25.5691 7820
25.7078 8160
25.8591 8500
26.0104 8840
26.1743 9180
26.3508 9520
26.5274 9860
26.7039 10200
26.893 10540
27.0947 10880
27.2964 11220
27.5108 5440
27.7125 6460
27.826 6800
27.9521 7140
28.0781 7480
28.2168 7820
28.3681 8160
28.5194 8500
28.6707 8840
28.8346 9180
28.9985 9520
29.175 9860
29.3642 10200
29.5533 10540
29.7424 10880
29.9441 11220
30.1585 11560
30.3728 11900
30.5871 12240
30.8141 12580
31.0536 12920
31.2932 6290
31.5201 7310
31.6462 7650
31.7849 7990
31.9236 8330
32.0749 8670
32.2388 9010
32.4027 9350
32.5666 9690
32.7431 10030
32.9196 10370
33.1087 10710
33.3105 11050
33.5122 11390
33.7139 11730
33.9283 12070
34.1552 12410
34.3821 12750
34.6091 13090
34.8486 13430
35.1008 13770
35.353 14110
35.6051 14450
35.8699 14790
36.1473 15130
36.4246 15470
36.702 15810
36.992 16150
37.2946 16490
37.5972 16830
37.8998 17170
38.215 17510
38.5428 17850
38.8706 18190
39.1984 18530
39.5388 18870
39.8918 19210
40.2449 19550
40.5979 19890
40.9635 20230
41.3418 20570
41.43 10030
41.7956 10710
41.9343 11050
42.1361 11390
42.3504 11730
42.5773 5610
42.7791 6630
42.8799 6970
43.006 7310
43.1321 7650
43.2708 7990
43.4221 8330
43.5734 8670
43.7247 9010
43.8886 9350
44.0651 9690
44.2416 10030
44.4181 10370
44.6072 10710
44.809 11050
45.0107 11390
45.2124 11730
45.4267 12070
45.6537 12410
45.8806 12750
46.1076 13090
46.3471 13430
46.5993 13770
46.8515 14110
47.1036 14450
47.3684 14790
47.6458 15130
47.9231 15470
48.2005 15810
48.4905 16150
48.7931 16490
49.0831 16830
49.3983 17170
49.7135 17510
50.0287 17850
50.3565 18190
50.6969 18530
51.0373 18870
51.3777 19210
51.7307 19550
52.0964 19890
52.2981 9690
52.6511 10370
52.7268 10710
52.9285 11050
53.1302 11390
53.332 11730
53.5463 12070
53.7606 12410
53.9876 12750
54.1137 6120
54.4478 6460
54.473 6800
54.5991 7140
54.7251 7480
54.8638 7820
55.0151 8160
55.1538 8500
55.3177 8840
55.3808 4250
55.5384 4930
55.5798 5270
55.6807 5610
55.7815 5950
55.8824 6290
55.9959 6630
56.122 6970
56.248 7310
56.3741 7650
56.5128 7990
56.6515 8330
56.8028 8670
56.9667 9010
57.1306 9350
57.2945 9690
57.471 10030
57.6601 10370
57.8493 10710
58.0384 11050
58.2401 11390
58.4544 11730
58.6688 12070
58.8831 12410
59.1101 12750
59.3496 13090
59.5892 13430
59.6522 6460
59.8917 7140
59.98 7480
60.1187 7820
60.27 8160
60.4213 8500
60.5726 8840
60.7365 9180
60.913 9520
61.0895 9860
61.266 10200
61.4551 10540
61.6569 10880
61.8586 11220
62.0603 11560
62.2747 11900
62.5016 12240
62.7285 12580
62.9555 12920
63.195 13260
63.4472 13600
63.6868 13940
63.9515 14280
64.2163 14620
64.4811 14960
64.7584 15300
65.0484 15640
65.3384 15980
65.6284 16320
65.931 16660
66.2462 17000
66.5614 17340
66.8766 17680
67.2044 18020
67.3053 8840
67.6331 9520
67.7591 9860
67.9357 10200
68.1248 10540
68.3265 10880
68.5282 11220
68.73 11560
68.9443 11900
69.1712 12240
69.3856 12580
69.6251 12920
69.8647 13260
70.1042 13600
70.3564 13940
70.6212 14280
70.8859 14620
71.1507 14960
71.4281 15300
71.7181 15640
72.008 15980
72.298 16320
72.6006 16660
72.9158 17000
73.231 17340
73.5462 17680
73.874 18020
74.2144 18360
74.5549 18700
74.8953 19040
75.2483 19380
75.6139 19720
75.9796 20060
76.3452 20400
76.7234 20740
77.1143 21080
77.5051 21420
77.896 21760
78.2994 22100
78.7155 22440
79.1316 22780
79.5476 23120
79.9763 23460
80.4176 23800
80.8589 24140
81.3001 24480
81.754 24820
82.2205 25160
82.687 25500
83.1535 25840
83.6326 26180
84.1243 26520
84.616 26860
85.1077 27200
85.6121 27540
86.129 27880
86.6459 28220
87.1629 28560
87.6924 28900
88.2345 29240
88.7767 29580
89.3188 29920
89.8736 30260
90.4409 30600
91.0083 30940
91.5757 31280
92.1556 31620
92.7482 31960
93.3408 32300
93.9333 32640
94.5385 32980
95.1563 33320
95.7741 33660
96.3919 34000
97.0223 34340
97.6653 34680
98.3083 35020
98.9513 35360
99.6069 35700
100.275 36040
100.931 36380
101.612 36720
102.292 37060
102.973 37400
103.667 37740
104.373 38080
105.079 38420
105.785 38760
106.239 19210
106.951 19890
107.077 20230
107.455 20570
107.834 20910
108.212 21250
108.603 21590
109.006 21930
109.41 22270
109.813 22610
110.229 22950
110.658 23290
111.087 23630
111.515 23970
111.956 24310
112.398 24650
112.852 24990
113.318 25330
113.785 25670
114.251 26010
114.73 26350
115.222 26690
115.714 27030
116.105 13260
116.596 13940
116.647 14280
116.911 14620
117.189 14960
117.466 15300
117.744 15640
118.034 15980
118.336 16320
118.626 16660
118.941 17000
119.257 17340
119.572 17680
119.9 18020
120.24 18360
120.58 18700
120.921 19040
121.274 19380
121.639 19720
122.005 20060
122.371 20400
122.749 20740
123.14 21080
123.531 21420
123.921 21760
124.325 22100
124.741 22440
125.157 22780
125.573 23120
126.002 23460
126.443 23800
126.884 24140
127.326 24480
127.78 24820
128.246 25160
128.284 12410
128.738 13090
128.952 13430
129.192 13770
129.444 14110
129.709 14450
129.973 14790
130.238 15130
130.515 15470
130.805 15810
131.095 16150
131.385 16490
131.688 16830
132.003 17170
132.155 8330
132.457 9010
132.533 9350
132.697 9690
132.873 10030
133.062 10370
133.251 10710
133.441 11050
133.642 11390
133.857 11730
134.071 12070
134.285 12410
134.512 12750
134.752 13090
134.991 13430
135.143 6460
135.382 7140
135.433 7480
135.571 7820
135.71 8160
135.861 8500
136.013 8840
136.176 9180
136.353 9520
136.529 9860
136.706 10200
136.895 10540
137.097 10880
137.299 11220
137.5 11560
137.715 11900
137.942 12240
138.169 12580
138.395 12920
138.635 13260
138.887 13600
139.139 13940
139.391 14280
139.656 14620
139.934 14960
140.211 15300
140.488 15640
140.778 15980
141.081 16320
141.384 16660
141.686 17000
142.001 17340
142.329 17680
142.657 18020
142.985 18360
143.325 18700
143.678 19040
143.968 9350
144.315 10030
144.34 10370
144.517 10710
144.718 11050
144.92 11390
145.122 11730
145.336 12070
145.563 12410
145.79 12750
146.017 13090
146.257 13430
146.509 13770
146.761 14110
147.013 14450
147.278 14790
147.555 15130
147.833 15470
148.11 15810
148.4 16150
148.539 7820
148.829 8500
148.904 8840
149.068 9180
149.245 9520
149.421 9860
149.598 10200
149.787 10540
149.825 5100
150.014 5780
150.102 6120
150.215 6460
150.329 6800
150.455 7140
150.594 7480
150.732 7820
150.871 8160
151.022 8500
151.174 8840
151.338 9180
151.514 9520
151.691 9860
151.867 10200
152.056 10540
152.258 10880
152.46 11220
152.661 11560
152.876 11900
153.103 12240
153.33 12580
153.456 6120
153.676 6800
153.727 7140
153.865 7480
154.004 7820
154.143 8160
154.294 8500
154.458 8840
154.622 9180
154.786 9520
154.962 9860
155.151 10200
155.341 10540
155.53 10880
155.731 11220
155.946 11560
156.16 11900
156.374 12240
156.601 12580
156.841 12920
157.081 13260
157.32 13600
157.572 13940
157.837 14280
158.102 14620
158.367 14960
158.644 15300
158.934 15640
159.211 15980
159.514 16320
159.816 16660
160.119 17000
160.409 8330
160.718 9350
160.894 9690
161.071 10030
161.247 10370
161.437 10710
161.638 11050
161.84 11390
162.042 11730
162.256 12070
162.483 12410
162.533 5950
162.748 6630
162.836 6970
162.962 7310
163.088 7650
163.227 7990
163.366 8330
163.517 8670
163.681 9010
163.744 4250
163.895 4930
163.943 5270
164.044 5610
164.145 5950
164.245 6290
164.359 6630
164.485 6970
164.611 7310
164.737 7650
164.876 7990
165.027 8330
165.178 8670
165.33 9010
165.494 9350
165.67 9690
165.847 10030
166.023 10370
166.212 10710
166.414 11050
166.616 11390
166.666 5440
166.862 6120
166.95 6460
167.063 6800
167.189 7140
167.316 7480
167.454 7820
167.606 8160
167.757 8500
167.908 8840
168.072 9180
168.249 9520
168.425 9860
168.602 10200
168.791 10540
168.992 10880
169.194 11220
169.396 11560
169.61 11900
169.837 12240
170.064 12580
170.291 12920
170.531 13260
170.783 13600
171.035 13940
171.287 14280
171.552 14620
171.829 14960
172.107 15300
172.384 15640
172.674 15980
172.977 16320
173.279 16660
173.582 17000
173.897 17340
174.212 17680
174.54 18020
174.792 8840
175.12 9520
175.158 9860
175.347 10200
175.536 10540
175.725 10880
175.927 11220
176.141 11560
176.355 11900
176.57 12240
176.797 12580
177.036 12920
177.276 13260
177.515 13600
177.768 13940
178.032 14280
178.297 14620
178.562 14960
178.839 15300
179.129 15640
179.419 15980
179.709 16320
180.012 16660
180.327 17000
180.642 17340
180.957 17680
181.285 18020
181.626 18360
181.966 18700
182.306 19040
182.659 19380
183.012 19720
183.378 20060
183.756 20400
184.135 20740
184.513 21080
184.904 21420
185.307 21760
185.711 22100
186.114 22440
186.53 22780
186.959 23120
187.387 23460
187.816 23800
188.257 24140
188.711 24480
189.165 24820
189.619 25160
190.086 25500
190.565 25840
190.88 12750
191.58 13430
191.605 13770
191.857 14110
192.122 14450
192.387 14790
192.651 15130
192.929 15470
193.219 15810
193.496 16150
193.799 16490
194.101 16830
194.404 17170
194.719 17510
195.047 17850
195.375 18190
195.702 18530
196.043 18870
196.396 19210
196.749 19550
197.102 19890
197.468 20230
197.846 20570
198.224 20910
198.602 21250
198.993 21590
199.397 21930
199.8 22270
200.204 22610
200.62 22950
201.048 23290
201.477 23630
201.906 23970
202.347 24310
202.498 11900
202.939 12580
203.091 12920
203.33 13260
203.582 13600
203.835 13940
204.087 14280
204.352 14620
204.629 14960
204.906 15300
205.184 15640
205.474 15980
205.764 16320
206.066 16660
206.381 17000
206.697 17340
207.012 17680
207.34 18020
207.68 18360
208.02 18700
208.361 19040
208.714 19380
209.08 19720
209.445 20060
209.66 9860
210.019 10540
210.107 5100
210.29 6120
210.403 6460
210.517 6800
210.643 7140
210.769 7480
210.908 7820
210.958 3740
211.091 4420
211.157 4760
211.249 5100
211.35 5440
211.451 5780
211.552 6120
211.665 6460
211.791 6800
211.917 7140
212.043 7480
212.182 7820
212.333 8160
212.485 8500
212.636 8840
212.8 9180
212.964 9520
213.14 9860
213.329 10200
213.518 10540
213.708 10880
213.909 11220
214.124 11560
214.338 11900
214.552 12240
214.779 12580
215.019 12920
215.258 13260
215.498 13600
215.75 13940
216.015 14280
216.28 14620
216.557 7140
216.942 7820
216.979 8160
217.131 8500
217.295 8840
217.458 9180
217.622 9520
217.799 9860
217.975 10200
218.165 10540
218.366 10880
218.568 11220
218.77 11560
218.984 11900
219.211 12240
219.438 12580
219.665 12920
219.904 13260
220.157 13600
220.409 13940
220.661 14280
220.926 14620
221.203 14960
221.43 7310
221.701 7990
221.714 8330
221.865 8670
222.029 9010
222.193 9350
222.357 9690
222.533 10030
222.71 10370
222.899 10710
223.101 11050
223.302 11390
223.504 11730
223.718 12070
223.945 12410
224.172 12750
224.399 13090
224.639 13430
224.891 13770
225.143 14110
225.395 14450
225.66 14790
225.937 15130
226.215 15470
226.492 15810
226.782 16150
227.085 16490
227.387 16830
227.69 17170
228.005 17510
228.333 17850
228.661 18190
228.989 18530
229.329 18870
229.682 19210
230.035 19550
230.388 19890
230.754 20230
231.132 20570
231.51 20910
231.888 21250
232.279 21590
232.683 21930
233.086 22270
233.49 22610
233.906 22950
234.334 23290
234.763 23630
235.192 23970
235.633 24310
236.087 24650
236.541 24990
236.995 25330
237.461 25670
237.94 26010
238.407 26350
238.898 26690
239.39 27030
239.882 27370
240.386 27710
240.903 28050
241.42 28390
241.937 28730
242.466 29070
242.769 14280
243.299 14960
243.425 15300
243.702 15640
243.992 15980
244.282 16320
244.585 16660
244.9 17000
245.215 17340
245.53 17680
245.858 18020
246.198 18360
246.539 18700
246.879 19040
247.232 19380
247.598 19720
247.964 20060
248.329 20400
248.707 20740
249.098 21080
249.489 21420
249.88 21760
250.283 22100
250.699 22440
251.116 22780
251.532 23120
251.96 23460
252.402 23800
252.729 11730
253.158 12410
253.208 12750
253.435 13090
253.675 13430
253.927 13770
254.179 14110
254.431 14450
254.696 14790
254.974 15130
255.251 15470
255.528 15810
255.818 16150
256.121 16490
256.424 16830
256.726 17170
257.041 17510
257.369 17850
257.697 18190
258.025 18530
258.365 18870
258.718 19210
259.071 19550
259.424 19890
259.79 20230
260.168 20570
260.546 20910
260.698 10200
261.07 10880
261.196 11220
261.397 11560
261.612 11900
261.826 12240
262.053 12580
262.293 12920
262.532 13260
262.772 13600
263.024 13940
263.289 14280
263.553 14620
263.818 14960
264.095 15300
264.385 15640
264.675 15980
264.965 16320
265.268 16660
265.583 17000
265.898 17340
266.214 17680
266.541 18020
266.882 18360
267.222 18700
267.563 19040
267.916 19380
268.281 19720
268.647 20060
269.013 20400
269.391 20740
269.782 21080
270.173 21420
270.563 21760
270.967 22100
271.383 22440
271.799 22780
272.215 23120
272.644 23460
273.085 23800
273.526 24140
273.968 24480
274.421 24820
274.888 25160
275.354 25500
275.821 25840
276.3 26180
276.792 26520
277.283 26860
277.775 27200
278.279 27540
278.803 27880
278.822 13770
279.326 14450
279.566 14790
279.843 15130
280.12 15470
280.398 15810
280.688 16150
280.99 16490
281.293 16830
281.595 17170
281.911 17510
282.238 17850
282.566 18190
282.667 8840
282.989 9520
283.102 9860
283.152 4760
283.329 5440
283.405 5780
283.506 6120
283.619 6460
283.745 6800
283.871 7140
283.997 7480
284.136 7820
284.275 8160
284.426 8500
284.59 8840
284.754 9180
284.918 9520
285.094 9860
285.283 10200
285.472 10540
285.661 10880
285.863 11220
286.078 11560
286.292 11900
286.506 12240
286.733 12580
286.973 12920
287.212 13260
287.452 13600
287.704 13940
287.969 14280
288.234 14620
288.498 14960
288.776 15300
289.066 15640
289.356 15980
289.646 16320
289.948 16660
290.263 17000
290.579 17340
290.894 17680
291.222 18020
291.562 18360
291.902 18700
292.243 19040
292.596 19380
292.949 19720
293.113 9690
293.472 10370
293.573 10710
293.762 11050
293.876 5270
294.071 5950
294.109 6290
294.222 6630
294.336 6970
294.462 7310
294.601 7650
294.739 7990
294.878 8330
295.029 8670
295.193 9010
295.357 9350
295.521 9690
295.697 10030
295.874 10370
296.063 10710
296.265 11050
296.467 11390
296.668 11730
296.883 12070
297.11 12410
297.336 12750
297.563 13090
297.803 13430
298.055 13770
298.307 14110
298.559 14450
298.824 14790
299.102 15130
299.379 15470
299.656 15810
299.946 16150
300.249 16490
300.552 16830
300.854 17170
301.169 17510
301.497 17850
301.825 18190
302.153 18530
302.493 18870
302.846 19210
303.199 19550
303.552 19890
303.918 20230
304.296 20570
304.674 20910
305.053 21250
305.443 21590
305.847 21930
306.25 22270
306.654 22610
307.07 22950
307.499 23290
307.927 23630
308.356 23970
308.797 24310
309.251 24650
309.705 24990
310.159 25330
310.625 25670
311.104 26010
311.584 26350
312.063 26690
312.264 13090
312.743 13770
312.882 14110
313.147 14450
313.412 14790
313.676 15130
313.954 15470
314.244 15810
314.534 16150
314.824 16490
315.126 16830
315.379 8160
315.814 8840
315.952 9180
316.116 9520
316.293 9860
316.469 10200
316.658 10540
316.86 10880
317.062 11220
317.263 11560
317.478 11900
317.705 12240
317.932 12580
318.159 12920
318.398 13260
318.65 13600
318.902 13940
319.155 14280
319.419 14620
319.697 14960
319.974 15300
320.151 7480
320.428 8160
320.478 8500
320.642 8840
320.806 9180
320.97 9520
321.147 9860
321.323 10200
321.512 10540
321.714 10880
321.916 11220
322.118 11560
322.332 11900
322.559 12240
322.786 12580
323.013 12920
323.252 13260
323.504 13600
323.757 13940
324.009 14280
324.185 6970
324.444 7650
324.482 7990
324.62 8330
324.771 8670
324.935 9010
325.099 9350
325.263 9690
325.44 10030
325.629 10370
325.818 10710
326.007 11050
326.209 11390
326.423 11730
326.637 12070
326.852 12410
327.079 12750
327.318 13090
327.558 13430
327.797 13770
328.05 14110
328.314 14450
328.579 14790
328.844 15130
329.121 15470
329.411 15810
329.701 16150
329.991 16490
330.294 16830
330.609 17170
330.924 17510
331.239 17850
331.567 18190
331.895 18530
332.235 18870
332.588 19210
332.941 19550
333.294 19890
333.66 20230
334.038 20570
334.417 20910
334.795 21250
335.186 21590
335.589 21930
335.993 22270
336.396 22610
336.812 22950
337.241 23290
337.669 23630
338.098 23970
338.539 24310
338.993 24650
339.119 12070
339.567 12750
339.718 13090
339.958 13430
340.21 13770
340.462 14110
340.714 14450
340.979 14790
341.256 15130
341.534 15470
341.811 15810
342.101 16150
342.404 16490
342.706 16830
343.009 17170
343.324 17510
343.652 17850
343.98 18190
344.308 18530
344.648 18870
345.001 19210
345.354 19550
345.707 19890
346.073 20230
346.451 20570
346.829 20910
347.207 21250
347.598 21590
348.002 21930
348.405 22270
348.809 22610
349.225 22950
349.653 23290
350.082 23630
350.511 23970
350.952 24310
351.406 24650
351.86 24990
352.314 25330
352.78 25670
353.259 26010
353.738 26350
354.217 26690
354.709 27030
355.214 27370
355.718 27710
356.222 28050
356.739 28390
357.269 28730
357.798 29070
358.328 29410
358.87 29750
359.425 30090
359.979 30430
360.534 30770
361.101 31110
361.681 31450
362.261 31790
362.841 32130
363.434 32470
364.039 32810
364.632 33150
365.249 33490
365.867 33830
366.485 34170
367.115 34510
367.758 34850
368.401 35190
369.044 35530
369.7 35870
370.368 36210
371.011 17850
371.667 18870
372.02 19210
372.373 19550
372.726 19890
373.092 20230
373.47 20570
373.848 20910
374.226 21250
374.617 21590
375.021 21930
375.424 22270
375.828 22610
376.244 22950
376.672 23290
377.101 23630
377.53 23970
377.971 24310
378.425 24650
378.879 24990
379.333 25330
379.799 25670
380.278 26010
380.757 26350
380.82 12920
381.293 13600
381.507 13940
381.772 14280
382.037 14620
382.302 14960
382.579 15300
382.869 15640
383.159 15980
383.449 16320
383.752 16660
384.067 17000
384.382 17340
384.697 17680
385.025 18020
385.366 18360
385.706 18700
386.046 19040
386.399 19380
386.765 19720
387.131 20060
387.458 9860
387.824 10540
387.837 10880
388.038 11220
388.253 11560
388.467 11900
388.681 12240
388.908 12580
389.148 12920
389.387 13260
389.627 13600
389.879 13940
390.144 14280
390.409 14620
390.674 14960
390.762 7310
391.027 7990
391.115 8330
391.266 8670
391.43 9010
391.594 9350
391.758 9690
391.934 10030
392.123 10370
392.313 10710
392.502 11050
392.703 11390
392.918 11730
393.132 12070
393.346 12410
393.573 12750
393.8 13090
394.04 13430
394.128 6460
394.361 7140
394.45 7480
394.588 7820
394.727 8160
394.878 8500
395.042 8840
395.206 9180
395.37 9520
395.546 9860
395.736 10200
395.925 10540
396.114 10880
396.316 11220
396.53 11560
396.744 11900
396.959 12240
397.186 12580
397.425 12920
397.665 13260
397.803 6460
398.043 7140
398.093 7480
398.232 7820
398.371 8160
398.522 8500
398.686 8840
398.85 9180
399.014 9520
399.19 9860
399.379 10200
399.568 10540
399.758 10880
399.959 11220
