0.0 0
0.167119 3400
0.340414 3740
0.353022 4080
0.36563 4420
0.378238 4760
0.390846 5100
0.512845 5440
0.525453 5780
0.538061 6120
0.550669 6460
0.563277 6800
0.575885 7140
0.588493 7480
0.685277 7820
0.697885 8160
0.710493 8500
0.723101 8840
0.735709 9180
0.748317 9520
0.760925 9860
0.773533 10200
0.786141 10540
0.798749 10880
0.811357 11220
0.864012 11560
0.87662 11900
0.889228 12240
0.901836 12580
0.914444 12920
0.927052 13260
0.93966 13600
0.952268 13940
0.964876 14280
0.977484 14620
0.990092 14960
1.0027 15300
1.01531 15640
1.02792 15980
1.04052 16320
1.05313 16660
1.06574 17000
1.07835 17340
1.09096 17680
1.10356 18020
1.11617 18360
1.12878 18700
1.14139 19040
1.154 19380
1.1666 19720
1.17921 20060
1.19182 20400
1.20443 20740
1.21704 21080
1.22964 21420
1.24225 21760
1.25486 22100
1.26747 22440
1.28008 22780
1.29268 23120
1.30529 23460
1.3179 23800
1.33051 24140
1.34312 24480
1.35572 24820
1.36833 25160
1.38094 25500
1.39355 25840
1.40616 26180
1.41876 26520
1.43137 26860
1.44398 27200
1.45659 27540
1.4692 27880
1.4818 28220
1.49441 28560
1.50702 28900
1.51963 29240
1.53224 29580
1.54484 29920
1.55745 30260
1.57006 30600
1.58267 30940
1.59528 31280
1.60788 31620
1.62049 31960
1.6331 32300
1.64571 32640
1.65832 32980
1.67092 33320
1.68353 33660
1.69614 34000
1.70875 34340
1.72136 34680
1.73396 35020
1.74657 35360
1.75918 35700
1.77179 36040
1.7844 36380
1.797 36720
1.80961 37060
1.82222 37400
1.83483 37740
1.84744 38080
1.86004 38420
1.87265 38760
1.89787 19210
2.61022 19890
2.95064 20230
3.32888 20570
3.70712 20910
4.08536 21250
4.4762 21590
4.87966 21930
5.28312 22270
5.68657 22610
6.10264 22950
6.53131 23290
6.70782 11390
7.13019 12070
7.24366 12410
7.4706 12750
7.71016 13090
7.94971 13430
8.18926 13770
8.44142 14110
8.70619 14450
8.97096 14790
9.23572 15130
9.5131 15470
9.80308 15810
10.0931 16150
10.3831 16490
10.6856 16830
11.0008 17170
11.316 17510
11.6312 17850
11.9591 18190
12.2995 18530
12.6399 18870
12.9803 19210
13.182 9350
13.5287 10030
13.594 10370
13.7831 10710
13.9849 11050
14.1866 11390
14.3883 11730
14.6027 12070
14.8296 12410
15.0565 12750
15.2835 13090
15.523 13430
15.7752 13770
16.0274 14110
16.2795 14450
16.5443 14790
16.8217 15130
17.099 15470
17.3764 15810
17.6664 16150
17.969 16490
18.2716 16830
18.5742 17170
18.8894 17510
19.2172 17850
19.545 18190
19.8728 18530
20.2132 18870
20.5662 19210
20.9193 19550
21.2723 19890
21.6379 20230
22.0162 20570
22.1296 10030
22.4953 10710
22.6213 11050
22.8231 11390
23.0374 11730
23.2391 12070
23.4661 12410
23.693 12750
23.92 13090
24.1595 13430
24.4117 13770
24.6134 6630
24.853 7310
24.9245 7650
25.1096 7990
25.3009 8330
25.4859 8670
25.6647 9010
25.8497 9350
25.938 4420
26.1167 5100
26.245 5440
26.4301 5780
26.6214 6120
26.8064 6460
26.9852 6800
27.1702 7140
27.3616 7480
27.5466 7820
27.7253 8160
27.9104 8500
28.1017 8840
28.2867 9180
28.4655 9520
28.6505 9860
28.8419 10200
29.031 10540
29.2201 10880
29.4218 11220
29.6362 11560
29.8379 11900
30.0648 12240
30.2918 12580
30.5187 12920
30.7583 13260
31.0104 13600
31.2626 13940
31.5148 14280
31.7795 14620
32.0569 14960
32.3343 15300
32.6117 15640
32.9016 15980
33.2042 16320
33.5068 16660
33.8094 17000
34.1246 17340
34.4524 17680
34.7802 18020
35.108 18360
35.4485 18700
35.8015 19040
36.1545 19380
36.5075 19720
36.8732 20060
37.2514 20400
37.6296 20740
38.0079 21080
38.3987 21420
38.8022 21760
39.2056 22100
39.6091 22440
40.0252 22780
40.4538 23120
40.8825 23460
41.3112 23800
41.7525 11730
42.1874 12750
42.4144 13090
42.6539 13430
42.8935 13770
43.1456 14110
43.4104 14450
43.6752 14790
43.9399 15130
44.2173 15470
44.5073 15810
44.7973 16150
45.0873 16490
45.3899 16830
45.7051 17170
46.0203 17510
46.3355 17850
46.6633 18190
46.8902 8840
47.218 9520
47.277 9860
47.4683 10200
47.6574 10540
47.8466 10880
48.0483 11220
48.2626 11560
48.477 11900
48.6913 12240
48.9182 12580
49.1452 12920
49.3847 13260
49.6369 13600
49.8891 13940
50.0782 6800
50.3303 7480
50.4145 7820
50.5933 8160
50.7783 8500
50.9696 8840
51.1421 9180
51.3334 9520
51.5184 9860
51.6972 10200
51.8863 10540
52.088 10880
52.2898 11220
52.4915 11560
52.7058 11900
52.9328 12240
53.1597 12580
53.3867 12920
53.6262 13260
53.8784 13600
54.1305 13940
54.3827 14280
54.6475 14620
54.9248 14960
55.2022 15300
55.4796 15640
55.7696 15980
56.0722 16320
56.3748 16660
56.6773 17000
56.9925 17340
57.3204 17680
57.6482 18020
57.976 18360
58.3164 18700
58.6694 19040
59.0224 19380
59.1737 9520
59.5204 10200
59.6235 10540
59.8253 10880
60.027 11220
60.2287 11560
60.4431 11900
60.67 12240
60.8969 12580
61.1239 12920
61.3634 13260
61.6156 13600
61.8678 13940
62.1199 14280
62.3847 14620
62.6621 14960
62.6999 7310
62.9647 7990
63.1245 8330
63.3095 8670
63.5009 9010
63.6859 9350
63.8646 9690
64.0497 10030
64.241 10370
64.4301 10710
64.6193 11050
64.821 11390
65.0227 11730
65.237 12070
65.464 12410
65.6909 12750
65.9179 13090
66.1574 13430
66.4096 13770
66.6618 14110
66.9139 6800
67.1598 7820
67.3975 8160
67.5825 3910
67.7549 4930
67.94 5270
68.1187 5610
68.3037 5950
68.4951 6290
68.6801 6630
68.8589 6970
69.0439 7310
69.2479 7650
69.4329 7990
69.6116 8330
69.7967 8670
69.8871 4080
70.0596 4760
70.1942 5100
70.3855 5440
70.5706 5780
70.7493 6120
70.947 2890
71.1194 3910
71.2918 4250
71.4769 4590
71.6556 4930
71.8406 5270
72.0194 5610
72.2044 5950
72.3957 6290
72.5808 6630
72.7595 6970
72.9446 7310
73.1823 7650
73.3673 7990
73.546 8330
73.7311 8670
73.9224 9010
74.1074 9350
74.2862 9690
74.4712 10030
74.6626 10370
74.8517 10710
75.0408 11050
75.2425 11390
75.4569 11730
75.6712 12070
75.8855 12410
76.1125 12750
76.3394 13090
76.579 13430
76.8311 13770
77.0833 14110
77.3355 14450
77.6002 14790
77.8776 15130
78.155 15470
78.4324 15810
78.7223 16150
78.8358 7820
79.1195 8500
79.2541 8840
79.4391 9180
79.6179 9520
79.8029 9860
79.9943 10200
80.1834 10540
80.3725 10880
80.5742 11220
80.7886 11560
81.0029 11900
81.2172 12240
81.4442 12580
81.6837 12920
81.9233 13260
82.1628 13600
82.415 13940
82.6798 14280
82.9445 14620
83.2093 14960
83.4867 15300
83.7767 15640
84.054 15980
84.3566 16320
84.6592 16660
84.8231 8160
85.1257 8840
85.2225 9180
85.2981 4420
85.4706 5100
85.6178 5440
85.8028 5780
85.9816 6120
86.1666 6460
86.3579 6800
86.543 7140
86.7217 7480
86.9068 7820
87.0981 8160
87.2831 8500
87.3988 4080
87.5713 4760
87.7059 5100
87.8846 5440
88.0697 5780
88.261 6120
88.446 6460
88.6248 6800
88.8098 7140
88.9885 7480
89.1736 7820
89.3649 8160
89.55 8500
89.7287 8840
89.9137 9180
90.1051 9520
90.2901 9860
90.4689 10200
90.4941 4930
90.6769 5610
90.8367 5950
91.0281 6290
91.2131 6630
91.3918 6970
91.5769 7310
91.7556 7650
91.9406 7990
92.132 8330
92.317 8670
92.4958 9010
92.6808 9350
92.8807 9690
93.0657 10030
93.2444 10370
93.4336 10710
93.6353 11050
93.837 11390
94.0387 11730
94.2531 12070
94.48 12410
94.707 12750
94.9339 13090
95.1735 13430
95.4256 13770
95.6778 14110
95.9299 14450
96.1947 14790
96.4721 15130
96.7495 15470
97.0268 15810
97.3168 16150
97.6194 16490
97.922 16830
98.2246 17170
98.5398 17510
98.8676 17850
99.1954 18190
99.5232 18530
99.8636 18870
100.217 19210
100.444 9350
101.135 10030
101.16 10370
101.352 10710
101.541 11050
101.743 11390
101.957 11730
102.171 12070
102.386 12410
102.613 12750
102.852 13090
103.092 13430
103.331 13770
103.583 14110
103.848 14450
104.113 14790
104.378 15130
104.655 15470
104.945 15810
105.235 16150
105.525 16490
105.828 16830
106.143 17170
106.458 17510
106.773 17850
107.101 18190
107.441 18530
107.782 18870
108.122 19210
108.475 19550
108.841 19890
109.207 20230
109.572 20570
109.938 10030
110.303 11050
110.505 11390
110.707 11730
110.921 12070
111.148 12410
111.375 12750
111.602 13090
111.842 13430
112.094 13770
112.346 14110
112.598 14450
112.863 14790
113.14 15130
113.405 7310
113.676 8330
113.855 8670
114.046 9010
114.231 9350
114.41 9690
114.595 10030
114.786 10370
114.975 10710
115.165 11050
115.366 11390
115.581 11730
115.795 12070
116.009 12410
116.236 12750
116.476 13090
116.715 13430
116.955 13770
117.207 14110
117.472 14450
117.737 14790
118.001 15130
118.279 15470
118.569 15810
118.859 16150
119.149 16490
119.451 16830
119.766 17170
120.082 17510
120.397 17850
120.725 18190
121.065 18530
121.406 18870
121.746 19210
122.099 19550
122.465 19890
122.83 20230
123.196 20570
123.574 20910
123.965 21250
124.356 21590
124.747 21930
125.15 22270
125.566 22610
125.982 22950
126.398 23290
126.827 23630
127.256 23970
127.697 24310
128.151 24650
128.605 24990
129.059 25330
129.412 12410
129.865 13090
129.916 13430
130.168 13770
130.42 14110
130.672 14450
130.937 14790
131.215 15130
131.492 15470
131.769 15810
132.059 16150
132.362 16490
132.664 16830
132.967 17170
133.017 8330
133.326 9010
133.474 9350
133.665 9690
133.85 10030
134.029 10370
134.218 10710
134.407 11050
134.609 11390
134.823 11730
135.037 12070
135.252 12410
135.479 12750
135.718 13090
135.958 13430
136.197 13770
136.449 14110
136.714 14450
136.979 14790
137.244 15130
137.521 15470
137.811 15810
138.101 16150
138.391 16490
138.694 16830
139.009 17170
139.324 17510
139.639 17850
139.967 18190
140.307 18530
140.648 18870
140.988 19210
141.341 19550
141.707 19890
142.073 20230
142.438 20570
142.816 20910
143.207 21250
143.598 21590
143.989 21930
144.392 22270
144.809 22610
145.225 22950
145.641 23290
146.069 23630
146.195 11560
146.624 12240
146.788 12580
147.015 12920
147.254 13260
147.507 13600
147.759 13940
148.011 14280
148.276 14620
148.541 14960
148.818 15300
149.108 15640
149.398 15980
149.688 16320
149.99 16660
150.306 17000
150.621 17340
150.936 17680
151.264 18020
151.604 18360
151.945 18700
152.285 19040
152.336 9350
152.682 10030
152.836 10370
153.025 10710
153.214 11050
153.416 11390
153.63 11730
153.844 12070
154.059 12410
154.286 12750
154.525 13090
154.632 6290
154.853 6970
154.988 7310
155.166 7650
155.351 7990
155.543 8330
155.728 8670
155.907 9010
156.092 9350
156.283 9690
156.468 10030
156.647 10370
156.836 10710
157.05 11050
157.239 11390
157.441 11730
157.655 12070
157.882 12410
158.109 12750
158.336 13090
158.576 13430
158.828 13770
159.08 14110
159.332 14450
159.597 14790
159.862 15130
160.139 15470
160.429 15810
160.719 16150
161.009 16490
161.312 16830
161.627 17170
161.942 17510
162.257 17850
162.585 18190
162.925 18530
163.266 18870
163.606 19210
163.959 19550
164.325 19890
164.691 20230
165.056 20570
165.434 20910
165.825 21250
166.216 21590
166.607 21930
167.01 22270
167.086 10880
167.483 11560
167.66 11900
167.874 12240
168.101 12580
168.341 12920
168.58 13260
168.82 13600
169.072 13940
169.337 14280
169.601 14620
169.866 14960
170.144 15300
170.434 15640
170.724 15980
171.014 16320
171.316 16660
171.631 17000
171.947 17340
172.262 17680
172.59 18020
172.741 8840
173.241 9520
173.401 9860
173.58 10200
173.769 10540
173.97 10880
174.172 11220
174.374 11560
174.588 11900
174.815 12240
175.042 12580
175.269 12920
175.509 13260
175.761 13600
176.013 13940
176.265 14280
176.53 14620
176.807 14960
177.085 15300
177.362 15640
177.652 15980
177.955 16320
178.257 16660
178.56 17000
178.875 17340
179.19 17680
179.518 18020
179.858 18360
180.199 18700
180.539 19040
180.892 19380
181.258 19720
181.624 20060
181.787 9860
182.153 10540
182.254 10880
182.456 11220
182.569 5440
182.765 6120
182.893 6460
183.084 6800
183.269 7140
183.448 7480
183.633 7820
183.824 8160
183.997 8500
184.188 8840
184.373 9180
184.552 9520
184.737 9860
184.928 10200
185.117 10540
185.307 10880
185.508 11220
185.723 11560
185.937 11900
186.151 12240
186.378 12580
186.618 12920
186.857 13260
187.097 13600
187.349 13940
187.614 14280
187.879 14620
188.143 14960
188.421 15300
188.711 15640
189.001 15980
189.291 16320
189.593 16660
189.908 17000
190.224 17340
190.551 8500
190.867 9520
191.045 9860
191.237 10200
191.426 10540
191.615 10880
191.817 11220
192.031 11560
192.245 11900
192.46 12240
192.687 12580
192.914 12920
193.153 13260
193.405 13600
193.657 13940
193.91 14280
194.174 14620
194.452 14960
194.729 15300
195.007 15640
195.107 7650
195.563 8330
195.66 8670
195.839 9010
196.024 9350
196.215 9690
196.4 10030
196.579 10370
196.768 10710
196.97 11050
197.172 11390
197.373 11730
197.588 12070
197.815 12410
198.042 12750
198.269 13090
198.508 13430
198.76 13770
199.012 14110
199.265 14450
199.529 14790
199.807 15130
200.084 15470
200.362 15810
200.652 16150
200.954 16490
201.257 16830
201.559 17170
201.875 17510
202.202 17850
202.53 18190
202.858 18530
203.198 18870
203.501 9180
204.007 9860
204.193 10200
204.39 10540
204.579 10880
204.781 11220
204.995 11560
205.21 11900
205.424 12240
205.651 12580
205.891 12920
206.117 13260
206.37 13600
206.622 13940
206.874 14280
207.139 14620
207.416 14960
207.693 15300
207.971 15640
208.261 15980
208.563 16320
208.841 7990
209.131 9010
209.328 9350
209.528 9690
209.713 10030
209.892 10370
210.081 10710
210.283 11050
210.485 11390
210.686 11730
210.901 12070
211.128 12410
211.355 12750
211.582 13090
211.821 13430
212.073 13770
212.325 14110
212.578 14450
212.842 14790
213.12 15130
213.397 15470
213.674 15810
213.964 16150
214.267 16490
214.57 16830
214.872 17170
215.187 17510
215.503 17850
215.83 18190
216.171 18530
216.511 18870
216.852 19210
217.205 19550
217.57 19890
217.936 20230
218.302 20570
218.68 20910
219.071 21250
219.462 21590
219.852 21930
220.256 22270
220.672 22610
221.088 22950
221.504 23290
221.933 23630
222.374 23970
222.815 24310
223.257 24650
223.71 24990
224.177 25330
224.643 25670
225.11 26010
225.589 26350
226.081 26690
226.572 27030
227.064 27370
227.568 27710
228.085 28050
228.602 28390
229.119 28730
229.649 29070
230.191 29410
230.733 29750
230.872 14620
231.408 15300
231.622 15640
231.912 15980
232.202 16320
232.505 16660
232.82 17000
233.135 17340
233.45 17680
233.778 18020
234.118 18360
234.459 18700
234.799 19040
235.152 19380
235.518 19720
235.871 20060
236.249 20400
236.413 10030
236.785 10710
236.886 11050
237.088 11390
237.289 11730
237.504 12070
237.731 12410
237.957 12750
238.184 13090
238.424 13430
238.676 13770
238.928 14110
239.18 14450
239.445 14790
239.723 15130
240 15470
240.277 15810
240.567 16150
240.87 16490
241.173 16830
241.475 17170
241.765 8330
242.068 9010
242.108 9350
242.286 9690
242.472 10030
242.65 10370
242.839 10710
243.041 11050
243.243 11390
243.445 11730
243.659 12070
243.886 12410
244.113 12750
244.34 13090
244.579 13430
244.831 13770
245.084 14110
245.336 14450
245.601 14790
245.878 15130
246.155 15470
246.433 15810
246.723 16150
247.025 16490
247.328 16830
247.63 17170
247.946 17510
248.273 17850
248.601 18190
248.929 18530
249.269 18870
249.622 19210
249.975 19550
250.051 9520
250.398 10200
250.551 10540
250.741 10880
250.942 11220
251.157 11560
251.371 11900
251.585 12240
251.812 12580
252.039 12920
252.279 13260
252.531 13600
252.783 13940
253.035 14280
253.3 14620
253.577 14960
253.855 15300
254.132 15640
254.422 15980
254.725 16320
255.027 16660
255.33 17000
255.645 17340
255.973 17680
256.301 18020
256.628 18360
256.969 18700
257.322 19040
257.675 19380
258.028 19720
258.394 20060
258.772 20400
258.936 10030
259.301 10710
259.402 11050
259.604 11390
259.818 11730
260.033 12070
260.247 12410
260.474 12750
260.701 13090
260.94 13430
261.193 13770
261.445 14110
261.697 14450
261.962 14790
262.239 15130
262.516 15470
262.794 15810
263.084 16150
263.361 7820
263.651 8500
263.691 8840
263.876 9180
264.055 9520
264.24 9860
264.431 10200
264.62 10540
264.81 10880
265.011 11220
265.213 11560
265.427 11900
265.654 12240
265.881 12580
266.108 12920
266.348 13260
266.6 13600
266.852 13940
267.104 14280
267.369 14620
267.646 14960
267.924 15300
268.201 15640
268.491 15980
268.794 16320
269.096 16660
269.323 8160
269.626 8840
269.685 9180
269.876 9520
270.049 9860
270.24 10200
270.429 10540
270.618 10880
270.82 11220
271.034 11560
271.249 11900
271.463 12240
271.69 12580
271.929 12920
272.169 13260
272.408 13600
272.661 13940
272.925 14280
273.19 14620
273.455 14960
273.732 15300
274.022 15640
274.312 15980
274.602 16320
274.905 16660
275.22 17000
275.535 17340
275.85 17680
276.178 18020
276.519 18360
276.859 18700
277.199 19040
277.553 19380
277.918 19720
278.284 20060
278.649 20400
279.028 20740
279.418 21080
279.809 21420
280.2 21760
280.604 22100
281.02 22440
281.436 22780
281.852 23120
282.281 23460
282.722 23800
283.163 24140
283.604 24480
284.058 24820
284.525 25160
284.991 25500
285.458 25840
285.937 26180
286.429 26520
286.92 26860
287.412 27200
287.916 27540
288.433 27880
288.938 28220
289.467 28560
289.744 14110
290.261 14790
290.387 15130
290.665 15470
290.942 15810
291.232 16150
291.535 16490
291.837 16830
292.14 17170
292.455 17510
292.783 17850
293.111 18190
293.439 18530
293.779 18870
294.119 19210
294.472 19550
294.838 19890
295.204 20230
295.569 20570
295.948 20910
296.338 21250
296.729 21590
297.12 21930
297.524 22270
297.94 22610
298.356 22950
298.772 23290
299.2 23630
299.642 23970
300.083 24310
300.524 24650
300.978 24990
301.445 25330
301.911 25670
302.378 26010
302.857 26350
303.348 26690
303.84 27030
304.332 27370
304.836 27710
305.353 28050
305.87 28390
306.387 28730
306.917 29070
307.459 29410
308.001 29750
308.543 30090
309.098 30430
309.665 30770
310.232 31110
310.8 31450
310.875 15470
311.443 16150
311.695 16490
311.998 16830
312.313 17170
312.615 17510
312.943 17850
313.271 18190
313.599 18530
313.939 18870
314.292 19210
314.645 19550
314.998 19890
315.364 20230
315.742 20570
316.12 20910
316.499 21250
316.889 21590
317.293 21930
317.696 22270
318.1 22610
318.516 22950
318.945 23290
319.373 23630
319.802 23970
320.243 24310
320.697 24650
321.151 24990
321.605 12240
322.059 13260
322.298 13600
322.55 13940
322.815 14280
323.08 14620
323.345 14960
323.622 15300
323.912 15640
323.95 7650
324.234 8330
324.381 8670
324.572 9010
324.757 9350
324.936 9690
325.121 10030
325.312 10370
325.501 10710
325.691 11050
325.892 11390
326.107 11730
326.321 12070
326.535 12410
326.762 12750
327.002 13090
327.241 13430
327.481 13770
327.733 14110
327.998 14450
328.237 6970
328.49 7990
328.727 8330
328.912 8670
329.091 9010
329.276 9350
329.467 9690
329.652 10030
329.831 10370
330.02 10710
330.222 11050
330.424 11390
330.625 11730
330.84 12070
331.054 12410
331.281 12750
331.521 13090
331.76 13430
332 13770
332.252 14110
332.517 14450
332.781 14790
333.046 15130
333.324 15470
333.614 15810
333.904 16150
334.143 7820
334.427 8500
334.486 8840
334.671 9180
334.862 9520
335.047 9860
335.226 10200
335.415 10540
335.617 10880
335.818 11220
336.02 11560
336.235 11900
336.411 5780
336.619 6460
336.716 6800
336.901 7140
337.08 7480
337.265 7820
337.456 8160
337.641 8500
337.82 8840
338.005 9180
338.196 9520
338.381 9860
338.56 10200
338.749 10540
338.951 10880
339.153 11220
339.354 11560
339.569 11900
339.783 12240
340.01 12580
340.249 12920
340.489 13260
340.729 13600
340.981 13940
341.245 14280
341.51 14620
341.775 14960
342.052 15300
342.342 15640
342.632 15980
342.922 16320
343.225 16660
343.54 17000
343.855 17340
344.171 17680
344.498 18020
344.839 18360
345.179 18700
345.52 19040
345.873 19380
346.238 19720
346.604 20060
346.97 20400
347.348 20740
347.739 21080
348.129 21420
348.52 21760
348.924 22100
349.34 22440
349.63 11050
350.04 11730
350.09 12070
350.317 12410
350.544 12750
350.771 13090
351.01 13430
351.263 13770
351.515 14110
351.767 14450
352.032 14790
352.309 15130
352.586 15470
352.864 15810
353.154 16150
353.444 16490
353.746 16830
354.062 17170
354.377 17510
354.692 17850
355.02 18190
355.36 18530
355.701 18870
356.041 19210
356.394 19550
356.76 19890
357.125 20230
357.491 20570
357.869 20910
358.26 21250
358.651 21590
359.042 21930
359.445 22270
359.861 22610
360.277 22950
360.693 23290
361.122 23630
361.563 23970
362.005 24310
362.446 24650
362.9 24990
363.366 25330
363.833 25670
364.299 26010
364.778 12750
365.251 13770
365.491 14110
365.755 14450
366.02 14790
366.285 15130
366.562 15470
366.852 15810
367.142 16150
367.432 16490
367.735 16830
368.05 17170
368.365 17510
368.68 17850
369.008 18190
369.349 18530
369.689 18870
369.765 9180
370.105 9860
370.246 10200
370.435 10540
370.624 10880
370.826 11220
371.04 11560
371.255 11900
371.469 12240
371.696 12580
371.936 12920
372.175 13260
372.415 13600
372.667 13940
372.932 14280
373.196 14620
373.461 14960
373.739 15300
374.029 15640
374.318 15980
374.608 16320
374.911 16660
375.214 17000
375.529 17340
375.857 17680
376.184 18020
376.512 18360
376.853 18700
377.206 19040
377.559 19380
377.912 19720
378.277 20060
378.656 20400
379.034 20740
379.412 21080
379.803 21420
380.206 21760
380.61 22100
381.013 22440
381.429 22780
381.858 23120
382.287 23460
382.715 23800
383.157 24140
383.611 24480
384.064 24820
384.518 25160
384.985 25500
385.464 25840
385.943 26180
386.422 26520
386.914 26860
387.418 27200
387.923 27540
388.427 27880
388.881 13770
389.391 14450
389.417 14790
389.681 15130
389.959 15470
390.249 15810
390.539 16150
390.829 16490
391.131 16830
391.446 17170
391.774 8330
392.083 9350
392.256 9690
392.441 10030
392.619 10370
392.808 10710
393.01 11050
393.212 11390
393.414 11730
393.628 12070
393.855 12410
394.082 12750
394.309 13090
394.548 13430
394.801 13770
395.053 14110
395.305 14450
395.57 14790
395.847 15130
396.124 15470
396.402 15810
396.692 16150
396.994 16490
397.297 16830
397.6 17170
397.915 17510
398.243 17850
398.57 18190
398.898 18530
399.239 18870
399.592 19210
399.945 19550
400.02 9520
