0.0 0
0.539751 3400
1.08568 3740
1.09829 4080
1.11089 4420
1.1235 4760
1.13611 5100
1.34241 5440
1.63704 5780
1.64965 6120
1.66226 6460
1.67487 6800
1.68748 7140
1.70008 7480
1.71269 7820
1.89378 8160
2.18841 8500
2.20102 8840
2.21363 9180
2.22623 9520
2.23884 9860
2.25145 10200
2.26406 10540
2.27667 10880
2.28927 11220
2.30188 11560
2.43884 11900
2.45145 12240
2.73978 12580
2.75239 12920
2.76499 13260
2.7776 13600
2.79021 13940
2.80282 14280
2.81543 14620
2.82803 14960
2.84064 15300
2.85325 15640
2.86586 15980
2.87847 16320
2.89107 16660
2.90368 17000
2.91629 17340
2.99021 17680
3.00282 18020
3.01543 18360
3.29114 18700
3.30375 19040
3.31636 19380
3.32897 19720
3.34158 20060
3.35418 20400
3.36679 20740
3.3794 21080
3.39201 21420
3.40462 21760
3.41722 22100
3.42983 22440
3.44244 22780
3.45505 23120
3.46766 23460
3.48026 23800
3.49287 24140
3.50548 24480
3.51809 24820
3.5307 25160
3.5433 25500
3.55591 25840
3.56852 26180
3.58113 26520
3.59374 26860
3.60634 27200
3.61895 27540
3.84251 27880
3.85512 28220
3.86773 28560
3.88034 28900
3.89294 29240
3.90555 29580
3.91816 29920
3.93077 30260
3.94338 30600
3.95598 30940
3.96859 31280
3.9812 31620
3.99381 31960
4.00642 32300
4.01902 32640
4.03163 32980
4.04424 33320
4.05685 33660
4.06946 34000
4.08206 34340
4.09467 34680
4.10728 35020
4.11989 35360
4.1325 35700
4.1451 36040
4.15771 36380
4.17032 36720
4.18293 37060
4.19554 37400
4.20814 37740
4.22075 38080
4.23336 38420
4.24597 38760
4.25858 39100
4.27118 39440
4.28379 39780
4.2964 40120
4.30901 40460
4.32162 40800
4.33422 41140
4.38757 41480
4.40018 41820
4.41279 42160
4.4254 42500
4.43801 42840
4.45061 43180
4.46322 43520
4.47583 43860
4.48844 44200
4.50105 44540
4.51365 44880
4.52626 45220
4.53887 45560
4.55148 45900
4.56409 46240
4.57669 46580
4.5893 46920
4.60191 47260
4.61452 47600
4.62713 47940
4.63973 48280
4.65234 48620
4.66495 48960
4.67756 49300
4.69017 49640
4.70277 49980
4.71538 50320
4.72799 50660
4.7406 51000
4.75321 51340
4.76581 51680
4.77842 52020
4.79103 52360
4.80364 52700
4.81625 53040
4.82885 53380
4.84146 53720
4.85407 54060
4.86668 54400
4.87929 54740
4.89189 55080
4.9045 55420
4.91711 55760
4.92972 56100
4.94233 56440
4.95493 56780
4.96754 57120
4.98015 57460
4.99276 57800
5.00537 58140
5.01797 58480
5.03058 58820
5.04319 59160
5.0558 59500
5.06841 59840
5.08101 60180
5.09362 60520
5.10623 60860
5.11884 61200
5.13145 61540
5.14405 61880
5.15666 62220
5.16927 62560
5.18188 62900
5.19449 63240
5.20709 63580
5.2197 63920
5.23231 64260
5.24492 64600
5.25753 64940
5.27013 65280
5.28274 65620
5.29535 65960
5.30796 66300
5.32057 66640
5.33317 66980
5.34578 67320
5.35839 67660
5.371 68000
5.38361 68340
5.39621 68680
5.40882 69020
5.42143 69360
5.43404 69700
5.44665 70040
5.45925 70380
5.47186 70720
5.48447 71060
5.49708 71400
5.50969 71740
5.52229 72080
5.5349 72420
5.54751 72760
5.56012 73100
5.57273 73440
5.58533 73780
5.59794 74120
5.61055 74460
5.62316 74800
5.63577 75140
5.64837 75480
5.66098 75820
5.67359 76160
5.6862 76500
5.69881 76840
5.71141 77180
5.72402 77520
5.73663 77860
5.74924 78200
5.76185 78540
5.77445 78880
5.78706 79220
5.79967 79560
5.81228 79900
5.82489 80240
5.83749 80580
5.8501 80920
5.86271 81260
5.87532 81600
5.88793 81940
5.90053 82280
5.91314 82620
5.92575 82960
5.93836 83300
5.95097 83640
5.96357 83980
5.97618 84320
5.98879 84660
6.0014 85000
6.01401 85340
6.02661 85680
6.03922 86020
6.05183 86360
6.06444 86700
6.07705 87040
6.08965 87380
6.10226 87720
6.11487 88060
6.12748 88400
6.14009 88740
6.15269 89080
6.1653 89420
6.17791 89760
6.19052 90100
6.20313 90440
6.21573 90780
6.22834 91120
6.24095 91460
6.25356 91800
6.26617 92140
6.27877 92480
6.29138 92820
6.30399 93160
6.3166 93500
6.32921 93840
6.34181 94180
6.35442 94520
6.36703 94860
6.37964 95200
6.39225 95540
6.40485 95880
6.41746 96220
6.43007 96560
6.44268 96900
6.45529 97240
6.46789 97580
6.4805 97920
6.49311 98260
6.50572 98600
6.51833 98940
6.53093 99280
6.54354 99620
6.55615 99960
6.56876 100300
6.58137 100640
6.59397 100980
6.60658 101320
6.61919 101660
6.6318 102000
6.64441 102340
6.65701 102680
6.66962 103020
6.68223 103360
6.69484 103700
6.70745 104040
6.72005 104380
6.73266 104720
6.74527 105060
6.75788 105400
6.77049 105740
6.78309 106080
6.7957 106420
6.80831 106760
6.82092 107100
6.83353 107440
6.84613 107780
6.85874 108120
6.87135 108460
6.88396 108800
6.89657 109140
6.90917 109480
6.92178 109820
6.93439 110160
6.947 110500
6.95961 110840
6.97221 111180
6.98482 111520
6.99743 111860
7.01004 112200
7.02265 112540
7.03525 112880
7.04786 113220
7.06047 113560
7.07308 113900
7.08569 114240
7.09829 114580
7.1109 114920
7.12351 115260
7.13612 115600
7.14873 115940
7.16133 116280
7.17394 116620
7.18655 116960
7.19916 117300
7.21177 117640
7.22437 117980
7.23698 118320
7.24959 118660
7.2622 119000
7.27481 119340
7.28741 119680
7.30002 120020
7.31263 120360
7.32524 120700
7.33785 121040
7.35045 121380
7.36306 121720
7.37567 122060
7.38828 122400
7.40089 122740
7.41349 123080
7.4261 123420
7.43871 123760
7.45132 124100
7.46393 124440
7.47653 124780
7.48914 125120
7.50175 125460
7.51436 125800
7.52697 126140
7.53957 126480
7.55218 126820
7.56479 127160
7.5774 127500
7.59001 127840
7.60261 128180
7.61522 128520
7.62783 128860
7.64044 129200
7.65305 129540
7.66565 129880
7.67826 130220
7.69087 130560
7.70348 130900
7.71609 131240
7.72869 131580
7.7413 131920
7.75391 132260
7.76652 132600
7.77913 132940
7.79173 133280
7.80434 133620
7.81695 133960
7.82956 134300
7.84217 134640
7.85477 134980
7.86738 135320
7.87999 135660
7.8926 136000
7.90521 136340
7.91781 136680
7.93042 137020
7.94303 137360
7.95564 137700
7.96825 138040
7.98716 68850
11.4973 340
11.8695 680
12.4146 1020
12.9596 1360
13.5047 1700
13.5236 2040
14.0623 2380
14.0813 2720
14.6074 3060
14.6263 3400
14.6452 3740
15.1588 4080
15.1777 4420
15.1966 4760
15.2155 5100
15.7101 5440
15.7291 5780
15.748 6120
15.7669 6460
15.7858 6800
16.2552 7140
16.2741 7480
16.293 7820
16.3119 8160
16.3309 8500
16.3498 8840
16.3687 9180
16.8066 9520
16.8255 9860
16.8444 10200
16.8633 10540
16.8822 10880
16.9011 11220
16.92 11560
16.939 11900
16.9579 12240
17.3516 12580
17.3705 12920
17.3895 13260
17.4084 13600
17.4273 13940
17.4462 14280
17.4651 14620
17.484 14960
17.5029 15300
17.5218 15640
17.5408 15980
17.5597 16320
17.8967 16660
17.9156 17000
17.9345 17340
17.9534 17680
17.9723 18020
17.9913 18360
18.0102 18700
18.0291 19040
18.048 19380
18.0669 19720
18.0858 20060
18.1047 20400
18.1236 20740
18.1426 21080
18.1615 21420
18.1804 21760
18.4418 22100
18.4607 22440
18.4796 22780
18.4985 23120
18.5174 23460
18.5363 23800
18.5552 24140
18.5741 24480
18.5931 24820
18.612 25160
18.6309 25500
18.6498 25840
18.6687 26180
18.6876 26520
18.7065 26860
18.7254 27200
18.7444 27540
18.7633 27880
18.7822 28220
18.8011 28560
18.82 28900
18.8389 29240
18.9994 29580
19.0183 29920
19.0373 30260
19.0562 30600
19.0751 30940
19.094 31280
19.1129 31620
19.1318 31960
19.1507 32300
19.1696 32640
19.1886 32980
19.2075 33320
19.2264 33660
19.2453 34000
19.2642 34340
19.8723 35020
20.5279 17340
21.9337 17680
22.3939 18020
23.0558 18360
23.724 18700
24.3923 19040
25.0794 19380
25.7728 19720
26.4663 20060
27.1723 20400
27.8973 20740
28.6286 21080
29.3724 21420
30.1163 21760
30.8728 22100
31.6419 22440
32.4236 22780
33.2242 23120
34.0059 23460
34.8128 23800
35.6449 24140
35.9664 11900
37.1137 5780
38.6519 9180
38.715 9520
38.8915 9860
39.0806 10200
39.2697 10540
39.484 10880
39.8749 11220
40.2784 11560
40.6881 11900
41.1105 12240
41.5392 12580
41.9678 12920
42.4217 13260
42.8567 13600
43.3421 13940
43.8275 14280
44.3255 14620
44.8424 14960
45.372 15300
45.9267 15640
46.4626 15980
47.0362 16320
47.6099 16660
48.1899 17000
48.7888 17340
49.4002 17680
50.0054 18020
50.6295 18360
51.2599 18700
51.8966 19040
52.5333 19380
53.2016 19720
53.8761 20060
54.5695 20400
55.2882 20740
56.0068 21080
56.7192 21420
57.482 21760
58.2384 22100
59.0012 22440
59.7577 22780
60.5457 23120
61.3526 23460
62.1469 23800
62.9475 24140
63.7544 24480
64.574 24820
65.4187 25160
66.2634 25500
67.1208 25840
67.9718 26180
68.8607 26520
69.2957 13090
70.4682 13430
70.7204 13770
70.9725 14110
71.3382 14450
71.8551 14790
72.3783 15130
72.9079 15470
73.45 15810
73.9921 16150
74.5658 16490
75.1458 16830
75.7068 17170
76.3057 17510
76.9109 17850
77.5035 18190
78.1276 18530
78.7769 18870
79.4136 19210
80.0692 19550
80.7311 19890
81.4056 20230
82.0865 20570
82.7736 20910
83.486 21250
84.2109 21590
84.9233 21930
85.6545 22270
86.3921 22610
87.1423 22950
87.8988 23290
88.6679 23630
89.4369 23970
90.2123 24310
91.0192 24650
91.8325 24990
92.6583 25330
93.4904 25670
94.3352 26010
95.1862 26350
96.0561 26690
96.9198 27030
97.8087 27370
98.7038 27710
99.6242 28050
100.551 28390
101.503 28730
102.467 29070
103.438 29410
104.409 29750
105.392 30090
106.395 30430
107.384 30770
108.065 15130
109.219 15470
109.509 15810
109.799 16150
110.297 16490
110.883 16830
111.482 17170
112.087 17510
112.705 17850
113.316 18190
113.953 18530
114.59 18870
115.252 19210
115.907 19550
116.557 19890
117.244 20230
117.269 9860
118.322 10200
118.511 10540
118.7 10880
119.003 11220
119.406 11560
119.803 11900
120.226 12240
120.648 12580
121.077 12920
121.518 13260
121.972 13600
122.426 13940
122.741 6800
123.548 7140
123.674 7480
123.813 7820
123.964 8160
124.128 8500
124.43 8840
124.746 9180
125.067 9520
125.414 9860
125.742 10200
126.107 10540
126.467 10880
126.857 11220
127.242 11560
127.645 11900
128.062 12240
128.49 12580
128.932 12920
129.366 13260
129.82 13600
130.281 13940
130.766 14280
131.258 14620
131.737 14960
132.241 15300
132.758 15640
133.262 15980
133.792 16320
134.353 16660
134.851 8160
135.652 8500
135.803 8840
135.967 9180
136.143 9520
136.389 9860
136.742 10200
137.101 10540
137.473 10880
137.845 11220
138.236 11560
138.633 11900
139.043 12240
139.453 12580
139.875 12920
140.298 13260
140.752 13600
141.205 6630
141.937 6970
142.063 7310
142.201 7650
142.34 7990
142.479 8330
142.744 8670
143.046 9010
143.355 9350
143.677 9690
144.004 10030
144.332 10370
144.679 10710
145.026 11050
145.404 11390
145.782 11730
146.173 12070
146.595 12410
146.797 5950
148.052 8330
148.203 8670
148.354 9010
148.518 9350
148.688 9690
149.035 10030
149.375 4760
150.025 5100
150.126 5440
150.226 5780
150.327 6120
150.441 6460
150.573 6800
150.813 7140
151.059 7480
151.311 7820
151.412 3740
152.076 4080
152.152 4420
152.228 4760
152.316 5100
152.417 5440
152.518 5780
152.716 6120
152.924 6460
153.145 6800
153.378 7140
153.611 7480
153.863 7820
154.122 8160
154.286 3910
154.944 4250
155.02 4590
155.096 4930
155.184 5270
155.272 5610
155.373 5950
155.559 6290
155.76 6630
155.994 6970
156.221 7310
156.454 7650
156.712 7990
156.977 8330
157.248 8670
157.526 9010
157.841 9350
158.131 9690
158.452 10030
158.767 10370
159.108 10710
159.448 11050
159.833 11390
160.186 11730
160.583 12070
160.961 12410
161.371 12750
161.781 13090
162.19 13430
162.632 13770
162.764 6630
163.565 6970
163.691 7310
163.817 7650
163.956 7990
164.164 8330
164.46 8670
164.763 9010
165.059 9350
165.374 9690
165.702 10030
166.042 10370
166.402 10710
166.755 11050
167.133 11390
167.221 5440
167.984 5780
168.085 6120
168.198 6460
168.312 6800
168.438 7140
168.696 7480
168.961 7820
169.232 8160
169.509 8500
169.812 8840
170.102 9180
170.423 9520
170.732 9860
171.06 10200
171.401 10540
171.76 10880
172.119 11220
172.51 11560
172.781 5610
173.487 5950
173.588 6290
173.702 6630
173.828 6970
173.954 7310
174.168 7650
174.439 7990
174.698 8330
174.975 8670
175.259 9010
175.561 9350
175.864 9690
176.185 10030
176.494 10370
176.519 4930
177.235 5270
177.336 5610
177.436 5950
177.537 6290
177.626 2890
178.268 3230
178.319 3570
178.382 3910
178.457 4250
178.539 4590
178.615 4930
178.703 5270
178.927 5610
179.116 5950
179.311 6290
179.516 6630
179.743 6970
179.97 7310
180.203 7650
180.461 7990
180.707 8330
180.985 8670
181.256 9010
181.546 9350
181.848 9690
182.164 10030
182.485 10370
182.687 4930
183.364 5270
183.465 5610
183.566 5950
183.667 6290
183.78 6630
183.979 6970
184.218 7310
184.464 7650
184.722 7990
184.975 8330
185.246 8670
185.536 9010
185.826 9350
186.141 9690
186.45 10030
186.765 10370
187.099 10710
187.446 11050
187.799 11390
188.171 11730
188.543 12070
188.915 12410
189.224 5950
189.907 6290
190.021 6630
190.071 3060
190.711 3400
190.774 3740
190.85 4080
190.925 4420
191.004 4760
191.092 5100
191.268 5440
191.464 5780
191.666 6120
191.883 6460
192.11 6800
192.255 3230
192.888 3570
192.954 3910
193.036 4250
193.099 4590
193.187 4930
193.276 5270
193.465 5610
193.654 5950
193.856 6290
194.079 6630
194.306 6970
194.549 7310
194.782 7650
195.034 7990
195.292 8330
195.57 8670
195.86 9010
196.156 9350
196.452 9690
196.78 10030
197.108 10370
197.455 10710
197.814 11050
198.173 11390
198.552 11730
198.936 12070
199.333 12410
199.743 12750
200.147 13090
200.575 13430
201.023 13770
201.47 14110
201.937 14450
202.397 14790
202.876 15130
203.362 15470
203.86 15810
204.37 16150
204.9 16490
205.429 16830
205.965 17170
206.52 17510
207.106 17850
207.68 18190
208.266 18530
208.859 18870
209.476 19210
210.082 19550
210.208 9520
211.134 9860
211.311 10200
211.5 10540
211.84 10880
212.225 11220
212.622 11560
213.019 11900
213.442 12240
213.864 12580
214.293 12920
214.734 13260
215.2 13600
215.661 13940
216.152 14280
216.644 14620
217.142 14960
217.646 15300
218.182 15640
218.705 15980
219.241 16320
219.783 16660
220.363 17000
220.912 17340
221.486 17680
222.091 18020
222.702 18360
223.307 18700
223.686 9180
224.524 9520
224.701 9860
224.877 10200
225.123 10540
225.508 10880
225.892 11220
226.283 11560
226.699 11900
227.121 12240
227.544 12580
227.985 12920
228.42 13260
228.552 6460
229.305 6800
229.432 7140
229.57 7480
229.709 7820
229.983 8160
230.273 8500
230.557 8840
230.872 9180
231.168 9520
231.49 9860
231.83 10200
232.183 10540
232.555 10880
232.939 11220
233.33 11560
233.734 11900
234.131 12240
234.257 5950
235.004 6290
235.117 6630
235.231 6970
235.357 7310
235.561 7650
235.833 7990
236.116 8330
236.394 8670
236.696 9010
236.999 9350
237.314 9690
237.635 10030
237.988 10370
238.329 10710
238.707 11050
239.079 11390
239.451 11730
239.867 12070
240.264 12410
240.68 12750
241.122 13090
241.544 13430
241.985 13770
242.067 6630
243.243 7990
243.262 3740
243.917 4080
243.992 4420
244.081 4760
244.175 5100
244.263 5440
244.449 5780
244.651 6120
244.859 6460
245.108 6800
245.335 7140
245.583 7480
245.842 7820
246.1 8160
246.371 8500
246.649 8840
246.939 9180
247.235 9520
247.531 9860
247.847 10200
248.162 10540
248.508 10880
248.861 11220
249.208 11560
249.599 11900
249.965 12240
250.368 12580
250.759 12920
251.156 13260
251.585 13600
252.007 13940
252.448 14280
252.928 14620
253.381 14960
253.879 15300
254.377 15640
254.907 15980
255.437 16320
255.991 16660
256.559 17000
257.126 17340
257.687 17680
258.273 18020
258.885 18360
259.49 18700
260.102 19040
260.719 19380
261.356 19720
261.999 20060
262.661 20400
263.323 20740
264.01 21080
264.691 21420
265.384 21760
266.103 22100
266.815 22440
267.547 22780
268.29 23120
269.041 23460
269.81 23800
270.579 24140
271.354 24480
272.148 24820
272.949 25160
273.081 12410
274.153 12750
274.38 13090
274.676 13430
275.155 13770
275.641 14110
276.133 14450
276.631 14790
277.141 15130
277.658 15470
278.181 15810
278.711 16150
279.253 16490
279.789 16830
280.35 17170
280.917 17510
281.504 17850
282.109 18190
282.708 18530
283.332 18870
283.962 19210
284.63 19550
285.292 19890
285.967 20230
286.66 20570
287.366 20910
288.079 21250
288.797 21590
289.522 21930
290.247 22270
290.991 22610
291.735 22950
291.981 11220
292.945 11560
293.147 11900
293.374 12240
293.815 12580
294.269 12920
294.729 13260
295.196 13600
295.675 13940
296.16 14280
296.646 14620
297.144 14960
297.667 15300
298.184 15640
298.701 15980
299.249 16320
299.792 16660
300.365 17000
300.926 17340
301.512 17680
302.099 18020
302.71 18360
303.315 18700
303.94 19040
304.57 19380
305.207 19720
305.85 20060
306.505 20400
307.155 20740
307.829 21080
308.504 21420
309.197 21760
309.884 22100
310.597 22440
311.322 22780
312.053 23120
312.797 23460
313.559 23800
314.322 24140
315.11 24480
315.892 24820
316.346 12240
317.285 12580
317.525 12920
317.764 13260
318.237 13600
318.722 13940
319.22 14280
319.731 14620
320.242 14960
320.759 15300
321.288 15640
321.83 15980
322.372 16320
322.927 16660
323.488 17000
324.056 17340
324.636 17680
325.234 18020
325.833 18360
326.439 18700
327.069 19040
327.706 19380
328.361 19720
328.815 9690
329.616 10030
329.792 10370
329.981 10710
330.278 11050
330.656 11390
331.053 11730
331.463 12070
331.873 12410
332.295 12750
332.736 13090
333.177 13430
333.625 13770
334.098 14110
334.564 14450
335.05 14790
335.541 15130
336.046 15470
336.544 15810
337.067 16150
337.59 16490
338.132 16830
338.675 17170
339.223 17510
339.79 17850
340.37 18190
340.957 18530
341.562 18870
342.18 19210
342.785 19550
343.415 19890
344.058 20230
344.714 20570
345.376 20910
346.063 21250
346.763 21590
347.488 21930
348.213 22270
348.963 22610
349.725 22950
350.495 23290
351.22 23630
351.771 23970
352.329 24310
352.893 24650
353.45 24990
354.002 25330
354.559 25670
355.123 26010
355.681 26350
356.232 26690
356.79 27030
357.354 27370
357.912 27710
358.463 28050
359.021 28390
359.585 28730
359.912 14110
360.457 14790
360.851 15130
361.415 15470
361.979 15810
362.524 16150
363.038 7820
364.128 8840
364.673 9180
365.224 9520
365.782 9860
366.346 10200
366.891 10540
367.455 10880
368.013 11220
368.564 11560
369.122 11900
369.686 12240
370.243 12580
370.795 12920
371.352 13260
371.961 13600
372.518 13940
373.07 14280
373.627 14620
374.191 14960
374.749 15300
375.3 15640
375.858 15980
376.422 16320
376.98 16660
377.531 17000
378.089 17340
378.653 17680
379.21 18020
379.762 18360
380.319 18700
380.883 19040
381.441 19380
381.992 19720
382.55 20060
383.144 20400
383.701 20740
384.253 21080
384.705 10370
385.25 11050
385.6 11390
386.151 11730
386.747 12070
387.298 12410
387.856 12750
388.42 13090
388.965 13430
389.529 13770
390.086 14110
390.638 14450
391.195 14790
391.759 15130
392.317 15470
392.868 15810
393.426 16150
393.99 16490
394.548 16830
395.099 17170
395.657 17510
396.221 17850
396.309 8670
396.854 9350
397.361 9690
397.925 10030
398.477 10370
399.034 10710
399.598 11050
