0.0 0
0.446593 3400
0.899362 3740
0.91197 4080
0.924578 4420
0.937186 4760
0.949794 5100
1.1561 5440
1.35757 5780
1.37018 6120
1.38279 6460
1.39539 6800
1.408 7140
1.42061 7480
1.43322 7820
1.61431 8160
1.81578 8500
1.82839 8840
1.841 9180
1.8536 9520
1.86621 9860
1.87882 10200
1.89143 10540
1.90404 10880
1.91664 11220
1.92925 11560
2.06621 11900
2.07882 12240
2.27399 12580
2.2866 12920
2.2992 13260
2.31181 13600
2.32442 13940
2.33703 14280
2.34964 14620
2.36224 14960
2.37485 15300
2.38746 15640
2.40007 15980
2.41268 16320
2.42528 16660
2.43789 17000
2.4505 17340
2.52442 17680
2.53703 18020
2.54964 18360
2.7322 18700
2.74481 19040
2.75741 19380
2.77002 19720
2.78263 20060
2.79524 20400
2.80785 20740
2.82045 21080
2.83306 21420
2.84567 21760
2.85828 22100
2.87089 22440
2.88349 22780
2.8961 23120
2.90871 23460
2.92132 23800
2.93393 24140
2.94653 24480
2.95914 24820
2.97175 25160
2.98436 25500
3.00957 12580
4.04577 12920
4.28964 6290
5.49767 340
5.85339 680
6.7635 1020
6.9698 1360
7.22171 1700
7.42801 2040
7.67992 2380
7.87992 2720
7.89253 3060
8.34443 3400
8.80264 3740
9.26085 4080
9.72536 4420
10.1962 4760
10.6481 2210
11.1 3230
11.5582 3570
12.029 3910
12.4872 4250
13.1328 4590
13.591 4930
13.8303 2210
14.2822 2890
14.7011 3230
15.1797 3570
15.6379 3910
16.1088 4250
16.567 4590
17.0504 4930
17.5149 5270
17.9731 5610
18.3353 2550
19.2391 2890
19.3414 3230
19.9429 3570
20.3948 3910
20.8782 4250
21.3428 4590
21.801 4930
22.2655 5270
22.8796 5610
23.3441 2550
23.796 3570
24.2605 3910
24.6872 1700
25.3706 2720
25.854 3060
26.3122 3400
26.7704 3740
27.249 4080
27.7136 4420
28.1592 2040
28.6111 3060
29.2882 3400
29.7464 3740
30.4046 4080
30.8691 4420
31.3399 4760
31.8107 5100
32.269 2380
33.1728 2720
33.5868 3060
34.0451 3400
34.5159 3740
34.9741 4080
35.4386 4420
35.922 4760
36.3865 5100
36.8447 5440
37.3093 5780
37.917 6120
38.3815 6460
38.8397 6800
39.3043 7140
39.7625 7480
40.227 7820
40.8537 8160
41.3182 8500
41.7764 8840
42.2409 9180
42.7117 9520
43.1762 9860
43.6344 10200
44.099 10540
44.5698 10880
45.0343 11220
45.5051 5440
46.4089 6120
46.7789 2890
47.3253 1190
47.7772 2210
47.8151 2550
48.2544 2890
48.7126 3230
49.1708 3570
49.6353 3910
50.1061 4250
50.5643 4590
51.1973 2040
51.6492 3060
52.1137 3400
52.7719 1530
53.2238 2550
53.4757 2890
53.934 3230
54.5796 3570
55.0441 3910
55.5023 4250
55.9668 1870
56.8706 2550
57.3225 2890
57.7807 3230
58.2452 3570
58.7034 3910
59.1679 4250
59.6388 4590
60.1033 4930
60.5804 5270
61.4023 2380
61.8542 3400
62.3124 3740
62.7706 4080
63.2414 4420
63.3107 2040
63.7626 2720
64.1893 3060
64.6601 3400
65.1184 3740
65.5892 4080
66.0285 1870
66.4804 2890
66.9386 3230
67.4094 3570
67.8676 3910
68.5195 4250
68.984 4590
69.4422 4930
69.9067 5270
70.546 5610
70.998 5950
71.4688 6290
71.9333 6630
72.3915 6970
72.856 7310
73.3268 7650
73.7913 7990
74.2495 8330
74.6762 3910
75.1281 4590
75.5422 2040
76.446 3060
76.7294 3400
77.194 3740
77.6522 4080
78.2663 4420
78.7245 4760
79.2016 5100
79.6724 5440
80.1495 5780
80.5699 2720
81.0218 3400
81.4533 3740
81.9115 4080
82.3761 4420
82.8343 4760
83.2988 5100
83.7696 2380
84.2215 3400
84.6986 3740
85.1568 4080
85.615 4420
86.2669 4760
86.7315 5100
87.1897 5440
87.6542 5780
88.2886 6120
88.7532 6460
89.2114 6800
89.6759 7140
90.1467 7480
90.6112 7820
91.0694 8160
91.5339 8500
92.0047 8840
92.4693 9180
92.9275 9520
93.392 9860
93.8502 4760
94.3021 5780
94.9792 6120
95.4374 6460
95.6326 3060
96.0845 3740
96.5364 4080
96.9946 4420
97.4654 4760
97.9299 5100
98.3881 5440
98.8527 5780
99.3109 6120
99.7754 6460
100.389 6800
100.854 7140
101.312 7480
101.777 7820
102.26 8160
102.725 8500
102.901 4080
103.353 4760
103.647 5100
104.257 5440
104.715 5780
105.186 6120
105.65 6460
106.108 6800
106.573 7140
106.792 3400
107.244 4080
107.683 4420
108.141 4760
108.399 2210
109.303 2890
109.749 3230
110.22 1360
110.672 2380
111.142 2720
111.601 3060
112.252 3400
112.711 3740
113.363 4080
113.827 4420
114.285 4760
114.75 5100
115.208 5440
115.673 5780
116.143 6120
116.608 6460
117.079 3060
117.531 4080
117.995 4420
118.466 4760
118.924 5100
119.576 5440
120.041 5780
120.28 2720
120.732 3400
121.14 3740
121.61 4080
122.069 4420
122.539 4760
123.004 5100
123.462 5440
123.927 5780
124.397 6120
124.875 2890
125.326 3910
125.785 4250
126.243 4590
126.714 4930
127.166 5270
127.624 2380
128.076 3400
128.547 3740
129.005 4080
129.663 1870
130.115 2890
130.592 1190
131.044 2550
131.515 2890
131.973 3230
132.625 3570
133.083 3910
133.735 1700
134.187 2720
134.645 3060
135.103 3400
135.568 3740
136.039 4080
136.503 4420
136.961 4760
137.426 5100
137.898 5440
138.363 5780
138.821 6120
139.285 6460
139.912 6800
140.377 7140
140.835 7480
141.299 7820
141.757 8160
142.222 8500
142.836 8840
143.301 9180
143.759 9520
144.223 9860
144.286 4760
144.745 5440
145.171 5780
145.642 6120
146.1 6460
146.558 6800
147.023 7140
147.494 7480
147.958 7820
148.416 8160
148.881 8500
149.352 8840
149.816 9180
150.275 9520
150.739 9860
151.134 4760
152.038 5100
152.244 5440
152.703 5780
153.324 6120
153.789 6460
154.26 3060
154.724 4080
155.189 4420
155.252 2040
155.704 2720
156.149 3060
156.62 3400
157.091 3740
157.562 4080
158.026 4420
158.484 4760
158.949 5100
159.563 5440
160.028 5780
160.656 6120
161.12 6460
161.578 6800
162.043 7140
162.514 7480
162.978 7820
163.437 8160
163.901 8500
164.384 8840
164.855 9180
165.326 9520
165.351 4590
165.81 5270
166.243 5610
166.726 5950
167.184 6290
167.649 6630
168.119 6970
168.584 7310
169.042 7650
169.507 7990
169.965 8330
170.429 3910
171.333 4930
171.791 5270
172.262 5610
172.727 2550
173.179 3570
173.643 3910
174.101 4250
174.572 4590
175.03 4930
175.495 5270
175.953 5610
176.418 5950
177.044 6290
177.509 6630
177.967 6970
178.432 7310
179.066 7650
179.531 7990
179.989 3740
180.441 4760
180.911 5100
181.37 5440
181.834 5780
182.343 6120
182.53 2890
183.434 3570
183.892 3910
184.35 4250
184.815 4590
185.273 2040
185.725 3060
186.402 3400
186.86 3740
187.525 4080
187.983 4420
188.454 4760
188.918 5100
189.377 5440
189.841 5780
190.299 6120
190.764 6460
191.235 6800
191.699 7140
192.157 7480
192.622 7820
193.093 8160
193.696 8500
193.896 4080
194.348 4760
194.625 5100
195.258 5440
195.722 5780
196.18 6120
196.645 6460
197.116 6800
197.58 7140
198.039 7480
198.503 7820
198.999 8160
199.451 8500
199.821 4080
200.273 4760
200.525 2210
200.977 3230
201.447 3570
201.906 3910
202.558 4250
203.009 1870
203.461 2890
203.92 3230
204.378 3570
204.849 3910
205.301 1700
206.656 2380
207.114 2720
207.585 3060
208.05 3400
208.508 3740
208.973 4080
209.431 4420
209.895 4760
210.36 5100
211.024 5440
211.482 5780
212.111 6120
212.575 6460
213.033 6800
213.498 7140
213.561 3400
214.025 4080
214.458 4420
214.929 4760
215.356 2210
216.26 2890
216.731 3230
217.233 3570
217.691 3910
218.149 4250
218.532 1870
218.984 2550
219.066 2890
219.53 3230
220.195 3570
220.653 3910
221.111 4250
221.576 4590
222.179 4930
222.643 5270
223.101 5610
223.171 2550
223.623 3230
224.024 3570
224.526 3910
224.985 1700
225.437 2720
225.895 3060
226.366 3400
226.824 3740
227.476 4080
227.94 4420
228.398 4760
228.863 5100
229.485 5440
229.949 5780
230.407 6120
230.872 6460
231.33 6800
231.795 7140
231.833 3400
232.743 3740
233.176 4080
233.64 4420
234.098 4760
234.569 5100
235.027 5440
235.492 5780
235.95 6120
236.415 6460
236.81 3060
237.262 3740
237.714 4080
238.178 4420
238.636 4760
239.076 2210
239.528 3230
239.998 3570
240.463 3910
240.921 4250
241.43 4590
241.888 4930
242.352 5270
242.811 5610
243.275 5950
243.908 6290
244.524 6630
244.994 3060
245.446 4080
245.905 4420
246.451 4760
246.903 5100
247.374 5440
247.838 5780
248.297 6120
248.761 6460
249.232 6800
249.696 7140
250.155 7480
250.619 3570
251.071 4590
251.523 2040
251.975 3060
252.439 3400
253.098 3740
253.556 4080
254.014 4420
254.26 2040
254.711 2720
255.144 3060
255.615 3400
256.073 3740
256.544 4080
257.002 4420
257.461 4760
257.925 5100
258.383 2380
258.835 3400
259.306 3740
259.764 4080
260.423 4420
260.881 4760
261.345 5100
261.992 5440
262.457 5780
262.915 6120
263.38 6460
263.85 6800
264.315 7140
264.773 7480
264.798 3570
265.269 4250
265.708 4590
266.167 4930
266.637 5270
267.096 5610
267.56 5950
268.037 6290
268.407 2890
268.859 3570
269.122 3910
269.58 4250
269.839 1870
270.291 2550
270.686 2890
271.207 1190
271.659 2550
272.142 2890
272.575 1190
273.027 2210
273.492 2550
273.963 2890
274.421 3230
275.073 3570
275.531 3910
276.183 4250
276.647 4590
277.105 4930
277.57 5270
278.003 2380
278.455 3060
278.513 3400
278.978 3740
279.623 4080
280.088 4420
280.333 2040
280.785 2720
281.179 3060
281.65 3400
282.108 3740
282.593 4080
283.057 4420
283.516 4760
283.993 2210
284.445 3230
284.903 3570
285.361 3910
285.832 4250
286.29 4590
286.748 4930
287.2 2210
288.104 2890
288.568 3230
289.214 3570
289.672 3910
290.324 4250
290.789 4590
291.247 4930
291.711 5270
292.157 2380
292.609 3060
292.673 3400
293.506 1530
293.958 2550
294.042 2890
294.494 3230
295.32 1360
295.772 2380
296.075 2720
296.533 3060
297.141 3400
297.592 3740
298.063 4080
298.528 4420
298.986 4760
299.463 5100
299.934 5440
300.398 5780
300.857 6120
301.321 6460
301.754 3060
302.206 3740
302.601 4080
303.078 4420
303.537 4760
304.001 5100
304.459 5440
304.924 5780
305.395 6120
305.859 6460
306.317 6800
306.782 7140
307.253 7480
307.717 7820
308.188 8160
308.653 8500
309.136 8840
309.449 4250
309.901 4930
310.334 5270
310.805 5610
311.263 5950
311.621 2720
312.073 3400
312.293 3740
312.764 4080
313.222 4420
313.674 2040
314.126 3060
314.797 3400
315.255 3740
315.713 4080
315.946 1870
316.398 2550
316.642 2890
317.1 3230
317.558 3570
318.023 3910
318.67 4250
319.135 4590
319.593 4930
320.032 2210
320.484 3230
321.161 3570
321.619 3910
322.109 4250
322.574 4590
323.032 4930
323.496 5270
323.955 5610
324.419 5950
324.89 6290
325.354 6630
325.825 6970
326.29 7310
326.861 7650
327.326 7990
327.658 3740
328.11 4420
328.492 4760
328.951 5100
329.421 5440
329.886 5780
330.357 2720
330.809 3740
331.28 4080
331.738 4420
332.39 4760
332.854 5100
333.312 5440
333.959 5780
334.418 6120
334.882 6460
335.353 6800
335.818 7140
336.276 7480
336.74 7820
337.211 8160
337.676 8500
338.134 8840
338.598 9180
338.993 4420
339.445 5100
339.689 5440
340.154 5780
340.612 6120
341.077 6460
341.699 6800
342.176 3230
342.628 4250
343.073 4590
343.544 4930
344.002 5270
344.46 5610
344.925 5950
345.371 2720
345.822 3400
346.085 3740
346.544 4080
347.153 4420
347.611 4760
348.076 5100
348.534 5440
348.998 5780
349.469 6120
349.883 2890
350.335 3570
350.405 3910
350.863 4250
351.327 4590
351.998 4930
352.456 5270
352.927 5610
353.392 5950
353.806 2720
354.71 3060
354.949 3400
355.401 3740
355.872 4080
356.336 4420
356.794 4760
357.259 5100
357.885 5440
358.35 5780
358.808 6120
359.273 6460
359.744 6800
359.989 3230
360.441 3910
360.874 4250
361.332 4590
361.803 4930
362.268 5270
362.726 5610
363.19 5950
363.648 6290
364.113 6630
364.584 6970
365.048 7310
365.507 7650
365.971 7990
366.442 3740
367.798 4420
368.199 4760
368.67 5100
369.128 5440
369.593 5780
370.051 6120
370.515 6460
370.986 6800
371.451 7140
371.909 7480
372.373 7820
372.869 3740
373.321 4760
373.786 5100
374.257 5440
374.727 5780
375.186 6120
375.65 6460
376.033 3060
376.485 3740
376.911 4080
376.943 1870
377.395 2550
377.828 2890
378.286 3230
378.757 3570
379.215 3910
379.673 4250
380.15 4590
380.621 4930
381.086 5270
381.544 5610
382.008 5950
382.597 6290
382.862 2890
383.314 3570
383.514 3910
384.178 4250
384.636 4590
385.128 4930
385.592 5270
386.05 5610
386.515 5950
386.708 2720
387.16 3400
387.606 3740
388.064 4080
388.503 1870
388.955 2890
389.414 1190
389.866 2210
390.311 2550
390.769 2890
391.24 3230
391.698 3570
392.169 3910
392.627 4250
393.092 4590
393.719 4930
394.183 5270
394.641 5610
395.106 5950
395.745 6290
396.21 6630
396.668 6970
397.132 7310
397.591 7650
398.055 7990
398.526 8330
398.99 8670
399.411 4080
399.863 4760
