0.0 0
0.538823 3400
1.08073 3740
1.08704 4080
1.09334 4420
1.09965 4760
1.10595 5100
1.3091 5440
1.62536 5780
1.63167 6120
1.63797 6460
1.64428 6800
1.65058 7140
1.65688 7480
1.66319 7820
1.85373 8160
2.16999 8500
2.1763 8840
2.1826 9180
2.18891 9520
2.19521 9860
2.20151 10200
2.20782 10540
2.21412 10880
2.22043 11220
2.22673 11560
2.39521 11900
2.40151 12240
2.71463 12580
2.72093 12920
2.72723 13260
2.73354 13600
2.73984 13940
2.74615 14280
2.75245 14620
2.75875 14960
2.76506 15300
2.77136 15640
2.77767 15980
2.78397 16320
2.79027 16660
2.79658 17000
2.80288 17340
2.93984 17680
2.94615 18020
2.95245 18360
3.25926 18700
3.26556 19040
3.27186 19380
3.27817 19720
3.28447 20060
3.29078 20400
3.29708 20740
3.30338 21080
3.30969 21420
3.31599 21760
3.3223 22100
3.3286 22440
3.3349 22780
3.34121 23120
3.34751 23460
3.35382 23800
3.36012 24140
3.36642 24480
3.37273 24820
3.37903 25160
3.38534 25500
3.39164 25840
3.48132 26180
3.48762 26520
3.49393 26860
3.50023 27200
3.50654 27540
3.80389 27880
3.81019 28220
3.8165 28560
3.8228 28900
3.8291 29240
3.83541 29580
3.84171 29920
3.84802 30260
3.85432 30600
3.86062 30940
3.86693 31280
3.87323 31620
3.87954 31960
3.88584 32300
3.89214 32640
3.89845 32980
3.90475 33320
3.91106 33660
3.91736 34000
3.92366 34340
3.92997 34680
3.93627 35020
3.94258 35360
3.94888 35700
3.95518 36040
3.96149 36380
3.96779 36720
3.9741 37060
3.9804 37400
3.9867 37740
3.99301 38080
3.99931 38420
4.00562 38760
4.02595 39100
4.03226 39440
4.03856 39780
4.04486 40120
4.05117 40460
4.05747 40800
4.06378 41140
4.26693 41480
4.34852 41820
4.35482 42160
4.36113 42500
4.36743 42840
4.37373 43180
4.38004 43520
4.38634 43860
4.39265 44200
4.39895 44540
4.40525 44880
4.41156 45220
4.41786 45560
4.42417 45900
4.43047 46240
4.43677 46580
4.44308 46920
4.44938 47260
4.45569 47600
4.46199 47940
4.46829 48280
4.4746 48620
4.4809 48960
4.48721 49300
4.49351 49640
4.49981 49980
4.50612 50320
4.51242 50660
4.51873 51000
4.52503 51340
4.53133 51680
4.53764 52020
4.54394 52360
4.55025 52700
4.55655 53040
4.56285 53380
4.56916 53720
4.57546 54060
4.58177 54400
4.58807 54740
4.59437 55080
4.60068 55420
4.60698 55760
4.61329 56100
4.61959 56440
4.62589 56780
4.6322 57120
4.6385 57460
4.64481 57800
4.65111 58140
4.65741 58480
4.66372 58820
4.67002 59160
4.67633 59500
4.68263 59840
4.68893 60180
4.69524 60520
4.70154 60860
4.70785 61200
4.71415 61540
4.72045 61880
4.81156 62220
4.89315 62560
4.89945 62900
4.90576 63240
4.91206 63580
4.91836 63920
4.92467 64260
4.93097 64600
4.93728 64940
4.94358 65280
4.94988 65620
4.95619 65960
4.96249 66300
4.9688 66640
4.9751 66980
4.9814 67320
4.98771 67660
4.99401 68000
5.00032 68340
5.00662 68680
5.01292 69020
5.01923 69360
5.02553 69700
5.03184 70040
5.03814 70380
5.04444 70720
5.05075 71060
5.05705 71400
5.06336 71740
5.06966 72080
5.07596 72420
5.08227 72760
5.08857 73100
5.09488 73440
5.10118 73780
5.10748 74120
5.11379 74460
5.12009 74800
5.1264 75140
5.1327 75480
5.139 75820
5.14531 76160
5.15161 76500
5.15792 76840
5.16422 77180
5.17052 77520
5.17683 77860
5.18313 78200
5.18944 78540
5.19574 78880
5.20204 79220
5.20835 79560
5.21465 79900
5.22096 80240
5.22726 80580
5.23356 80920
5.23987 81260
5.24617 81600
5.25248 81940
5.25878 82280
5.26508 82620
5.27139 82960
5.27769 83300
5.284 83640
5.2903 83980
5.2966 84320
5.30291 84660
5.30921 85000
5.31552 85340
5.32182 85680
5.32812 86020
5.33443 86360
5.34073 86700
5.34704 87040
5.35334 87380
5.35964 87720
5.36595 88060
5.37225 88400
5.37856 88740
5.38486 89080
5.39116 89420
5.39747 89760
5.40377 90100
5.41008 90440
5.41638 90780
5.42268 91120
5.42899 91460
5.43529 91800
5.4416 92140
5.4479 92480
5.4542 92820
5.46051 93160
5.46681 93500
5.47312 93840
5.47942 94180
5.48572 94520
5.49203 94860
5.49833 95200
5.50464 95540
5.51094 95880
5.51724 96220
5.52355 96560
5.52985 96900
5.53616 97240
5.54246 97580
5.54876 97920
5.55507 98260
5.56137 98600
5.56768 98940
5.57398 99280
5.58028 99620
5.58659 99960
5.59289 100300
5.5992 100640
5.6055 100980
5.6118 101320
5.61811 101660
5.62441 102000
5.63072 102340
5.63702 102680
5.64332 103020
5.64963 103360
5.65593 103700
5.66224 104040
5.66854 104380
5.67484 104720
5.68115 105060
5.68745 105400
5.69376 105740
5.70006 106080
5.70636 106420
5.71267 106760
5.71897 107100
5.72528 107440
5.73158 107780
5.73788 108120
5.74419 108460
5.75049 108800
5.7568 109140
5.7631 109480
5.7694 109820
5.77571 110160
5.78201 110500
5.78832 110840
5.79462 111180
5.80092 111520
5.80723 111860
5.81353 112200
5.81984 112540
5.82614 112880
5.83244 113220
5.83875 113560
5.84505 113900
5.85136 114240
5.85766 114580
5.86396 114920
5.87027 115260
5.87657 115600
5.88288 115940
5.88918 116280
5.89548 116620
5.90179 116960
5.90809 117300
5.9144 117640
5.9207 117980
5.927 118320
5.93331 118660
5.93961 119000
5.94592 119340
5.95222 119680
5.95852 120020
5.96483 120360
5.97113 120700
5.97744 121040
5.98374 121380
5.99004 121720
5.99635 122060
6.00265 122400
6.00896 122740
6.01526 123080
6.02156 123420
6.02787 123760
6.03417 124100
6.04048 124440
6.04678 124780
6.05308 125120
6.05939 125460
6.06569 125800
6.072 126140
6.0783 126480
6.0846 126820
6.09091 127160
6.09721 127500
6.10352 127840
6.10982 128180
6.11612 128520
6.12243 128860
6.12873 129200
6.13504 129540
6.14134 129880
6.14764 130220
6.15395 130560
6.16025 130900
6.16656 131240
6.17286 131580
6.17916 131920
6.18547 132260
6.19177 132600
6.19808 132940
6.20438 133280
6.21068 133620
6.21699 133960
6.22329 134300
6.2296 134640
6.2359 134980
6.2422 135320
6.24851 135660
6.25481 136000
6.26112 136340
6.26742 136680
6.27372 137020
6.28003 137360
6.28633 137700
6.29264 138040
6.29894 138380
6.30524 138720
6.31155 139060
6.31785 139400
6.32416 139740
6.33046 140080
6.33676 140420
6.34307 140760
6.34937 141100
6.35568 141440
6.36198 141780
6.36828 142120
6.37459 142460
6.38089 142800
6.3872 143140
6.3935 143480
6.3998 143820
6.40611 144160
6.41241 144500
6.41872 144840
6.42502 145180
6.43132 145520
6.43763 145860
6.44393 146200
6.45024 146540
6.45654 146880
6.46284 147220
6.46915 147560
6.47545 147900
6.48176 148240
6.48806 148580
6.49436 148920
6.50067 149260
6.50697 149600
6.51328 149940
6.51958 150280
6.52588 150620
6.53219 150960
6.53849 151300
6.5448 151640
6.5511 151980
6.5574 152320
6.56371 152660
6.57001 153000
6.57632 153340
6.58262 153680
6.58892 154020
6.59523 154360
6.60153 154700
6.60784 155040
6.61414 155380
6.62044 155720
6.62675 156060
6.63305 156400
6.63936 156740
6.64566 157080
6.65196 157420
6.65827 157760
6.66457 158100
6.67088 158440
6.67718 158780
6.68348 159120
6.68979 159460
6.69609 159800
6.7024 160140
6.7087 160480
6.715 160820
6.72131 161160
6.72761 161500
6.73392 161840
6.74022 162180
6.74652 162520
6.75283 162860
6.75913 163200
6.76544 163540
6.77174 163880
6.77804 164220
6.78435 164560
6.79065 164900
6.79696 165240
6.80326 165580
6.80956 165920
6.81587 166260
6.82217 166600
6.82848 166940
6.83478 167280
6.84108 167620
6.84739 167960
6.85369 168300
6.86 168640
6.8663 168980
6.8726 169320
6.87891 169660
6.88521 170000
6.89152 170340
6.89782 170680
6.90412 171020
6.91043 171360
6.91673 171700
6.92304 172040
6.92934 172380
6.93564 172720
6.94195 173060
6.94825 173400
6.95456 173740
6.96086 174080
6.96716 174420
6.97347 174760
6.97977 175100
6.98608 175440
6.99238 175780
6.99868 176120
7.00499 176460
7.01129 176800
7.0176 177140
7.0239 177480
7.0302 177820
7.03651 178160
7.04281 178500
7.04912 178840
7.05542 179180
7.06172 179520
7.06803 179860
7.07433 180200
7.08064 180540
7.08694 180880
7.09324 181220
7.09955 181560
7.10585 181900
7.11216 182240
7.11846 182580
7.12476 182920
7.13107 183260
7.13737 183600
7.14368 183940
7.14998 184280
7.15628 184620
7.16259 184960
7.16889 185300
7.1752 185640
7.1815 185980
7.1878 186320
7.19411 186660
7.20041 187000
7.20672 187340
7.21302 187680
7.21932 188020
7.22563 188360
7.23193 188700
7.23824 189040
7.24454 189380
7.25084 189720
7.25715 190060
7.26345 190400
7.26976 190740
7.27606 191080
7.28236 191420
7.28867 191760
7.29497 192100
7.30128 192440
7.30758 192780
7.31388 193120
7.32019 193460
7.32649 193800
7.3328 194140
7.3391 194480
7.3454 194820
7.35171 195160
7.35801 195500
7.36432 195840
7.37062 196180
7.37692 196520
7.38323 196860
7.38953 197200
7.39584 197540
7.40214 197880
7.40844 198220
7.41475 198560
7.42105 198900
7.42736 199240
7.43366 199580
7.43996 199920
7.44627 200260
7.45257 200600
7.45888 200940
7.46518 201280
7.47148 201620
7.47779 201960
7.48409 202300
7.4904 202640
7.4967 202980
7.503 203320
7.50931 203660
7.51561 204000
7.52192 204340
7.52822 204680
7.53452 205020
7.54083 205360
7.54713 205700
7.55344 206040
7.55974 206380
7.56604 206720
7.57235 207060
7.57865 207400
7.58496 207740
7.59126 208080
7.59756 208420
7.60387 208760
7.61017 209100
7.61648 209440
7.62278 209780
7.62908 210120
7.63539 210460
7.64169 210800
7.648 211140
7.6543 211480
7.6606 211820
7.66691 212160
7.67321 212500
7.67952 212840
7.68582 213180
7.69212 213520
7.69843 213860
7.70473 214200
7.71104 214540
7.71734 214880
7.72364 215220
7.72995 215560
7.73625 215900
7.74256 216240
7.74886 216580
7.75516 216920
7.76147 217260
7.76777 217600
7.77408 217940
7.78038 218280
7.78668 218620
7.79299 218960
7.79929 219300
7.8056 219640
7.8119 219980
7.8182 220320
7.82451 220660
7.83081 221000
7.83712 221340
7.84342 221680
7.84972 222020
7.85603 222360
7.86233 222700
7.86864 223040
7.87494 223380
7.88124 223720
7.88755 224060
7.89385 224400
7.90331 112030
10.7274 340
10.9115 680
11.453 1020
11.9944 1360
12.5359 1700
12.5454 2040
13.0837 2380
13.0931 2720
13.6252 3060
13.6346 3400
13.6441 3740
14.1698 4080
14.1793 4420
14.1887 4760
14.1982 5100
14.7144 5440
14.7239 5780
14.7333 6120
14.7428 6460
14.7523 6800
15.2559 7140
15.2654 7480
15.2748 7820
15.2843 8160
15.2937 8500
15.3032 8840
15.3126 9180
15.8005 9520
15.81 9860
15.8195 10200
15.8289 10540
15.8384 10880
15.8478 11220
15.8573 11560
15.8667 11900
15.8762 12240
16.342 12580
16.3515 12920
16.3609 13260
16.3704 13600
16.3798 13940
16.3893 14280
16.3988 14620
16.4082 14960
16.4177 15300
16.4271 15640
16.4366 15980
16.446 16320
16.8835 16660
16.893 17000
16.9024 17340
16.9119 17680
16.9213 18020
16.9308 18360
16.9402 18700
16.9497 19040
16.9591 19380
16.9686 19720
16.9781 20060
16.9875 20400
16.997 20740
17.0064 21080
17.0159 21420
17.0253 21760
17.425 22100
17.4344 22440
17.4439 22780
17.4533 23120
17.4628 23460
17.4723 23800
17.4817 24140
17.4912 24480
17.5006 24820
17.5101 25160
17.5195 25500
17.529 25840
17.5384 26180
17.5479 26520
17.5574 26860
17.5668 27200
17.5763 27540
17.5857 27880
17.5952 28220
17.6046 28560
17.6141 28900
17.6236 29240
17.9728 29580
17.9822 29920
17.9917 30260
18.0011 30600
18.0106 30940
18.02 31280
18.0295 31620
18.039 31960
18.0484 32300
18.0579 32640
18.0673 32980
18.0768 33320
18.0862 33660
18.0957 34000
18.1051 34340
18.1146 34680
18.1241 35020
18.1335 35360
18.143 35700
18.1524 36040
18.1619 36380
18.1713 36720
18.1808 37060
18.1902 37400
18.1997 37740
18.2092 38080
18.2186 38420
18.2281 38760
18.2375 39100
18.5174 39440
18.5268 39780
18.5363 40120
18.5458 40460
18.5552 40800
18.5647 41140
18.5741 41480
18.5836 41820
18.593 42160
18.6025 42500
18.612 42840
18.6214 43180
18.6309 43520
18.6403 43860
18.6498 44200
18.6592 44540
18.6687 44880
18.6781 45220
18.6876 45560
18.6971 45900
18.7065 46240
18.716 46580
18.7254 46920
18.7349 47260
18.7443 47600
18.7538 47940
18.7632 48280
18.7727 48620
18.7822 48960
18.7916 49300
18.8011 49640
18.8105 49980
18.82 50320
18.8294 50660
18.8389 51000
18.8484 51340
18.8578 51680
18.8673 52020
18.8767 52360
19.0652 52700
19.0746 53040
19.0841 53380
19.0935 53720
19.103 54060
19.1125 54400
19.1219 54740
19.1314 55080
19.1408 55420
19.1503 55760
19.1597 55930
19.7264 27710
20.788 28050
21.0622 28390
21.5791 28730
22.1024 29070
22.6256 29410
23.1488 29750
23.6878 30090
24.2268 30430
24.7753 30770
25.33 31110
25.8879 31450
26.449 31790
27.0163 32130
27.5869 32470
28.1605 32810
28.7405 33150
29.3236 33490
29.9067 33830
30.493 34170
31.0887 34510
31.6876 34850
32.2896 35190
32.898 35530
33.5032 35870
34.1115 36210
34.7324 36550
35.3628 36890
35.9932 37230
36.6236 37570
37.2729 37910
37.9254 38250
38.5842 38590
39.2493 38930
39.9175 39270
40.592 39610
41.2697 39950
41.9505 40290
42.6313 40630
43.3279 40970
44.0119 41310
44.7148 41650
45.4051 41990
46.1206 42330
46.833 42670
47.5516 43010
48.2766 43350
48.9984 43690
49.736 44030
50.4735 44370
51.2079 44710
51.9581 45050
52.7083 45390
53.4711 45730
54.2433 46070
55.0124 46410
55.8004 46750
56.5979 47090
57.389 47430
58.1865 47770
58.9902 48110
59.7845 48450
60.6041 48790
61.4236 49130
62.2494 49470
63.0878 49810
63.9389 50150
64.7773 50490
65.6252 50830
66.492 51170
67.3588 51510
68.2256 51850
69.105 52190
69.9813 52530
70.867 52870
71.7464 53210
72.6289 53550
73.5146 53890
74.4224 54230
75.3302 54570
76.2348 54910
77.171 55250
78.0913 55590
79.0306 55930
79.9699 56270
80.9092 56610
81.8548 56950
82.8067 57290
83.7618 57630
84.7232 57970
85.6814 58310
86.6427 58650
87.6167 58990
88.5844 59330
89.5646 59670
90.5449 60010
91.522 60350
92.5023 60690
93.4857 61030
94.4817 61370
95.4746 61710
96.4833 62050
97.4856 62390
98.4974 62730
99.5155 63070
100.534 63410
101.564 63750
102.604 64090
103.648 64430
104.688 64770
105.738 65110
106.8 65450
107.868 65790
108.943 66130
110.027 66470
111.121 66810
112.218 67150
113.315 67490
114.421 67830
115.547 68170
116.666 68510
117.794 68850
118.932 69190
120.073 69530
121.214 69870
122.361 70210
123.527 70550
124.691 70890
125.728 71230
126.386 71570
127.048 71910
127.716 72250
128.385 72590
129.053 72930
129.727 73270
130.408 73610
131.089 73950
131.77 74290
132.457 74630
133.15 74970
133.844 75310
134.537 75650
135.237 75990
135.943 76330
136.649 76670
137.355 77010
138.068 77350
138.786 77690
139.505 78030
140.224 78370
140.949 78710
141.68 79050
142.411 79390
143.142 79730
143.88 80070
144.624 80410
145.368 80750
146.112 81090
146.862 81430
147.618 81770
148.375 82110
149.131 82450
149.894 82790
150.663 83130
151.432 83470
152.201 83810
152.977 84150
153.758 84490
154.54 84830
155.322 85170
156.11 85510
156.904 85850
157.698 86190
158.493 86530
159.293 86870
160.1 87210
160.907 87550
161.714 87890
162.527 88230
163.347 88570
164.166 88910
164.986 89250
165.812 89590
166.644 89930
167.476 90270
168.308 90610
169.146 90950
169.991 91290
170.836 91630
171.681 91970
172.532 92310
173.389 92650
174.246 92990
175.104 93330
175.967 93670
176.837 94010
177.707 94350
178.577 94690
179.453 95030
180.336 95370
181.218 95710
182.101 96050
182.99 96390
183.885 96730
184.78 97070
185.675 97410
186.577 97750
187.485 98090
188.392 98430
189.3 98770
190.214 99110
191.135 99450
192.055 99790
192.975 100130
193.902 100470
194.835 100810
195.768 101150
196.701 101490
197.64 101830
198.586 102170
199.532 102510
200.477 102850
201.429 103190
202.387 103530
203.346 103870
204.304 104210
205.268 104550
206.239 104890
207.21 105230
208.181 105570
209.158 105910
210.141 106250
211.125 106590
212.108 106930
213.098 107270
214.094 107610
215.09 107950
216.086 108290
217.088 108630
218.097 108970
219.106 109310
220.114 109650
221.129 109990
222.15 110330
223.172 110670
224.193 111010
225.22 111350
226.254 111690
227.288 112030
228.322 112370
229.362 112710
230.409 113050
231.455 113390
232.502 113730
233.554 114070
234.613 114410
235.672 114750
236.732 115090
237.797 115430
238.869 115770
239.94 116110
241.012 116450
242.09 116790
243.174 117130
244.258 117470
245.343 117810
246.433 118150
247.53 118490
248.627 118830
249.724 119170
250.827 119510
251.937 119850
253.046 120190
254.156 120530
255.272 120870
256.394 121210
257.516 121550
258.638 121890
259.766 122230
260.901 122570
262.036 122910
263.17 123250
264.312 123590
265.459 123930
266.606 124270
267.753 124610
268.907 124950
270.067 125290
271.227 125630
272.387 125970
273.553 126310
274.726 126650
275.898 126990
277.071 127330
278.25 127670
279.435 128010
280.62 128350
281.805 128690
282.997 129030
284.194 129370
285.392 129710
286.59 130050
287.794 130390
288.998 130730
290.208 131070
291.425 131410
292.642 131750
293.858 132090
295.081 132430
296.311 132770
297.54 133110
298.769 133450
300.005 133790
301.247 134130
302.489 134470
303.73 134810
304.979 135150
306.233 135490
307.488 135830
308.742 136170
310.003 136510
311.27 136850
312.537 137190
313.804 137530
315.078 137870
316.357 138210
317.637 138550
318.917 138890
320.203 139230
321.495 139570
322.787 139910
324.08 140250
325.378 140590
326.683 140930
327.988 141270
329.293 141610
330.604 141950
331.922 142290
333.239 142630
334.557 142970
335.881 143310
337.211 143650
338.541 143990
339.871 144330
341.208 144670
342.55 145010
343.893 145350
345.236 145690
346.585 146030
347.94 146370
349.296 146710
350.651 147050
352.013 147390
353.381 147730
354.749 148070
356.117 148410
357.491 148750
358.872 149090
360.252 149430
361.633 149770
363.029 74630
364.407 340
364.41 680
364.416 1020
364.422 1360
364.428 1700
364.435 2040
364.441 2380
364.447 2720
364.454 3060
364.46 3400
364.466 3740
364.473 4080
364.479 4420
364.485 4760
364.492 5100
364.498 5440
364.504 5780
364.51 6120
364.517 6460
364.523 6800
364.529 7140
364.536 7480
364.542 7820
364.548 8160
364.555 8500
364.561 8840
364.567 9180
364.573 9520
364.58 9860
364.586 10200
364.592 10540
364.599 10880
364.605 11220
364.611 11560
364.618 11900
364.624 12240
364.63 12580
364.637 12920
364.643 13260
364.649 13600
364.655 13940
364.662 14280
364.668 14620
364.674 14960
364.681 15300
364.687 15640
364.693 15980
364.7 16320
364.706 16660
364.712 17000
364.718 17340
364.725 17680
364.731 18020
364.737 18360
364.744 18700
364.75 19040
364.756 19380
364.763 19720
364.769 20060
364.775 20400
364.782 20740
364.788 21080
364.794 21420
364.8 21760
364.807 22100
364.813 22440
364.819 22780
364.826 23120
364.832 23460
364.838 23800
364.845 24140
364.851 24480
364.857 24820
364.863 25160
364.87 25500
364.876 25840
364.882 26180
364.889 26520
364.895 26860
364.901 27200
364.908 27540
364.914 27880
364.92 28220
364.926 28560
364.933 28900
364.939 29240
364.945 29580
364.952 29920
364.958 30260
364.964 30600
364.971 30940
364.977 31280
364.983 31620
364.99 31960
364.996 32300
365.002 32640
365.008 32980
365.015 33320
365.021 33660
365.027 34000
365.034 34340
365.04 34680
365.046 35020
365.053 35360
365.059 35700
365.065 36040
365.071 36380
365.078 36720
365.084 37060
365.09 37230
365.09 37570
365.106 18530
366.301 18870
366.477 19210
366.666 19550
367.023 19890
367.382 20230
367.751 20570
368.119 20910
368.495 21250
368.876 21590
369.26 21930
369.651 22270
370.042 22610
370.446 22950
370.849 23290
371.259 23630
371.672 23970
372.088 24310
372.507 24650
372.939 24990
373.374 25330
373.809 25670
374.25 26010
374.704 26350
375.152 26690
375.615 27030
376.072 27370
376.545 27710
377.011 28050
377.497 28390
377.976 28730
378.464 29070
378.959 29410
379.46 29750
379.968 30090
380.485 30430
381.011 30770
381.538 31110
382.08 31450
382.612 31790
383.167 32130
383.716 32470
384.27 32810
384.835 33150
385.396 33490
385.982 33830
386.546 34170
387.135 34510
387.722 34850
388.324 35190
388.929 35530
389.528 35870
390.155 36210
390.77 36550
391.394 36890
392.027 37230
392.645 37570
393.301 37910
393.947 38250
394.584 38590
395.249 38930
395.895 39270
396.563 39610
397.231 39950
397.884 40290
398.574 40630
399.258 40970
399.92 41310
