0.0 0
0.104086 3400
0.21126 3740
0.217564 4080
0.223868 4420
0.230172 4760
0.236476 5100
0.318002 5440
0.324306 5780
0.33061 6120
0.336914 6460
0.343218 6800
0.349522 7140
0.355826 7480
0.424744 7820
0.431048 8160
0.437352 8500
0.443656 8840
0.44996 9180
0.456264 9520
0.462568 9860
0.468872 10200
0.475176 10540
0.48148 10880
0.487784 11220
0.534637 11560
0.540941 11900
0.547245 12240
0.553549 12580
0.559853 12920
0.566157 13260
0.572461 13600
0.578765 13940
0.585069 14280
0.591373 14620
0.597677 14960
0.603981 15300
0.610285 15640
0.616589 15980
0.622893 16320
0.629197 16660
0.641379 17000
0.647683 17340
0.653987 17680
0.660291 18020
0.666595 18360
0.672899 18700
0.679203 19040
0.685507 19380
0.691811 19720
0.698115 20060
0.704419 20400
0.710723 20740
0.717027 21080
0.723331 21420
0.729635 21760
0.735939 22100
0.742243 22440
0.748547 22780
0.754851 23120
0.761155 23460
0.767459 23800
0.773763 24140
0.780067 24480
0.786371 24820
0.792675 25160
0.798979 25500
0.805283 25840
0.811587 26180
0.817891 26520
0.824195 26860
0.830499 27200
0.836803 27540
0.843107 27880
0.849411 28220
0.855715 28560
0.862019 28900
0.868323 29240
0.874627 29580
0.880931 29920
0.887235 30260
0.893539 30600
0.899843 30940
0.906147 31280
0.912451 31620
0.918755 31960
0.925059 32300
0.931363 32640
0.937667 32980
0.943971 33320
0.950275 33660
0.956579 34000
0.962883 34340
0.969187 34680
0.975491 35020
0.981795 35360
0.988099 35700
0.994403 36040
1.00071 36380
1.00701 36720
1.01332 37060
1.01962 37400
1.02592 37740
1.03223 38080
1.03853 38420
1.04484 38760
1.05114 39100
1.05744 39440
1.06375 39780
1.07005 40120
1.07636 40460
1.08266 40800
1.08896 41140
1.09527 41480
1.10157 41820
1.10788 42160
1.11418 42500
1.12048 42840
1.12679 43180
1.13309 43520
1.1457 43860
1.152 44200
1.15831 44540
1.16461 44880
1.17092 45220
1.17722 45560
1.18668 45900
1.19613 22780
1.61535 23460
1.82338 23800
2.04402 24140
2.27096 24480
2.49791 24820
2.72485 25160
2.9581 25500
3.19765 25840
3.4372 26180
3.67676 26520
3.92261 26860
4.16847 13260
4.41432 14280
4.54671 14620
4.6854 14960
4.82408 15300
4.96277 15640
5.10776 15980
5.25906 16320
5.41036 16660
5.56165 17000
5.71925 17340
5.88316 17680
6.04706 18020
6.21096 18360
6.38117 18700
6.55138 19040
6.72789 19380
6.91071 19720
7.09352 20060
7.27634 20400
7.46546 20740
7.66088 21080
7.85631 21420
8.05173 21760
8.25346 22100
8.46149 22440
8.66952 22780
8.87756 23120
9.09189 23460
9.31253 23800
9.53317 24140
9.75381 24480
9.98076 24820
10.214 25160
10.4473 25500
10.6805 25840
10.9201 26180
11.1659 26520
11.4118 26860
11.6576 27200
11.9098 27540
12.1682 27880
12.4267 28220
12.6852 28560
12.8365 14110
13.0949 14790
13.1517 15130
13.2904 15470
13.429 15810
13.574 16150
13.7253 16490
13.8766 16830
14.0279 17170
14.1855 17510
14.3494 17850
14.5133 18190
14.6772 18530
14.8474 18870
15.024 19210
15.2005 19550
15.377 19890
15.5598 20230
15.7489 20570
15.7867 10030
15.9696 10710
16.0637 11050
16.1767 11390
16.2866 11730
16.3997 12070
16.5159 12410
16.6293 12750
16.7428 13090
16.8626 13430
16.9824 13770
17.1084 14110
17.2408 14450
17.3732 14790
17.5056 15130
17.6443 15470
17.7262 7480
17.9685 8160
18.0595 8500
18.1694 8840
18.2824 9180
18.3986 9520
18.5117 9860
18.6216 10200
18.7346 10540
18.8508 10880
18.9639 11220
19.0738 11560
19.1868 11900
19.303 12240
19.4165 12580
19.5299 12920
19.6497 13260
19.7758 13600
19.9019 13940
20.028 14280
20.1603 14620
20.299 14960
20.4377 15300
20.5764 15640
20.7214 15980
20.7971 7820
20.942 8500
21.0141 8840
21.1272 9180
21.2371 9520
21.3501 9860
21.4663 10200
21.5793 10540
21.6892 10880
21.8023 11220
21.9185 11560
22.0315 11900
22.1414 12240
22.2549 12580
22.3747 12920
22.4944 13260
22.6142 13600
22.7403 13940
22.8727 14280
23.0051 14620
23.1375 14960
23.2761 15300
23.4211 15640
23.5661 15980
23.7111 16320
23.8624 16660
23.9381 8160
24.0862 8840
24.1646 9180
24.2745 9520
24.3875 9860
24.4974 10200
24.6105 10540
24.7267 10880
24.8397 11220
24.9496 11560
25.0626 11900
25.1788 12240
25.2923 12580
25.4058 12920
25.5256 13260
25.6516 13600
25.7777 13940
25.9038 14280
26.0362 14620
26.1749 14960
26.3136 15300
26.4522 15640
26.5972 15980
26.7485 16320
26.8998 16660
27.0511 17000
27.1835 8330
27.338 9010
27.3754 9350
27.4916 9690
27.6046 10030
27.7145 10370
27.8275 10710
27.9437 11050
28.0568 11390
28.1667 11730
28.2797 12070
28.3959 12410
28.5094 12750
28.6229 13090
28.7426 13430
28.8687 13770
28.9948 14110
29.1209 14450
29.1839 6970
29.31 7650
29.3884 7990
29.5046 8330
29.6176 8670
29.7275 9010
29.8406 9350
29.9568 9690
30.0698 10030
30.1797 10370
30.2927 10710
30.4026 11050
30.5157 11390
30.6319 11730
30.7449 12070
30.8548 12410
30.9683 12750
31.0881 13090
31.2078 13430
31.3276 13770
31.4537 14110
31.5861 14450
31.7185 14790
31.8509 15130
31.9895 15470
32.1345 15810
32.2795 16150
32.4245 16490
32.5758 16830
32.7334 17170
32.891 17510
33.0486 17850
33.2125 18190
33.3827 18530
33.5529 18870
33.7231 19210
33.8997 19550
34.0825 19890
34.2653 20230
34.4481 20570
34.6372 20910
34.8326 21250
35.0281 21590
35.2235 21930
35.4252 22270
35.6333 22610
35.8413 22950
36.0493 23290
36.2637 23630
36.4843 23970
36.7049 24310
36.9256 24650
37.058 12070
37.2786 12750
37.3227 13090
37.4425 13430
37.5686 13770
37.6947 14110
37.8207 14450
37.9531 14790
38.0918 15130
38.2305 15470
38.3692 15810
38.5142 16150
38.6655 16490
38.8105 16830
38.9681 17170
39.1257 17510
39.2833 17850
39.4472 18190
39.6174 18530
39.7876 18870
39.9578 19210
40.1343 19550
40.3171 19890
40.4999 20230
40.6828 20570
40.8719 20910
41.0673 21250
41.2627 21590
41.4582 21930
41.6599 22270
41.8679 22610
42.0759 22950
42.284 23290
42.4983 23630
42.719 23970
42.9396 24310
43.1602 24650
43.3872 24990
43.6204 25330
43.8537 25670
44.0869 26010
44.3265 26350
44.5723 26690
44.8182 27030
45.064 27370
45.3162 27710
45.5747 28050
45.8331 28390
46.0916 28730
46.3564 29070
46.6274 29410
46.8985 29750
47.1002 14620
47.3682 15300
47.406 15640
47.551 15980
47.696 16320
47.8473 16660
48.0049 17000
48.1625 17340
48.3201 17680
48.484 18020
48.6542 18360
48.8244 18700
48.9946 19040
49.1711 19380
49.3539 19720
49.5367 20060
49.7195 20400
49.9087 20740
50.1041 21080
50.2995 21420
50.4949 21760
50.6967 22100
50.9047 22440
51.1127 22780
51.3208 23120
51.5351 23460
51.6549 11560
51.8661 12240
51.9192 12580
52.039 12920
52.1588 13260
52.2785 13600
52.4046 13940
52.5307 14280
52.6631 14620
52.8018 14960
52.9405 15300
53.0791 15640
53.2241 15980
53.3754 16320
53.5267 16660
53.678 17000
53.8356 17340
53.9995 17680
54.1634 18020
54.3273 18360
54.4975 18700
54.6741 19040
54.8506 19380
55.0271 19720
55.2099 20060
55.399 20400
55.5881 20740
55.7773 21080
55.9727 21420
56.1744 21760
56.3761 22100
56.5779 22440
56.7859 22780
57.0002 23120
57.2146 23460
57.4289 23800
57.6495 24140
57.8765 24480
58.1034 24820
58.3304 25160
58.5636 25500
58.8032 25840
59.0427 26180
59.2823 26520
59.5281 26860
59.7803 27200
60.0325 27540
60.2846 27880
60.5431 28220
60.8079 28560
61.0726 28900
61.3374 29240
61.6085 29580
61.8858 29920
62.1632 30260
62.4406 30600
62.7243 30940
63.0143 31280
63.3042 31620
63.5942 31960
63.7707 15810
64.0639 16490
64.1206 16830
64.2719 17170
64.4295 17510
64.5934 17850
64.7573 18190
64.9212 18530
65.0914 18870
65.2679 19210
65.4444 19550
65.621 19890
65.8038 20230
65.9929 20570
66.182 20910
66.3711 21250
66.5666 21590
66.7683 21930
66.97 22270
67.1717 22610
67.3798 22950
67.5941 23290
67.6698 11390
67.8809 12070
67.9467 12410
68.0602 12750
68.18 13090
68.2997 13430
68.4195 13770
68.5456 14110
68.678 14450
68.7347 6970
68.8608 7650
68.9455 7990
69.0554 8330
69.1684 8670
69.2783 9010
69.3913 9350
69.5075 9690
69.6206 10030
69.7305 10370
69.8435 10710
69.9597 11050
70.0728 11390
70.1827 11730
70.2516 5610
70.3583 6290
70.4335 6630
70.5434 6970
70.6565 7310
70.7727 7650
70.8857 7990
70.9956 8330
71.1087 8670
71.2249 9010
71.3379 9350
71.4478 9690
71.5609 10030
71.6771 10370
71.7901 10710
71.9 11050
72.013 11390
72.1292 11730
72.2423 12070
72.3522 12410
72.4656 12750
72.5854 13090
72.7052 13430
72.825 13770
72.9511 14110
73.0834 14450
73.2158 14790
73.3482 15130
73.4869 15470
73.6256 15810
73.7706 16150
73.9219 16490
74.0732 16830
74.2245 17170
74.3821 17510
74.546 17850
74.7099 18190
74.8738 18530
75.044 18870
75.2205 19210
75.397 19550
75.4727 9520
75.6492 10200
75.7181 10540
75.8343 10880
75.9473 11220
76.0572 11560
76.1703 11900
76.2865 12240
76.3999 12580
76.5134 12920
76.6332 13260
76.6773 6460
76.9038 7140
76.9885 7480
77.1016 7820
77.2178 8160
77.3308 8500
77.4407 8840
77.5537 9180
77.6699 9520
77.783 9860
77.8929 10200
78.0059 10540
78.1221 10880
78.2352 11220
78.3451 11560
78.4581 11900
78.5743 12240
78.6878 12580
78.8012 12920
78.921 13260
79.0471 13600
79.1732 13940
79.2993 14280
79.4316 14620
79.5703 14960
79.709 15300
79.8477 15640
79.9927 15980
80.144 16320
80.2953 16660
80.4466 17000
80.6042 17340
80.7681 17680
80.932 18020
81.0959 18360
81.2661 18700
81.3607 9180
81.5309 9860
81.5903 10200
81.7034 10540
81.8196 10880
81.9326 11220
82.0425 11560
82.1556 11900
82.2718 12240
82.3663 5950
82.4735 6630
82.5361 6970
82.6492 7310
82.7591 7650
82.8721 7990
82.9883 8330
83.1013 8670
83.2112 9010
83.3243 9350
83.4405 9690
83.5315 4590
83.7449 5610
83.8328 5950
83.9521 6290
84.0652 6630
84.1751 6970
84.2881 7310
84.4043 7650
84.5174 7990
84.6272 8330
84.7403 8670
84.8565 9010
84.9632 9350
85.0794 9690
85.1925 10030
85.3024 10370
85.4154 10710
85.5316 11050
85.6447 11390
85.7546 11730
85.8676 12070
85.9838 12410
86.0973 12750
86.2107 13090
86.3305 13430
86.4566 13770
86.5827 14110
86.7088 14450
86.8411 14790
86.9798 15130
87.1185 15470
87.2572 15810
87.4022 16150
87.5535 16490
87.7048 16830
87.8561 17170
88.0137 17510
88.1776 17850
88.3415 18190
88.5054 18530
88.6756 18870
88.8521 19210
89.0286 19550
89.2051 19890
89.388 20230
89.5771 20570
89.7662 20910
89.9553 21250
90.1507 21590
90.3525 21930
90.5542 22270
90.7559 22610
90.964 22950
91.1783 23290
91.3863 23630
91.607 23970
91.6259 11730
91.8402 12410
91.9438 12750
92.0573 13090
92.1771 13430
92.3031 13770
92.4292 14110
92.5553 14450
92.6877 14790
92.8264 15130
92.9651 15470
93.1037 15810
93.2487 16150
93.4 16490
93.5513 16830
93.7026 17170
93.8602 17510
94.0241 17850
94.0809 8670
94.2385 9350
94.32 9690
94.433 10030
94.5492 10370
94.656 10710
94.7722 11050
94.8915 11390
95.0014 11730
95.1145 12070
95.2307 12410
95.3441 12750
95.4576 13090
95.5774 13430
95.7035 13770
95.8295 14110
95.9556 14450
96.088 14790
96.2267 15130
96.3654 15470
96.5041 15810
96.6491 16150
96.8004 16490
96.9516 16830
97.1029 17170
97.2605 17510
97.4244 17850
97.582 8670
97.7396 9690
97.859 10030
97.9689 10370
98.0819 10710
98.2103 11050
98.3234 11390
98.4333 11730
98.5463 12070
98.6625 12410
98.776 12750
98.8894 13090
99.0092 13430
99.1353 13770
99.2614 14110
99.3875 14450
99.5198 14790
99.6522 15130
99.7909 15470
99.9359 15810
100.081 16150
100.226 16490
100.377 16830
100.535 17170
100.692 17510
100.85 17850
101.014 18190
101.184 18530
101.354 18870
101.525 19210
101.701 19550
101.884 19890
102.067 20230
102.249 20570
102.439 20910
102.634 21250
102.829 21590
103.025 21930
103.227 22270
103.435 22610
103.643 22950
103.851 23290
104.065 23630
104.286 23970
104.506 24310
104.727 24650
104.954 24990
105.187 25330
105.42 25670
105.515 12580
105.748 13260
105.818 13600
105.944 13940
106.076 14280
106.196 6970
106.325 7990
106.438 8330
106.551 8670
106.698 9010
106.811 9350
106.921 9690
107.034 10030
107.06 4760
107.169 5440
107.27 5780
107.38 6120
107.493 6460
107.609 6800
107.722 7140
107.832 7480
107.945 7820
108.055 8160
108.168 8500
108.284 8840
108.397 9180
108.507 9520
108.626 9860
108.761 10200
108.874 10540
108.984 10880
109.097 11220
109.213 11560
109.326 11900
109.436 12240
109.55 12580
109.67 12920
109.789 13260
109.909 13600
110.035 13940
110.168 14280
110.3 14620
110.432 14960
110.571 15300
110.716 15640
110.861 15980
111.006 16320
111.157 16660
111.315 17000
111.472 17340
111.63 17680
111.794 18020
111.958 18360
112.128 18700
112.305 19040
112.481 19380
112.658 19720
112.84 20060
113.03 20400
113.219 20740
113.408 21080
113.603 21420
113.805 21760
114.007 22100
114.208 22440
114.416 22780
114.631 23120
114.845 23460
115.059 23800
115.28 24140
115.507 24480
115.734 24820
115.961 25160
116.194 25500
116.434 25840
116.673 26180
116.913 26520
117.159 26860
117.411 27200
117.663 27540
117.915 27880
118.174 28220
118.438 28560
118.703 28900
118.968 29240
119.239 29580
119.516 29920
119.794 30260
120.071 30600
120.355 30940
120.645 31280
120.935 31620
121.225 31960
121.521 32300
121.824 32640
122.12 16150
122.416 17170
122.574 17510
122.731 17850
122.895 18190
122.908 8840
123.072 9520
123.179 9860
123.288 10200
123.402 10540
123.518 10880
123.631 11220
123.741 11560
123.854 11900
123.97 12240
124.083 12580
124.197 12920
124.317 13260
124.443 13600
124.569 13940
124.695 14280
124.827 14620
124.966 14960
125.105 15300
125.243 15640
125.388 15980
125.533 16320
125.685 16660
125.842 17000
126 17340
126.157 17680
126.321 18020
126.492 18360
126.662 18700
126.832 19040
126.87 9350
127.043 10030
127.134 10370
127.247 10710
127.357 11050
127.47 11390
127.586 11730
127.699 12070
127.809 12410
127.923 12750
128.042 13090
128.162 13430
128.282 13770
128.408 14110
128.54 14450
128.667 14790
128.805 15130
128.944 15470
129.083 15810
129.228 16150
129.379 16490
129.53 16830
129.681 17170
129.839 17510
130.003 17850
130.167 18190
130.331 18530
130.501 18870
130.678 19210
130.854 19550
131.031 19890
131.213 20230
131.402 20570
131.592 20910
131.781 21250
131.976 21590
132.178 21930
132.38 22270
132.581 22610
132.789 22950
133.004 23290
133.218 23630
133.432 23970
133.653 24310
133.88 24650
134.107 24990
134.334 25330
134.567 25670
134.807 26010
135.046 26350
135.286 26690
135.532 27030
135.784 27370
136.036 27710
136.288 28050
136.547 28390
136.811 28730
137.076 29070
137.341 29410
137.612 29750
137.889 30090
138.167 30430
138.444 30770
138.728 31110
139.018 31450
139.308 31790
139.598 32130
139.894 32470
140.197 32810
140.499 33150
140.802 33490
141.111 33830
141.426 34170
141.741 34510
142.056 34850
142.378 35190
142.586 17340
142.907 18020
142.964 18360
143.134 18700
143.311 19040
143.487 19380
143.664 19720
143.847 20060
144.036 20400
144.225 20740
144.414 21080
144.609 21420
144.811 21760
145.013 22100
145.215 22440
145.423 22780
145.637 23120
145.851 23460
146.047 11560
146.365 12240
146.393 12580
146.506 12920
146.626 13260
146.752 13600
146.878 13940
147.004 14280
147.136 14620
147.275 14960
147.414 15300
147.552 15640
147.697 15980
147.849 16320
148 16660
148.151 17000
148.309 17340
148.467 17680
148.63 18020
148.801 18360
148.971 18700
149.065 9180
149.233 9860
149.301 10200
149.408 10540
149.524 10880
149.637 11220
149.747 11560
149.86 11900
149.977 12240
150.09 12580
150.203 12920
150.323 13260
150.449 13600
150.575 13940
150.702 14280
150.834 14620
150.897 7140
151.029 7820
151.108 8160
151.221 8500
151.331 8840
151.444 9180
151.56 9520
151.673 9860
151.783 10200
151.896 10540
152.012 10880
152.125 11220
152.235 11560
152.348 11900
152.464 12240
152.578 12580
152.691 12920
152.811 13260
152.937 13600
153.063 13940
153.189 14280
153.322 14620
153.46 14960
153.599 15300
153.738 15640
153.883 15980
154.034 16320
154.185 16660
154.337 17000
154.494 17340
154.563 8500
154.718 9180
154.799 9520
154.912 9860
155.022 10200
155.135 10540
155.252 10880
155.365 11220
155.475 11560
155.588 11900
155.704 12240
155.817 12580
155.931 12920
156.051 13260
156.17 13600
156.296 13940
156.429 14280
156.561 14620
156.694 14960
156.832 15300
156.977 15640
157.122 15980
157.267 16320
157.418 16660
157.576 17000
157.734 17340
157.891 17680
158.055 18020
158.225 18360
158.396 18700
158.566 19040
158.742 19380
158.925 19720
159.064 9690
159.24 10370
159.281 10710
159.391 11050
159.504 11390
159.62 11730
159.733 12070
159.824 5780
159.931 6460
159.991 6800
160.104 7140
160.22 7480
160.333 7820
160.443 8160
160.556 8500
160.672 8840
160.785 9180
160.901 9520
161.014 9860
161.131 10200
161.244 10540
161.354 10880
161.467 11220
161.583 11560
161.696 11900
161.806 12240
161.894 5950
162.004 6630
162.064 6970
162.183 3230
162.29 4250
162.393 4590
162.51 4930
162.623 5270
162.733 5610
162.846 5950
162.962 6290
163.075 6630
163.185 6970
163.298 7310
163.408 7650
163.514 3570
163.621 4590
163.737 4930
163.85 5270
164.026 5610
164.139 5950
164.249 6290
164.362 6630
164.478 6970
164.591 7310
164.701 7650
164.814 7990
164.93 8330
165.044 8670
165.153 9010
165.266 9350
165.383 9690
165.496 10030
165.606 10370
165.719 10710
165.835 11050
165.948 11390
166.064 5440
166.171 6460
166.287 6800
166.45 3230
166.557 4250
166.66 4590
166.77 4930
166.883 5270
167 5610
167.113 5950
167.222 6290
167.336 6630
167.358 3060
167.464 3740
167.568 4080
167.681 4420
167.797 4760
167.904 5100
168.02 5440
168.133 5780
168.243 6120
168.356 6460
168.516 6800
168.629 7140
168.739 7480
168.852 7820
168.968 8160
169.081 8500
169.191 8840
169.304 9180
169.42 4420
169.527 5440
169.637 5780
169.753 6120
169.866 6460
169.976 6800
170.089 7140
170.249 7480
170.362 7820
170.472 8160
170.585 8500
170.701 8840
170.814 9180
170.924 9520
171.037 9860
171.153 10200
171.26 10540
171.376 10880
171.489 11220
171.599 11560
171.612 5610
171.722 6290
171.822 6630
171.938 6970
172.052 7310
172.161 7650
172.274 7990
172.391 8330
172.504 8670
172.614 9010
172.727 9350
172.837 9690
172.95 10030
173.084 10370
173.197 10710
173.307 11050
173.42 11390
173.536 11730
173.649 12070
173.759 12410
173.873 12750
173.993 13090
174.112 13430
174.232 13770
174.358 14110
174.491 14450
174.623 14790
174.755 15130
174.894 15470
175.039 15810
175.184 16150
175.329 16490
175.48 16830
175.543 8160
175.695 8840
175.77 9180
175.886 9520
175.999 9860
176.115 10200
176.228 10540
176.345 10880
176.458 11220
176.568 11560
176.681 11900
176.797 12240
176.91 12580
177.024 12920
177.144 13260
177.27 13600
177.307 6630
177.427 7310
177.521 7650
177.634 7990
177.744 8330
177.857 8670
177.967 9010
178.08 9350
178.196 9690
178.31 10030
178.419 10370
178.532 10710
178.649 11050
178.762 11390
178.872 11730
178.985 12070
179.101 12410
179.214 12750
179.328 13090
179.448 13430
179.574 13770
179.7 14110
179.826 14450
179.958 14790
180.097 15130
180.236 15470
180.374 15810
180.519 16150
180.614 7820
180.756 8500
180.825 8840
180.938 9180
181.047 9520
181.161 9860
181.27 10200
181.383 10540
181.5 10880
181.613 11220
181.723 11560
181.836 11900
181.952 12240
182.065 12580
182.179 12920
182.299 13260
182.425 13600
182.551 13940
182.677 14280
182.809 14620
182.948 14960
183.087 15300
183.225 15640
183.37 15980
183.522 16320
183.673 16660
183.824 17000
183.982 17340
184.146 17680
184.31 18020
184.473 18360
184.644 18700
184.82 19040
184.997 19380
185.173 19720
185.356 20060
185.545 20400
185.734 20740
185.923 21080
186.119 21420
186.321 21760
186.522 22100
186.724 22440
186.932 22780
187.146 23120
187.361 23460
187.575 23800
187.796 24140
188.023 24480
188.25 24820
188.476 25160
188.71 25500
188.949 25840
189.189 26180
189.428 26520
189.674 26860
189.926 27200
190.179 27540
190.431 27880
190.689 28220
190.954 28560
191.219 28900
191.483 29240
191.755 29580
192.032 29920
192.309 30260
192.587 30600
192.87 30940
193.154 31280
193.444 31620
193.74 31960
194.037 32300
194.333 32640
194.635 32980
194.944 33320
195.253 33660
195.562 34000
195.877 34340
196.199 34680
196.52 35020
196.842 35360
197.17 35700
197.504 36040
197.838 36380
197.888 18020
198.222 18700
198.367 19040
198.544 19380
198.727 19720
198.91 20060
199.092 20400
199.282 20740
199.483 21080
199.666 21420
199.868 21760
200.07 22100
200.101 10880
200.303 11560
200.4 11900
200.516 12240
200.63 12580
200.743 12920
200.863 13260
200.983 13600
201.109 13940
201.241 14280
201.374 14620
201.506 14960
201.645 15300
201.79 15640
201.935 15980
202.08 16320
202.231 16660
202.389 17000
202.546 17340
202.704 17680
202.868 18020
203.038 18360
203.208 18700
203.378 19040
203.555 19380
203.738 19720
203.92 20060
204.103 20400
204.292 20740
204.488 21080
204.683 21420
204.879 21760
205.08 22100
205.288 22440
205.496 22780
205.704 23120
205.919 23460
206.139 23800
206.36 24140
206.581 24480
206.808 24820
207.041 25160
207.274 25500
207.507 25840
207.747 26180
207.993 26520
208.239 26860
208.314 13260
208.56 13940
208.655 14280
208.781 14620
208.913 14960
209.052 15300
209.197 15640
209.342 15980
209.487 16320
209.638 16660
209.796 17000
209.815 8330
209.969 9010
210.063 9350
210.179 9690
210.293 10030
210.402 10370
210.515 10710
210.632 11050
210.748 11390
210.766 5440
210.873 6120
210.983 6460
211.071 3060
211.178 3740
211.263 4080
211.376 4420
211.492 4760
211.605 5100
211.715 5440
211.828 5780
211.944 6120
212.057 6460
212.167 6800
212.28 7140
212.396 7480
212.509 7820
212.619 8160
212.732 8500
212.823 4080
212.93 4760
213.011 5100
213.121 5440
213.234 5780
213.344 6120
213.457 6460
213.574 6800
213.687 7140
213.796 7480
213.91 7820
214.026 8160
214.139 8500
214.249 8840
214.362 9180
214.478 9520
214.591 9860
214.701 10200
214.814 10540
214.93 10880
215.043 11220
215.153 11560
215.266 11900
215.376 12240
215.489 12580
215.609 12920
215.729 13260
215.849 13600
215.981 6630
216.104 7650
216.214 7990
216.324 8330
216.437 8670
216.553 9010
216.666 9350
216.776 9690
216.889 10030
217.024 10370
217.137 10710
217.247 11050
217.36 11390
217.47 11730
217.583 12070
217.699 12410
217.812 12750
217.926 13090
218.046 13430
218.172 13770
218.298 14110
218.424 14450
218.556 14790
218.695 15130
218.834 15470
218.972 15810
219.117 16150
219.269 16490
219.42 16830
219.571 17170
219.729 17510
219.893 17850
220.057 18190
220.221 18530
220.391 18870
220.567 19210
220.744 19550
220.92 19890
221.103 20230
221.292 20570
221.481 20910
221.67 21250
221.866 21590
222.068 21930
222.269 22270
222.471 22610
222.679 22950
222.893 23290
223.108 23630
223.322 23970
223.543 24310
223.77 24650
223.997 24990
224.224 25330
224.457 25670
224.696 26010
224.936 26350
225.175 26690
225.421 27030
225.673 27370
225.737 13430
225.986 14110
226.074 14450
226.206 14790
226.345 15130
226.484 15470
226.622 15810
226.767 16150
226.919 16490
227.07 16830
227.221 17170
227.379 17510
227.543 17850
227.707 18190
227.87 18530
228.041 18870
228.217 19210
228.394 19550
228.57 19890
228.753 20230
228.942 20570
229.131 20910
229.32 21250
229.516 21590
229.718 21930
229.919 22270
230.121 22610
230.329 22950
230.543 23290
230.758 23630
230.972 23970
231.193 24310
231.413 24650
231.64 24990
231.873 25330
232.107 25670
232.34 26010
232.419 12750
232.765 13770
232.86 14110
232.986 14450
233.119 14790
233.257 15130
233.396 15470
233.535 15810
233.68 16150
233.831 16490
233.982 16830
234.133 17170
234.291 17510
234.455 17850
234.619 18190
234.783 18530
234.953 18870
235.123 19210
235.3 19550
235.483 19890
235.665 20230
235.848 20570
236.037 20910
236.233 21250
236.428 21590
236.624 21930
236.825 22270
237.033 22610
237.241 22950
237.449 23290
237.664 23630
237.884 23970
238.105 24310
238.326 24650
238.553 24990
238.786 25330
239.019 25670
239.252 26010
239.492 26350
239.738 26690
239.984 27030
240.122 13260
240.365 13940
240.422 14280
240.441 6970
240.567 7650
240.67 7990
240.78 8330
240.893 8670
241.009 9010
241.122 9350
241.232 9690
241.345 10030
241.462 10370
241.575 10710
241.685 11050
241.798 11390
241.92 11730
242.026 12070
242.143 12410
242.256 12750
242.37 13090
242.489 13430
242.615 13770
242.741 14110
242.868 14450
243 14790
243.139 15130
243.277 15470
243.416 15810
243.561 16150
243.712 16490
243.864 16830
244.021 8160
244.172 9180
244.286 9520
244.399 9860
244.508 10200
244.622 10540
244.75 10880
244.863 11220
244.973 11560
245.086 11900
245.202 12240
245.316 12580
245.429 12920
245.549 13260
245.675 13600
245.801 13940
245.927 14280
246.059 14620
246.198 14960
246.33 15300
246.475 15640
246.62 15980
246.765 16320
246.917 16660
247.074 17000
247.232 17340
247.39 17680
247.553 18020
247.724 18360
247.894 18700
248.064 19040
248.241 19380
248.423 19720
248.606 20060
248.789 20400
248.978 20740
249.174 21080
249.369 21420
249.564 21760
249.766 22100
249.974 22440
250.182 22780
250.39 23120
250.605 23460
250.825 23800
251.046 24140
251.267 24480
251.493 24820
251.727 25160
251.96 25500
252.193 25840
252.433 26180
252.679 26520
252.924 26860
253.17 27200
253.422 27540
253.681 27880
253.939 28220
254.198 28560
254.311 14110
254.57 14790
254.645 15130
254.784 15470
254.923 15810
255.068 16150
255.225 7820
255.367 8840
255.48 9180
255.597 9520
255.71 9860
255.819 10200
255.888 4930
255.995 5610
256.077 5950
256.193 6290
256.306 6630
256.416 6970
256.529 7310
256.639 7650
256.752 7990
256.868 8330
256.981 8670
257.091 9010
257.204 9350
257.32 9690
257.433 10030
257.543 10370
257.656 10710
257.772 11050
257.885 11390
257.995 11730
258.108 12070
258.225 12410
258.338 12750
258.451 13090
258.571 13430
258.697 13770
258.823 14110
258.949 14450
259.082 14790
259.126 7140
259.258 7820
259.346 8160
259.459 8500
259.575 8840
259.688 9180
259.798 9520
259.911 9860
260.028 10200
260.141 10540
260.257 10880
260.37 11220
260.486 11560
260.599 11900
260.709 12240
260.823 12580
260.942 12920
261.018 6290
261.135 6970
261.204 7310
261.313 7650
261.426 7990
261.543 8330
261.656 8670
261.766 9010
261.879 9350
261.989 9690
262.102 10030
262.218 10370
262.331 10710
262.441 11050
262.554 11390
262.67 11730
262.783 12070
262.893 12410
263.006 12750
263.126 13090
263.246 13430
263.366 13770
263.492 14110
263.624 14450
263.757 14790
263.889 15130
264.028 15470
264.173 15810
264.318 16150
264.463 16490
264.614 16830
264.771 17170
264.929 17510
265.087 17850
265.251 18190
265.421 18530
265.591 18870
265.761 19210
265.938 19550
266.121 19890
266.303 20230
266.486 20570
266.675 20910
266.871 21250
267.066 21590
267.262 21930
267.463 22270
267.671 22610
267.879 22950
268.087 23290
268.302 23630
268.516 23970
268.737 24310
268.964 24650
269.191 24990
269.418 25330
269.651 25670
269.89 26010
270.13 26350
270.369 26690
270.527 13090
270.767 13770
270.811 14110
270.937 14450
271.069 14790
271.208 15130
271.35 15470
271.359 7480
271.495 8160
271.605 8500
271.714 8840
271.828 9180
271.944 9520
272.057 9860
272.167 10200
272.28 10540
272.408 10880
272.521 11220
272.631 11560
272.744 11900
272.86 12240
272.873 5950
272.983 6630
273.08 6970
273.194 7310
273.31 7650
273.423 7990
273.533 8330
273.646 8670
273.762 9010
273.875 9350
273.985 9690
274.098 10030
274.208 10370
274.321 10710
274.449 11050
274.562 11390
274.672 11730
274.785 12070
274.902 12410
275.015 12750
275.129 13090
275.249 13430
275.375 13770
275.501 14110
275.627 14450
275.759 14790
275.898 15130
276.037 15470
276.175 15810
276.32 16150
276.472 16490
276.623 16830
276.774 17170
276.932 17510
277.096 17850
277.26 18190
277.423 18530
277.594 18870
277.77 19210
277.947 19550
278.123 19890
278.306 20230
278.495 20570
278.684 20910
278.873 21250
279.069 21590
279.271 21930
279.472 22270
279.674 22610
279.882 22950
280.096 23290
280.311 23630
280.525 23970
280.746 24310
280.973 24650
281.2 24990
281.426 25330
281.66 25670
281.899 26010
282.139 26350
282.378 26690
282.624 27030
282.876 27370
283.129 27710
283.381 28050
283.639 28390
283.904 28730
284.169 29070
284.433 29410
284.478 14450
284.742 15130
284.856 15470
284.995 15810
285.14 16150
285.291 16490
285.442 16830
285.593 17170
285.751 17510
285.915 17850
286.079 18190
286.243 18530
286.413 18870
286.589 19210
286.766 19550
286.955 9520
287.128 10540
287.238 10880
287.351 11220
287.474 11560
287.587 11900
287.697 12240
287.81 12580
287.93 12920
288.05 13260
288.17 13600
288.296 13940
288.428 14280
288.56 14620
288.693 14960
288.832 15300
288.977 15640
289.122 15980
289.267 16320
289.418 16660
289.44 8160
289.585 8840
289.698 9180
289.808 9520
289.921 9860
290.031 10200
290.144 10540
290.26 10880
290.373 11220
290.47 5440
290.577 6120
290.64 6460
290.75 6800
290.863 7140
290.979 7480
291.092 7820
291.202 8160
291.315 8500
291.431 8840
291.544 9180
291.654 9520
291.767 9860
291.877 4760
291.984 5780
292.159 6120
292.272 6460
292.382 6800
292.495 7140
292.611 7480
292.725 7820
292.834 8160
292.947 8500
293.064 8840
293.089 4250
293.196 4930
293.293 5270
293.403 5610
293.516 5950
293.632 6290
293.745 6630
293.855 6970
293.968 7310
294.084 7650
294.197 7990
294.307 8330
294.42 8670
294.536 9010
294.643 9350
294.759 9690
294.872 10030
294.982 10370
295.095 10710
295.224 11050
295.337 11390
295.447 11730
295.56 12070
295.676 12410
295.789 12750
295.903 13090
296.023 13430
296.149 13770
296.275 14110
296.401 14450
296.533 14790
296.672 15130
296.811 15470
296.949 15810
297.094 16150
297.22 7820
297.362 8500
297.412 8840
297.525 9180
297.635 9520
297.748 9860
297.864 10200
297.977 10540
298.087 10880
298.2 11220
298.317 11560
298.43 11900
298.54 12240
298.653 12580
298.773 12920
298.893 13260
299.012 13600
299.138 13940
299.271 14280
299.403 14620
299.536 14960
299.674 15300
299.819 15640
299.964 15980
300.109 16320
300.261 16660
300.418 17000
300.576 17340
300.733 17680
300.897 18020
301.067 18360
301.238 9010
301.405 10030
301.511 10370
301.624 10710
301.741 11050
301.854 11390
301.964 11730
302.077 12070
302.193 12410
302.306 12750
302.42 13090
302.54 13430
302.666 13770
302.792 14110
302.918 14450
303.05 6970
303.176 7990
303.292 8330
303.406 8670
303.515 9010
303.628 9350
303.769 9690
303.882 10030
303.992 10370
304.105 10710
304.222 11050
304.335 11390
304.445 11730
304.558 12070
304.674 12410
304.787 12750
304.901 13090
305.021 13430
305.147 13770
305.273 14110
305.399 14450
305.531 14790
305.67 7140
305.802 8160
305.912 8500
306.028 8840
306.141 9180
306.251 9520
306.364 9860
306.499 10200
306.612 10540
306.722 10880
306.835 11220
306.951 11560
307.064 11900
307.174 12240
307.288 12580
307.407 12920
307.527 13260
307.647 13600
307.773 13940
307.905 14280
308.038 14620
308.17 14960
308.309 15300
308.454 15640
308.599 15980
308.731 7820
308.876 8500
308.917 8840
309.03 9180
309.14 9520
309.253 9860
309.369 10200
309.482 10540
309.592 10880
309.705 11220
309.821 11560
309.934 11900
310.044 12240
310.158 12580
310.271 12920
310.391 13260
310.517 13600
310.643 13940
310.668 6800
310.791 7480
310.895 7820
311.005 8160
311.118 8500
311.234 8840
311.347 9180
311.457 9520
311.57 9860
311.686 10200
311.799 10540
311.896 5100
312.003 5780
312.069 6120
312.182 6460
312.292 6800
312.405 7140
312.521 7480
312.634 7820
312.744 8160
312.857 8500
312.967 8840
313.08 9180
313.196 9520
313.309 9860
313.419 10200
313.532 10540
313.648 10880
313.761 11220
313.871 11560
313.984 11900
314.101 12240
314.214 12580
314.327 12920
314.447 13260
314.573 13600
314.699 13940
314.825 14280
314.958 14620
315.09 7140
315.223 8160
315.339 8500
315.486 8840
315.599 9180
315.709 9520
315.822 9860
315.932 10200
316.045 10540
316.161 10880
316.274 11220
316.384 11560
316.497 11900
316.613 12240
316.727 12580
316.84 12920
316.96 13260
317.086 13600
317.212 13940
317.338 14280
317.471 14620
317.609 14960
317.748 15300
317.887 15640
318.032 15980
318.183 16320
318.334 16660
318.486 17000
318.643 17340
318.807 17680
318.971 18020
319.135 18360
319.305 18700
319.482 19040
319.658 19380
319.835 19720
320.018 20060
320.207 20400
320.396 20740
320.459 10200
320.648 10880
320.723 11220
320.839 11560
320.952 11900
321.062 12240
321.176 12580
321.296 12920
321.415 13260
321.541 13600
321.661 13940
321.794 14280
321.926 14620
322.058 14960
322.197 15300
322.342 15640
322.487 15980
322.632 16320
322.783 16660
322.935 17000
323.092 17340
323.256 17680
323.42 18020
323.584 18360
323.748 9010
323.912 10030
324.053 10370
324.166 10710
324.276 11050
324.389 11390
324.505 11730
324.612 12070
324.728 12410
324.841 12750
324.955 13090
325.075 13430
325.201 13770
325.327 14110
325.453 14450
325.585 14790
325.724 15130
325.863 15470
326.001 15810
326.146 16150
326.298 16490
326.449 16830
326.6 17170
326.758 17510
326.922 17850
327.086 18190
327.249 18530
327.42 18870
327.565 9180
327.735 9860
327.769 10200
327.882 10540
327.998 10880
328.111 11220
328.221 11560
328.334 11900
328.451 12240
328.564 12580
328.677 12920
328.797 13260
328.923 13600
329.049 13940
329.175 14280
329.308 14620
329.447 14960
329.579 15300
329.724 15640
329.869 15980
330.014 16320
330.165 16660
330.323 17000
330.48 17340
330.638 17680
330.802 18020
330.972 18360
331.142 18700
331.313 19040
331.489 19380
331.571 9520
331.744 10200
331.816 10540
331.933 10880
332.046 11220
332.156 11560
332.269 11900
332.385 12240
332.498 12580
332.612 12920
332.732 13260
332.858 13600
332.984 13940
333.11 14280
333.242 14620
333.381 14960
333.52 15300
333.658 15640
333.803 15980
333.955 16320
334.106 16660
334.257 17000
334.415 17340
334.579 17680
334.743 18020
334.906 18360
335.077 18700
335.247 19040
335.423 19380
335.606 19720
335.789 20060
335.972 20400
336.161 20740
336.356 21080
336.369 10370
336.561 11050
336.662 11390
336.778 11730
336.891 12070
337.001 12410
337.114 12750
337.228 13090
337.348 13430
337.474 13770
337.6 14110
337.726 14450
337.858 14790
337.997 15130
338.136 15470
338.274 15810
338.419 16150
338.57 16490
338.722 16830
338.873 17170
339.031 17510
339.195 17850
339.358 18190
339.522 18530
339.693 18870
339.869 19210
340.046 19550
340.222 19890
340.405 20230
340.594 20570
340.783 20910
340.972 21250
341.168 21590
341.369 21930
341.571 22270
341.773 22610
341.981 22950
342.195 23290
342.41 23630
342.624 23970
342.845 24310
342.927 11900
343.147 12580
343.223 12920
343.343 13260
343.462 13600
343.588 13940
343.715 14280
343.847 14620
343.986 14960
344.124 15300
344.263 15640
344.408 15980
344.559 16320
344.711 16660
344.862 17000
345.019 17340
345.183 17680
345.347 18020
345.511 18360
345.681 18700
345.858 19040
346.034 19380
346.211 19720
346.394 20060
346.583 20400
346.772 20740
346.961 21080
347.157 21420
347.358 21760
347.56 22100
347.762 22440
347.97 22780
348.184 23120
348.398 23460
348.613 23800
348.833 24140
349.06 24480
349.287 24820
349.514 25160
349.747 25500
349.987 25840
350.227 26180
350.466 26520
350.712 26860
350.964 27200
351.216 27540
351.468 27880
351.727 28220
351.992 28560
352.256 28900
352.521 29240
352.792 29580
353.07 29920
353.347 30260
353.612 14960
353.889 15640
353.896 15980
354.041 16320
354.192 16660
354.211 8160
354.362 8840
354.462 9180
354.579 9520
354.692 9860
354.783 4760
354.889 5440
354.958 5780
355.075 6120
355.188 6460
355.297 6800
355.411 7140
355.527 7480
355.64 7820
355.75 8160
355.863 8500
355.979 8840
356.092 9180
356.202 9520
356.315 9860
356.431 10200
356.544 10540
356.654 10880
356.767 11220
356.877 11560
356.99 11900
357.106 12240
357.22 12580
357.333 12920
357.453 13260
357.579 13600
357.705 13940
357.831 14280
357.964 14620
358.102 14960
358.241 15300
358.38 15640
358.525 15980
358.676 16320
358.827 16660
358.978 17000
359.136 17340
359.3 17680
359.464 18020
359.628 18360
359.798 18700
359.949 9180
360.116 9860
360.154 10200
360.267 10540
360.377 10880
360.49 11220
360.606 11560
360.719 11900
360.829 12240
360.942 12580
361.062 12920
361.182 13260
361.258 6460
361.374 7140
361.449 7480
361.562 7820
361.672 8160
361.785 8500
361.902 8840
362.015 9180
362.125 9520
362.238 9860
362.256 4760
362.366 5440
362.467 5780
362.583 6120
362.69 6460
362.806 6800
362.919 7140
363.029 7480
363.142 7820
363.258 8160
363.371 8500
363.481 8840
363.594 9180
363.735 9520
363.848 9860
363.958 10200
364.071 10540
364.187 10880
364.3 11220
364.41 11560
364.523 11900
364.639 12240
364.753 12580
364.866 12920
364.986 13260
365.112 13600
365.213 6630
365.336 7310
365.389 7650
365.502 7990
365.612 8330
365.725 8670
365.841 9010
365.954 9350
366.071 9690
366.184 10030
366.3 10370
366.331 4930
366.441 5610
366.529 5950
366.645 6290
366.758 6630
366.868 6970
366.981 7310
367.098 7650
367.211 7990
367.32 8330
367.434 8670
367.55 9010
367.656 9350
367.773 9690
367.886 10030
367.996 10370
368.109 10710
368.225 11050
368.338 11390
368.448 11730
368.561 12070
368.677 12410
368.79 12750
368.904 13090
369.024 13430
369.15 13770
369.276 14110
369.402 14450
369.534 14790
369.673 15130
369.812 15470
369.95 15810
370.095 16150
370.247 16490
370.398 16830
370.549 17170
370.707 17510
370.871 17850
371.035 18190
371.199 18530
371.369 18870
371.545 19210
371.722 19550
371.898 19890
372.081 20230
372.27 20570
372.459 20910
372.649 21250
372.844 21590
373.046 21930
373.247 22270
373.449 22610
373.657 22950
373.872 23290
374.086 23630
374.3 23970
374.521 24310
374.748 24650
374.975 24990
375.202 25330
375.435 25670
375.668 26010
375.908 26350
376.154 26690
376.399 27030
376.645 27370
376.897 27710
377.156 28050
377.414 28390
377.673 28730
377.938 29070
378.209 29410
378.234 14450
378.502 15130
378.622 15470
378.767 15810
378.912 16150
379.057 16490
379.208 16830
379.365 17170
379.523 17510
379.681 17850
379.845 18190
380.008 18530
380.179 18870
380.355 19210
380.532 19550
380.708 19890
380.891 20230
381.08 20570
381.269 20910
381.332 10200
381.521 10880
381.597 11220
381.713 11560
381.832 11900
381.942 12240
382.056 12580
382.175 12920
382.295 13260
382.415 13600
382.541 13940
382.673 14280
382.806 14620
382.938 14960
383.077 15300
383.222 15640
383.367 15980
383.512 16320
383.663 16660
383.685 8160
383.94 9180
384.084 9520
384.197 9860
384.307 10200
384.42 10540
384.536 10880
384.649 11220
384.759 11560
384.872 11900
384.989 12240
385.102 12580
385.215 12920
385.335 13260
385.461 13600
385.587 13940
385.713 14280
385.846 14620
385.985 14960
386.123 15300
386.262 15640
386.407 15980
386.558 16320
386.71 16660
386.861 17000
387.018 17340
387.182 17680
387.34 18020
387.51 18360
387.68 18700
387.851 19040
388.027 19380
388.21 19720
388.393 20060
388.576 20400
388.765 20740
388.96 21080
389.155 21420
389.351 21760
389.553 22100
389.761 22440
389.969 22780
390.177 23120
390.391 23460
390.612 23800
390.832 24140
391.053 24480
391.28 24820
391.513 25160
391.746 25500
391.98 25840
392.219 26180
392.465 26520
392.711 26860
392.957 27200
393.209 27540
393.467 27880
393.726 28220
393.984 28560
394.249 28900
394.52 29240
394.791 29580
395.062 29920
395.34 30260
395.623 30600
395.907 30940
396.191 31280
396.481 31620
396.613 15640
396.903 16320
396.985 16660
397.143 17000
397.294 17340
397.458 17680
397.622 18020
397.786 18360
397.956 18700
398.132 19040
398.309 19380
398.485 19720
398.668 20060
398.857 20400
399.046 20740
399.236 21080
399.431 21420
399.633 21760
399.834 22100
400.036 22440
