0.0 0
0.010928 3400
0.024944 3740
0.031248 4080
0.037552 4420
0.043856 4760
0.05016 5100
0.056464 5440
0.062768 5780
0.069072 6120
0.075376 6460
0.08168 6800
0.087984 7140
0.094288 7480
0.100592 7820
0.106896 8160
0.1132 8500
0.119504 8840
0.125808 9180
0.132112 9520
0.138416 9860
0.14472 10200
0.151024 10540
0.157328 10880
0.163632 11220
0.169936 11560
0.17624 11900
0.182544 12240
0.188848 12580
0.195152 12920
0.201456 13260
0.20776 13600
0.214064 13940
0.220368 14280
0.226672 14620
0.232976 14960
0.23928 15300
0.245584 15640
0.251888 15980
0.258192 16320
0.264496 16660
0.2708 17000
0.277104 17340
0.283408 17680
0.289712 18020
0.296016 18360
0.30232 18700
0.308624 19040
0.314928 19380
0.321232 19720
0.327536 20060
0.33384 20400
0.340144 20740
0.346448 21080
0.352752 21420
0.359056 21760
0.36536 22100
0.371664 22440
0.377968 22780
0.384272 23120
0.390576 23460
0.39688 23800
0.403184 24140
0.409488 24480
0.415792 24820
0.422096 25160
0.4284 25500
0.434704 25840
0.441008 26180
0.447312 26520
0.453616 26860
0.45992 27200
0.466224 27540
0.472528 27880
0.478832 28220
0.485136 28560
0.49144 28900
0.497744 29240
0.504048 29580
0.510352 29920
0.516656 30260
0.52296 30600
0.529264 30940
0.535568 31280
0.541872 31620
0.548176 31960
0.55448 32300
0.560784 32640
0.567088 32980
0.573392 33320
0.579696 33660
0.586 34000
0.592304 34340
0.598608 34680
0.604912 35020
0.611216 35360
0.61752 35700
0.623824 36040
0.630128 36380
0.636432 36720
0.642736 37060
0.64904 37400
0.655344 37740
0.661648 38080
0.667952 38420
0.674256 38760
0.68056 39100
0.686864 39440
0.693168 39780
0.699472 40120
0.705776 40460
0.71208 40800
0.718384 41140
0.724688 41480
0.730992 41820
0.737296 42160
0.7436 42500
0.749904 42840
0.756208 43180
0.762512 43520
0.768816 43860
0.77512 44200
0.781424 44540
0.787728 44880
0.794032 45220
0.800336 45560
0.80664 45900
0.812944 46240
0.819248 46580
0.825552 46920
0.831856 47260
0.83816 47600
0.844464 47940
0.850768 48280
0.857072 48620
0.863376 48960
0.86968 49300
0.875984 49640
0.882288 49980
0.888592 50320
0.894896 50660
0.9012 51000
0.907504 51340
0.913808 51680
0.920112 52020
0.926416 52360
0.93272 52700
0.939024 53040
0.945328 53380
0.951632 53720
0.957936 54060
0.96424 54400
0.970544 54740
0.976848 55080
0.986304 27370
2.32357 340
2.36688 680
2.44253 1020
2.45611 1360
2.4697 1700
2.47915 2040
2.48958 2380
2.49904 2720
2.5085 3060
2.51795 3400
2.52741 3740
2.53686 4080
2.54632 4420
2.55578 4760
2.56523 5100
2.57469 5440
2.58414 5780
2.5936 6120
2.60306 6460
2.61251 6800
2.62197 7140
2.63142 7480
2.64088 7820
2.65034 8160
2.65979 8500
2.66925 8840
2.6787 9180
2.68816 9520
2.69762 9860
2.70707 10200
2.71653 10540
2.72598 10880
2.73544 11220
2.7449 11560
2.75435 11900
2.76381 12240
2.77326 12580
2.78272 12920
2.79218 13260
2.80163 13600
2.89304 6630
3.16096 6970
3.25867 7310
3.38475 7650
3.51083 7990
3.64322 8330
3.7819 8670
3.93005 9010
4.07819 9350
4.23264 9690
4.39339 10030
4.55414 10370
4.7275 10710
4.90086 11050
5.08368 11390
5.27595 11730
5.46507 12070
5.66365 12410
5.87483 12750
6.08917 13090
6.30981 13430
6.5336 13770
6.75739 14110
6.99379 14450
7.22704 14790
7.46659 15130
7.71875 15470
7.96776 15810
8.22938 16150
8.49099 16490
8.75576 16830
9.02998 17170
9.30421 17510
9.59104 17850
9.87472 18190
10.13 18530
10.3002 18870
10.4704 19210
10.647 19550
10.8298 19890
11.0126 20230
11.1954 20570
11.3845 20910
11.58 21250
11.7754 21590
11.788 10540
11.9834 11220
12.078 11560
12.1851 11900
12.2923 12240
12.4058 12580
12.5256 12920
12.6453 13260
12.7651 13600
12.8912 13940
13.0236 14280
13.156 14620
13.2883 14960
13.427 15300
13.572 15640
13.717 15980
13.862 16320
14.0133 16660
14.1709 17000
14.3285 17340
14.4861 17680
14.65 18020
14.8202 18360
14.9904 18700
15.1606 19040
15.3371 19380
15.52 19720
15.7028 20060
15.8856 20400
16.0747 20740
16.2701 21080
16.4656 21420
16.661 21760
16.8627 22100
17.0707 22440
17.2788 22780
17.4868 23120
17.7011 23460
17.9218 23800
18.1424 24140
18.3631 24480
18.4576 12070
18.6783 12750
18.7413 13090
18.8611 13430
18.9872 13770
19.1132 14110
19.2393 14450
19.3717 14790
19.4915 7140
19.6239 7820
19.6302 8160
19.7058 8500
19.7878 8840
19.8697 9180
19.9517 9520
20.0399 9860
20.1282 10200
20.2227 10540
20.3236 10880
20.4245 11220
20.5253 11560
20.6325 11900
20.746 12240
20.8594 12580
20.9729 12920
21.0927 13260
21.2188 13600
21.3448 13940
21.4709 14280
21.5277 6970
21.6569 7650
21.6947 7990
21.7641 8330
21.8397 8670
21.9154 9010
21.9973 9350
22.0856 9690
22.1738 10030
22.2621 10370
22.3566 10710
22.4575 11050
22.5584 11390
22.6592 11730
22.7664 12070
22.8799 12410
22.9933 12750
23.1068 13090
23.2266 13430
23.3527 13770
23.4788 14110
23.6048 14450
23.7372 14790
23.8759 15130
24.0146 15470
24.1533 15810
24.2983 16150
24.4496 16490
24.6009 16830
24.7522 17170
24.9098 17510
25.0737 17850
25.2376 18190
25.4015 18530
25.5717 18870
25.7482 19210
25.9247 19550
26.1012 19890
26.284 20230
26.4732 20570
26.6623 20910
26.8514 21250
27.0468 21590
27.2485 21930
27.4503 22270
27.652 22610
27.86 22950
28.0744 23290
28.1815 11390
28.3927 12070
28.4432 12410
28.5566 12750
28.6701 13090
28.7899 13430
28.916 13770
29.042 14110
29.1681 14450
29.3005 14790
29.4329 15130
29.5716 15470
29.7166 15810
29.8616 16150
29.9309 7820
30.0759 8500
30.1137 8840
30.1957 9180
30.2839 9520
30.3722 9860
30.4604 10200
30.555 10540
30.6559 10880
30.7567 11220
30.8576 11560
30.9648 11900
31.0152 5780
31.1224 6460
31.1539 6800
31.2169 7140
31.28 7480
31.3493 7820
31.4249 8160
31.5006 8500
31.5762 8840
31.6582 9180
31.7464 9520
31.8347 9860
31.923 10200
32.0175 10540
32.1184 10880
32.2192 11220
32.3201 11560
32.4273 11900
32.5408 12240
32.6542 12580
32.7677 12920
32.8875 13260
33.0072 13600
33.0262 6630
33.1459 7310
33.2027 7650
33.2657 7990
33.3414 8330
33.417 8670
33.4927 9010
33.5746 9350
33.6629 9690
33.7511 10030
33.8394 10370
33.9339 10710
34.0348 11050
34.1357 11390
34.2365 11730
34.3437 12070
34.4572 12410
34.5706 12750
34.6841 13090
34.8039 13430
34.93 13770
35.056 14110
35.1821 14450
35.3145 14790
35.4532 15130
35.4847 7310
35.6171 7990
35.6675 8330
35.7432 8670
35.8251 9010
35.9008 9350
35.989 9690
36.0773 10030
36.1656 10370
36.2601 10710
36.361 11050
36.4618 11390
36.5627 11730
36.6699 12070
36.7833 12410
36.8968 12750
37.0103 13090
37.1301 13430
37.2561 13770
37.3822 14110
37.5083 14450
37.5776 6970
37.7069 7650
37.7321 7990
37.8077 8330
37.8834 8670
37.959 9010
38.041 9350
38.1292 9690
38.2175 10030
38.3058 10370
38.4003 10710
38.5012 11050
38.602 11390
38.7029 11730
38.8101 12070
38.9236 12410
39.037 12750
39.1505 13090
39.2703 13430
39.3964 13770
39.5224 14110
39.5729 6800
39.6958 7480
39.7399 7820
39.8093 8160
39.8849 8500
39.9606 8840
40.0425 9180
40.1308 9520
40.219 9860
40.3073 10200
40.4018 10540
40.5027 10880
40.6036 11220
40.7044 11560
40.8116 11900
40.9251 12240
41.0385 12580
41.152 12920
41.2718 13260
41.3979 13600
41.524 13940
41.65 14280
41.7824 14620
41.9211 14960
42.0598 15300
42.1985 15640
42.3435 15980
42.4948 16320
42.6461 16660
42.7974 17000
42.955 17340
43.1189 17680
43.2828 18020
43.4467 18360
43.6169 18700
43.7934 19040
43.9699 19380
44.1464 19720
44.3292 20060
44.512 20400
44.7012 20740
44.8966 21080
45.092 21420
45.2874 21760
45.4892 22100
45.6972 22440
45.9052 22780
46.1133 23120
46.3276 23460
46.5482 23800
46.7689 24140
46.9895 24480
47.2165 24820
47.4497 25160
47.683 25500
47.9162 25840
48.1558 26180
48.4016 26520
48.6475 26860
48.8933 27200
49.1455 27540
49.404 27880
49.6624 28220
49.9209 28560
50.1856 28900
50.4567 29240
50.7278 29580
50.9989 29920
51.2762 30260
51.5599 30600
51.8436 30940
52.1273 31280
52.4173 31620
52.7136 31960
53.0098 32300
53.3061 32640
53.6087 32980
53.9176 33320
54.2265 33660
54.5354 34000
54.8506 34340
55.1721 34680
55.4936 35020
55.8151 35360
56.1429 35700
56.477 36040
56.8112 36380
57.1453 36720
57.4951 18190
57.8292 19210
57.9995 19550
58.176 19890
58.3588 20230
58.5416 20570
58.7307 20910
58.9261 21250
59.1216 21590
59.317 21930
59.5187 22270
59.7268 22610
59.9348 22950
60.1428 23290
60.3572 23630
60.5778 23970
60.7984 24310
61.0191 24650
61.246 24990
61.4793 25330
61.7125 25670
61.9458 26010
62.1853 26350
62.4312 26690
62.677 27030
62.8157 13260
63.0616 13940
63.1183 14280
63.2507 14620
63.3831 14960
63.5218 15300
63.6668 15640
63.8117 15980
63.9567 16320
64.108 16660
64.2656 17000
64.4232 17340
64.5808 17680
64.7447 18020
64.8204 8840
64.9843 9520
65.0284 9860
65.123 10200
65.2175 10540
65.3121 10880
65.3436 5270
65.4413 5950
65.4728 6290
65.5296 6630
65.5863 6970
65.6494 7310
65.7187 7650
65.788 7990
65.8574 8330
65.933 8670
66.015 9010
66.0969 9350
66.1789 9690
66.2672 10030
66.3617 10370
66.4563 10710
66.5508 11050
66.6517 11390
66.7589 11730
66.866 12070
66.9732 12410
67.0867 12750
67.2064 13090
67.3262 13430
67.446 13770
67.5721 14110
67.7045 14450
67.8368 14790
67.9692 15130
68.1079 15470
68.2529 15810
68.3979 16150
68.5429 16490
68.6942 16830
68.8518 17170
69.0094 17510
69.167 17850
69.3309 18190
69.5011 18530
69.6713 18870
69.8415 19210
70.018 19550
70.2008 19890
70.3837 20230
70.5665 20570
70.7556 20910
70.9447 21250
71.1401 21590
71.3419 21930
71.5436 22270
71.7453 22610
71.9534 22950
72.1677 23290
72.382 23630
72.5964 23970
72.817 24310
73.044 24650
73.2709 24990
73.4978 25330
73.605 12410
73.9454 13430
74.0589 13770
74.185 14110
74.3111 14450
74.4434 14790
74.5821 15130
74.6326 7310
74.7681 7990
74.8059 8330
74.8816 8670
74.9635 9010
75.0455 9350
75.0896 4420
75.1716 5100
75.1905 5440
75.2409 5780
75.2976 6120
75.3544 6460
75.4111 6800
75.4741 7140
75.5372 7480
75.6065 7820
75.6822 8160
75.7578 8500
75.8335 8840
75.9154 9180
76.0037 9520
76.0919 9860
76.1802 10200
76.2748 10540
76.3756 10880
76.4765 11220
76.5773 11560
76.6845 11900
76.798 12240
76.9115 12580
77.0249 12920
77.1447 13260
77.2708 13600
77.3969 13940
77.5229 14280
77.6553 14620
77.794 14960
77.9327 15300
78.0714 15640
78.2164 15980
78.3677 16320
78.519 16660
78.6703 17000
78.8279 17340
78.9855 17680
79.1494 18020
79.3196 18360
79.4898 18700
79.5276 9180
79.6947 9860
79.764 10200
79.8586 10540
79.9594 10880
80.0603 11220
80.1612 11560
80.2683 11900
80.3818 12240
80.4953 12580
80.6088 12920
80.7285 13260
80.8546 13600
80.9807 13940
81.1068 14280
81.2392 14620
81.3778 14960
81.5165 15300
81.6552 15640
81.8002 15980
81.9452 16320
82.0965 16660
82.2541 17000
82.4117 17340
82.5693 17680
82.7332 18020
82.9034 18360
83.0736 18700
83.1304 9180
83.2974 9860
83.3604 10200
83.455 10540
83.5496 10880
83.6504 11220
83.7576 11560
83.8648 11900
83.9719 12240
84.0854 12580
84.1989 12920
84.3187 13260
84.4447 13600
84.5708 13940
84.6969 14280
84.8293 14620
84.968 14960
85.1067 15300
85.2453 15640
85.3903 15980
85.5416 16320
85.6929 16660
85.8442 17000
86.0018 17340
86.1657 17680
86.3296 18020
86.4935 18360
86.607 9010
86.7709 9690
86.7961 10030
86.8907 10370
86.9852 10710
87.0798 11050
87.1807 11390
87.2878 11730
87.395 12070
87.5022 12410
87.6156 12750
87.7354 13090
87.8552 13430
87.975 13770
88.1011 14110
88.2334 14450
88.3595 14790
88.4982 15130
88.6369 15470
88.7756 15810
88.9206 16150
89.0719 16490
89.2232 16830
89.3745 17170
89.5321 17510
89.696 17850
89.8599 18190
90.0238 18530
90.194 18870
90.3705 19210
90.547 19550
90.7235 19890
90.9063 20230
91.0955 20570
91.2846 20910
91.4737 21250
91.6691 21590
91.8708 21930
92.0726 22270
92.2743 22610
92.4823 22950
92.6967 23290
92.911 23630
93.1253 23970
93.346 24310
93.4216 11900
93.7463 12580
93.8408 12920
93.9606 13260
94.0867 13600
94.2128 13940
94.3389 14280
94.4712 14620
94.6099 14960
94.7486 15300
94.8873 15640
95.0323 15980
95.0701 7820
95.212 8500
95.2687 8840
95.3507 9180
95.4389 9520
95.5272 9860
95.6154 10200
95.71 10540
95.8108 10880
95.9117 11220
96.0126 11560
96.1197 11900
96.2332 12240
96.3467 12580
96.3908 6120
96.5011 6800
96.539 7140
96.602 7480
96.6713 7820
96.747 8160
96.8226 8500
96.8983 8840
96.9802 9180
97.0685 9520
97.1568 9860
97.245 10200
97.3396 10540
97.4404 10880
97.5413 11220
97.6422 11560
97.7493 11900
97.8628 5780
97.9668 6800
98.0299 7140
98.0929 7480
98.1622 7820
98.2379 8160
98.3135 8500
98.3892 8840
98.4711 9180
98.5594 9520
98.6413 9860
98.7359 10200
98.8305 10540
98.925 10880
99.0259 11220
99.1331 11560
99.2402 11900
99.3474 12240
99.4609 12580
99.5806 12920
99.7004 13260
99.8202 13600
99.9463 13940
100.079 14280
100.211 14620
100.343 14960
100.482 15300
100.627 15640
100.772 15980
100.917 16320
101.068 16660
101.226 17000
101.384 17340
101.541 17680
101.705 18020
101.875 18360
102.046 18700
102.216 19040
102.392 19380
102.575 19720
102.758 20060
102.941 20400
103.13 20740
103.325 21080
103.521 21420
103.716 21760
103.918 22100
104.132 22440
104.334 22780
104.542 23120
104.756 23460
104.977 23800
105.198 24140
105.418 24480
105.645 24820
105.878 25160
106.112 25500
106.345 25840
106.584 26180
106.83 26520
107.076 26860
107.322 27200
107.574 27540
107.826 27880
108.085 28220
108.35 28560
108.614 28900
108.879 29240
109.15 29580
109.427 29920
109.705 30260
109.982 30600
110.266 30940
110.556 31280
110.846 31620
111.136 31960
111.432 32300
111.735 32640
112.037 32980
112.34 33320
112.649 33660
112.964 34000
113.279 34340
113.594 34680
113.916 35020
114.244 35360
114.572 35700
114.899 36040
115.233 36380
115.574 36720
115.914 37060
115.924 18360
116.261 19040
116.431 19380
116.608 19720
116.633 9690
116.813 10370
116.888 10710
116.989 11050
117.09 11390
117.191 11730
117.298 12070
117.412 12410
117.525 12750
117.626 6120
117.739 6800
117.746 7140
117.809 7480
117.878 7820
117.954 8160
118.029 8500
118.105 8840
118.187 9180
118.275 9520
118.363 9860
118.452 10200
118.546 10540
118.647 10880
118.748 11220
118.849 11560
118.956 11900
119.063 12240
119.177 12580
119.296 12920
119.416 13260
119.536 13600
119.662 13940
119.794 14280
119.927 14620
120.059 14960
120.198 15300
120.343 15640
120.488 15980
120.633 16320
120.702 7990
120.847 8670
120.885 9010
120.967 9350
121.055 9690
121.143 10030
121.232 10370
121.326 10710
121.427 11050
121.528 11390
121.629 11730
121.736 12070
121.85 12410
121.963 12750
122.076 13090
122.196 13430
122.322 13770
122.448 14110
122.574 14450
122.707 14790
122.846 15130
122.984 15470
123.003 7480
123.142 8160
123.205 8500
123.281 8840
123.362 9180
123.451 9520
123.539 9860
123.627 10200
123.722 10540
123.823 10880
123.924 11220
124.024 11560
124.132 11900
124.245 12240
124.352 5950
124.463 6970
124.519 7310
124.589 7650
124.658 7990
124.727 8330
124.803 8670
124.885 9010
124.967 9350
125.049 9690
125.137 10030
125.232 10370
125.326 10710
125.421 11050
125.522 11390
125.629 11730
125.73 12070
125.843 12410
125.957 12750
126.07 13090
126.19 13430
126.316 13770
126.442 14110
126.568 14450
126.7 14790
126.839 15130
126.978 15470
127.117 15810
127.262 16150
127.325 7820
127.47 8500
127.514 8840
127.596 9180
127.684 9520
127.766 9860
127.86 10200
127.955 10540
128.05 10880
128.15 11220
128.258 11560
128.365 11900
128.472 12240
128.585 12580
128.705 12920
128.825 13260
128.945 13600
129.071 13940
129.203 14280
129.336 14620
129.468 14960
129.607 15300
129.752 15640
129.897 15980
130.042 16320
130.193 16660
130.287 8160
130.436 8840
130.467 9180
130.555 9520
130.644 9860
130.732 10200
130.808 4930
130.899 5610
130.905 5950
130.956 6290
131.012 6630
131.075 6970
131.132 7310
131.202 7650
131.271 7990
131.34 8330
131.416 8670
131.498 9010
131.58 9350
131.662 9690
131.75 10030
131.845 10370
131.939 10710
132.034 11050
132.134 11390
132.242 11730
132.349 12070
132.456 12410
132.569 12750
132.689 13090
132.809 13430
132.929 13770
133.055 14110
133.187 14450
133.32 14790
133.452 15130
133.591 15470
133.736 15810
133.881 16150
134.026 16490
134.177 16830
134.335 17170
134.492 17510
134.65 17850
134.814 18190
134.984 18530
135.154 18870
135.324 19210
135.501 19550
135.677 19890
135.86 20230
136.049 20570
136.238 20910
136.428 21250
136.617 10370
136.809 11390
136.91 11730
137.017 12070
137.13 12410
137.244 12750
137.357 13090
137.477 13430
137.603 13770
137.729 14110
137.855 14450
137.988 14790
138.126 15130
138.265 15470
138.404 15810
138.549 16150
138.7 16490
138.851 16830
139.003 17170
139.16 17510
139.324 17850
139.488 18190
139.652 18530
139.822 18870
139.999 19210
140.175 19550
140.352 19890
140.535 20230
140.724 20570
140.913 20910
141.102 21250
141.297 21590
141.499 21930
141.701 22270
141.903 22610
142.111 22950
142.325 23290
142.539 23630
142.754 23970
142.974 24310
143.195 24650
143.422 24990
143.655 25330
143.888 25670
144.122 26010
144.361 26350
144.607 26690
144.853 27030
145.099 27370
145.351 27710
145.609 28050
145.868 28390
146.126 28730
146.391 29070
146.662 29410
146.933 29750
147.204 30090
147.482 30430
147.765 30770
148.049 31110
148.333 31450
148.623 31790
148.919 32130
149.215 32470
149.511 32810
149.814 33150
150.123 33490
150.432 33830
150.741 34170
151.056 34510
151.195 17000
151.51 17680
151.604 18020
151.768 18360
151.939 18700
152.115 19040
152.292 19380
152.468 19720
152.651 20060
152.834 20400
153.023 20740
153.218 21080
153.414 21420
153.609 21760
153.811 22100
154.019 22440
154.227 22780
154.435 23120
154.649 23460
154.87 23800
155.091 24140
155.311 24480
155.538 24820
155.771 25160
156.005 25500
156.238 25840
156.477 26180
156.723 26520
156.969 26860
157.139 13260
157.382 13940
157.42 14280
157.552 6970
157.678 7990
157.748 8330
157.823 8670
157.899 9010
157.981 9350
158.069 9690
158.157 10030
158.246 10370
158.34 10710
158.441 11050
158.542 11390
158.643 11730
158.75 12070
158.863 12410
158.977 12750
159.09 13090
159.21 13430
159.336 13770
159.462 14110
159.588 14450
159.721 14790
159.859 15130
159.998 15470
160.137 15810
160.282 16150
160.433 16490
160.584 16830
160.736 17170
160.893 17510
161.057 17850
161.221 18190
161.385 18530
161.555 18870
161.732 19210
161.908 19550
162.085 19890
162.268 20230
162.457 20570
162.646 20910
162.835 21250
163.03 21590
163.232 21930
163.434 22270
163.636 22610
163.686 11050
163.891 11730
163.967 12070
164.08 12410
164.193 12750
164.307 13090
164.427 13430
164.547 13770
164.673 14110
164.805 14450
164.937 14790
165.07 15130
165.208 15470
165.353 15810
165.498 16150
165.643 16490
165.795 16830
165.952 17170
166.11 17510
166.268 17850
166.431 18190
166.602 18530
166.772 18870
166.829 9180
166.999 9860
167.056 10200
167.15 10540
167.251 10880
167.352 11220
167.453 11560
167.56 11900
167.673 12240
167.787 12580
167.9 12920
168.02 13260
168.146 13600
168.272 13940
168.398 14280
168.531 14620
168.669 14960
168.808 15300
168.947 15640
169.092 15980
169.243 16320
169.394 16660
169.546 17000
169.703 17340
169.798 8500
169.952 9180
169.99 9520
170.072 9860
170.167 10200
170.261 10540
170.356 10880
170.457 11220
170.564 11560
170.671 11900
170.778 12240
170.891 12580
171.011 12920
171.131 13260
171.251 13600
171.377 13940
171.509 14280
171.642 14620
171.774 14960
171.913 15300
172.058 15640
172.203 15980
172.348 16320
172.499 16660
172.657 17000
172.814 17340
172.972 17680
173.136 18020
173.306 18360
173.476 18700
173.646 19040
173.823 19380
174.006 19720
174.088 9690
174.264 10370
174.315 10710
174.409 11050
174.51 11390
174.611 11730
174.718 12070
174.831 12410
174.945 12750
175.058 13090
175.178 13430
175.304 13770
175.43 14110
175.556 14450
175.689 14790
175.828 15130
175.966 15470
176.105 15810
176.25 16150
176.401 16490
176.552 16830
176.704 17170
176.861 17510
177.025 17850
177.189 18190
177.353 18530
177.523 18870
177.549 9180
177.716 9860
177.791 10200
177.886 10540
177.987 10880
178.088 11220
178.188 11560
178.296 11900
178.409 12240
178.522 12580
178.636 12920
178.756 13260
178.882 13600
179.008 13940
179.134 14280
179.266 14620
179.405 14960
179.544 15300
179.682 15640
179.827 15980
179.979 16320
180.13 16660
180.281 17000
180.439 17340
180.603 17680
180.767 18020
180.931 18360
181.101 18700
181.277 19040
181.454 19380
181.63 19720
181.813 20060
182.002 20400
182.191 20740
182.381 21080
182.576 21420
182.778 21760
182.979 22100
183.181 22440
183.389 22780
183.604 23120
183.818 23460
183.938 11560
184.152 12240
184.202 12580
184.316 12920
184.436 13260
184.562 13600
184.688 13940
184.814 14280
184.946 14620
185.079 14960
185.217 15300
185.362 15640
185.507 15980
185.652 16320
185.804 16660
185.961 17000
186.119 17340
186.283 8500
186.437 9520
186.525 9860
186.614 10200
186.708 10540
186.809 10880
186.904 11220
187.011 11560
187.118 11900
187.225 12240
187.339 12580
187.458 12920
187.578 13260
187.698 13600
187.824 13940
187.956 14280
188.089 14620
188.221 14960
188.36 15300
188.505 15640
188.65 15980
188.795 16320
188.946 16660
189.104 17000
189.261 17340
189.419 17680
189.551 8670
189.712 9350
189.725 9690
189.813 10030
189.901 10370
189.996 10710
190.097 11050
190.197 11390
190.298 11730
190.406 12070
190.519 12410
190.632 12750
190.746 13090
190.866 13430
190.992 13770
191.03 6630
191.153 7310
191.19 7650
191.26 7990
191.335 8330
191.411 8670
191.487 9010
191.569 9350
191.657 9690
191.745 10030
191.833 10370
191.922 4930
192.013 5950
192.063 6290
192.12 6630
192.177 6970
192.24 7310
192.309 7650
192.379 7990
192.448 8330
192.524 8670
192.606 9010
192.688 9350
192.77 9690
192.858 10030
192.952 10370
193.047 10710
193.141 11050
193.242 11390
193.349 11730
193.457 12070
193.564 12410
193.677 12750
193.797 13090
193.917 13430
194.037 13770
194.163 14110
194.295 14450
194.427 14790
194.56 15130
194.699 15470
194.844 15810
194.989 16150
195.134 16490
195.285 16830
195.442 17170
195.6 17510
195.758 17850
195.922 18190
196.092 18530
196.262 18870
196.432 19210
196.609 19550
196.785 19890
196.968 20230
197.157 20570
197.346 20910
197.535 21250
197.731 21590
197.932 21930
198.115 10710
198.314 11390
198.32 11730
198.427 12070
198.541 5780
198.648 6800
198.705 7140
198.774 7480
198.843 7820
198.913 8160
198.988 8500
199.064 8840
199.146 9180
199.234 9520
199.323 9860
199.411 10200
199.505 10540
199.606 10880
199.707 11220
199.808 11560
199.915 11900
200.029 12240
200.142 12580
200.256 12920
200.375 13260
200.501 13600
200.627 13940
200.754 14280
200.886 14620
201.025 14960
201.163 15300
201.245 7480
201.381 8160
201.412 8500
201.488 8840
201.57 9180
201.658 9520
201.746 9860
201.835 10200
201.929 10540
202.03 10880
202.131 11220
202.232 11560
202.339 11900
202.452 12240
202.566 12580
202.679 12920
202.799 13260
202.925 13600
203.051 13940
203.177 14280
203.31 14620
203.448 14960
203.581 15300
203.726 15640
203.871 15980
203.909 7820
204.054 8500
204.11 8840
204.192 9180
204.274 9520
204.363 9860
204.457 10200
204.552 10540
204.646 10880
204.747 11220
204.854 11560
204.961 11900
205.069 12240
205.182 12580
205.302 12920
205.422 13260
205.541 13600
205.668 13940
205.8 14280
205.932 14620
206.065 14960
206.203 15300
206.348 15640
206.493 15980
206.638 16320
206.79 16660
206.947 17000
207.105 17340
207.262 17680
207.426 18020
207.597 18360
207.767 18700
207.937 19040
208.113 19380
208.296 19720
208.479 20060
208.662 20400
208.851 20740
209.046 21080
209.242 21420
209.437 21760
209.639 22100
209.841 22440
210.049 22780
210.263 23120
210.477 23460
210.597 11560
210.812 12240
210.862 12580
210.975 12920
211.095 13260
211.221 13600
211.347 13940
211.473 14280
211.606 14620
211.748 14960
211.757 7310
211.89 7990
211.953 8330
212.028 8670
212.104 9010
212.186 9350
212.274 9690
212.356 10030
212.451 10370
212.545 10710
212.64 11050
212.741 11390
212.848 11730
212.955 12070
213.062 12410
213.176 12750
213.295 13090
213.415 13430
213.535 13770
213.661 14110
213.793 14450
213.926 14790
214.058 15130
214.197 15470
214.342 15810
214.487 16150
214.632 16490
214.739 7990
214.884 8670
214.903 9010
214.985 9350
215.073 9690
215.161 10030
215.25 10370
215.344 10710
215.445 11050
215.546 11390
215.647 11730
215.754 12070
215.861 12410
215.975 12750
216.094 13090
216.214 13430
216.334 13770
216.46 14110
216.592 14450
216.725 14790
216.857 15130
216.996 15470
217.141 15810
217.286 16150
217.431 16490
217.582 16830
217.74 17170
217.897 17510
218.055 17850
218.219 18190
218.389 18530
218.559 18870
218.729 19210
218.906 19550
219.089 19890
219.272 20230
219.454 20570
219.643 20910
219.719 10200
219.905 10880
219.968 11220
220.069 11560
220.176 11900
220.29 12240
220.403 12580
220.517 12920
220.636 13260
220.762 13600
220.889 13940
221.015 14280
221.147 14620
221.286 14960
221.424 15300
221.563 15640
221.708 15980
221.859 16320
222.011 16660
222.162 17000
222.32 17340
222.483 17680
222.641 18020
222.811 18360
222.881 9010
223.044 9690
223.095 10030
223.183 10370
223.278 10710
223.379 11050
223.398 5270
223.495 5950
223.533 6290
223.59 6630
223.647 6970
223.71 7310
223.779 7650
223.848 7990
223.918 8330
223.993 8670
224.069 9010
224.151 9350
224.239 9690
224.327 10030
224.416 10370
224.51 10710
224.611 11050
224.712 11390
224.813 11730
224.92 12070
225.027 5780
225.134 6800
225.197 7140
225.267 7480
225.336 7820
225.405 8160
225.481 8500
225.557 8840
225.639 9180
225.727 9520
225.815 9860
225.903 10200
225.998 10540
226.099 10880
226.2 11220
226.3 11560
226.408 11900
226.521 12240
226.635 12580
226.748 12920
226.868 13260
226.994 13600
227.12 13940
227.246 14280
227.378 14620
227.517 14960
227.656 15300
227.795 15640
227.94 15980
228.091 16320
228.242 16660
228.393 17000
228.551 17340
228.715 17680
228.879 18020
229.043 18360
229.213 18700
229.389 19040
229.566 19380
229.742 19720
229.925 20060
230.114 20400
230.304 20740
230.493 21080
230.688 21420
230.884 21760
231.085 22100
231.293 22440
231.501 22780
231.709 23120
231.924 23460
232.144 23800
232.365 24140
232.586 24480
232.813 24820
233.046 25160
233.279 25500
233.512 25840
233.752 26180
233.998 26520
234.244 26860
234.489 27200
234.742 27540
235 27880
235.258 28220
235.517 28560
235.782 28900
236.053 29240
236.324 29580
236.595 29920
236.872 30260
237.156 30600
237.44 30940
237.723 31280
238.013 15470
238.3 16490
238.445 16830
238.603 17170
238.76 17510
238.918 17850
239.082 18190
239.252 18530
239.422 18870
239.592 19210
239.769 19550
239.952 19890
240.135 20230
240.317 20570
240.507 20910
240.702 21250
240.809 10370
241.087 10710
241.124 11050
241.225 11390
241.332 11730
241.44 12070
241.547 12410
241.66 12750
241.78 13090
241.9 13430
242.02 13770
242.146 14110
242.278 14450
242.41 14790
242.543 15130
242.681 15470
242.694 7480
242.833 8160
242.902 8500
242.978 8840
243.06 9180
243.148 9520
243.236 9860
243.324 10200
243.419 10540
243.514 10880
243.614 11220
243.722 11560
243.829 11900
243.936 12240
244.049 12580
244.169 12920
244.289 13260
244.409 13600
244.535 13940
244.667 14280
244.8 14620
244.932 14960
245.071 15300
245.216 15640
245.247 7650
245.386 8330
245.443 8670
245.518 9010
245.6 9350
245.688 9690
245.777 10030
245.865 10370
245.96 10710
246.06 11050
246.155 11390
246.262 11730
246.369 12070
246.476 12410
246.59 12750
246.71 13090
246.829 13430
246.949 13770
247.075 14110
247.208 14450
247.34 14790
247.472 15130
247.611 15470
247.756 15810
247.901 16150
248.002 7820
248.144 8500
248.169 8840
248.251 9180
248.333 9520
248.421 9860
248.516 10200
248.61 10540
248.705 10880
248.724 5270
248.822 5950
248.859 6290
248.916 6630
248.979 6970
249.036 7310
249.105 7650
249.175 7990
249.244 8330
249.32 8670
249.402 9010
249.483 9350
249.565 9690
249.654 10030
249.748 10370
249.843 10710
249.937 11050
250.038 11390
250.145 11730
250.253 12070
250.36 12410
250.473 12750
250.593 13090
250.713 13430
250.833 13770
250.959 14110
251.091 14450
251.223 14790
251.356 15130
251.494 15470
251.639 15810
251.784 16150
251.929 16490
252.081 16830
252.238 17170
252.396 17510
252.554 17850
252.717 18190
252.881 18530
253.052 18870
253.228 19210
253.405 19550
253.581 19890
253.764 20230
253.953 20570
254.142 20910
254.331 21250
254.527 21590
254.728 21930
254.93 22270
254.987 10880
255.185 11560
255.261 11900
255.375 12240
255.488 12580
255.601 12920
255.721 13260
255.847 13600
255.973 13940
256.1 14280
256.232 14620
256.371 14960
256.509 15300
256.648 15640
256.793 15980
256.894 7820
257.036 8500
257.061 8840
257.143 9180
257.225 9520
257.313 9860
257.408 10200
257.502 10540
257.597 10880
257.698 11220
257.723 5440
257.82 6120
257.865 6460
257.921 6800
257.984 7140
258.054 7480
258.073 3570
258.136 4250
258.155 4590
258.199 4930
258.243 5270
258.287 5610
258.337 5950
258.394 6290
258.451 6630
258.508 6970
258.571 7310
258.64 7650
258.709 7990
258.779 8330
258.854 8670
258.936 9010
259.018 9350
259.1 9690
259.188 10030
259.283 10370
259.378 10710
259.472 11050
259.573 11390
259.674 11730
259.781 12070
259.895 12410
260.008 12750
260.121 13090
260.241 13430
260.367 13770
260.493 14110
260.619 14450
260.752 14790
260.891 15130
261.029 15470
261.168 15810
261.313 16150
261.464 16490
261.616 16830
261.767 17170
261.924 17510
262.057 8500
262.211 9180
262.224 9520
262.312 9860
262.407 10200
262.501 10540
262.596 10880
262.697 11220
262.804 11560
262.911 11900
263.018 12240
263.132 12580
263.251 12920
263.371 13260
263.491 13600
263.617 13940
263.749 14280
263.882 14620
264.014 14960
264.165 7310
264.298 8330
264.361 8670
264.443 9010
264.525 9350
264.607 9690
264.695 10030
264.79 10370
264.884 10710
264.979 11050
265.08 11390
265.187 11730
265.294 12070
265.401 12410
265.515 12750
265.634 13090
265.754 13430
265.874 13770
266 14110
266.132 14450
266.265 14790
266.397 15130
266.536 15470
266.681 15810
266.826 16150
266.971 16490
267.122 16830
267.267 8160
267.418 9180
267.507 9520
267.595 9860
267.683 10200
267.778 10540
267.879 10880
267.979 11220
268.061 5440
268.159 6120
268.172 6460
268.228 6800
268.291 7140
268.361 7480
268.43 7820
268.499 8160
268.575 8500
268.657 8840
268.739 9180
268.821 9520
268.909 9860
268.997 10200
269.092 10540
269.193 10880
269.294 11220
269.395 11560
269.502 11900
269.615 12240
269.729 12580
269.842 12920
269.962 13260
270.088 13600
270.214 13940
270.34 14280
270.473 14620
270.611 14960
270.75 15300
270.889 15640
271.034 15980
271.153 7820
271.295 8500
271.308 8840
271.39 9180
271.478 9520
271.566 9860
271.655 10200
271.749 10540
271.8 5100
271.891 5780
271.916 6120
271.973 6460
272.036 6800
272.099 7140
272.162 7480
272.231 7820
272.307 8160
272.383 8500
272.458 8840
272.54 9180
272.622 9520
272.711 9860
272.805 10200
272.9 10540
272.994 10880
273.095 11220
273.202 11560
273.309 11900
273.417 12240
273.53 12580
273.65 12920
273.77 13260
273.889 13600
274.015 13940
274.148 14280
274.28 14620
274.413 14960
274.551 15300
274.696 15640
274.841 15980
274.986 16320
275.138 16660
275.295 17000
275.453 17340
275.61 17680
275.774 18020
275.944 18360
276.115 18700
276.285 19040
276.461 19380
276.644 19720
276.827 20060
277.01 20400
277.199 20740
277.394 21080
277.59 21420
277.785 21760
277.987 22100
278.164 10880
278.365 11560
278.378 11900
278.491 12240
278.605 12580
278.718 12920
278.838 13260
278.964 13600
279.09 13940
279.216 14280
279.349 14620
279.481 14960
279.62 15300
279.765 15640
279.91 15980
280.055 16320
280.206 16660
280.364 17000
280.521 17340
280.679 17680
280.843 18020
281.013 18360
281.183 18700
281.353 19040
281.53 19380
281.713 19720
281.895 20060
282.078 20400
282.267 20740
282.463 21080
282.658 21420
282.791 10540
282.986 11220
283.018 11560
283.125 11900
283.238 12240
283.352 12580
283.465 12920
283.585 13260
283.705 13600
283.831 13940
283.963 14280
284.096 14620
284.228 14960
284.367 15300
284.512 15640
284.657 15980
284.802 16320
284.953 16660
285.111 17000
285.268 17340
285.426 17680
285.59 18020
285.76 18360
285.93 18700
286.056 9180
286.223 9860
286.248 10200
286.343 10540
286.438 10880
286.538 11220
286.646 11560
286.753 11900
286.86 12240
286.973 12580
287.093 12920
287.213 13260
287.333 13600
287.459 13940
287.591 14280
287.686 6970
287.815 7650
287.828 7990
287.903 8330
287.973 8670
288.054 9010
288.136 9350
288.218 9690
288.307 10030
288.401 10370
288.496 10710
288.59 11050
288.691 11390
288.798 11730
288.906 12070
289.013 12410
289.126 12750
289.246 13090
289.366 13430
289.485 13770
289.612 14110
289.744 14450
289.876 14790
290.009 15130
290.147 15470
290.292 15810
290.437 16150
290.582 16490
290.734 16830
290.891 17170
290.954 8330
291.109 9010
291.153 9350
291.235 9690
291.323 10030
291.418 10370
291.512 10710
291.607 11050
291.708 11390
291.815 11730
291.922 12070
292.029 12410
292.143 12750
292.262 13090
292.382 13430
292.502 13770
292.628 14110
292.754 14450
292.886 14790
293.025 15130
293.164 15470
293.303 15810
293.448 16150
293.599 16490
293.75 16830
293.901 17170
294.059 17510
294.223 17850
294.387 18190
294.551 18530
294.721 18870
294.897 19210
295.074 19550
295.25 19890
295.433 20230
295.622 20570
295.767 10030
295.95 10710
295.969 11050
296.07 11390
296.171 11730
296.278 12070
296.392 12410
296.505 12750
296.618 13090
296.738 13430
296.864 13770
296.99 14110
297.116 14450
297.249 14790
297.388 15130
297.526 15470
297.665 15810
297.81 16150
297.917 7820
298.059 8500
298.084 8840
298.16 9180
298.248 9520
298.336 9860
298.425 10200
298.519 10540
298.62 10880
298.721 11220
298.822 11560
298.929 11900
299.042 12240
299.156 12580
299.269 12920
299.351 6290
299.465 6970
299.484 7310
299.547 7650
299.616 7990
299.692 8330
299.767 8670
299.843 9010
299.925 9350
300.007 9690
300.095 10030
300.19 10370
300.284 10710
300.379 11050
300.48 11390
300.587 11730
300.694 12070
300.801 12410
300.915 12750
301.034 13090
301.154 13430
301.274 13770
301.4 14110
301.454 6800
301.636 7820
301.693 8160
301.769 8500
301.851 8840
301.933 9180
302.015 9520
302.103 9860
302.198 10200
302.286 10540
302.387 10880
302.487 11220
302.588 11560
302.696 11900
302.809 12240
302.922 12580
303.036 12920
303.156 13260
303.282 13600
303.408 13940
303.534 14280
303.666 14620
303.805 14960
303.944 15300
304.082 15640
304.227 15980
304.379 16320
304.53 16660
304.681 17000
304.839 17340
305.003 17680
305.167 18020
305.331 18360
305.501 18700
305.677 19040
305.854 19380
306.03 19720
306.213 20060
306.402 20400
306.591 20740
306.642 10200
306.831 10880
306.9 11220
307.007 11560
307.115 11900
307.222 12240
307.253 5950
307.364 6630
307.401 6970
307.464 7310
307.534 7650
307.597 7990
307.673 8330
307.748 8670
307.824 9010
307.906 9350
307.994 9690
308.082 10030
308.171 10370
308.265 10710
308.366 11050
308.467 11390
308.568 11730
308.675 12070
308.788 12410
308.902 12750
309.015 13090
309.135 13430
309.261 13770
309.387 14110
309.513 14450
309.646 14790
309.784 15130
309.923 15470
310.062 15810
310.207 16150
310.358 16490
310.44 7990
310.585 8670
310.616 9010
310.698 9350
310.78 9690
310.869 10030
310.963 10370
311.058 10710
311.152 11050
311.253 11390
311.36 11730
311.468 12070
311.48 5780
311.587 6460
311.638 6800
311.701 7140
311.764 7480
311.833 7820
311.909 8160
311.984 8500
312.06 8840
312.142 9180
312.23 9520
312.319 9860
312.407 10200
312.501 10540
312.602 10880
312.703 11220
312.804 11560
312.911 11900
313.025 12240
313.138 12580
313.252 12920
313.371 13260
313.497 13600
313.624 13940
313.75 14280
313.882 14620
314.014 14960
314.153 15300
314.292 7480
314.43 8500
314.512 8840
314.594 9180
314.676 9520
314.765 9860
314.859 10200
314.954 10540
315.048 10880
315.149 11220
315.25 11560
315.357 11900
315.471 12240
315.584 12580
315.698 12920
315.817 13260
315.943 13600
316.069 13940
316.196 14280
316.328 14620
316.467 14960
316.605 15300
316.744 15640
316.889 15980
317.04 16320
317.103 7990
317.248 8670
317.292 9010
317.374 9350
317.456 9690
317.545 10030
317.633 10370
317.727 10710
317.828 11050
317.929 11390
318.03 11730
318.137 12070
318.251 12410
318.364 12750
318.478 13090
318.597 13430
318.723 13770
318.85 14110
318.976 14450
319.026 6970
319.155 7650
319.193 7990
319.269 8330
319.344 8670
319.42 9010
319.502 9350
319.584 9690
319.672 10030
319.767 10370
319.861 10710
319.956 11050
320.057 11390
320.164 11730
320.271 12070
320.378 12410
320.492 12750
320.611 13090
320.731 13430
320.851 13770
320.977 14110
321.11 14450
321.242 14790
321.254 7140
321.387 7820
321.45 8160
321.526 8500
321.601 8840
321.683 9180
321.771 9520
321.86 9860
321.948 10200
322.042 10540
322.143 10880
322.244 11220
322.345 11560
322.452 11900
322.566 12240
322.679 12580
322.793 12920
322.912 13260
322.975 6460
323.092 7140
323.124 7480
323.193 7820
323.269 8160
323.344 8500
323.42 8840
323.502 9180
323.59 9520
323.678 9860
323.767 10200
323.861 10540
323.956 10880
323.981 5270
324.079 5950
324.117 6290
324.173 6630
324.23 6970
324.293 7310
324.356 7650
324.425 7990
324.501 8330
324.577 8670
324.652 9010
324.734 9350
324.823 9690
324.911 10030
324.999 10370
325.094 10710
325.194 11050
325.295 11390
325.396 11730
325.503 12070
325.617 12410
325.73 12750
325.844 13090
325.964 13430
326.09 6460
326.209 7480
326.272 7820
326.348 8160
326.424 8500
326.499 8840
326.581 9180
326.67 9520
326.758 9860
326.846 10200
326.941 10540
327.042 10880
327.142 11220
327.243 11560
327.35 11900
327.464 12240
327.577 12580
327.691 12920
327.811 13260
327.937 13600
328.063 13940
328.138 6800
328.265 7480
328.29 7820
328.365 8160
328.441 8500
328.517 8840
328.599 9180
328.681 9520
328.769 9860
328.863 10200
328.958 10540
329.053 10880
329.153 11220
329.261 11560
329.368 11900
329.475 12240
329.588 12580
329.708 12920
329.828 13260
329.948 13600
330.074 13940
330.206 14280
330.339 14620
330.471 14960
330.61 15300
330.755 15640
330.9 15980
331.013 7820
331.158 8500
331.171 8840
331.253 9180
331.341 9520
331.429 9860
331.517 10200
331.612 10540
331.713 10880
331.814 11220
331.915 11560
332.022 11900
332.135 12240
332.249 12580
332.362 12920
332.482 13260
332.608 13600
332.734 13940
332.86 14280
332.993 14620
333.131 14960
333.27 15300
333.409 15640
333.554 15980
333.705 16320
333.856 16660
334.007 17000
334.165 17340
334.329 17680
334.493 18020
334.657 18360
334.827 18700
335.004 19040
335.18 19380
335.357 19720
335.539 20060
335.728 20400
335.918 20740
336.107 21080
336.302 21420
336.504 21760
336.699 22100
336.907 22440
337.115 22780
337.323 23120
337.538 23460
337.758 23800
337.979 24140
338.2 24480
338.427 24820
338.66 25160
338.893 25500
339.126 25840
339.366 26180
339.612 26520
339.858 26860
340.103 27200
340.356 27540
340.507 13600
340.759 14280
340.81 14620
340.948 14960
341.087 15300
341.226 15640
341.371 15980
341.509 7820
341.654 8500
341.661 8840
341.742 9180
341.824 9520
341.913 9860
342.007 10200
342.102 10540
342.209 5100
342.3 6120
342.351 6460
342.408 6800
342.471 7140
342.54 7480
342.609 7820
342.679 8160
342.754 8500
342.836 8840
342.918 9180
343 9520
343.088 9860
343.177 10200
343.271 10540
343.372 10880
343.473 11220
343.574 11560
343.681 11900
343.794 12240
343.908 12580
344.021 12920
344.141 13260
344.267 13600
344.393 13940
344.519 14280
344.652 14620
344.79 14960
344.929 15300
345.068 15640
345.213 15980
345.364 16320
345.433 7990
345.578 8670
345.616 9010
345.698 9350
345.78 9690
345.868 10030
345.963 10370
346.058 10710
346.152 11050
346.253 11390
346.36 11730
346.467 12070
346.575 12410
346.688 12750
346.808 13090
346.909 6290
347.079 7310
347.142 7650
347.211 7990
347.281 8330
347.356 8670
347.438 9010
347.52 9350
347.602 9690
347.69 10030
347.785 10370
347.879 10710
347.974 11050
348.075 11390
348.182 11730
348.289 12070
348.396 12410
348.51 12750
348.63 13090
348.749 13430
348.869 13770
348.995 14110
349.128 14450
349.26 14790
349.392 15130
349.468 7310
349.6 7990
349.632 8330
349.708 8670
349.783 9010
349.865 9350
349.947 9690
350.035 10030
350.13 10370
350.225 10710
350.319 11050
350.42 11390
350.527 11730
350.634 12070
350.741 12410
350.855 12750
350.975 13090
351.094 13430
351.214 13770
351.34 14110
351.473 14450
351.605 14790
351.737 15130
351.876 15470
351.971 7480
352.106 8160
352.131 8500
352.213 8840
352.295 9180
352.377 9520
352.466 9860
352.554 10200
352.648 10540
352.749 10880
352.85 11220
352.951 11560
353.058 11900
353.172 12240
353.285 12580
353.399 12920
353.518 13260
353.644 13600
353.771 13940
353.897 14280
354.029 14620
354.168 14960
354.306 15300
354.445 15640
354.59 15980
354.741 16320
354.893 16660
355.044 17000
355.202 17340
355.365 17680
355.529 18020
355.681 8840
355.841 9520
355.848 9860
355.942 10200
356.037 10540
356.131 10880
356.232 11220
356.339 11560
356.377 5610
356.481 6290
356.513 6630
356.57 6970
356.633 7310
356.696 7650
356.765 7990
356.841 8330
356.916 8670
356.992 9010
357.074 9350
357.162 9690
357.25 10030
357.339 10370
357.433 10710
357.534 11050
357.635 11390
357.736 11730
357.755 5610
357.859 6290
357.903 6630
357.934 3060
357.991 3740
358.004 4080
358.041 4420
358.079 4760
358.123 5100
358.174 5440
358.224 5780
358.275 6120
358.331 6460
358.395 6800
358.458 7140
358.521 7480
358.59 7820
358.659 8160
358.735 8500
358.817 8840
358.899 9180
358.981 9520
359.069 9860
359.164 10200
359.258 10540
359.353 10880
359.454 5270
359.548 6290
359.599 6630
359.662 6970
359.725 7310
359.788 7650
359.857 7990
359.933 8330
360.008 8670
360.084 9010
360.153 4250
360.229 5270
360.279 5610
360.33 5950
360.38 6290
360.437 6630
360.5 6970
360.563 7310
360.626 7650
360.695 7990
360.771 8330
360.847 8670
360.922 9010
361.004 9350
361.093 9690
361.181 10030
361.269 10370
361.364 10710
361.465 11050
361.565 11390
361.666 11730
361.773 12070
361.887 12410
361.925 5950
362.032 6630
362.063 6970
362.126 7310
362.196 7650
362.265 7990
362.335 8330
362.41 8670
362.492 9010
362.574 9350
362.656 9690
362.744 10030
362.839 10370
362.933 10710
363.028 11050
363.129 11390
363.236 11730
363.343 12070
363.45 12410
363.564 12750
363.684 13090
363.803 13430
363.923 13770
364.049 14110
364.182 14450
364.314 14790
364.446 15130
364.585 15470
364.73 15810
364.875 16150
365.02 16490
365.171 16830
365.323 17170
365.48 17510
365.644 17850
365.808 18190
365.972 18530
366.142 18870
366.319 19210
366.476 9350
366.646 10030
366.653 10370
366.747 10710
366.842 11050
366.943 11390
367.05 11730
367.157 12070
367.264 12410
367.378 12750
367.497 13090
367.617 13430
367.737 13770
367.863 14110
367.996 14450
368.128 14790
368.26 15130
368.399 15470
368.544 15810
368.689 16150
368.834 16490
368.985 16830
369.055 8160
369.206 8840
369.25 9180
369.332 9520
369.401 4590
369.486 5270
369.493 5610
369.543 5950
369.594 6290
369.65 6630
369.713 6970
369.776 7310
369.839 7650
369.909 7990
369.984 8330
370.06 8670
370.136 9010
370.218 9350
370.3 9690
370.388 10030
370.482 10370
370.577 10710
370.672 11050
370.772 11390
370.88 11730
370.987 12070
371.094 12410
371.207 12750
371.327 13090
371.447 13430
371.567 13770
371.693 14110
371.825 14450
371.958 14790
372.09 15130
372.229 15470
372.374 15810
372.519 16150
372.55 7820
372.692 8500
372.755 8840
372.837 9180
372.919 9520
373.007 9860
373.102 10200
373.196 10540
373.291 10880
373.392 11220
373.493 11560
373.6 11900
373.713 12240
373.827 12580
373.94 12920
374.06 13260
374.186 13600
374.312 13940
374.438 14280
374.571 14620
374.709 14960
374.848 15300
374.987 15640
375.132 15980
375.283 16320
375.434 16660
375.586 17000
375.743 17340
375.907 17680
376.071 18020
376.235 18360
376.405 18700
376.582 19040
376.758 19380
376.935 19720
376.991 9690
377.168 10370
377.231 10710
377.325 11050
377.426 11390
377.533 11730
377.641 12070
377.748 12410
377.861 12750
377.981 13090
378.101 13430
378.221 13770
378.347 14110
378.479 14450
378.611 14790
378.744 15130
378.883 15470
379.028 15810
379.172 16150
379.317 16490
379.469 16830
379.626 17170
379.746 8330
379.897 9010
379.91 9350
379.998 9690
380.087 10030
380.175 10370
380.269 10710
380.37 11050
380.471 11390
380.572 11730
380.679 12070
380.793 12410
380.906 12750
381.02 13090
381.108 6290
381.221 6970
381.234 7310
381.297 7650
381.366 7990
381.442 8330
381.518 8670
381.593 9010
381.675 9350
381.763 9690
381.852 10030
381.94 10370
382.035 10710
382.135 11050
382.236 11390
382.337 11730
382.444 12070
382.558 12410
382.671 12750
382.785 13090
382.904 13430
383.031 13770
383.157 14110
383.283 14450
383.415 14790
383.554 15130
383.692 15470
383.831 15810
383.976 16150
384.127 16490
384.279 16830
384.43 17170
384.588 17510
384.752 17850
384.915 18190
385.079 18530
385.25 18870
385.426 19210
385.603 19550
385.779 19890
385.962 20230
386.145 20570
386.183 10030
386.365 10710
386.441 11050
386.542 11390
386.649 11730
386.75 12070
386.863 12410
386.977 12750
387.09 13090
387.21 13430
387.336 13770
387.462 14110
387.588 14450
387.721 14790
387.79 7140
387.919 7820
387.957 8160
388.033 8500
388.108 8840
388.19 9180
388.279 9520
388.354 4590
388.436 5610
388.487 5950
388.543 6290
388.6 6630
388.657 6970
388.72 7310
388.783 7650
388.852 7990
388.928 8330
389.004 8670
389.079 9010
389.161 9350
389.249 9690
389.319 4590
389.404 5270
389.41 5610
389.454 5950
389.511 6290
389.568 6630
389.625 6970
389.688 7310
389.757 7650
389.826 7990
389.896 8330
389.971 8670
390.053 9010
390.135 9350
390.217 9690
390.305 10030
390.4 10370
390.494 10710
390.589 11050
390.69 11390
390.797 11730
390.904 12070
391.011 12410
391.125 12750
391.245 13090
391.364 13430
391.484 13770
391.61 14110
391.743 14450
391.875 14790
392.007 15130
392.146 15470
392.171 7480
392.307 8160
392.37 8500
392.446 8840
392.528 9180
392.616 9520
392.704 9860
392.792 10200
392.887 10540
392.988 10880
393.089 11220
393.189 11560
393.297 11900
393.41 12240
393.524 12580
393.58 6120
393.694 6800
393.725 7140
393.788 7480
393.858 7820
393.927 8160
394.003 8500
394.085 8840
394.167 9180
394.249 9520
394.337 9860
394.431 10200
394.526 10540
394.57 5100
394.661 5780
394.687 6120
394.743 6460
394.806 6800
394.869 7140
394.932 7480
395.002 7820
395.077 8160
395.153 8500
395.229 8840
395.311 9180
395.399 9520
395.487 9860
395.576 10200
395.67 10540
395.771 10880
395.872 11220
395.973 11560
396.08 11900
396.193 12240
396.307 12580
396.42 12920
396.54 13260
396.666 13600
396.792 13940
396.925 14280
397.051 14620
397.189 14960
397.322 15300
397.467 15640
397.612 15980
397.757 16320
397.908 16660
398.066 17000
398.223 17340
398.381 17680
398.545 18020
398.715 18360
398.885 18700
399.055 19040
399.232 19380
399.415 19720
399.597 20060
399.78 20400
399.969 20740
