0.0 0
0.476717 3400
0.956523 3740
0.962827 4080
0.969131 4420
0.975435 4760
0.981739 5100
1.18489 5440
1.43905 5780
1.44535 6120
1.45166 6460
1.45796 6800
1.46426 7140
1.47057 7480
1.47687 7820
1.66742 8160
1.92157 8500
1.92788 8840
1.93418 9180
1.94049 9520
1.94679 9860
1.95309 10200
1.9594 10540
1.9657 10880
1.97201 11220
1.97831 11560
2.14679 11900
2.15309 12240
2.4041 12580
2.4104 12920
2.41671 13260
2.42301 13600
2.42932 13940
2.43562 14280
2.44192 14620
2.44823 14960
2.45453 15300
2.46084 15640
2.46714 15980
2.47344 16320
2.47975 16660
2.48605 17000
2.49236 17340
2.62932 17680
2.63562 18020
2.64192 18360
2.88662 18700
2.89293 19040
2.89923 19380
2.90554 19720
2.91184 20060
2.91814 20400
2.92445 20740
2.93075 21080
2.93706 21420
2.94336 21760
2.94966 22100
2.95597 22440
2.96227 22780
2.96858 23120
2.97488 23460
2.98118 23800
2.98749 24140
2.99379 24480
3.0001 24820
3.0064 25160
3.0127 25500
3.01901 25840
3.10869 26180
3.11499 26520
3.1213 26860
3.1276 27200
3.1339 27540
3.36915 27880
3.37545 28220
3.38176 28560
3.38806 28900
3.39437 29240
3.40067 29580
3.40697 29920
3.41328 30260
3.41958 30600
3.42589 30940
3.43219 31280
3.43849 31620
3.4448 31960
3.4511 32300
3.45741 32640
3.46371 32980
3.47001 33320
3.47632 33660
3.48262 34000
3.48893 34340
3.49523 34680
3.50153 35020
3.50784 35360
3.51414 35700
3.52045 36040
3.52675 36380
3.53305 36720
3.53936 37060
3.54566 37400
3.55197 37740
3.55827 38080
3.56457 38420
3.57088 38760
3.59121 39100
3.59752 39440
3.60382 39780
3.61013 40120
3.61643 40460
3.62273 40800
3.62904 41140
3.83219 41480
3.85168 41820
3.85798 42160
3.86428 42500
3.87059 42840
3.87689 43180
3.8832 43520
3.8895 43860
3.8958 44200
3.90211 44540
3.90841 44880
3.91472 45220
3.92102 45560
3.92732 45900
3.93363 46240
3.93993 46580
3.94624 46920
3.95254 47260
3.95884 47600
3.96515 47940
3.97145 48280
3.97776 48620
3.98406 48960
3.99036 49300
3.99667 49640
4.00297 49980
4.00928 50320
4.01558 50660
4.02188 51000
4.02819 51340
4.03449 51680
4.0408 52020
4.0471 52360
4.0534 52700
4.05971 53040
4.06601 53380
4.07232 53720
4.07862 54060
4.08492 54400
4.09123 54740
4.09753 55080
4.10384 55420
4.11014 55760
4.11644 56100
4.12275 56440
4.12905 56780
4.13536 57120
4.14166 57460
4.14796 57800
4.15427 58140
4.16057 58480
4.16688 58820
4.17318 59160
4.17948 59500
4.18579 59840
4.19209 60180
4.1984 60520
4.2047 60860
4.211 61200
4.21731 61540
4.22361 61880
4.31472 62220
4.3342 62560
4.34051 62900
4.34681 63240
4.35311 63580
4.35942 63920
4.36572 64260
4.37203 64600
4.37833 64940
4.38463 65280
4.39094 65620
4.39724 65960
4.40355 66300
4.40985 66640
4.41615 66980
4.42246 67320
4.42876 67660
4.43507 68000
4.44137 68340
4.44767 68680
4.45398 69020
4.46028 69360
4.46659 69700
4.47289 70040
4.47919 70380
4.4855 70720
4.4918 71060
4.49811 71400
4.50441 71740
4.51071 72080
4.51702 72420
4.52332 72760
4.52963 73100
4.53593 73440
4.54223 73780
4.54854 74120
4.55484 74460
4.56115 74800
4.56745 75140
4.57375 75480
4.58006 75820
4.58636 76160
4.59267 76500
4.59897 76840
4.60527 77180
4.61158 77520
4.61788 77860
4.62419 78200
4.63049 78540
4.63679 78880
4.6431 79220
4.6494 79560
4.65571 79900
4.66201 80240
4.66831 80580
4.67462 80920
4.68092 81260
4.68723 81600
4.69353 81940
4.69983 82280
4.70614 82620
4.71244 82960
4.71875 83300
4.72505 83640
4.73135 83980
4.73766 84320
4.74396 84660
4.75027 85000
4.75657 85340
4.76287 85680
4.76918 86020
4.77548 86360
4.78179 86700
4.78809 87040
4.79439 87380
4.8007 87720
4.807 88060
4.81331 88400
4.81961 88740
4.82591 89080
4.83222 89420
4.83852 89760
4.84483 90100
4.85113 90440
4.85743 90780
4.86374 91120
4.87004 91460
4.87635 91800
4.88265 92140
4.88895 92480
4.89526 92820
4.90156 93160
4.90787 93500
4.91417 93840
4.92047 94180
4.92678 94520
4.93308 94860
4.93939 95200
4.94569 95540
4.95199 95880
4.9583 96220
4.9646 96560
4.97091 96900
4.97721 97240
4.98351 97580
4.98982 97920
4.99612 98260
5.00243 98600
5.00873 98940
5.01503 99280
5.02134 99620
5.02764 99960
5.03395 100300
5.04025 100640
5.04655 100980
5.05286 101320
5.05916 101660
5.06547 102000
5.07177 102340
5.07807 102680
5.08438 103020
5.09068 103360
5.09699 103700
5.10329 104040
5.10959 104380
5.1159 104720
5.1222 105060
5.12851 105400
5.13481 105740
5.14111 106080
5.14742 106420
5.15372 106760
5.16003 107100
5.16633 107440
5.17263 107780
5.17894 108120
5.18524 108460
5.19155 108800
5.19785 109140
5.20415 109480
5.21046 109820
5.21676 110160
5.22307 110500
5.22937 110840
5.23567 111180
5.24198 111520
5.24828 111860
5.25459 112200
5.26089 112540
5.26719 112880
5.2735 113220
5.2798 113560
5.28611 113900
5.29241 114240
5.29871 114580
5.30502 114920
5.31132 115260
5.31763 115600
5.32393 115940
5.33023 116280
5.33654 116620
5.34284 116960
5.34915 117300
5.35545 117640
5.36175 117980
5.36806 118320
5.37436 118660
5.38067 119000
5.38697 119340
5.39327 119680
5.39958 120020
5.40588 120360
5.41219 120700
5.41849 121040
5.42479 121380
5.4311 121720
5.4374 122060
5.44371 122400
5.45001 122740
5.45631 123080
5.46262 123420
5.46892 123760
5.47523 124100
5.48153 124440
5.48783 124780
5.49414 125120
5.50044 125460
5.50675 125800
5.51305 126140
5.51935 126480
5.52566 126820
5.53196 127160
5.53827 127500
5.54457 127840
5.55087 128180
5.55718 128520
5.56348 128860
5.56979 129200
5.57609 129540
5.58239 129880
5.5887 130220
5.595 130560
5.60131 130900
5.60761 131240
5.61391 131580
5.62022 131920
5.62652 132260
5.63283 132600
5.63913 132940
5.64543 133280
5.65174 133620
5.65804 133960
5.66435 134300
5.67065 134640
5.67695 134980
5.68326 135320
5.68956 135660
5.69587 136000
5.70217 136340
5.70847 136680
5.71478 137020
5.72108 137360
5.72739 137700
5.73369 138040
5.73999 138380
5.7463 138720
5.7526 139060
5.75891 139400
5.76521 139740
5.77151 140080
5.77782 140420
5.78412 140760
5.79043 141100
5.79673 141440
5.80303 141780
5.80934 142120
5.81564 142460
5.82195 142800
5.82825 143140
5.83455 143480
5.84086 143820
5.84716 144160
5.85347 144500
5.85977 144840
5.86607 145180
5.87238 145520
5.87868 145860
5.88499 146200
5.89129 146540
5.89759 146880
5.9039 147220
5.9102 147560
5.91651 147900
5.92281 148240
5.92911 148580
5.93542 148920
5.94172 149260
5.94803 149600
5.95433 149940
5.96063 150280
5.96694 150620
5.97324 150960
5.97955 151300
5.98585 151640
5.99215 151980
5.99846 152320
6.00476 152660
6.01107 153000
6.01737 153340
6.02367 153680
6.02998 154020
6.03628 154360
6.04259 154700
6.04889 155040
6.05519 155380
6.0615 155720
6.0678 156060
6.07411 156400
6.08041 156740
6.08671 157080
6.09302 157420
6.09932 157760
6.10563 158100
6.11193 158440
6.11823 158780
6.12454 159120
6.13084 159460
6.13715 159800
6.14345 160140
6.14975 160480
6.15606 160820
6.16236 161160
6.16867 161500
6.17497 161840
6.18127 162180
6.18758 162520
6.19388 162860
6.20019 163200
6.20649 163540
6.21279 163880
6.2191 164220
6.2254 164560
6.23171 164900
6.23801 165240
6.24431 165580
6.25062 165920
6.25692 166260
6.26323 166600
6.26953 166940
6.27583 167280
6.28214 167620
6.28844 167960
6.29475 168300
6.30105 168640
6.30735 168980
6.31366 169320
6.31996 169660
6.32627 170000
6.33257 170340
6.33887 170680
6.34518 171020
6.35148 171360
6.35779 171700
6.36409 172040
6.37039 172380
6.3767 172720
6.383 173060
6.38931 173400
6.39561 173740
6.40191 174080
6.40822 174420
6.41452 174760
6.42083 175100
6.42713 175440
6.43343 175780
6.43974 176120
6.44604 176460
6.45235 176800
6.45865 177140
6.46495 177480
6.47126 177820
6.47756 178160
6.48387 178500
6.49017 178840
6.49647 179180
6.50278 179520
6.50908 179860
6.51539 180200
6.52169 180540
6.52799 180880
6.5343 181220
6.5406 181560
6.54691 181900
6.55321 182240
6.55951 182580
6.56582 182920
6.57212 183260
6.57843 183600
6.58473 183940
6.59103 184280
6.59734 184620
6.60364 184960
6.60995 185300
6.61625 185640
6.62255 185980
6.62886 186320
6.63516 186660
6.64147 187000
6.64777 187340
6.65407 187680
6.66038 188020
6.66668 188360
6.67299 188700
6.67929 189040
6.68559 189380
6.6919 189720
6.6982 190060
6.70451 190400
6.71081 190740
6.71711 191080
6.72342 191420
6.72972 191760
6.73603 192100
6.74233 192440
6.74863 192780
6.75494 193120
6.76124 193460
6.76755 193800
6.77385 194140
6.78015 194480
6.78646 194820
6.79276 195160
6.79907 195500
6.80537 195840
6.81167 196180
6.81798 196520
6.82428 196860
6.83059 197200
6.83689 197540
6.84319 197880
6.8495 198220
6.8558 198560
6.86211 198900
6.86841 199240
6.87471 199580
6.88102 199920
6.88732 200260
6.89363 200600
6.89993 200940
6.90623 201280
6.91254 201620
6.91884 201960
6.92515 202300
6.93145 202640
6.93775 202980
6.94406 203320
6.95036 203660
6.95667 204000
6.96297 204340
6.96927 204680
6.97558 205020
6.98503 102340
9.56889 340
9.68711 680
10.1665 1020
10.6459 1360
11.1252 1700
11.1347 2040
11.6109 2380
11.6204 2720
12.0903 3060
12.0997 3400
12.1092 3740
12.5728 4080
12.5823 4420
12.5917 4760
12.6012 5100
13.0553 5440
13.0648 5780
13.0742 6120
13.0837 6460
13.0932 6800
13.5347 7140
13.5442 7480
13.5536 7820
13.5631 8160
13.5725 8500
13.582 8840
13.5914 9180
14.0172 9520
14.0267 9860
14.0361 10200
14.0456 10540
14.0551 10880
14.0645 11220
14.074 11560
14.0834 11900
14.0929 12240
14.4966 12580
14.5061 12920
14.5155 13260
14.525 13600
14.5344 13940
14.5439 14280
14.5533 14620
14.5628 14960
14.5722 15300
14.5817 15640
14.5912 15980
14.6006 16320
14.976 16660
14.9854 17000
14.9949 17340
15.0043 17680
15.0138 18020
15.0233 18360
15.0327 18700
15.0422 19040
15.0516 19380
15.0611 19720
15.0705 20060
15.08 20400
15.0894 20740
15.0989 21080
15.1084 21420
15.1178 21760
15.4553 22100
15.4648 22440
15.4743 22780
15.4837 23120
15.4932 23460
15.5026 23800
15.5121 24140
15.5215 24480
15.531 24820
15.5405 25160
15.5499 25500
15.5594 25840
15.5688 26180
15.5783 26520
15.5877 26860
15.5972 27200
15.6066 27540
15.6161 27880
15.6256 28220
15.635 28560
15.6445 28900
15.6539 29240
15.941 29580
15.9505 29920
15.9599 30260
15.9694 30600
15.9788 30940
15.9883 31280
15.9978 31620
16.0072 31960
16.0167 32300
16.0261 32640
16.0356 32980
16.045 33320
16.0545 33660
16.064 34000
16.0734 34340
16.0829 34680
16.0923 35020
16.1018 35360
16.1112 35700
16.1207 36040
16.1301 36380
16.1396 36720
16.1491 37060
16.1585 37400
16.168 37740
16.1774 38080
16.1869 38420
16.1963 38760
16.2058 39100
16.4236 39440
16.433 39780
16.4425 40120
16.4519 40460
16.4614 40800
16.4708 41140
16.4803 41480
16.4897 41820
16.4992 42160
16.5087 42500
16.5181 42840
16.5276 43180
16.537 43520
16.5465 43860
16.5559 44200
16.5654 44540
16.5748 44880
16.5843 45220
16.5938 45560
16.6032 45900
16.6127 46240
16.6221 46580
16.6316 46920
16.641 47260
16.6505 47600
16.66 47940
16.6694 48280
16.6789 48620
16.6883 48960
16.6978 49300
16.7072 49640
16.7167 49980
16.7261 50320
16.7356 50660
16.7451 51000
16.7545 51170
17.3347 25330
18.2901 25670
18.5485 26010
19.0213 26350
19.5036 26690
19.9795 27030
20.4681 27370
20.963 27710
21.461 28050
21.959 28390
22.4728 28730
22.9834 29070
23.494 29410
24.0204 29750
24.5436 30090
25.0669 30430
25.6059 30770
26.1417 31110
26.6775 31450
27.2197 31790
27.7744 32130
28.3323 32470
28.8839 32810
29.4513 33150
30.0155 33490
30.5986 33830
31.1754 34170
31.7712 34510
32.3606 34850
32.9689 35190
33.5647 35530
34.1825 35870
34.8034 36210
35.4243 36550
36.0484 36890
36.682 37230
37.3187 37570
37.9554 37910
38.5984 38250
39.2414 38590
39.897 38930
40.5558 39270
41.2177 39610
41.8765 39950
42.5447 40290
43.2318 40630
43.9158 40970
44.5935 41310
45.2712 41650
45.9741 41990
46.677 42330
47.3925 42670
48.1017 43010
48.8203 43350
49.5358 43690
50.2608 44030
51.0015 44370
51.7391 44710
52.4767 45050
53.2237 45390
53.9707 45730
54.7366 46070
55.4994 46410
56.2685 46750
57.0313 47090
57.8067 47430
58.5789 47770
59.3543 48110
60.1486 48450
60.9461 48790
61.7467 49130
62.541 49470
63.3605 49810
64.1706 50150
64.9901 50490
65.8191 50830
66.667 51170
67.5086 51510
68.3533 51850
69.2138 52190
70.0711 52530
70.9411 52870
71.8016 53210
72.6841 53550
73.5572 53890
74.4461 54230
75.3381 54570
76.2364 54910
77.1379 55250
78.0425 55590
78.9566 55930
79.8707 56270
80.7911 56610
81.7209 56950
82.6539 57290
83.6027 57630
84.5577 57970
85.5222 58310
86.4899 58650
87.4576 58990
88.4252 59330
89.415 59670
90.4015 60010
91.3976 60350
92.3999 60690
93.4085 61030
94.4172 61370
95.4416 61710
96.4691 62050
97.503 62390
98.5463 62730
99.495 63070
100.116 63410
100.743 63750
101.364 64090
101.991 64430
102.612 64770
103.24 65110
103.861 65450
104.488 65790
105.109 66130
105.736 66470
106.357 66810
106.984 67150
107.605 67490
108.229 67830
108.86 68170
109.49 68510
110.12 68850
110.757 69190
111.4 69530
112.043 69870
112.686 70210
113.335 70550
113.991 70890
114.647 71230
115.302 71570
115.964 71910
116.632 72250
117.301 72590
117.969 72930
118.643 73270
119.324 73610
120.005 73950
120.686 74290
121.373 74630
122.067 74970
122.76 75310
123.453 75650
124.153 75990
124.859 76330
125.565 76670
126.271 77010
126.984 77350
127.702 77690
128.421 78030
129.14 78370
129.865 78710
130.596 79050
131.327 79390
132.058 79730
132.796 80070
133.54 80410
134.284 80750
135.028 81090
135.778 81430
136.534 81770
137.291 82110
138.047 82450
138.81 82790
139.579 83130
140.348 83470
141.117 83810
141.893 84150
142.674 84490
143.456 84830
144.238 85170
145.026 85510
145.82 85850
146.614 86190
147.409 86530
148.209 86870
149.016 87210
149.823 87550
150.63 87890
151.443 88230
152.263 88570
153.082 88910
153.902 89250
154.728 89590
155.56 89930
156.392 90270
157.224 90610
158.062 90950
158.907 91290
159.752 91630
160.597 91970
161.448 92310
162.305 92650
163.162 92990
164.02 93330
164.883 93670
165.753 94010
166.623 94350
167.493 94690
168.369 95030
169.252 95370
170.135 95710
171.017 96050
171.906 96390
172.801 96730
173.696 97070
174.591 97410
175.493 97750
176.401 98090
177.308 98430
178.216 98770
179.13 99110
180.051 99450
180.971 99790
181.891 100130
182.818 100470
183.751 100810
184.684 101150
185.617 101490
186.556 101830
187.502 102170
188.448 102510
189.393 102850
190.345 103190
191.303 103530
192.262 103870
193.22 104210
194.184 104550
195.155 104890
196.126 105230
197.097 105570
198.074 105910
199.057 106250
200.041 106590
201.024 106930
202.014 107270
203.01 107610
204.006 107950
205.002 108290
206.004 108630
207.013 108970
208.022 109310
209.03 109650
210.045 109990
211.066 110330
212.088 110670
213.109 111010
214.136 111350
215.17 111690
216.204 112030
217.238 112370
218.278 112710
219.325 113050
219.652 56270
220.693 56950
221.052 57290
221.581 57630
222.111 57970
222.647 58310
223.189 58650
223.731 58990
224.273 59330
224.822 59670
225.376 60010
225.931 60350
226.486 60690
227.047 61030
227.614 61370
228.182 61710
228.749 62050
229.323 62390
229.903 62730
230.483 63070
231.063 63410
231.649 63750
232.242 64090
232.834 64430
233.427 64770
234.026 65110
234.631 65450
235.236 65790
235.841 66130
236.453 66470
237.07 66810
237.688 67150
238.306 67490
238.93 67830
239.56 68170
240.191 68510
240.821 68850
241.458 69190
242.101 69530
242.744 69870
243.387 70210
244.036 70550
244.692 70890
245.348 71230
246.003 71570
246.665 71910
247.333 72250
248.002 72590
248.67 72930
249.344 73270
250.019 73610
250.7 73950
251.387 74290
252.074 74630
252.761 74970
253.454 75310
254.154 75650
254.854 75990
255.554 76330
256.26 76670
256.972 77010
257.684 77350
258.397 77690
259.115 78030
259.84 78370
260.565 78710
261.29 79050
262.022 79390
262.759 79730
263.497 80070
264.234 80410
264.978 80750
265.728 81090
266.479 81430
267.229 81770
267.985 82110
268.748 82450
269.511 82790
270.274 83130
271.043 83470
271.818 83810
272.593 84150
273.369 84490
274.151 84830
274.939 85170
275.727 85510
276.515 85850
277.309 86190
278.109 86530
278.91 86870
279.711 87210
280.518 87550
281.331 87890
282.144 88230
282.957 88570
283.777 88910
284.603 89250
285.428 89590
286.254 89930
287.086 90270
287.925 90610
288.763 90950
289.602 91290
290.446 91630
291.297 91970
292.148 92310
292.999 92650
293.857 92990
294.72 93330
295.584 93670
296.448 94010
297.318 94350
298.194 94690
299.07 95030
299.946 95370
300.829 95710
301.718 96050
302.607 96390
303.496 96730
304.391 97070
305.292 97410
306.194 97750
307.095 98090
308.003 98430
308.917 98770
309.831 99110
310.745 99450
311.666 99790
312.592 100130
313.519 100470
314.446 100810
315.379 101150
316.318 101490
317.257 101830
318.197 102170
319.142 102510
320.094 102850
321.046 103190
321.998 103530
322.956 103870
323.921 104210
324.885 104550
325.85 104890
326.82 105230
327.798 105570
328.775 105910
329.752 106250
330.735 106590
331.725 106930
332.715 107270
333.704 107610
334.7 107950
335.703 108290
336.705 108630
337.707 108970
338.716 109310
339.731 109650
340.746 109990
341.761 110330
342.782 110670
343.81 111010
344.837 111350
345.865 111690
346.899 112030
347.939 112370
348.979 112710
350.019 113050
351.066 113390
352.118 113730
353.171 114070
354.224 114410
355.283 114750
356.348 115090
357.414 115430
358.479 115770
359.551 116110
360.629 116450
361.707 116790
362.785 117130
363.869 117470
364.96 117810
366.05 118150
367.141 118490
368.238 118830
369.341 119170
370.444 119510
371.547 119850
372.657 120190
373.773 120530
374.888 120870
376.004 121210
377.126 121550
378.255 121890
379.383 122230
380.512 122570
381.646 122910
382.787 123250
383.928 123590
385.069 123930
386.217 124270
387.37 124610
388.524 124950
389.678 125290
390.838 125630
392.004 125970
393.17 126310
394.336 126650
395.509 126990
396.688 127330
397.867 127670
399.045 128010
