0.0 0
0.50777 3400
1.01863 3740
1.02493 4080
1.03124 4420
1.03754 4760
1.04384 5100
1.247 5440
1.53221 5780
1.53851 6120
1.54481 6460
1.55112 6800
1.55742 7140
1.56373 7480
1.57003 7820
1.76057 8160
2.04578 8500
2.05209 8840
2.05839 9180
2.0647 9520
2.071 9860
2.0773 10200
2.08361 10540
2.08991 10880
2.09622 11220
2.10252 11560
2.271 11900
2.2773 12240
2.55936 12580
2.56567 12920
2.57197 13260
2.57827 13600
2.58458 13940
2.59088 14280
2.59719 14620
2.60349 14960
2.60979 15300
2.6161 15640
2.6224 15980
2.62871 16320
2.63501 16660
2.64131 17000
2.64762 17340
2.78458 17680
2.79088 18020
2.79719 18360
3.07294 18700
3.07924 19040
3.08555 19380
3.09185 19720
3.09816 20060
3.10446 20400
3.11076 20740
3.11707 21080
3.12337 21420
3.12968 21760
3.13598 22100
3.14228 22440
3.14859 22780
3.15489 23120
3.1612 23460
3.1675 23800
3.1738 24140
3.18011 24480
3.18641 24820
3.19272 25160
3.19902 25500
3.20532 25840
3.295 26180
3.30131 26520
3.30761 26860
3.31392 27200
3.32022 27540
3.58652 27880
3.59282 28220
3.59913 28560
3.60543 28900
3.61173 29240
3.61804 29580
3.62434 29920
3.63065 30260
3.63695 30600
3.64325 30940
3.64956 31280
3.65586 31620
3.66217 31960
3.66847 32300
3.67477 32640
3.68108 32980
3.68738 33320
3.69369 33660
3.69999 34000
3.70629 34340
3.7126 34680
3.7189 35020
3.72521 35360
3.73151 35700
3.73781 36040
3.74412 36380
3.75042 36720
3.75673 37060
3.76303 37400
3.76933 37740
3.77564 38080
3.78194 38420
3.78825 38760
3.80858 39100
3.81489 39440
3.82119 39780
3.82749 40120
3.8338 40460
3.8401 40800
3.84641 41140
4.04956 41480
4.1001 41820
4.1064 42160
4.1127 42500
4.11901 42840
4.12531 43180
4.13162 43520
4.13792 43860
4.14422 44200
4.15053 44540
4.15683 44880
4.16314 45220
4.16944 45560
4.17574 45900
4.18205 46240
4.18835 46580
4.19466 46920
4.20096 47260
4.20726 47600
4.21357 47940
4.21987 48280
4.22618 48620
4.23248 48960
4.23878 49300
4.24509 49640
4.25139 49980
4.2577 50320
4.264 50660
4.2703 51000
4.27661 51340
4.28291 51680
4.28922 52020
4.29552 52360
4.30182 52700
4.30813 53040
4.31443 53380
4.32074 53720
4.32704 54060
4.33334 54400
4.33965 54740
4.34595 55080
4.35226 55420
4.35856 55760
4.36486 56100
4.37117 56440
4.37747 56780
4.38378 57120
4.39008 57460
4.39638 57800
4.40269 58140
4.40899 58480
4.4153 58820
4.4216 59160
4.4279 59500
4.43421 59840
4.44051 60180
4.44682 60520
4.45312 60860
4.45942 61200
4.46573 61540
4.47203 61880
4.56314 62220
4.61367 62560
4.61998 62900
4.62628 63240
4.63259 63580
4.63889 63920
4.64519 64260
4.6515 64600
4.6578 64940
4.66411 65280
4.67041 65620
4.67671 65960
4.68302 66300
4.68932 66640
4.69563 66980
4.70193 67320
4.70823 67660
4.71454 68000
4.72084 68340
4.72715 68680
4.73345 69020
4.73975 69360
4.74606 69700
4.75236 70040
4.75867 70380
4.76497 70720
4.77127 71060
4.77758 71400
4.78388 71740
4.79019 72080
4.79649 72420
4.80279 72760
4.8091 73100
4.8154 73440
4.82171 73780
4.82801 74120
4.83431 74460
4.84062 74800
4.84692 75140
4.85323 75480
4.85953 75820
4.86583 76160
4.87214 76500
4.87844 76840
4.88475 77180
4.89105 77520
4.89735 77860
4.90366 78200
4.90996 78540
4.91627 78880
4.92257 79220
4.92887 79560
4.93518 79900
4.94148 80240
4.94779 80580
4.95409 80920
4.96039 81260
4.9667 81600
4.973 81940
4.97931 82280
4.98561 82620
4.99191 82960
4.99822 83300
5.00452 83640
5.01083 83980
5.01713 84320
5.02343 84660
5.02974 85000
5.03604 85340
5.04235 85680
5.04865 86020
5.05495 86360
5.06126 86700
5.06756 87040
5.07387 87380
5.08017 87720
5.08647 88060
5.09278 88400
5.09908 88740
5.10539 89080
5.11169 89420
5.11799 89760
5.1243 90100
5.1306 90440
5.13691 90780
5.14321 91120
5.14951 91460
5.15582 91800
5.16212 92140
5.16843 92480
5.17473 92820
5.18103 93160
5.18734 93500
5.19364 93840
5.19995 94180
5.20625 94520
5.21255 94860
5.21886 95200
5.22516 95540
5.23147 95880
5.23777 96220
5.24407 96560
5.25038 96900
5.25668 97240
5.26299 97580
5.26929 97920
5.27559 98260
5.2819 98600
5.2882 98940
5.29451 99280
5.30081 99620
5.30711 99960
5.31342 100300
5.31972 100640
5.32603 100980
5.33233 101320
5.33863 101660
5.34494 102000
5.35124 102340
5.35755 102680
5.36385 103020
5.37015 103360
5.37646 103700
5.38276 104040
5.38907 104380
5.39537 104720
5.40167 105060
5.40798 105400
5.41428 105740
5.42059 106080
5.42689 106420
5.43319 106760
5.4395 107100
5.4458 107440
5.45211 107780
5.45841 108120
5.46471 108460
5.47102 108800
5.47732 109140
5.48363 109480
5.48993 109820
5.49623 110160
5.50254 110500
5.50884 110840
5.51515 111180
5.52145 111520
5.52775 111860
5.53406 112200
5.54036 112540
5.54667 112880
5.55297 113220
5.55927 113560
5.56558 113900
5.57188 114240
5.57819 114580
5.58449 114920
5.59079 115260
5.5971 115600
5.6034 115940
5.60971 116280
5.61601 116620
5.62231 116960
5.62862 117300
5.63492 117640
5.64123 117980
5.64753 118320
5.65383 118660
5.66014 119000
5.66644 119340
5.67275 119680
5.67905 120020
5.68535 120360
5.69166 120700
5.69796 121040
5.70427 121380
5.71057 121720
5.71687 122060
5.72318 122400
5.72948 122740
5.73579 123080
5.74209 123420
5.74839 123760
5.7547 124100
5.761 124440
5.76731 124780
5.77361 125120
5.77991 125460
5.78622 125800
5.79252 126140
5.79883 126480
5.80513 126820
5.81143 127160
5.81774 127500
5.82404 127840
5.83035 128180
5.83665 128520
5.84295 128860
5.84926 129200
5.85556 129540
5.86187 129880
5.86817 130220
5.87447 130560
5.88078 130900
5.88708 131240
5.89339 131580
5.89969 131920
5.90599 132260
5.9123 132600
5.9186 132940
5.92491 133280
5.93121 133620
5.93751 133960
5.94382 134300
5.95012 134640
5.95643 134980
5.96273 135320
5.96903 135660
5.97534 136000
5.98164 136340
5.98795 136680
5.99425 137020
6.00055 137360
6.00686 137700
6.01316 138040
6.01947 138380
6.02577 138720
6.03207 139060
6.03838 139400
6.04468 139740
6.05099 140080
6.05729 140420
6.06359 140760
6.0699 141100
6.0762 141440
6.08251 141780
6.08881 142120
6.09511 142460
6.10142 142800
6.10772 143140
6.11403 143480
6.12033 143820
6.12663 144160
6.13294 144500
6.13924 144840
6.14555 145180
6.15185 145520
6.15815 145860
6.16446 146200
6.17076 146540
6.17707 146880
6.18337 147220
6.18967 147560
6.19598 147900
6.20228 148240
6.20859 148580
6.21489 148920
6.22119 149260
6.2275 149600
6.2338 149940
6.24011 150280
6.24641 150620
6.25271 150960
6.25902 151300
6.26532 151640
6.27163 151980
6.27793 152320
6.28423 152660
6.29054 153000
6.29684 153340
6.30315 153680
6.30945 154020
6.31575 154360
6.32206 154700
6.32836 155040
6.33467 155380
6.34097 155720
6.34727 156060
6.35358 156400
6.35988 156740
6.36619 157080
6.37249 157420
6.37879 157760
6.3851 158100
6.3914 158440
6.39771 158780
6.40401 159120
6.41031 159460
6.41662 159800
6.42292 160140
6.42923 160480
6.43553 160820
6.44183 161160
6.44814 161500
6.45444 161840
6.46075 162180
6.46705 162520
6.47335 162860
6.47966 163200
6.48596 163540
6.49227 163880
6.49857 164220
6.50487 164560
6.51118 164900
6.51748 165240
6.52379 165580
6.53009 165920
6.53639 166260
6.5427 166600
6.549 166940
6.55531 167280
6.56161 167620
6.56791 167960
6.57422 168300
6.58052 168640
6.58683 168980
6.59313 169320
6.59943 169660
6.60574 170000
6.61204 170340
6.61835 170680
6.62465 171020
6.63095 171360
6.63726 171700
6.64356 172040
6.64987 172380
6.65617 172720
6.66247 173060
6.66878 173400
6.67508 173740
6.68139 174080
6.68769 174420
6.69399 174760
6.7003 175100
6.7066 175440
6.71291 175780
6.71921 176120
6.72551 176460
6.73182 176800
6.73812 177140
6.74443 177480
6.75073 177820
6.75703 178160
6.76334 178500
6.76964 178840
6.77595 179180
6.78225 179520
6.78855 179860
6.79486 180200
6.80116 180540
6.80747 180880
6.81377 181220
6.82007 181560
6.82638 181900
6.83268 182240
6.83899 182580
6.84529 182920
6.85159 183260
6.8579 183600
6.8642 183940
6.87051 184280
6.87681 184620
6.88311 184960
6.88942 185300
6.89572 185640
6.90203 185980
6.90833 186320
6.91463 186660
6.92094 187000
6.92724 187340
6.93355 187680
6.93985 188020
6.94615 188360
6.95246 188700
6.95876 189040
6.96507 189380
6.97137 189720
6.97767 190060
6.98398 190400
6.99028 190740
6.99659 191080
7.00289 191420
7.00919 191760
7.0155 192100
7.0218 192440
7.02811 192780
7.03441 193120
7.04071 193460
7.04702 193800
7.05332 194140
7.05963 194480
7.06593 194820
7.07223 195160
7.07854 195500
7.08484 195840
7.09115 196180
7.09745 196520
7.10375 196860
7.11006 197200
7.11636 197540
7.12267 197880
7.12897 198220
7.13527 198560
7.14158 198900
7.14788 199240
7.15419 199580
7.16049 199920
7.16679 200260
7.1731 200600
7.1794 200940
7.18571 201280
7.19201 201620
7.19831 201960
7.20462 202300
7.21092 202640
7.21723 202980
7.22353 203320
7.22983 203660
7.23614 204000
7.24244 204340
7.24875 204680
7.25505 205020
7.26135 205360
7.26766 205700
7.27396 206040
7.28027 206380
7.28657 206720
7.29287 207060
7.29918 207400
7.30548 207740
7.31179 208080
7.31809 208420
7.32439 208760
7.3307 209100
7.337 209440
7.34331 209780
7.34961 210120
7.35591 210460
7.36222 210800
7.36852 211140
7.37483 211480
7.38113 211820
7.38743 212160
7.39374 212500
7.40004 212840
7.40635 213180
7.41265 213520
7.41895 213860
7.42526 214200
7.43156 214540
7.44102 107100
10.1412 340
10.2961 680
10.8066 1020
11.317 1360
11.8274 1700
11.8369 2040
12.3441 2380
12.3536 2720
12.8546 3060
12.864 3400
12.8735 3740
13.3681 4080
13.3776 4420
13.3871 4760
13.3965 5100
13.8817 5440
13.8912 5780
13.9006 6120
13.9101 6460
13.9196 6800
14.3922 7140
14.4016 7480
14.4111 7820
14.4205 8160
14.43 8500
14.4394 8840
14.4489 9180
14.9057 9520
14.9152 9860
14.9246 10200
14.9341 10540
14.9436 10880
14.953 11220
14.9625 11560
14.9719 11900
14.9814 12240
15.4162 12580
15.4256 12920
15.4351 13260
15.4445 13600
15.454 13940
15.4634 14280
15.4729 14620
15.4824 14960
15.4918 15300
15.5013 15640
15.5107 15980
15.5202 16320
15.9266 16660
15.936 17000
15.9455 17340
15.955 17680
15.9644 18020
15.9739 18360
15.9833 18700
15.9928 19040
16.0022 19380
16.0117 19720
16.0211 20060
16.0306 20400
16.0401 20740
16.0495 21080
16.059 21420
16.0684 21760
16.437 22100
16.4465 22440
16.4559 22780
16.4654 23120
16.4748 23460
16.4843 23800
16.4937 24140
16.5032 24480
16.5127 24820
16.5221 25160
16.5316 25500
16.541 25840
16.5505 26180
16.5599 26520
16.5694 26860
16.5789 27200
16.5883 27540
16.5978 27880
16.6072 28220
16.6167 28560
16.6261 28900
16.6356 29240
16.9537 29580
16.9632 29920
16.9727 30260
16.9821 30600
16.9916 30940
17.001 31280
17.0105 31620
17.0199 31960
17.0294 32300
17.0388 32640
17.0483 32980
17.0578 33320
17.0672 33660
17.0767 34000
17.0861 34340
17.0956 34680
17.105 35020
17.1145 35360
17.1239 35700
17.1334 36040
17.1429 36380
17.1523 36720
17.1618 37060
17.1712 37400
17.1807 37740
17.1901 38080
17.1996 38420
17.2091 38760
17.2185 39100
17.4673 39440
17.4768 39780
17.4862 40120
17.4957 40460
17.5051 40800
17.5146 41140
17.5241 41480
17.5335 41820
17.543 42160
17.5524 42500
17.5619 42840
17.5713 43180
17.5808 43520
17.5902 43860
17.5997 44200
17.6092 44540
17.6186 44880
17.6281 45220
17.6375 45560
17.647 45900
17.6564 46240
17.6659 46580
17.6754 46920
17.6848 47260
17.6943 47600
17.7037 47940
17.7132 48280
17.7226 48620
17.7321 48960
17.7415 49300
17.751 49640
17.7605 49980
17.7699 50320
17.7794 50660
17.7888 51000
17.7983 51340
17.8077 51680
17.8172 52020
17.8266 52360
17.984 52700
17.9935 53040
18.003 53380
18.0124 53550
18.5291 26520
19.5376 26860
19.8087 27200
20.3098 27540
20.8173 27880
21.3248 28220
21.8385 28560
22.3586 28900
22.8787 29240
23.4051 29580
23.9378 29920
24.4705 30260
25.0095 30600
25.5548 30940
26.1001 31280
26.6517 31620
27.2096 31960
27.7675 32300
28.3254 32640
28.8927 32980
29.4695 33320
30.0495 33660
30.6421 34000
31.2284 34340
31.8209 34680
32.4261 35020
33.0345 35360
33.6459 35700
34.2574 36040
34.8847 36380
35.5088 36720
36.1392 37060
36.7759 37400
37.4126 37740
38.0713 38080
38.7207 38420
39.3889 38760
40.054 39100
40.7253 39440
41.3999 39780
42.0807 40120
42.7741 40460
43.4707 40800
44.1768 41140
44.8828 41480
45.5952 41820
46.3075 42160
47.0262 42500
47.7606 42840
48.4887 43180
49.22 43520
49.9575 43860
50.7046 44200
51.461 44540
52.2207 44880
52.9803 45220
53.7399 45560
54.5279 45900
55.3096 46240
56.1039 46580
56.9014 46920
57.7052 47260
58.5089 47600
59.3127 47940
60.1259 48280
60.9517 48620
61.7775 48960
62.6034 49300
63.4418 49640
64.2802 49980
65.125 50320
65.9665 50660
66.827 51000
67.6844 51340
68.5575 51680
69.4211 52020
70.2974 52360
71.1831 52700
72.0751 53040
72.9671 53380
73.856 53720
74.7512 54060
75.6558 54400
76.5636 54740
77.4682 55080
78.3823 55420
79.3027 55760
80.2262 56100
81.156 56440
82.089 56780
83.0252 57120
83.9582 57460
84.9069 57800
85.8557 58140
86.8076 58480
87.7689 58820
88.7366 59160
89.7106 59500
90.6908 59840
91.6806 60180
92.6766 60520
93.6789 60860
94.6907 61200
95.7057 61540
96.7238 61880
97.7576 62220
98.7883 62560
99.8285 62900
100.865 63240
101.915 63580
102.958 63920
104.011 64260
105.07 64600
106.132 64940
107.198 65280
108.27 65620
109.351 65960
110.444 66300
111.535 66640
112.632 66980
113.738 67320
114.725 67660
115.371 68000
116.023 68340
116.67 68680
117.322 69020
117.968 69360
118.621 69700
119.267 70040
119.916 70380
120.572 70720
121.227 71060
121.883 71400
122.545 71740
123.213 72080
123.881 72420
124.55 72760
125.224 73100
125.905 73440
126.586 73780
127.267 74120
127.954 74460
128.647 74800
129.341 75140
130.034 75480
130.734 75820
131.44 76160
132.146 76500
132.852 76840
133.564 77180
134.283 77520
135.002 77860
135.72 78200
136.445 78540
137.177 78880
137.908 79220
138.639 79560
139.377 79900
140.121 80240
140.864 80580
141.608 80920
142.358 81260
143.115 81600
143.871 81940
144.628 82280
145.391 82620
146.16 82960
146.929 83300
147.698 83640
148.057 41650
148.829 42330
149.163 42670
149.677 43010
150.194 43350
150.714 43690
151.23 44030
151.744 44370
152.261 44710
152.781 45050
153.297 45390
153.811 45730
154.328 46070
154.847 46410
155.364 46750
155.878 47090
156.394 47430
156.914 47770
157.431 48110
157.945 48450
158.461 48790
158.981 49130
159.498 49470
160.012 49810
160.528 50150
161.048 50490
161.565 50830
162.078 51170
162.595 51510
163.115 51850
163.632 52190
164.145 52530
164.662 52870
165.182 53210
165.699 53550
166.212 53890
166.729 54230
167.249 54570
167.766 54910
168.279 55250
168.796 55590
169.322 55930
169.839 56270
170.356 56610
170.879 56950
171.402 57290
171.932 57630
172.468 57970
173.004 58310
173.54 58650
174.082 58990
174.63 59330
175.179 59670
175.727 60010
176.282 60350
176.843 60690
177.404 61030
177.965 61370
178.532 61710
179.106 62050
179.68 62390
180.253 62730
180.833 63070
181.42 63410
182.006 63750
182.592 64090
183.185 64430
183.784 64770
184.382 65110
184.981 65450
185.586 65790
186.198 66130
186.809 66470
187.421 66810
188.039 67150
188.663 67490
189.287 67830
189.911 68170
190.541 68510
191.178 68850
191.815 69190
192.452 69530
193.095 69870
193.744 70210
194.393 70550
195.042 70890
195.698 71230
196.36 71570
197.022 71910
197.684 72250
198.352 72590
199.027 72930
199.701 73270
200.376 73610
201.057 73950
201.744 74290
202.431 74630
203.118 74970
203.811 75310
204.511 75650
205.211 75990
205.911 76330
206.617 76670
207.329 77010
207.562 38250
208.268 38930
208.668 39270
209.182 39610
209.699 39950
210.219 40290
210.735 40630
211.249 40970
211.766 41310
212.285 41650
212.802 41990
213.316 42330
213.833 42670
214.352 43010
214.869 43350
215.383 43690
215.899 44030
216.419 44370
216.936 44710
217.45 45050
217.966 45390
218.486 45730
219.003 46070
219.517 46410
220.033 46750
220.553 47090
221.07 47430
221.583 47770
222.1 48110
222.62 48450
223.137 48790
223.65 49130
224.167 49470
224.687 49810
225.204 50150
225.717 50490
226.234 50830
226.754 51170
227.271 51510
227.784 51850
228.301 52190
228.821 52530
229.338 52870
229.851 53210
230.368 53550
230.888 53890
231.411 54230
231.924 54570
232.441 54910
232.961 55250
233.478 55590
233.991 55930
234.508 56270
235.031 56610
235.555 56950
236.078 57290
236.607 57630
237.143 57970
237.679 58310
238.215 58650
238.757 58990
239.306 59330
239.854 59670
240.402 60010
240.957 60350
241.512 60690
242.073 61030
242.64 61370
243.208 61710
243.775 62050
244.349 62390
244.929 62730
245.509 63070
246.089 63410
246.675 63750
247.268 64090
247.86 64430
248.453 64770
249.052 65110
249.657 65450
250.262 65790
250.867 66130
251.479 66470
252.096 66810
252.714 67150
253.332 67490
253.956 67830
254.586 68170
255.217 68510
255.847 68850
256.484 69190
257.127 69530
257.77 69870
258.413 70210
259.062 70550
259.718 70890
260.374 71230
261.029 71570
261.691 71910
262.359 72250
263.028 72590
263.696 72930
264.37 73270
265.051 73610
265.732 73950
266.413 74290
267.1 74630
267.793 74970
268.487 75310
269.18 75650
269.88 75990
270.586 76330
271.292 76670
271.998 77010
272.71 77350
273.429 77690
274.148 78030
274.866 78370
275.591 78710
275.699 39100
276.424 39780
276.887 40120
277.403 40460
277.917 40800
278.434 41140
278.954 41480
279.47 41820
279.984 42160
280.501 42500
281.021 42840
281.537 43180
282.051 43520
282.568 43860
283.087 44200
283.604 44540
284.118 44880
284.634 45220
285.154 45560
285.671 45900
286.185 46240
286.701 46580
287.221 46920
287.738 47260
288.252 47600
288.768 47940
289.288 48280
289.805 48620
290.319 48960
290.835 49300
291.355 49640
291.872 49980
292.385 50320
292.902 50660
293.422 51000
293.939 51340
294.452 51680
294.969 52020
295.52 52360
296.037 52700
296.551 53040
297.067 53380
297.587 53720
298.104 54060
298.618 54400
299.134 54740
299.654 55080
300.171 55420
300.684 55760
301.201 56100
301.725 56440
302.248 56780
302.771 57120
303.301 57460
303.836 57800
304.372 58140
304.908 58480
305.45 58820
305.999 59160
306.547 59500
306.938 29580
307.486 30260
307.805 30600
308.318 30940
308.832 31280
309.348 31620
309.868 31960
310.385 32300
310.899 32640
311.415 32980
311.942 33320
312.458 33660
312.972 34000
313.489 34340
314.009 34680
314.525 35020
315.039 35360
315.556 35700
316.075 36040
316.592 36380
317.106 36720
317.622 37060
318.142 37400
318.659 37740
319.173 38080
319.689 38420
320.209 38760
320.726 39100
321.24 39440
321.756 39780
322.276 40120
322.793 40460
323.307 40800
323.823 41140
324.343 41480
324.86 41820
325.373 42160
325.89 42500
326.297 21080
326.807 21760
327.059 22100
327.573 22440
328.089 22780
328.677 23120
329.194 23460
329.707 23800
330.224 24140
330.774 24480
331.291 24820
331.804 25160
332.321 25500
332.841 25840
333.357 26180
333.871 26520
334.388 26860
334.908 27200
335.424 27540
335.938 27880
336.455 28220
336.975 28560
337.491 28900
338.005 29240
338.522 29580
339.041 29920
339.558 30260
340.072 30600
340.589 30940
341.108 31280
341.625 31620
342.139 31960
342.655 32300
343.175 32640
343.692 32980
344.206 33320
344.722 33660
345.242 34000
345.759 34340
346.273 34680
346.789 35020
347.309 35360
347.826 35700
348.339 36040
348.856 36380
349.376 36720
349.893 37060
350.406 37400
350.923 37740
351.443 38080
351.96 38420
352.473 38760
352.99 39100
353.51 39440
354.027 39780
354.54 40120
355.057 40460
355.577 40800
356.094 41140
356.607 41480
357.124 41820
357.644 42160
358.16 42500
358.674 42840
359.191 43180
359.711 43520
360.227 43860
360.741 44200
361.258 44540
361.778 44880
361.825 22270
362.335 22950
362.824 23290
363.337 23630
363.857 23970
364.374 24310
364.887 24650
365.404 24990
365.924 25330
366.441 25670
366.954 26010
367.471 26350
367.991 26690
368.508 27030
369.021 27370
369.538 27710
370.058 28050
370.575 28390
371.088 28730
371.605 29070
372.265 29410
372.782 29750
373.295 30090
373.812 30430
374.425 30770
374.942 31110
375.455 31450
375.972 31790
376.492 32130
377.008 32470
377.522 32810
378.039 33150
378.559 33490
379.075 33830
379.589 34170
380.106 34510
380.626 34850
381.142 35190
381.656 35530
382.173 35870
382.692 36210
383.209 36550
383.723 36890
383.931 18190
384.444 18870
384.851 19210
385.364 19550
385.884 19890
386.401 20230
386.915 20570
387.431 20910
387.951 21250
388.468 21590
388.981 21930
389.498 22270
390.018 22610
390.535 22950
391.048 23290
391.565 23630
392.085 23970
392.602 24310
393.115 24650
393.632 24990
394.152 25330
394.669 25670
395.182 26010
395.699 26350
396.219 26690
396.736 27030
397.249 27370
397.766 27710
398.286 28050
398.802 28390
399.316 28730
399.833 29070
