0.0 0
0.50777 3400
1.01863 3740
1.03124 4080
1.52905 1870
3.06033 2210
3.57391 2550
4.28434 1020
4.79476 2040
5.30519 2380
5.81877 2720
6.34495 3060
6.85853 3400
7.38472 3740
7.89514 1700
9.4123 340
9.42642 680
9.9463 850
9.9463 1190
10.9703 1530
11.4839 680
11.9703 340
11.9943 680
11.9943 1360
12.9943 340
17.7256 680
18.2392 1020
18.9559 1360
19.4695 1700
20.4966 680
20.9862 340
21.7175 680
22.2311 1020
22.7446 1360
23.2582 1700
23.9686 2040
24.4822 2380
25.3094 2720
25.8261 1190
26.3365 2210
26.8564 2550
27.37 2890
27.8804 1190
28.37 340
28.8804 680
28.8804 1700
29.9044 2040
30.4275 2380
30.9442 1020
31.4275 340
31.4546 680
32.4786 850
32.9922 1190
33.5058 1530
34.2194 1870
34.7424 2210
35.2591 850
35.7424 340
36.48 680
36.9936 1020
37.5071 1360
38.5343 680
38.72 340
39.0447 680
40.5649 340
41.4959 680
42.0094 1020
43.0223 340
45.5584 680
46.5824 1020
47.096 1360
47.6095 1700
48.1263 2040
48.843 2380
49.5566 2720
50.067 1190
50.5774 2210
51.0973 2550
51.6077 1020
52.0973 340
52.1182 680
52.6286 1700
53.1485 2040
53.662 2380
54.1851 1020
55.4091 1360
55.9227 1700
56.4394 680
56.9227 340
56.9498 680
57.9738 1020
58.6906 1360
59.2104 1700
59.724 2040
60.2407 850
60.9272 340
61.4376 680
62.4616 1020
62.9752 1360
63.4888 1700
64.5159 680
65.0055 340
65.7368 680
66.4472 1020
67.468 680
67.4833 340
67.9785 680
67.9785 1360
69.0146 340
77.9987 680
79.7437 340
82.3231 680
82.3231 1020
84.068 340
84.5784 680
85.6024 1020
86.8264 680
87.3369 1700
87.8536 2040
88.364 850
89.9065 340
91.1274 680
92.8694 340
100.28 680
100.794 1020
101.307 1360
101.821 1700
102.531 2040
103.045 2380
103.558 2720
104.069 1190
104.579 2210
105.093 2550
105.606 2890
106.126 1190
106.637 2550
107.36 2890
107.664 1190
108.36 340
108.87 680
108.87 1020
109.384 1360
110.1 1700
110.411 680
110.918 1020
111.128 680
111.948 1360
112.465 1700
112.969 2040
113.372 850
113.883 1190
114.187 1530
114.704 1870
115.214 2210
115.725 850
116.22 340
116.235 680
116.235 1360
116.755 1700
117.472 2040
118.289 850
118.779 340
118.8 680
118.8 1020
119.824 1360
119.83 1700
120.347 2040
120.857 850
121.347 340
125.788 680
126.788 340
128.009 680
129.754 340
130.975 680
132.013 340
133.233 680
133.747 1020
134.261 1360
134.974 1700
135.488 2040
136.005 850
136.498 340
139.028 680
139.028 1360
139.548 1700
140.576 680
141.059 340
141.086 680
141.086 1020
141.596 1360
142.319 1700
142.833 2040
143.866 850
144.356 340
145.577 680
146.577 340
149.798 680
150.311 1020
150.828 1360
151.828 340
153.049 680
154.05 340
155.271 680
155.784 1020
156.793 340
157.303 680
159.022 340
161.962 680
162.475 1020
162.989 1360
163.703 680
164.213 1700
164.733 680
165.243 340
165.243 680
165.243 1700
165.763 2040
166.28 2380
166.787 1020
167.28 340
167.298 680
167.298 2040
168.325 2380
168.838 2720
169.352 3060
169.878 1360
171.389 340
171.409 680
171.409 1020
171.92 1360
172.44 1700
173.953 340
174.464 680
175.691 850
175.691 1190
176.204 1530
176.718 1870
177.632 2210
178.152 850
179.702 340
180.923 680
181.436 1020
181.95 1360
182.463 1700
183.18 2040
184.004 850
184.514 2210
185.028 2550
185.545 1020
186.566 1360
187.79 680
188.108 340
189.01 680
189.524 1020
190.038 1360
190.551 1700
191.065 2040
191.775 850
192.51 340
193.731 680
194.244 1020
195.79 340
199.068 680
199.582 1020
200.099 1360
201.101 340
202.322 680
202.836 1020
203.552 1360
204.066 1700
204.583 680
205.066 340
205.093 680
205.093 1020
206.093 340
207.314 680
207.828 1020
208.544 1360
210.089 340
210.6 680
210.6 1020
211.113 1360
211.827 1700
212.544 2040
213.064 2380
213.577 1020
214.064 340
214.088 680
215.115 850
215.625 1190
216.139 1530
216.856 1870
217.366 2210
218.08 850
218.569 340
218.59 680
218.59 1700
219.627 680
220.113 340
220.847 680
221.859 340
223.08 680
223.594 1020
224.31 1360
224.824 1700
225.337 680
226.361 1020
227.078 1360
227.598 1700
228.112 2040
228.625 850
229.112 340
235.622 680
237.16 1020
238.16 340
239.381 680
239.894 1020
240.408 1360
240.921 1700
241.632 2040
242.345 2380
242.865 2720
243.686 1190
244.196 2550
244.716 1020
245.196 340
245.227 680
245.227 1020
246.257 1360
246.971 1700
247.472 2040
247.985 850
248.496 2210
249.526 850
250.015 340
250.747 680
251.26 1020
251.774 1360
252.488 680
252.988 340
252.998 680
252.998 1700
253.521 2040
254.031 850
254.521 340
255.031 680
255.031 1020
256.569 1700
257.089 2040
257.59 850
258.119 1190
258.62 1530
259.134 1870
260.17 680
260.657 340
260.681 680
261.705 1020
261.908 1360
263.129 680
263.618 340
264.663 680
265.673 340
266.184 680
266.697 1020
267.211 1360
267.925 1700
268.438 680
268.949 340
271.704 680
272.218 1020
273.242 680
273.242 340
273.752 680
273.752 1020
274.266 1360
274.979 1700
275.493 2040
276.006 2380
276.837 1020
278.061 1360
278.574 1700
279.088 2040
279.608 2380
280.321 1020
281.342 2040
281.859 2380
282.566 2720
283.083 1190
284.104 2210
284.624 2550
285.137 1020
286.158 1700
286.675 680
287.696 1020
288.412 1360
288.926 1700
289.926 340
290.436 680
291.46 850
291.664 1190
292.177 1530
292.694 1870
293.715 2210
294.231 850
294.715 340
295.225 680
295.225 1020
296.249 1360
296.459 1700
297.172 2040
297.996 850
298.483 340
298.507 680
298.507 1700
299.507 340
300.728 680
301.241 850
301.241 1190
302.243 340
303.464 680
304.497 340
305.717 680
306.759 340
309.351 680
310.378 1020
311.095 1360
311.609 1700
312.129 2040
312.642 2380
313.353 1020
314.153 340
314.663 680
315.177 850
315.69 1190
316.204 1530
316.717 1870
317.428 680
317.917 340
317.938 680
317.938 1020
318.965 1360
319.476 1700
319.986 2040
320.506 2380
321.02 2720
321.733 3060
322.247 1360
323.268 1700
323.781 2040
324.301 2380
324.821 2720
325.535 1190
326.045 2550
326.771 2890
327.291 3230
328.109 1360
328.619 2380
329.13 2720
329.65 3060
330.366 1360
331.16 340
331.67 680
332.698 1020
332.698 1360
333.217 1700
333.934 2040
334.448 2380
335.171 2720
335.681 1190
336.192 2210
336.712 2550
337.225 2890
337.729 1190
338.225 340
338.24 680
338.24 2040
338.763 2380
339.276 2720
339.78 1190
340.801 1530
341.318 1870
341.832 680
342.318 340
343.052 680
343.566 1020
344.283 1360
344.796 680
345.283 340
346.017 680
346.531 1020
348.275 340
363.255 680
364.279 1020
364.793 1360
365.306 1700
365.82 680
366.325 340
366.33 680
366.33 1360
366.844 1700
367.367 2040
367.878 850
368.367 340
369.588 680
370.102 1020
370.818 1360
371.332 1700
372.049 2040
372.359 850
373.049 340
374.269 680
374.783 1020
375.5 1360
376.013 680
376.506 340
377.234 680
377.748 1020
378.464 1360
378.978 680
379.493 340
380.714 680
381.227 1020
381.944 1360
383.165 680
383.675 1700
384.195 680
384.712 340
385.933 680
386.446 1020
386.96 1360
387.473 1700
388.5 680
389.01 340
389.724 680
390.238 1020
390.751 1360
391.265 1700
391.778 2040
392.695 2380
393.209 1020
393.695 340
397.65 680
398.164 1020
398.881 1360
399.401 1700
