0.0 0
0.29133 3400
0.588835 3740
0.601443 4080
0.614051 4420
0.626659 4760
0.639267 5100
0.845571 5440
0.891781 5780
0.904389 6120
0.916997 6460
0.929605 6800
0.942213 7140
0.954821 7480
0.967429 7820
1.14852 8160
1.19473 8500
1.20733 8840
1.21994 9180
1.23255 9520
1.24516 9860
1.25777 10200
1.27037 10540
1.28298 10880
1.29559 11220
1.3082 11560
1.44516 11900
1.45777 12240
1.49767 12580
1.51028 12920
1.52289 13260
1.5355 13600
1.5481 13940
1.57332 14280
1.58593 14620
1.59854 14960
1.61114 15300
1.62375 15640
1.63636 15980
1.64897 16320
1.66158 16660
1.67418 17000
1.7481 17340
1.76071 17680
1.77332 18020
1.80062 18360
1.81323 18700
1.82583 19040
1.83844 19380
1.85105 19720
1.86366 20060
1.87627 20400
1.88887 20740
1.90148 21080
1.9267 21420
1.93931 21760
1.95191 22100
1.96452 22440
1.97713 22780
1.98974 23120
2.00235 23460
2.01495 23800
2.02756 24140
2.05278 11900
2.7907 12240
2.88561 5950
3.4789 6970
3.6491 7310
3.95205 7650
4.2613 7990
4.55164 3740
4.84828 4420
4.99993 4760
5.30918 5100
5.62473 5440
5.76972 2550
6.06637 3230
6.33149 3570
6.63443 3910
6.93738 4250
7.25924 1870
7.55588 2890
7.85252 3230
8.15547 3570
8.47102 3910
8.78657 1700
9.08322 2720
9.38616 3060
9.68911 3400
9.99205 3740
10.3076 4080
10.6169 4420
11.1009 2040
11.3975 3060
11.6942 3400
12.0034 3740
12.319 4080
12.6282 4420
12.9312 4760
13.2404 5100
13.5959 5440
13.9051 5780
14.2207 2720
14.5173 3740
14.8329 4080
15.1295 4420
15.4451 4760
15.7543 5100
16.0573 5440
16.3791 5780
16.8316 6120
17.1409 6460
17.4438 6800
17.7531 7140
18.0896 7480
18.3989 7820
18.4682 3740
19.0615 4420
19.3077 4760
19.617 5100
19.9325 5440
20.2355 5780
20.2733 2720
20.5762 3400
20.8603 3740
21.1632 4080
21.4788 4420
21.7817 4760
22.1036 2210
22.4002 3230
22.6843 3570
22.9998 3910
23.3028 4250
23.6183 1870
24.2116 2890
24.4179 3230
24.7923 3570
25.0952 3910
25.4045 4250
25.7137 4590
26.0293 4930
26.3385 5270
26.6415 5610
26.9507 5950
27.2537 6290
27.5755 6630
28.0154 6970
28.3247 7310
28.6276 7650
28.9369 7990
29.2524 8330
29.5617 8670
29.8646 9010
30.1739 9350
30.4894 9690
30.7734 4590
31.3667 4930
31.6129 5270
31.9159 5610
32.2251 5950
32.5407 6290
32.8499 6630
33.1529 6970
33.4747 7310
33.7777 7650
34.0869 7990
34.4025 8330
34.7117 8670
35.0147 9010
35.3239 9350
35.6395 9690
35.9487 10030
36.1886 4760
36.4853 5440
36.7504 5780
37.0534 6120
37.3626 6460
37.6655 6800
37.9874 3230
38.284 4250
38.5933 4590
38.8962 4930
39.2118 5270
39.5147 5610
39.7988 2550
40.0954 3570
40.4173 3910
40.9265 4250
41.2295 4590
41.5324 4930
41.8564 5270
42.1656 5610
42.4749 5950
42.7778 6290
43.0871 6630
43.4152 3060
43.7119 4080
44.0211 4420
44.3367 4760
44.6396 5100
44.9489 5440
45.2581 5780
45.561 6120
46.064 6460
46.3669 6800
46.6762 7140
46.9791 3400
47.9602 340
48.7569 680
49.0599 1020
49.3628 1360
49.5691 1700
49.6657 2040
49.975 2380
50.4653 2720
50.762 3060
51.0775 3400
51.3868 3740
51.6897 4080
51.999 4420
52.367 4760
52.5607 2210
52.8574 2890
52.9792 3230
53.2822 3570
53.5914 3910
53.8944 4250
54.2036 4590
54.6687 4930
54.778 2210
55.0746 2890
55.2872 3230
55.5902 3570
55.8994 3910
56.2612 4250
56.5705 4590
56.8734 4930
57.17 2210
57.4667 3230
57.7822 3570
58.0852 3910
58.5818 4250
58.8911 1870
59.1877 2890
59.4781 3230
59.7936 3570
60.1029 3910
60.4058 4250
60.7151 4590
61.018 4930
61.3272 5270
61.6428 5610
61.9016 2550
62.1983 3230
62.2823 3570
62.5915 3910
63.0882 4250
63.3974 4590
63.7004 4930
64.0096 5270
64.3126 5610
64.6218 5950
64.9374 6290
65.2466 6630
65.5622 6970
65.8714 7310
66.187 7650
66.4962 7990
66.7992 8330
67.1084 8670
67.424 9010
67.7332 9350
68.0362 9690
68.3454 10030
68.6484 10370
68.9576 10710
69.1723 5100
69.469 5780
69.6963 2720
69.9929 3740
70.3652 4080
70.6744 4420
70.9774 4760
71.2866 5100
71.7664 5440
72.0757 5780
72.3786 6120
72.6879 6460
73.0034 6800
73.3127 7140
73.6156 7480
73.9249 3570
74.2215 4590
74.5371 4930
74.84 5270
75.143 5610
75.4522 5950
75.9363 6290
76.2455 6630
76.5484 6970
76.8577 7310
76.9165 3400
77.2132 4080
77.5035 4420
77.8064 4760
78.122 5100
78.4292 5440
78.7573 5780
79.0603 6120
79.3695 6460
79.6725 6800
80.1838 3230
80.4804 4250
80.7771 4590
81.0926 2040
81.3893 3060
81.9636 1360
82.2603 2380
82.5632 2720
82.8662 3060
83.1754 3400
83.4847 3740
83.7876 1700
84.0843 2720
84.3998 3060
84.7028 3400
85.2057 3740
85.5087 4080
85.8179 4420
86.1671 4760
86.4763 5100
86.7793 5440
87.0885 5780
87.3915 6120
87.7007 6460
88.0163 6800
88.3255 7140
88.6285 7480
88.9377 7820
89.2533 8160
89.5373 3910
89.8339 4930
90.1117 2210
90.4083 3230
90.9239 3570
91.2268 3910
91.5823 4250
91.8852 4590
92.1945 4930
92.5037 5270
92.8193 5610
93.1285 5950
93.4315 6290
93.7407 6630
94.0563 6970
94.3529 7310
94.6685 7650
94.9777 7990
95.2807 8330
95.4764 3910
95.7731 4590
96.0235 4930
96.3328 5270
96.6357 5610
96.9449 5950
97.2479 2720
97.5445 3740
97.9756 4080
98.2849 4420
98.5878 4760
98.8845 2210
99.1811 3230
99.4904 3570
99.7996 3910
100.103 4250
100.412 4590
100.845 4930
100.999 2210
101.592 2890
101.798 3230
102.173 3570
102.482 3910
102.695 1700
102.991 2380
103.101 2720
103.41 3060
103.713 3400
104.022 3740
104.487 4080
104.796 4420
105.099 4760
105.409 5100
105.724 5440
106.033 5780
106.336 6120
106.601 2890
107.788 3570
108.078 3910
108.394 4250
108.703 4590
109.006 4930
109.315 5270
109.631 5610
109.94 2550
110.237 3570
110.54 3910
110.843 4250
111.158 4590
111.461 4930
111.77 5270
112.254 5610
112.357 2550
112.654 3230
112.919 3570
113.222 3910
113.531 4250
113.841 4590
114.144 4930
114.459 5270
114.762 2380
115.355 3060
115.671 3400
115.955 1530
116.252 2550
116.567 2890
117.07 3230
117.373 3570
117.682 3910
117.773 1700
118.069 2380
118.347 2720
118.65 3060
118.965 3400
119.275 3740
119.578 4080
119.887 4420
120.202 4760
120.499 5100
120.815 5440
121.124 5780
121.427 6120
121.736 2890
122.033 3910
122.348 4250
122.651 4590
122.954 2040
123.547 2380
123.819 2720
124.128 3060
124.444 3400
124.747 3740
125.05 4080
125.359 4420
125.855 4760
126.165 5100
126.468 5440
126.777 5780
127.092 6120
127.414 6460
127.717 6800
128.026 7140
128.342 7480
128.639 7820
128.891 3740
129.188 4420
129.466 4760
129.775 5100
130.078 5440
130.387 5780
130.69 6120
130.999 6460
131.315 6800
131.624 7140
131.927 7480
132.236 7820
132.564 3740
133.454 4420
133.757 4760
133.776 2210
134.376 2550
134.685 2890
134.994 3230
135.297 3570
135.6 3910
136.097 4250
136.406 4590
136.709 4930
137.018 5270
137.361 5610
137.67 5950
137.973 6290
138.283 6630
138.604 3060
139.198 4080
139.488 4420
139.791 4760
140.1 5100
140.416 5440
140.725 5780
141.028 6120
141.337 6460
141.653 6800
141.962 7140
142.265 7480
142.574 7820
142.995 8160
143.304 8500
143.607 8840
143.929 9180
144.247 9520
144.556 9860
144.638 4760
144.935 5440
145.194 5780
145.238 2720
145.534 3400
145.818 3740
146.121 4080
146.437 4420
146.74 4760
147.049 5100
147.365 5440
147.842 5780
147.901 2720
148.198 3400
148.488 3740
148.804 4080
149.113 4420
149.416 4760
149.725 5100
150.041 5440
150.35 5780
150.628 2720
150.924 3400
151.183 3740
151.486 4080
151.802 4420
152.105 4760
152.414 2210
152.71 3230
153.013 3570
153.329 3910
153.632 4250
153.941 4590
154.425 4930
154.787 5270
154.806 2380
155.109 3060
155.418 3400
155.721 3740
156.037 4080
156.346 4420
156.649 4760
156.958 5100
157.488 2380
157.785 3400
158.094 3740
158.397 4080
158.706 4420
159.022 4760
159.331 5100
159.634 5440
159.887 2550
160.48 2890
160.718 3230
161.073 3570
161.382 3910
161.685 4250
161.995 4590
162.298 4930
162.619 5270
163.078 5610
163.387 5950
163.69 6290
164 6630
164.315 6970
164.624 7310
164.927 7650
164.967 3570
165.268 4250
165.552 4590
165.855 4930
166.171 5270
166.411 2380
166.707 3060
166.977 3400
167.286 3740
167.603 4080
167.913 4420
168.216 4760
168.525 5100
168.84 5440
169.137 5780
169.453 6120
169.762 6460
170.065 6800
170.362 3230
170.955 4250
171.27 4590
171.754 4930
172.116 5270
172.419 5610
172.728 5950
173.044 6290
173.353 6630
173.553 3060
174.146 3740
174.437 4080
174.746 4420
175.049 4760
175.333 2210
175.926 2890
176.236 3230
176.376 1360
176.982 1700
177.491 2040
177.794 2380
178.169 2720
178.472 3060
178.768 1360
179.065 2380
179.593 2720
179.896 3060
180.264 3400
180.567 3740
180.883 4080
181.192 4420
181.495 4760
181.804 5100
182.12 5440
182.416 5780
182.732 6120
183.041 6460
183.344 6800
183.653 7140
184.087 7480
184.396 7820
184.699 8160
185.008 8500
185.324 4080
185.917 4760
186.189 5100
186.504 5440
186.813 5780
187.116 6120
187.426 6460
187.741 6800
188.05 7140
188.366 7480
188.675 7820
188.978 8160
189.287 8500
189.603 8840
189.887 4250
190.184 5270
190.705 5610
191.008 5950
191.324 6290
191.627 6630
191.942 6970
192.252 7310
192.555 7650
192.58 3570
192.883 4250
193.167 4590
193.482 4930
193.773 2210
194.069 3230
194.372 1360
194.669 2040
194.959 2380
195.262 2720
195.565 3060
195.881 3400
196.203 1530
196.499 2550
196.783 2890
197.086 3230
197.389 3570
197.698 3910
198.014 4250
198.323 4590
198.626 4930
198.935 5270
199.251 5610
199.56 5950
199.863 6290
200.172 6630
200.606 6970
200.915 7310
201.218 7650
201.528 7990
201.883 8330
202.18 8670
202.495 9010
202.804 9350
203.12 4420
203.713 5440
203.926 2550
204.222 3570
204.532 3910
204.847 4250
205.157 4590
205.525 4930
205.834 5270
206.137 5610
206.446 5950
206.659 2720
206.955 3400
207.227 3740
207.53 4080
207.845 4420
208.148 4760
208.457 5100
208.773 5440
209.095 2550
209.391 3570
209.688 3910
209.991 4250
210.281 1870
210.578 2890
210.894 3230
211.197 3570
211.499 3910
211.996 4250
212.305 4590
212.608 4930
212.918 5270
213.208 2380
213.801 3060
214.11 3400
214.42 3740
214.723 4080
215.032 4420
215.381 4760
215.69 5100
216.006 5440
216.315 5780
216.534 2720
216.831 3400
217.108 3740
217.411 4080
217.727 4420
218.03 4760
218.339 5100
218.655 5440
218.964 5780
219.229 2720
219.526 3400
219.745 3740
220.087 4080
220.39 4420
220.7 4760
221.009 5100
221.324 5440
221.634 5780
221.937 6120
222.246 6460
222.561 6800
222.871 7140
223.174 7480
223.483 7820
223.798 8160
224.108 8500
224.411 8840
224.657 4250
224.953 4930
225.2 5270
225.503 5610
225.818 5950
226.121 6290
226.43 6630
226.487 3060
226.784 3740
227.061 4080
227.364 4420
227.68 4760
227.989 5100
228.305 5440
228.614 5780
228.917 6120
229.226 6460
229.542 6800
229.851 7140
230.129 3400
230.425 4080
230.659 4420
230.981 4760
231.284 5100
231.593 5440
231.902 5780
232.218 6120
232.527 6460
232.843 6800
233.152 7140
233.455 7480
233.777 7820
234.054 3740
234.351 4420
234.578 4760
234.875 5100
235.191 5440
235.247 2550
235.544 3230
235.828 3570
236.131 3910
236.446 4250
236.756 4590
237.059 4930
237.368 5270
237.671 5610
237.98 5950
238.296 6290
238.529 2890
238.826 3570
239.045 3910
239.123 1700
239.419 2380
239.716 2720
240.019 3060
240.334 1360
240.631 2380
240.928 2720
241.243 3060
241.546 3400
241.855 3740
242.158 4080
242.468 4420
242.939 4760
243.248 5100
243.551 5440
243.86 5780
244.216 6120
244.525 6460
244.828 6800
245.125 3230
245.421 4250
245.743 4590
246.046 4930
246.549 5270
246.852 5610
247.161 5950
247.464 6290
247.774 6630
248.089 6970
248.398 7310
248.701 7650
249.011 7990
249.326 8330
249.635 8670
249.938 9010
250.248 9350
250.563 9690
250.885 10030
251.188 10370
251.497 10710
251.813 11050
252.122 11390
252.274 5440
252.57 6120
252.861 6460
253.164 6800
253.473 7140
253.776 7480
254.072 3570
254.369 4590
254.678 4930
255 5270
255.41 5610
255.719 5950
256.022 6290
256.332 6630
256.635 6970
256.944 7310
257.259 7650
257.569 7990
257.872 8330
258.181 8670
258.535 9010
258.844 9350
259.147 9690
259.456 10030
259.772 10370
260.081 10710
260.384 11050
260.693 11390
261.009 11730
261.166 5610
261.463 6290
261.709 6630
262.012 6970
262.309 3230
262.605 4250
262.908 4590
263.224 4930
263.533 5270
263.836 2380
264.133 3400
264.454 3740
264.757 4080
265.26 4420
265.563 4760
265.635 2210
266.228 2550
266.512 2890
266.821 3230
267.124 3570
267.427 3910
267.743 4250
268.052 4590
268.355 4930
268.664 5270
268.992 5610
269.295 5950
269.792 6290
269.857 2890
270.154 3570
270.444 3910
270.747 4250
271.063 4590
271.365 4930
271.618 2210
271.915 2890
271.99 3230
272.293 3570
272.602 3910
272.905 4250
273.215 4590
273.68 4930
273.989 5270
274.292 5610
274.601 5950
274.917 6290
275.188 2890
275.485 3570
275.594 3910
275.897 4250
276.206 4590
276.522 4930
276.818 5270
277.134 5610
277.443 5950
277.746 6290
278.055 6630
278.47 6970
278.779 7310
279.082 7650
279.108 3570
279.411 4250
279.695 4590
279.991 2040
280.288 3060
280.816 3400
280.913 1530
281.209 2550
281.525 2890
281.828 3230
282.324 3570
282.634 3910
282.937 4250
283.027 1870
283.324 2550
283.608 2890
283.911 3230
284.214 3570
284.523 3910
284.838 4250
285.148 4590
285.451 4930
285.76 2210
286.056 3230
286.359 3570
286.675 3910
286.978 4250
287.287 4590
287.771 4930
288.08 5270
288.396 5610
288.705 5950
289.035 6290
289.345 6630
289.648 6970
289.957 7310
290.26 7650
290.569 7990
290.885 8330
291.207 8670
291.509 9010
291.819 9350
292.134 9690
292.443 10030
292.746 10370
293.018 4930
293.315 5610
293.536 5950
293.845 2720
294.141 3740
294.451 4080
294.754 4420
295.063 4760
295.372 5100
295.7 5440
296.003 5780
296.319 6120
296.628 6460
296.881 3060
297.177 3740
297.43 4080
297.745 4420
298.048 4760
298.357 5100
298.673 5440
298.982 5780
299.273 2720
299.569 3400
299.853 3740
299.872 1700
300.175 2380
300.472 2720
300.775 3060
301.078 3400
301.387 3740
301.677 1700
301.974 2380
302.186 2720
302.489 3060
302.799 3400
303.121 3740
303.423 4080
303.76 4420
304.023 2040
304.32 3060
304.835 3400
305.138 3740
305.441 1700
305.738 2720
306.047 3060
306.356 3400
306.666 3740
307.021 4080
307.324 4420
307.821 4760
308.13 5100
308.433 5440
308.742 5780
309.045 6120
309.342 2890
310.323 340
310.619 680
311.219 1020
311.425 1360
311.522 1700
312.025 2040
312.334 2380
312.637 2720
312.946 3060
313.249 3400
313.558 3740
313.92 4080
314.229 4420
314.52 2040
314.816 3060
315.126 3400
315.629 3740
315.932 4080
316.241 4420
316.556 4760
316.866 5100
317.169 5440
317.478 5780
317.806 6120
318.115 6460
318.418 6800
318.727 7140
319.043 3400
319.34 4420
319.655 4760
319.958 5100
320.455 5440
320.764 5780
321.067 6120
321.376 6460
321.679 6800
321.988 7140
322.304 7480
322.613 7820
322.916 8160
323.238 8500
323.554 8840
323.863 9180
324.166 9520
324.475 9860
324.791 10200
325.1 10540
325.403 10880
325.548 5270
326.141 5950
326.305 6290
326.615 6630
326.93 6970
327.239 7310
327.542 7650
327.826 3570
328.123 4590
328.639 4930
328.975 2210
329.272 3230
329.562 3570
329.871 3910
330.174 4250
330.49 4590
330.799 4930
331.108 5270
331.411 5610
331.739 5950
332.042 6290
332.276 2890
332.573 3570
332.661 3910
333.132 4250
333.442 4590
333.744 4930
334.054 5270
334.344 2380
334.641 3060
334.75 3400
335.059 3740
335.362 4080
335.671 4420
335.974 4760
336.284 5100
336.724 5440
337.033 5780
337.336 6120
337.645 6460
337.761 3060
338.658 340
339.451 680
339.754 1020
340.057 1360
340.263 1530
340.56 1870
340.959 2210
341.256 2550
341.571 2890
341.881 3230
342.358 1360
342.655 2380
342.958 2720
343.267 3060
343.679 3400
343.867 1530
344.46 2210
344.963 2550
345.266 2890
345.575 3230
345.962 3570
346.175 1530
346.472 2550
346.787 2890
347.29 3230
347.593 3570
347.902 3910
348.205 4250
348.514 4590
348.864 4930
349.173 5270
349.476 5610
349.785 5950
350.101 6290
350.397 6630
350.713 6970
351.022 7310
351.325 7650
351.634 7990
351.95 8330
352.259 8670
352.562 9010
352.871 9350
353.286 9690
353.595 10030
353.911 10370
354.22 10710
354.285 5100
354.582 5780
354.866 6120
355.169 6460
355.484 6800
355.793 7140
356.096 7480
356.406 7820
356.721 8160
357.03 8500
357.333 8840
357.655 4250
358.249 4930
358.501 5270
358.817 5610
359.126 5950
359.429 6290
359.7 2890
360.294 3570
360.609 3910
360.962 4250
361.272 4590
361.575 4930
361.884 5270
362.187 5610
362.395 2550
362.692 3230
362.976 3570
363.304 3910
363.607 4250
363.916 4590
364.219 4930
364.528 5270
364.844 5610
365.153 5950
365.393 2720
365.69 3400
365.974 3740
366.277 4080
366.586 4420
366.889 4760
367.198 5100
367.514 5440
367.823 5780
367.855 2720
368.151 3400
368.442 3740
368.757 4080
369.06 4420
369.376 4760
369.66 2210
369.956 3230
370.272 3570
370.775 3910
371.078 4250
371.387 4590
371.736 4930
372.045 5270
372.348 5610
372.658 5950
372.961 6290
373.27 6630
373.585 6970
373.895 7310
374.198 7650
374.507 7990
374.747 3740
375.043 4420
375.275 4760
375.578 2210
376.171 3230
376.487 3570
376.796 3910
377.074 1700
377.37 2380
377.654 2720
377.97 3060
378.273 3400
378.582 3740
378.885 4080
379.194 4420
379.51 4760
379.769 2210
380.278 3230
380.606 3570
380.909 1530
381.206 2550
381.509 2890
381.824 3230
382.127 3570
382.424 1530
382.72 2550
383.036 2890
383.339 3230
383.835 3570
384.145 3910
384.448 4250
384.757 4590
385.06 4930
385.344 2210
385.641 3230
386.04 3570
386.337 3910
386.652 4250
386.962 4590
387.265 4930
387.574 5270
388.033 5610
388.342 5950
388.645 6290
388.954 6630
389.27 6970
389.579 7310
389.882 7650
390.191 7990
390.507 8330
390.816 8670
391.119 9010
391.171 4250
391.765 4590
391.977 2040
392.383 2380
392.867 2720
393.176 3060
393.479 3400
393.789 3740
394.15 4080
394.453 4420
394.756 4760
395.065 5100
395.549 5440
395.859 5780
396.162 6120
396.484 6460
396.799 6800
397.108 7140
397.411 7480
397.443 3570
398.036 4250
398.242 4590
398.585 4930
398.895 5270
398.92 2380
399.223 3060
399.513 3400
399.816 3740
