0.0 0
0.446593 3400
0.899362 3740
0.91197 4080
0.924578 4420
0.937186 4760
0.949794 5100
1.1561 5440
1.35757 5780
1.37018 6120
1.38279 6460
1.39539 6800
1.408 7140
1.42061 7480
1.43322 7820
1.61431 8160
1.81578 8500
1.82839 8840
1.841 9180
1.8536 9520
1.86621 9860
1.87882 10200
1.89143 10540
1.90404 10880
1.91664 11220
1.92925 11560
2.06621 11900
2.07882 12240
2.27399 12580
2.2866 12920
2.2992 13260
2.31181 13600
2.32442 13940
2.33703 14280
2.34964 14620
2.36224 14960
2.37485 15300
2.38746 15640
2.40007 15980
2.41268 16320
2.42528 16660
2.43789 17000
2.4505 17340
2.52442 17680
2.53703 18020
2.54964 18360
2.7322 18700
2.74481 19040
2.75741 19380
2.77002 19720
2.78263 20060
2.79524 20400
2.80785 20740
2.82045 21080
2.83306 21420
2.84567 21760
2.85828 22100
2.87089 22440
2.88349 22780
2.8961 23120
2.90871 23460
2.92132 23800
2.93393 24140
2.94653 24480
2.95914 24820
2.97175 25160
2.98436 25500
3.00957 12580
4.49767 12920
4.73524 6290
5.40148 7310
5.83447 7650
6.29899 7990
6.7572 8330
7.15236 3910
8.05617 4590
8.50178 4930
8.96629 5270
9.4371 5610
9.89531 2550
10.3472 3570
10.8117 3910
11.2825 4250
11.7408 4590
12.199 4930
12.6635 5270
13.3028 5610
13.5232 2550
14.427 2890
14.6711 3230
15.205 3570
15.6695 3910
16.1277 4250
16.5922 4590
17.0252 2040
17.929 2720
18.3052 3060
18.8328 3400
19.2973 3740
19.7555 4080
20.22 4420
20.6909 4760
21.1554 5100
21.6136 5440
22.2102 5780
22.5111 2720
23.8668 3060
23.8794 3400
24.3439 3740
24.8021 4080
25.2603 4420
25.9122 4760
26.3768 5100
26.835 5440
27.2869 2550
27.7388 3570
28.2159 3910
28.6741 4250
29.3323 4590
29.7905 4930
30.255 5270
30.7258 5610
31.1778 5950
31.6486 6290
32.1131 6630
32.5335 3060
33.4373 3400
33.6436 3740
34.3018 4080
34.76 4420
35.2182 4760
35.6827 5100
36.1535 5440
36.618 5780
37.0763 6120
37.5408 6460
38.0116 6800
38.4761 7140
38.9343 7480
39.3988 7820
39.8192 3740
40.2711 4420
40.6789 4760
41.1434 5100
41.6016 5440
42.0661 5780
42.5369 6120
43.0015 6460
43.4723 3060
43.9242 4080
44.3887 4420
44.8595 4760
45.3177 5100
45.9696 5440
46.4341 5780
46.8923 6120
47.3569 6460
47.9787 6800
48.4432 7140
48.9014 7480
49.3659 7820
49.8242 8160
50.2508 3910
50.7027 4590
50.7973 4930
51.2618 5270
51.7326 5610
52.1845 5950
52.7923 2720
53.2442 3740
53.715 4080
54.1796 4420
54.4504 2040
55.3542 2380
55.8124 2720
56.4454 3060
56.9036 3400
57.3681 3740
58.0137 4080
58.4782 4420
58.9364 4760
59.4009 5100
59.8339 2380
60.2858 3060
60.3693 3400
60.8338 3740
61.292 4080
61.7565 4420
62.3643 4760
62.8288 5100
63.287 2380
64.1908 3060
64.6301 3400
65.0946 3740
65.5654 4080
66.0236 4420
66.4945 4760
66.959 5100
67.4172 5440
67.8817 5780
68.5084 6120
68.754 2890
69.2059 3570
69.6389 3910
70.0971 4250
70.5679 4590
71.0198 4930
71.4843 5270
71.9551 5610
72.4197 5950
72.8779 6290
73.3424 6630
73.8132 6970
74.2777 7310
74.7359 7650
75.2004 3570
75.6523 4590
76.1105 4930
76.5814 5270
76.9891 2380
77.441 3060
77.8803 3400
77.9119 1530
78.8157 2210
79.022 2550
79.6802 2890
80.1384 3230
80.6296 3570
81.0941 1530
81.546 2550
81.9853 2890
82.4561 3230
82.9143 3570
83.3851 3910
83.8434 4250
84.3079 4590
84.9346 4930
85.3991 5270
85.8573 5610
86.3218 5950
86.9611 6290
87.4256 6630
87.8838 6970
88.3483 7310
88.8206 7650
89.0269 3570
90.3826 3910
90.3952 4250
90.8661 4590
91.1117 2040
92.2218 2380
92.68 2720
93.1508 3060
93.609 3400
94.2546 3740
94.5254 1700
94.9773 2720
95.4481 3060
96.1127 3400
96.5709 3740
97.0291 4080
97.4936 4420
98.1407 4760
98.6052 5100
99.0634 5440
99.5279 5780
99.9987 6120
100.463 6460
100.921 6800
101.386 7140
101.857 7480
102.321 7820
102.779 8160
103.244 8500
103.715 8840
104.167 9180
104.638 9520
105.102 9860
105.56 10200
106.025 10540
106.582 10880
107.047 11220
107.28 5440
107.732 6120
108.158 6460
108.616 6800
109.081 7140
109.552 7480
110.016 7820
110.474 8160
110.939 8500
111.41 8840
111.874 9180
112.333 9520
112.797 9860
113.23 4760
113.682 5440
114.058 5780
114.529 6120
114.987 6460
115.445 6800
115.91 7140
115.973 3400
116.431 4080
116.858 4420
117.316 4760
117.8 5100
118.258 5440
118.729 5780
119.187 6120
119.651 6460
120.135 6800
120.58 3230
121.032 4250
121.49 4590
122.349 2040
122.801 3060
123.259 3400
123.711 3740
124.181 4080
124.64 4420
125.11 4760
125.575 5100
126.033 5440
126.46 2550
126.912 3230
126.975 3570
127.439 3910
127.898 4250
128.362 4590
128.82 2040
129.272 3060
129.737 3400
130.195 3740
130.847 4080
131.532 1870
131.984 2890
132.436 3230
132.906 3570
133.365 3910
133.835 4250
134.3 4590
134.733 2040
135.185 2720
135.391 3060
135.849 3400
136.314 3740
136.959 4080
137.411 4420
137.882 4760
138.347 5100
138.805 5440
139.269 5780
139.74 6120
140.205 6460
140.663 6800
141.127 7140
141.598 7480
142.063 7820
142.521 8160
143.149 3910
143.601 4930
144.04 2210
144.492 3230
144.957 3570
145.245 1530
145.697 2550
146.168 2890
146.62 1190
147.071 2210
147.517 2550
147.988 2890
148.44 1190
148.892 2210
149.363 2550
149.802 1020
150.254 2040
151.164 850
151.616 2210
152.087 2550
152.545 2890
153.016 3230
153.486 3570
153.945 3910
154.571 4250
155.036 4590
155.688 2040
156.14 3060
156.592 3400
157.062 3740
157.521 4080
157.985 4420
158.624 4760
159.076 5100
159.547 5440
160.012 5780
160.47 6120
160.934 6460
161.405 6800
161.87 7140
162.328 7480
162.792 7820
163.213 3740
163.665 4420
163.904 4760
164.343 2210
164.795 3230
165.266 3570
165.731 3910
166.189 4250
166.841 4590
167.299 4930
167.763 5270
168.222 5610
168.686 5950
169.332 2720
169.784 3740
170.067 1700
170.519 2720
170.996 3060
171.661 3400
172.119 3740
172.783 4080
173.241 4420
173.712 4760
174.183 5100
174.654 5440
175.112 5780
175.583 6120
176.047 6460
176.436 3060
176.888 3740
177.176 4080
177.635 4420
178.236 4760
178.694 5100
178.984 2380
179.436 3060
179.682 3400
180.146 3740
180.604 4080
181.069 4420
181.527 4760
181.992 5100
182.618 5440
183.083 5780
183.554 2720
184.916 3740
185.349 4080
185.826 4420
186.29 4760
186.755 5100
187.213 5440
187.671 5780
188.142 6120
188.606 6460
189.065 6800
189.529 7140
190.169 7480
190.633 7820
190.847 3740
191.299 4420
191.707 4760
192.19 5100
192.648 5440
193.113 5780
193.571 2720
194.023 3740
194.7 4080
195.209 4420
195.68 4760
196.138 5100
196.728 5440
197.18 5780
197.651 6120
198.115 6460
198.574 6800
199.038 7140
199.509 7480
199.973 7820
200.432 8160
200.896 8500
201.38 8840
201.599 4250
202.05 4930
202.302 5270
202.879 2380
203.33 3400
203.795 3740
204.266 4080
204.724 4420
205.157 2040
205.609 2720
205.936 3060
206.506 3400
206.965 3740
207.435 4080
207.9 4420
208.358 4760
208.823 5100
209.281 5440
209.745 5780
210.041 2720
210.493 3400
210.939 3740
211.41 4080
211.874 4420
212.332 4760
212.803 5100
213.268 5440
213.72 5780
214.191 6120
214.649 6460
215.069 3060
215.521 3740
215.852 4080
216.31 4420
216.858 4760
217.322 5100
217.781 5440
218.245 5780
218.716 6120
219.168 6460
219.639 6800
220.103 3230
220.555 4250
221.013 4590
221.471 4930
221.942 5270
222.4 5610
222.865 5950
223.323 6290
223.788 6630
224.414 6970
224.879 7310
225.337 7650
225.802 7990
226.43 8330
226.894 8670
227.353 9010
227.817 9350
228.288 9690
228.532 4590
229.436 4930
229.642 5270
230.146 5610
230.61 5950
231.069 6290
231.533 6630
232.004 6970
232.456 7310
232.927 7650
233.276 3570
233.728 4250
233.967 1870
234.419 2890
234.865 3230
235.323 3570
235.794 3910
236.252 4250
236.717 4590
237.175 4930
237.639 5270
238.11 5610
238.55 2550
239.001 3570
239.472 3910
239.93 4250
240.589 4590
240.834 2040
241.286 2720
241.719 3060
242.177 3400
242.648 3740
243.106 4080
243.577 4420
244.035 4760
244.5 5100
244.971 5440
245.448 5780
245.906 6120
246.333 2890
246.785 3570
247.186 3910
247.644 4250
248.115 4590
248.573 4930
249.05 5270
249.521 5610
249.986 5950
250.444 6290
250.909 6630
251.354 3060
251.806 4080
252.277 4420
253.111 2040
253.563 3060
254.021 3400
254.486 3740
254.957 4080
255.415 4420
255.873 4760
256.338 5100
256.809 5440
257.273 5780
257.731 6120
258.196 6460
258.616 3060
259.068 3740
259.507 4080
259.972 4420
260.43 4760
260.895 5100
261.353 5440
261.817 5780
262.288 6120
262.753 6460
263.211 6800
263.675 7140
264.146 7480
264.611 7820
265.018 3740
265.47 4420
265.878 4760
266.343 5100
266.801 5440
267.265 5780
267.736 6120
268.201 6460
268.659 6800
269.123 7140
269.594 7480
270.059 7820
270.517 8160
270.981 8500
271.452 8840
271.917 9180
272.255 4420
272.712 5100
273.046 5440
273.622 2550
274.074 3570
274.526 3910
274.984 4250
275.455 4590
275.913 4930
276.378 5270
276.848 5610
277.39 5950
277.848 6290
278.313 6630
278.784 6970
279.261 7310
279.681 3400
280.133 4080
280.451 4420
280.922 4760
281.38 5100
281.928 5440
282.393 5780
282.851 6120
282.889 2890
283.341 3570
283.774 3910
284.244 4250
284.703 4590
285.173 4930
285.632 5270
286.102 5610
286.567 5950
287.025 6290
287.49 6630
288.104 6970
288.568 7310
289.026 7650
289.247 3570
289.699 4250
290.124 4590
290.595 4930
291.053 5270
291.524 5610
291.988 5950
292.446 6290
292.911 6630
293.382 6970
293.821 3230
294.273 4250
294.744 4590
295.202 4930
295.86 5270
296.318 5610
296.558 2550
297.01 3570
297.48 3910
297.907 1700
298.811 2380
298.849 2720
299.313 3060
299.978 3400
300.631 1530
301.535 2550
301.741 2890
302.2 3230
302.702 3570
303.166 3910
303.625 4250
304.089 4590
304.547 4930
305.012 5270
305.634 5610
306.098 5950
306.75 2720
307.202 3740
307.66 4080
308.131 4420
308.589 4760
309.054 5100
309.487 2380
309.939 3060
310.184 3400
310.661 3740
310.855 1700
311.307 2380
311.578 2720
312.204 3060
312.663 3400
313.127 3740
313.598 4080
314.063 4420
314.521 4760
314.985 5100
315.443 5440
315.908 5780
316.516 6120
316.98 6460
317.438 6800
317.903 7140
318.407 7480
318.871 7820
319.33 8160
319.794 8500
320.402 8840
320.421 4250
320.879 4930
321.337 5270
321.795 5610
322.266 5950
322.724 6290
323.189 6630
323.59 3060
325.042 340
325.398 680
325.411 1020
325.856 680
326.321 1020
326.398 1360
326.785 1700
327.212 2040
327.508 2380
327.96 2720
328.218 3060
328.864 3400
329.322 3740
329.503 1700
329.955 2380
330.232 2720
330.626 3060
331.136 3400
331.6 3740
332.059 4080
332.44 1870
332.891 2550
333.137 2890
333.595 3230
334.054 3570
334.518 3910
335.157 4250
335.622 4590
336.08 4930
336.545 5270
337.015 5610
337.48 5950
337.938 6290
338.403 6630
338.861 6970
339.25 3230
339.702 3910
339.972 4250
340.437 4590
340.895 4930
341.516 5270
341.974 5610
342.438 5950
342.896 6290
343.128 2890
343.58 3570
344 3910
344.458 4250
344.484 1870
344.942 2550
345.375 2890
345.833 3230
346.317 3570
346.775 3910
347.246 4250
347.71 4590
348.168 4930
348.608 2210
349.511 2890
349.963 3230
350.421 1360
350.873 2380
351.332 2720
351.802 1190
352.706 2210
353.177 2550
353.635 2890
354.093 3230
354.72 3570
355.185 3910
355.643 4250
356.107 4590
356.747 4930
357.199 5270
357.669 5610
358.134 5950
358.592 6290
359.057 6630
359.542 6970
360.006 7310
360.464 7650
360.929 7990
361.4 8330
361.814 3910
362.266 4590
362.478 4930
362.943 5270
363.401 5610
363.865 5950
364.479 6290
364.944 6630
365.402 6970
365.867 7310
366.338 7650
366.802 7990
367.26 8330
367.725 8670
368.196 9010
368.66 9350
369.118 9690
369.583 10030
370.06 10370
370.524 10710
370.983 11050
371.327 5270
371.779 5950
372.056 6290
372.508 2890
372.96 3910
373.425 4250
373.883 4590
374.303 2040
374.755 2720
375.075 3060
375.533 3400
376.004 3740
376.462 4080
376.927 4420
377.473 4760
377.937 5100
378.396 5440
378.86 5780
379.331 6120
379.796 6460
380.216 3060
380.668 3740
381.013 4080
381.471 4420
382.011 4760
382.463 5100
382.946 2380
383.398 3400
383.863 3740
384.321 4080
384.792 4420
385.25 4760
385.708 5100
386.347 5440
386.812 5780
387.27 6120
387.735 6460
388.374 6800
388.438 3230
388.895 3910
389.303 4250
389.774 4590
390.232 4930
390.703 5270
391.161 5610
391.626 5950
392.096 6290
392.561 6630
393.032 6970
393.496 7310
393.967 7650
394.432 7990
394.89 8330
395.46 8670
395.918 9010
396.182 4250
396.634 4930
397.048 5270
397.519 5610
397.984 5950
398.442 6290
398.906 6630
399.377 6970
399.842 7310
400.017 3400
